txn_id,timestamp,user_id,merchant_id,amount,utr,mcc,status,txn_id_raw,user_id_raw,merchant_id_raw,utr_raw,amount_negative_flag,utr_missing_flag,mcc_missing_flag,amount_missing_flag,timestamp_missing_flag,failed_flag,pending_flag
TXN00011869,2026-01-15 00:11:30,USR45826,MCH7045,15722.34,UTR6498104698,4110,SUCCESS,TXN00011869,USR45826,MCH7045,UTR6498104698,0,0,0,0,0,0,0
TXN00010383,2026-01-17 20:09:44,USR79397,MCH5031,0.63629,UTR7656190355,1310,FAILED,TXN00010383,USR79397,MCH5031,UTR7656190355,0,0,0,0,0,1,0
TXN00008297,2026-01-23 14:10:16,USR87810,MCH9809,15446.19,UTR9037001889,4110,SUCCESS,TXN00008297,USR87810,MCH9809,UTR9037001889,0,0,0,0,0,0,0
TXN00006448,2026-02-02 20:17:51,USR54287,MCH6928,12110.49,UTR5257823698,4110,SUCCESS,TXN00006448,USR54287,MCH6928,UTR5257823698,0,0,0,0,0,0,0
TXN00018792,2026-03-31 14:02:37,USR53865,MCH8121,0.1943294,UTR4204272894,1310,SUCCESS,TXN00018792,USR53865,MCH8121,UTR4204272894,0,0,0,0,0,0,0
TXN00000400,2026-02-11 01:40:43,USR90546,MCH6773,0.1886603,UTR2080442730,8120,SUCCESS,TXN00000400,USR90546,MCH6773,UTR2080442730,0,0,0,0,0,0,0
TXN00015249,2026-10-03 21:27:31,USR18691,MCH7856,19982.69,UTR5471158093,,SUCCESS,TXN00015249,USR18691,MCH7856,UTR5471158093,0,0,1,0,0,0,0
TXN00007121,2026-02-25 00:53:02,USR16629,MCH7753,0.226875,UTR3330570580,4110,SUCCESS,TXN00007121,USR16629,MCH7753,UTR3330570580,0,0,0,0,0,0,0
TXN00008460,2026-02-07 09:53:11,USR20899,MCH9111,8256.07,UTR6505850115,,SUCCESS,TXN00008460,USR20899,MCH9111,UTR6505850115,0,0,1,0,0,0,0
TXN00002541,2026-03-30 09:37:49,USR51755,MCH2949,16466.93,UTR2787678319,4110,FAILED,TXN00002541,USR51755,MCH2949,UTR 2787678319,0,0,0,0,0,1,0
TXN00003797,2026-03-14 12:21:17,USR81003,MCH5292,13312.0,UTR2464640119,,SUCCESS,TXN00003797,USR81003,MCH5292,UTR2464640119,0,0,1,0,0,0,0
TXN00000092,2026-01-27 23:43:31,USR70687,MCH4523,17833.99,UTR5315091377,4110,SUCCESS,TXN00000092,USR70687,MCH4523,UTR5315091377,0,0,0,0,0,0,0
TXN00004622,2026-03-11 01:40:12,USR37834,MCH5213,0.1911863,UTR1692756805,8120,SUCCESS,TXN00004622,USR37834,MCH5213,UTR1692756805,0,0,0,0,0,0,0
TXN00001542,2026-02-21 01:33:17,USR78386,MCH4890,2680.85,UTR3430344329,9120,SUCCESS,TXN00001542,USR78386,MCH4890,UTR3430344329,0,0,0,0,0,0,0
TXN00002592,2026-02-21 05:47:48,USR21114,MCH9819,0.2010092,UTR3572682179,,PENDING,TXN00002592,USR21114,MCH9819,UTR3572682179,0,0,1,0,0,0,1
TXN00017665,2026-01-21 15:06:13,USR96222,MCH6009,16257.95,UTR4021669116,4110,PENDING,TXN00017665,USR96222,MCH6009,UTR4021669116,0,0,0,0,0,0,1
TXN00002012,2026-03-06 13:48:49,USR13976,MCH8222,1575.7,UTR0496925866,4110,SUCCESS,TXN00002012,USR13976,MCH8222,UTR0496925866,0,0,0,0,0,0,0
TXN00015655,2026-09-01 05:05:51,USR55935,MCH8480,18230.29,UTR6094940155,,SUCCESS,TXN00015655,USR55935,MCH8480,UTR6094940155,0,0,1,0,0,0,0
TXN00011091,2026-03-03 19:17:39,USR13890,MCH8216,-23820.57,UTR6527062794,1310,SUCCESS,TXN00011091,USR13890,MCH8216,UTR6527062794,1,0,0,0,0,0,0
TXN00008584,2026-01-17 18:53:31,USR15778,MCH3250,5546.0,UTR0928079796,9120,SUCCESS,TXN00008584,USR15778,MCH3250,UTR0928079796,0,0,0,0,0,0,0
TXN00004474,2026-01-17 19:39:58,USR15834,MCH3895,8892.43,UTR4987418462,8120,SUCCESS,TXN00004474,USR15834,MCH3895,UTR4987418462,0,0,0,0,0,0,0
TXN00013857,2026-01-24 07:35:23,USR33189,MCH4645,1816.08,UTR8739611115,9120,SUCCESS,TXN00013857,USR33189,MCH4645,UTR8739611115,0,0,0,0,0,0,0
TXN00012705,2026-01-23 18:56:04,USR48168,MCH4207,3530.72,UTR0498515755,4110,SUCCESS,TXN00012705,USR48168,MCH4207,UTR 0498515755,0,0,0,0,0,0,0
TXN00008884,2026-02-01 23:17:20,USR99474,MCH1206,7998.11,UTR6778164754,4110,SUCCESS,TXN00008884,USR99474,MCH1206,UTR6778164754,0,0,0,0,0,0,0
TXN00007528,2026-01-30 18:33:12,USR86253,MCH1683,13694.93,UTR6390761420,4110,SUCCESS,TXN00007528,USR86253,MCH1683,UTR 6390761420,0,0,0,0,0,0,0
TXN00011321,2026-02-25 08:44:40,USR85411,MCH6621,15076.69,UTR9700714037,0110,SUCCESS,TXN00011321,USR85411,MCH6621,UTR9700714037,0,0,0,0,0,0,0
TXN00003742,2026-03-20 05:35:40,USR92327,MCH8759,20437.02,UTR3393354693,8120,SUCCESS,TXN00003742,USR92327,MCH8759,UTR3393354693,0,0,0,0,0,0,0
TXN00008492,2026-02-02 18:27:43,USR54536,MCH8074,3384.6,UTR3320495895,,SUCCESS,TXN00008492,USR54536,MCH8074,UTR3320495895,0,0,1,0,0,0,0
TXN00016765,2026-03-26 12:18:46,USR93890,MCH5711,20091.0,UTR9203187638,,FAILED,TXN00016765,USR93890,MCH5711,UTR9203187638,0,0,1,0,0,1,0
TXN00017694,2026-01-13 15:03:46,USR40732,MCH9490,9002.0,UTR2443914333,4110,FAILED,TXN00017694,USR40732,MCH9490,UTR 2443914333,0,0,0,0,0,1,0
TXN00006528,2026-03-28 10:06:31,USR29622,MCH4964,20882.75,UTR4641185560,,FAILED,TXN00006528,USR29622,MCH4964,UTR4641185560,0,0,1,0,0,1,0
TXN00013401,2026-03-04 18:19:19,USR31880,MCH1798,24701.82,UTR8784371040,9120,SUCCESS,TXN00013401,USR31880,MCH1798,UTR 8784371040,0,0,0,0,0,0,0
TXN00004494,2026-02-24 12:34:51,USR95466,MCH5376,19908.13,UTR0075153514,0110,SUCCESS,TXN00004494,USR95466,MCH5376,UTR0075153514,0,0,0,0,0,0,0
TXN00011094,2026-05-03 11:29:40,USR75900,MCH1058,8314.42,UTR9917244266,,SUCCESS,TXN00011094,USR75900,MCH1058,UTR9917244266,0,0,1,0,0,0,0
TXN00017273,2026-01-14 18:30:01,USR76790,MCH6075,13085.0,UTR0709799346,1310,FAILED,TXN00017273,USR76790,MCH6075,UTR0709799346,0,0,0,0,0,1,0
TXN00009281,2026-02-21 00:15:01,USR68024,MCH5104,10455.06,UTR1967979496,8120,SUCCESS,TXN00009281,USR68024,MCH5104,UTR1967979496,0,0,0,0,0,0,0
TXN00006056,2026-01-18 14:04:37,USR74396,MCH3197,12329.64,UTR9066186368,1310,SUCCESS,TXN00006056,USR74396,MCH3197,UTR9066186368,0,0,0,0,0,0,0
TXN00010147,2026-01-16 17:24:29,USR91777,MCH4915,19600.29,UTR0387036525,1310,SUCCESS,TXN00010147,USR91777,MCH4915,UTR0387036525,0,0,0,0,0,0,0
TXN00008021,2026-02-13 00:38:19,USR87162,MCH8216,12452.0,UTR6064791461,9120,SUCCESS,TXN00008021,USR87162,MCH8216,UTR6064791461,0,0,0,0,0,0,0
TXN00015299,2026-03-12 03:39:52,USR81720,MCH9260,0.1564117,UTR8680623402,8120,SUCCESS,TXN00015299,USR81720,MCH9260,UTR8680623402,0,0,0,0,0,0,0
TXN00012856,2026-03-16 23:45:31,USR76098,MCH6109,5205.0,UTR9338335376,9120,FAILED,TXN00012856,USR76098,MCH6109,UTR9338335376,0,0,0,0,0,1,0
TXN00002230,2026-02-27 04:10:10,USR41686,MCH3071,7504.98,UTR9557966907,8120,SUCCESS,TXN00002230,USR41686,MCH3071,UTR9557966907,0,0,0,0,0,0,0
TXN00008304,2026-03-20 05:00:36,USR95674,MCH5401,5379.22,UTR8910180483,,SUCCESS,TXN00008304,USR95674,MCH5401,UTR8910180483,0,0,1,0,0,0,0
TXN00002751,2026-01-08 18:34:26,USR62352,MCH6961,9710.26,UTR2411349944,1310,SUCCESS,TXN00002751,USR62352,MCH6961,UTR2411349944,0,0,0,0,0,0,0
TXN00016154,2026-01-12 06:43:49,USR24396,MCH4549,7444.86,UTR9010745901,0110,SUCCESS,TXN00016154,USR24396,MCH4549,UTR 9010745901,0,0,0,0,0,0,0
TXN00002002,2026-02-02 21:46:04,USR30273,MCH3715,0.6182,UTR4088897098,4110,SUCCESS,TXN00002002,USR30273,MCH3715,UTR 4088897098,0,0,0,0,0,0,0
TXN00017871,2026-03-23 02:31:39,USR84134,MCH7932,1129.96,UTR2897803833,4110,FAILED,TXN00017871,USR84134,MCH7932,UTR 2897803833,0,0,0,0,0,1,0
TXN00009906,2026-02-19 18:35:29,USR91737,MCH9669,0.979308,UTR7243374821,0110,SUCCESS,TXN00009906,USR91737,MCH9669,UTR7243374821,0,0,0,0,0,0,0
TXN00012105,2026-02-11 21:01:18,USR62385,MCH7681,7551.46,UTR8310520572,1310,SUCCESS,TXN00012105,USR62385,MCH7681,UTR8310520572,0,0,0,0,0,0,0
TXN00003363,2026-03-30 03:38:47,USR87291,MCH4490,17312.05,UTR6688677473,9120,SUCCESS,TXN00003363,USR87291,MCH4490,UTR6688677473,0,0,0,0,0,0,0
TXN00004301,2026-03-15 01:52:40,USR98963,MCH8511,0.202458,UTR0403071756,1310,PENDING,TXN00004301,USR98963,MCH8511,UTR0403071756,0,0,0,0,0,0,1
TXN00012813,2026-01-09 06:36:33,USR20191,MCH8936,7452.0,UTR9559448527,,SUCCESS,TXN00012813,USR20191,MCH8936,UTR9559448527,0,0,1,0,0,0,0
TXN00009678,2026-03-06 07:59:54,USR64256,MCH3235,1728.09,,0110,SUCCESS,TXN00009678,USR64256,MCH3235,,0,1,0,0,0,0,0
TXN00017971,2026-03-01 10:55:10,USR62625,MCH9776,1198.21,UTR7890902701,8120,SUCCESS,TXN00017971,USR62625,MCH9776,UTR7890902701,0,0,0,0,0,0,0
TXN00016152,2026-01-21 09:16:16,USR20475,MCH5563,13950.77,UTR8762321453,4110,SUCCESS,TXN00016152,USR20475,MCH5563,UTR8762321453,0,0,0,0,0,0,0
TXN00011334,2026-03-29 13:01:14,USR32767,MCH8033,18247.02,UTR4892994283,8120,SUCCESS,TXN00011334,USR32767,MCH8033,UTR4892994283,0,0,0,0,0,0,0
TXN00012493,2026-03-20 10:23:23,USR18021,MCH3684,8404.49,UTR0110455957,8120,SUCCESS,TXN00012493,USR18021,MCH3684,UTR0110455957,0,0,0,0,0,0,0
TXN00002376,2026-02-02 00:00:00,USR38437,MCH4578,6891.78,UTR5079845432,4110,SUCCESS,TXN00002376,USR38437,MCH4578,UTR5079845432,0,0,0,0,0,0,0
TXN00016897,2026-02-01 02:05:20,USR67814,MCH5171,1728.83,UTR9272463214,1310,SUCCESS,TXN00016897,USR67814,MCH5171,UTR9272463214,0,0,0,0,0,0,0
TXN00003924,2026-02-09 22:29:17,USR42819,MCH7536,0.665555,UTR9885770586,1310,FAILED,TXN00003924,USR42819,MCH7536,UTR9885770586,0,0,0,0,0,1,0
TXN00012810,2026-01-28 00:00:00,USR16089,MCH3478,14920.61,UTR2659964448,9120,SUCCESS,TXN00012810,USR16089,MCH3478,UTR2659964448,0,0,0,0,0,0,0
TXN00014604,2026-07-02 00:55:35,USR90912,MCH3992,6800.75,UTR3515806131,1310,SUCCESS,TXN00014604,USR90912,MCH3992,UTR3515806131,0,0,0,0,0,0,0
TXN00008536,2026-01-30 07:20:31,USR90160,MCH8495,8104.15,,9120,SUCCESS,TXN00008536,USR90160,MCH8495,,0,1,0,0,0,0,0
TXN00014556,2026-01-15 17:25:05,USR81688,MCH2222,0.1018323,UTR4323114461,9120,SUCCESS,TXN00014556,USR81688,MCH2222,UTR4323114461,0,0,0,0,0,0,0
TXN00004965,2026-01-17 05:03:06,USR65014,MCH3468,12070.2,UTR0153287222,1310,SUCCESS,TXN00004965,USR65014,MCH3468,UTR0153287222,0,0,0,0,0,0,0
TXN00012380,2026-03-29 17:51:12,USR11339,MCH9899,22522.69,UTR5306302554,1310,SUCCESS,TXN00012380,USR11339,MCH9899,UTR5306302554,0,0,0,0,0,0,0
TXN00016736,2026-02-13 10:42:16,USR86671,MCH1318,22925.42,UTR8483573352,4110,SUCCESS,TXN00016736,USR86671,MCH1318,UTR8483573352,0,0,0,0,0,0,0
TXN00006289,2026-02-18 07:48:57,USR35502,MCH6411,24165.1,UTR8869496578,,SUCCESS,TXN00006289,USR35502,MCH6411,UTR8869496578,0,0,1,0,0,0,0
TXN00013908,2026-02-19 08:21:13,USR13844,MCH6787,0.91595,UTR5021961853,4110,SUCCESS,TXN00013908,USR13844,MCH6787,UTR5021961853,0,0,0,0,0,0,0
TXN00005968,2026-02-20 00:00:00,USR20374,MCH9694,2195.0,UTR0092134543,4110,SUCCESS,TXN00005968,USR20374,MCH9694,UTR0092134543,0,0,0,0,0,0,0
TXN00010276,2026-01-14 14:05:26,USR50541,MCH2324,12011.12,UTR4772427896,8120,PENDING,TXN00010276,USR50541,MCH2324,UTR4772427896,0,0,0,0,0,0,1
TXN00006474,2026-01-16 05:40:02,USR15164,MCH2258,24223.92,UTR6806916882,4110,FAILED,TXN00006474,USR15164,MCH2258,UTR6806916882,0,0,0,0,0,1,0
TXN00010498,2026-02-02 10:57:46,USR80912,MCH8382,14757.01,UTR4263242407,1310,SUCCESS,TXN00010498,USR80912,MCH8382,UTR4263242407,0,0,0,0,0,0,0
TXN00014376,2026-03-07 04:27:25,USR70302,MCH5376,20627.72,UTR2595478610,4110,SUCCESS,TXN00014376,USR70302,MCH5376,UTR2595478610,0,0,0,0,0,0,0
TXN00000489,2026-01-16 07:34:36,USR16400,MCH8181,23760.78,UTR6606633603,0110,SUCCESS,TXN00000489,USR16400,MCH8181,UTR6606633603,0,0,0,0,0,0,0
TXN00015714,2026-01-13 22:39:19,USR28439,MCH5333,21372.31,UTR6760441626,8120,SUCCESS,TXN00015714,USR28439,MCH5333,UTR6760441626,0,0,0,0,0,0,0
TXN00014711,2026-06-02 08:05:02,USR90525,MCH9888,10222.36,UTR4063458835,4110,SUCCESS,TXN00014711,USR90525,MCH9888,UTR4063458835,0,0,0,0,0,0,0
TXN00018474,2026-02-04 14:40:14,USR50590,MCH6271,10839.22,UTR4596136519,4110,SUCCESS,TXN00018474,USR50590,MCH6271,UTR 4596136519,0,0,0,0,0,0,0
TXN00000224,2026-03-01 03:00:12,USR15259,MCH1799,9199.22,UTR2738330060,,SUCCESS,TXN00000224,USR15259,MCH1799,UTR2738330060,0,0,1,0,0,0,0
TXN00005633,2026-01-29 07:58:11,USR69720,MCH9129,4672.89,UTR4546388237,0110,SUCCESS,TXN00005633,USR69720,MCH9129,UTR4546388237,0,0,0,0,0,0,0
TXN00004328,2026-02-03 11:49:56,USR19395,MCH4330,0.2456321,UTR7701194945,,SUCCESS,TXN00004328,USR19395,MCH4330,UTR7701194945,0,0,1,0,0,0,0
TXN00009685,2026-02-17 05:55:50,USR48293,MCH3778,13853.0,UTR0416062097,0110,SUCCESS,TXN00009685,USR48293,MCH3778,UTR0416062097,0,0,0,0,0,0,0
TXN00002724,2026-03-14 04:01:56,USR74105,MCH2807,11455.31,UTR9017145438,4110,SUCCESS,TXN00002724,USR74105,MCH2807,UTR9017145438,0,0,0,0,0,0,0
TXN00012687,2026-01-21 02:49:51,USR17936,MCH4330,15994.0,UTR9292098304,,SUCCESS,TXN00012687,USR17936,MCH4330,UTR9292098304,0,0,1,0,0,0,0
TXN00013883,2026-01-31 20:52:51,USR66862,MCH5569,16368.07,UTR2460914781,9120,SUCCESS,TXN00013883,USR66862,MCH5569,UTR2460914781,0,0,0,0,0,0,0
TXN00010284,2026-02-07 17:53:38,USR84713,MCH8033,20724.96,UTR9679708700,9120,SUCCESS,TXN00010284,USR84713,MCH8033,UTR9679708700,0,0,0,0,0,0,0
TXN00016950,2026-02-03 21:52:21,USR92059,MCH5284,8732.0,UTR9637214589,9120,SUCCESS,TXN00016950,USR92059,MCH5284,UTR9637214589,0,0,0,0,0,0,0
TXN00001288,2026-03-31 16:52:07,USR62469,MCH4709,8772.17,UTR4380253542,8120,SUCCESS,TXN00001288,USR62469,MCH4709,UTR4380253542,0,0,0,0,0,0,0
TXN00018168,2026-02-26 18:15:26,USR18484,MCH7007,14231.14,UTR0728524782,4110,SUCCESS,TXN00018168,USR18484,MCH7007,UTR0728524782,0,0,0,0,0,0,0
TXN00019686,2026-02-09 03:30:45,USR18812,MCH4407,12580.71,UTR6640964146,8120,SUCCESS,TXN00019686,USR18812,MCH4407,UTR6640964146,0,0,0,0,0,0,0
TXN00003100,2026-03-16 03:54:54,USR57308,MCH7112,10845.23,UTR1936400434,4110,SUCCESS,TXN00003100,USR57308,MCH7112,UTR1936400434,0,0,0,0,0,0,0
TXN00004458,2026-01-14 17:23:21,USR45841,MCH8118,3508.28,UTR4012895022,,SUCCESS,TXN00004458,USR45841,MCH8118,UTR4012895022,0,0,1,0,0,0,0
TXN00005596,2026-02-09 17:41:28,USR14781,MCH9010,0.1195191,UTR7767785322,,SUCCESS,TXN00005596,USR14781,MCH9010,UTR7767785322,0,0,1,0,0,0,0
TXN00013560,2026-02-10 18:48:56,USR52838,MCH2487,0.1287404,UTR2505214559,0110,SUCCESS,TXN00013560,USR52838,MCH2487,UTR2505214559,0,0,0,0,0,0,0
TXN00005113,2026-01-20 22:08:15,USR59091,MCH5481,15023.8,UTR7885746162,0110,SUCCESS,TXN00005113,USR59091,MCH5481,UTR7885746162,0,0,0,0,0,0,0
TXN00004382,2026-02-09 07:49:44,USR41359,MCH6188,1788.0,UTR3223727564,4110,FAILED,TXN00004382,USR41359,MCH6188,UTR3223727564,0,0,0,0,0,1,0
TXN00000501,2026-03-21 07:59:26,USR89249,MCH6141,17457.06,UTR6418765672,1310,SUCCESS,TXN00000501,USR89249,MCH6141,UTR6418765672,0,0,0,0,0,0,0
TXN00015867,2026-03-02 09:51:32,USR22510,MCH1710,19999.28,UTR4037860306,,SUCCESS,TXN00015867,USR22510,MCH1710,UTR4037860306,0,0,1,0,0,0,0
TXN00009000,2026-03-08 18:50:10,USR50781,MCH4452,23299.28,UTR7035856587,,FAILED,TXN00009000,USR50781,MCH4452,UTR7035856587,0,0,1,0,0,1,0
TXN00015273,2026-02-25 21:26:11,USR68103,MCH9191,9060.1,UTR3174009003,1310,SUCCESS,TXN00015273,USR68103,MCH9191,UTR3174009003,0,0,0,0,0,0,0
TXN00014299,2026-03-29 14:21:33,USR65210,MCH2827,12535.81,UTR8506543282,4110,SUCCESS,TXN00014299,USR65210,MCH2827,UTR 8506543282,0,0,0,0,0,0,0
TXN00003270,2026-01-28 02:07:55,USR15604,MCH4643,17218.9,UTR3172822886,8120,FAILED,TXN00003270,USR15604,MCH4643,UTR3172822886,0,0,0,0,0,1,0
TXN00001731,2026-01-20 11:53:08,USR32551,MCH1513,7663.28,UTR5999659974,8120,SUCCESS,TXN00001731,USR32551,MCH1513,UTR5999659974,0,0,0,0,0,0,0
TXN00010729,2026-02-05 11:50:33,USR15670,MCH7869,0.443427,UTR9532881220,8120,SUCCESS,TXN00010729,USR15670,MCH7869,UTR9532881220,0,0,0,0,0,0,0
TXN00016379,2026-02-02 12:14:35,USR33003,MCH4564,13236.1,UTR0210719519,4110,SUCCESS,TXN00016379,USR33003,MCH4564,UTR 0210719519,0,0,0,0,0,0,0
TXN00019886,2026-02-27 11:51:21,USR63295,MCH8082,13247.83,,,SUCCESS,TXN00019886,USR63295,MCH8082,,0,1,1,0,0,0,0
TXN00013446,2026-03-09 16:11:52,USR65132,MCH2804,22208.81,UTR9695047215,4110,SUCCESS,TXN00013446,USR65132,MCH2804,UTR9695047215,0,0,0,0,0,0,0
TXN00019919,2026-02-11 07:16:01,USR28532,MCH4744,21787.59,UTR5946059768,0110,SUCCESS,TXN00019919,USR28532,MCH4744,UTR5946059768,0,0,0,0,0,0,0
TXN00015848,2026-03-14 00:00:00,USR47788,MCH8306,19340.0,UTR5491341754,4110,PENDING,TXN00015848,USR47788,MCH8306,UTR5491341754,0,0,0,0,0,0,1
TXN00012409,2026-11-02 08:41:30,USR21890,MCH6790,24277.1,UTR6709219519,9120,SUCCESS,TXN00012409,USR21890,MCH6790,UTR6709219519,0,0,0,0,0,0,0
TXN00004601,2026-03-25 07:19:26,USR12389,MCH1015,-4973.8,UTR7964275007,8120,SUCCESS,TXN00004601,USR12389,MCH1015,UTR 7964275007,1,0,0,0,0,0,0
TXN00001022,2026-03-02 21:34:50,USR50138,MCH1795,7440.75,UTR4834151699,0110,SUCCESS,TXN00001022,USR50138,MCH1795,UTR4834151699,0,0,0,0,0,0,0
TXN00003957,2026-02-06 05:16:23,USR20098,MCH1501,23162.33,UTR3598244387,9120,SUCCESS,TXN00003957,USR20098,MCH1501,UTR3598244387,0,0,0,0,0,0,0
TXN00005885,2026-05-02 18:19:19,USR17338,MCH5199,12009.79,UTR6613055314,,SUCCESS,TXN00005885,USR17338,MCH5199,UTR6613055314,0,0,1,0,0,0,0
TXN00003161,2026-03-23 00:00:00,USR25738,MCH5735,11103.55,,0110,FAILED,TXN00003161,USR25738,MCH5735,,0,1,0,0,0,1,0
TXN00003183,2026-03-19 08:34:23,USR83823,MCH6677,7752.07,UTR7232258080,1310,SUCCESS,TXN00003183,USR83823,MCH6677,UTR7232258080,0,0,0,0,0,0,0
TXN00005958,2026-03-28 22:37:35,USR27388,MCH3069,9224.44,UTR1270153526,0110,SUCCESS,TXN00005958,USR27388,MCH3069,UTR 1270153526,0,0,0,0,0,0,0
TXN00018600,2026-01-03 01:57:59,USR52027,MCH9778,6989.39,UTR1379778285,8120,SUCCESS,TXN00018600,USR52027,MCH9778,UTR1379778285,0,0,0,0,0,0,0
TXN00011473,2026-03-03 00:00:00,USR28894,MCH8529,24964.02,UTR8038923106,4110,SUCCESS,TXN00011473,USR28894,MCH8529,UTR8038923106,0,0,0,0,0,0,0
TXN00009867,2026-03-09 00:58:30,USR30052,MCH1367,10701.31,UTR2346819295,1310,SUCCESS,TXN00009867,USR30052,MCH1367,UTR2346819295,0,0,0,0,0,0,0
TXN00018096,2026-03-09 09:26:52,USR49422,MCH2628,13326.81,UTR8557379697,,SUCCESS,TXN00018096,USR49422,MCH2628,UTR 8557379697,0,0,1,0,0,0,0
TXN00017701,2026-03-02 05:49:07,USR36315,MCH4921,19623.08,UTR6081235727,0110,SUCCESS,TXN00017701,USR36315,MCH4921,UTR6081235727,0,0,0,0,0,0,0
TXN00006531,2026-01-21 01:59:54,USR58010,MCH1941,13869.97,UTR3163046139,8120,SUCCESS,TXN00006531,USR58010,MCH1941,UTR3163046139,0,0,0,0,0,0,0
TXN00009761,2026-05-02 20:21:06,USR26470,MCH3240,23132.36,UTR4257556463,,FAILED,TXN00009761,USR26470,MCH3240,UTR4257556463,0,0,1,0,0,1,0
TXN00003245,2026-06-03 07:06:01,USR62662,MCH6418,17556.63,UTR2892934019,,SUCCESS,TXN00003245,USR62662,MCH6418,UTR2892934019,0,0,1,0,0,0,0
TXN00006562,2026-03-22 13:46:10,USR64443,MCH7071,0.809488,UTR1599752498,,SUCCESS,TXN00006562,USR64443,MCH7071,UTR1599752498,0,0,1,0,0,0,0
TXN00002254,2026-03-12 14:54:58,USR94428,MCH8149,20733.88,UTR8066942893,4110,SUCCESS,TXN00002254,USR94428,MCH8149,UTR8066942893,0,0,0,0,0,0,0
TXN00016290,2026-03-18 22:25:36,USR21325,MCH5558,442.18,UTR7671258903,1310,SUCCESS,TXN00016290,USR21325,MCH5558,UTR7671258903,0,0,0,0,0,0,0
TXN00016796,2026-02-12 22:02:25,USR80985,MCH6805,3687.47,UTR0030159658,9120,FAILED,TXN00016796,USR80985,MCH6805,UTR0030159658,0,0,0,0,0,1,0
TXN00010765,2026-01-06 06:54:03,USR94871,MCH6302,19884.0,UTR2028825714,8120,SUCCESS,TXN00010765,USR94871,MCH6302,UTR2028825714,0,0,0,0,0,0,0
TXN00019503,2026-02-22 01:00:03,USR41382,MCH4223,15791.16,UTR6699377405,9120,SUCCESS,TXN00019503,USR41382,MCH4223,UTR6699377405,0,0,0,0,0,0,0
TXN00014716,2026-02-08 07:36:01,USR49876,MCH2050,3366.08,UTR1476775470,0110,SUCCESS,TXN00014716,USR49876,MCH2050,UTR 1476775470,0,0,0,0,0,0,0
TXN00006256,2026-02-23 03:15:37,USR14015,MCH6029,13751.42,UTR2129646944,9120,SUCCESS,TXN00006256,USR14015,MCH6029,UTR2129646944,0,0,0,0,0,0,0
TXN00004895,2026-03-11 04:32:45,USR47645,MCH2661,9676.31,UTR8070140615,9120,SUCCESS,TXN00004895,USR47645,MCH2661,UTR8070140615,0,0,0,0,0,0,0
TXN00013615,2026-02-12 13:50:51,USR55054,MCH5778,12236.91,UTR3196969917,1310,PENDING,TXN00013615,USR55054,MCH5778,UTR3196969917,0,0,0,0,0,0,1
TXN00004390,2026-01-03 20:01:22,USR82367,MCH2471,1111.0,UTR8049306447,1310,FAILED,TXN00004390,USR82367,MCH2471,UTR 8049306447,0,0,0,0,0,1,0
TXN00013135,2026-03-15 23:28:30,USR62232,MCH5820,16348.45,UTR0689397331,8120,SUCCESS,TXN00013135,USR62232,MCH5820,UTR0689397331,0,0,0,0,0,0,0
TXN00007764,2026-02-22 13:43:32,USR45173,MCH9008,17835.91,UTR4303084605,,SUCCESS,TXN00007764,USR45173,MCH9008,UTR4303084605,0,0,1,0,0,0,0
TXN00006741,2026-02-22 13:01:20,USR97470,MCH8566,4285.0,UTR2018087042,4110,SUCCESS,TXN00006741,USR97470,MCH8566,UTR2018087042,0,0,0,0,0,0,0
TXN00005667,2026-01-15 16:09:35,USR82683,MCH4954,17585.0,UTR1856107063,8120,SUCCESS,TXN00005667,USR82683,MCH4954,UTR1856107063,0,0,0,0,0,0,0
TXN00002573,2026-03-09 13:57:55,USR45426,MCH7628,8044.18,UTR8379481246,1310,SUCCESS,TXN00002573,USR45426,MCH7628,UTR8379481246,0,0,0,0,0,0,0
TXN00008388,2026-01-10 08:17:36,USR33183,MCH3234,8337.71,UTR8271193431,0110,SUCCESS,TXN00008388,USR33183,MCH3234,UTR8271193431,0,0,0,0,0,0,0
TXN00001918,2026-01-17 22:01:23,USR86997,MCH8289,14830.18,UTR0226310424,,FAILED,TXN00001918,USR86997,MCH8289,UTR 0226310424,0,0,1,0,0,1,0
TXN00006890,2026-03-31 04:30:36,USR18653,MCH5002,0.1275453,UTR4896759390,0110,SUCCESS,TXN00006890,USR18653,MCH5002,UTR4896759390,0,0,0,0,0,0,0
TXN00001877,2026-03-18 09:47:30,USR68781,MCH7697,14762.79,UTR4828129667,4110,SUCCESS,TXN00001877,USR68781,MCH7697,UTR4828129667,0,0,0,0,0,0,0
TXN00012941,2026-03-15 12:02:44,USR45922,MCH7221,7072.81,UTR1085355495,4110,SUCCESS,TXN00012941,USR45922,MCH7221,UTR1085355495,0,0,0,0,0,0,0
TXN00001855,2026-03-04 14:33:19,USR51089,MCH4135,22973.97,UTR9892348742,0110,SUCCESS,TXN00001855,USR51089,MCH4135,UTR9892348742,0,0,0,0,0,0,0
TXN00007710,2026-03-22 19:06:47,USR26757,MCH2527,21021.22,,0110,SUCCESS,TXN00007710,USR26757,MCH2527,,0,1,0,0,0,0,0
TXN00008290,2026-01-15 22:39:21,USR27847,MCH7236,0.1276471,UTR6153659104,8120,SUCCESS,TXN00008290,USR27847,MCH7236,UTR6153659104,0,0,0,0,0,0,0
TXN00006772,2026-03-18 12:25:58,USR94267,MCH2968,21751.92,UTR8820824677,4110,SUCCESS,TXN00006772,USR94267,MCH2968,UTR8820824677,0,0,0,0,0,0,0
TXN00007152,2026-01-11 13:35:54,USR89803,MCH5051,2607.94,UTR6520425753,0110,SUCCESS,TXN00007152,USR89803,MCH5051,UTR6520425753,0,0,0,0,0,0,0
TXN00019159,2026-03-01 20:51:03,USR91934,MCH3192,3235.55,UTR7785440434,0110,SUCCESS,TXN00019159,USR91934,MCH3192,UTR7785440434,0,0,0,0,0,0,0
TXN00018877,2026-02-12 17:03:46,USR94279,MCH4458,2633.71,UTR0208479978,4110,FAILED,TXN00018877,USR94279,MCH4458,UTR0208479978,0,0,0,0,0,1,0
TXN00013932,2026-02-15 01:49:16,USR12186,MCH9903,0.2235676,UTR2777053913,0110,SUCCESS,TXN00013932,USR12186,MCH9903,UTR2777053913,0,0,0,0,0,0,0
TXN00011036,2026-02-28 01:17:28,USR58619,MCH4195,23630.29,UTR8606568251,4110,SUCCESS,TXN00011036,USR58619,MCH4195,UTR8606568251,0,0,0,0,0,0,0
TXN00002210,2026-02-10 13:17:50,USR25650,MCH7633,0.2277015,UTR6547928288,,SUCCESS,TXN00002210,USR25650,MCH7633,UTR6547928288,0,0,1,0,0,0,0
TXN00013949,2026-02-26 16:46:41,USR52890,MCH8297,13314.64,UTR8644144643,1310,SUCCESS,TXN00013949,USR52890,MCH8297,UTR8644144643,0,0,0,0,0,0,0
TXN00010462,2026-01-10 06:57:34,USR74619,MCH7994,13136.01,UTR7807345583,4110,SUCCESS,TXN00010462,USR74619,MCH7994,UTR7807345583,0,0,0,0,0,0,0
TXN00006278,2026-03-22 15:33:40,USR34338,MCH9625,9120.52,UTR8320354300,,PENDING,TXN00006278,USR34338,MCH9625,UTR8320354300,0,0,1,0,0,0,1
TXN00003871,2026-02-17 15:10:14,USR42606,MCH9293,9887.53,UTR5551098474,1310,SUCCESS,TXN00003871,USR42606,MCH9293,UTR5551098474,0,0,0,0,0,0,0
TXN00001361,2026-03-30 22:36:15,USR32248,MCH6292,22809.96,UTR0970673209,4110,SUCCESS,TXN00001361,USR32248,MCH6292,UTR0970673209,0,0,0,0,0,0,0
TXN00009946,2026-01-08 11:06:07,USR94116,MCH6420,6344.99,UTR4147066623,,SUCCESS,TXN00009946,USR94116,MCH6420,UTR4147066623,0,0,1,0,0,0,0
TXN00014956,2026-01-14 11:34:27,USR56846,MCH6762,17894.0,UTR5535367419,1310,SUCCESS,TXN00014956,USR56846,MCH6762,UTR5535367419,0,0,0,0,0,0,0
TXN00019328,2026-01-27 00:00:00,USR44178,MCH2650,13654.39,UTR1102816150,4110,SUCCESS,TXN00019328,USR44178,MCH2650,UTR1102816150,0,0,0,0,0,0,0
TXN00006743,2026-02-04 19:47:26,USR56840,MCH9043,14258.98,UTR9104827598,1310,SUCCESS,TXN00006743,USR56840,MCH9043,UTR9104827598,0,0,0,0,0,0,0
TXN00016890,2026-01-04 17:12:15,USR71010,MCH6947,5759.97,UTR8213266496,1310,SUCCESS,TXN00016890,USR71010,MCH6947,UTR8213266496,0,0,0,0,0,0,0
TXN00002944,2026-02-03 14:17:31,USR16871,MCH1543,17863.46,UTR5195239565,9120,SUCCESS,TXN00002944,USR16871,MCH1543,UTR5195239565,0,0,0,0,0,0,0
TXN00015833,2026-03-06 16:22:11,USR16919,MCH6172,11314.83,UTR8917323097,8120,SUCCESS,TXN00015833,USR16919,MCH6172,UTR8917323097,0,0,0,0,0,0,0
TXN00007043,2026-02-23 21:24:22,USR63554,MCH6856,16154.71,UTR7336479883,9120,SUCCESS,TXN00007043,USR63554,MCH6856,UTR7336479883,0,0,0,0,0,0,0
TXN00000544,2026-01-26 10:24:00,USR55398,MCH3702,16796.0,UTR1271171522,4110,SUCCESS,TXN00000544,USR55398,MCH3702,UTR1271171522,0,0,0,0,0,0,0
TXN00013082,2026-02-05 21:11:51,USR51796,MCH6558,4249.83,UTR5780172800,9120,FAILED,TXN00013082,USR51796,MCH6558,UTR 5780172800,0,0,0,0,0,1,0
TXN00018606,2026-01-20 01:07:09,USR79348,MCH3891,15822.0,UTR5691443894,,SUCCESS,TXN00018606,USR79348,MCH3891,UTR5691443894,0,0,1,0,0,0,0
TXN00008708,2026-05-03 15:12:56,USR70734,MCH8795,12585.0,UTR2977773398,4110,SUCCESS,TXN00008708,USR70734,MCH8795,UTR2977773398,0,0,0,0,0,0,0
TXN00001416,2026-03-15 18:54:22,USR70574,MCH6009,23415.78,UTR4690357243,8120,SUCCESS,TXN00001416,USR70574,MCH6009,UTR4690357243,0,0,0,0,0,0,0
TXN00015801,2026-01-18 16:30:53,USR15942,MCH8224,-12354.43,UTR9996906622,1310,SUCCESS,TXN00015801,USR15942,MCH8224,UTR 9996906622,1,0,0,0,0,0,0
TXN00006868,2026-02-02 05:20:40,USR99527,MCH3029,4499.48,UTR2114946772,8120,SUCCESS,TXN00006868,USR99527,MCH3029,UTR2114946772,0,0,0,0,0,0,0
TXN00014400,2026-03-06 07:49:47,USR52163,MCH9650,1310.79,UTR9004810689,,SUCCESS,TXN00014400,USR52163,MCH9650,UTR9004810689,0,0,1,0,0,0,0
TXN00003793,2026-01-21 13:32:52,USR38819,MCH2865,14875.0,UTR6018853447,8120,SUCCESS,TXN00003793,USR38819,MCH2865,UTR6018853447,0,0,0,0,0,0,0
TXN00013122,2026-01-31 01:39:27,USR32938,MCH8037,1094.48,UTR5192612128,,FAILED,TXN00013122,USR32938,MCH8037,UTR5192612128,0,0,1,0,0,1,0
TXN00019973,2026-03-16 00:00:00,USR54512,MCH6087,0.1375422,UTR6350813794,1310,SUCCESS,TXN00019973,USR54512,MCH6087,UTR6350813794,0,0,0,0,0,0,0
TXN00005733,2026-02-01 01:04:13,USR57996,MCH4311,16398.96,UTR9717957041,0110,SUCCESS,TXN00005733,USR57996,MCH4311,UTR9717957041,0,0,0,0,0,0,0
TXN00000857,2026-01-28 17:47:41,USR36546,MCH1993,923.0,UTR5550054258,4110,SUCCESS,TXN00000857,USR36546,MCH1993,UTR5550054258,0,0,0,0,0,0,0
TXN00009229,2026-03-14 18:04:35,USR51915,MCH1115,9604.88,UTR7417389627,0110,SUCCESS,TXN00009229,USR51915,MCH1115,UTR7417389627,0,0,0,0,0,0,0
TXN00003956,2026-01-08 16:07:41,USR88988,MCH4530,21711.55,UTR0982077199,8120,SUCCESS,TXN00003956,USR88988,MCH4530,UTR0982077199,0,0,0,0,0,0,0
TXN00011166,2026-01-17 05:27:17,USR65914,MCH8645,13353.57,UTR1399509627,,SUCCESS,TXN00011166,USR65914,MCH8645,UTR1399509627,0,0,1,0,0,0,0
TXN00013458,2026-01-28 07:05:26,USR94809,MCH7835,2813.91,UTR5382624520,9120,FAILED,TXN00013458,USR94809,MCH7835,UTR5382624520,0,0,0,0,0,1,0
TXN00003868,2026-03-12 06:00:43,USR56303,MCH9976,16898.81,UTR5592000068,0110,SUCCESS,TXN00003868,USR56303,MCH9976,UTR 5592000068,0,0,0,0,0,0,0
TXN00017467,2026-01-28 12:52:08,USR39328,MCH7149,10552.24,UTR5443481052,4110,SUCCESS,TXN00017467,USR39328,MCH7149,UTR5443481052,0,0,0,0,0,0,0
TXN00008285,2026-02-03 16:39:50,USR57543,MCH3324,14699.01,UTR2417094641,4110,SUCCESS,TXN00008285,USR57543,MCH3324,UTR2417094641,0,0,0,0,0,0,0
TXN00008746,2026-09-03 08:39:36,USR67216,MCH3964,0.1262344,UTR7986507905,8120,SUCCESS,TXN00008746,USR67216,MCH3964,UTR7986507905,0,0,0,0,0,0,0
TXN00011933,2026-01-01 00:00:00,USR64876,MCH4498,1946.37,UTR3972655143,1310,SUCCESS,TXN00011933,USR64876,MCH4498,UTR3972655143,0,0,0,0,0,0,0
TXN00014949,2026-03-26 12:30:31,USR78291,MCH7524,11307.82,UTR5920392910,,SUCCESS,TXN00014949,USR78291,MCH7524,UTR5920392910,0,0,1,0,0,0,0
TXN00019507,2026-01-11 17:03:14,USR28132,MCH9557,0.2010929,UTR9242521630,1310,SUCCESS,TXN00019507,USR28132,MCH9557,UTR 9242521630,0,0,0,0,0,0,0
TXN00000798,2026-11-01 08:21:59,USR48316,MCH4566,14132.68,UTR8456037386,0110,SUCCESS,TXN00000798,USR48316,MCH4566,UTR8456037386,0,0,0,0,0,0,0
TXN00013748,2026-01-19 23:19:53,USR38173,MCH9279,16963.88,UTR3788028760,8120,SUCCESS,TXN00013748,USR38173,MCH9279,UTR3788028760,0,0,0,0,0,0,0
TXN00000530,2026-03-30 04:09:50,USR70377,MCH5425,21619.0,,4110,SUCCESS,TXN00000530,USR70377,MCH5425,,0,1,0,0,0,0,0
TXN00003403,2026-02-22 17:58:54,USR41637,MCH9494,0.2497233,UTR9211291234,8120,SUCCESS,TXN00003403,USR41637,MCH9494,UTR9211291234,0,0,0,0,0,0,0
TXN00012335,2026-01-13 13:20:16,USR99474,MCH5091,8571.54,UTR0086394213,4110,SUCCESS,TXN00012335,USR99474,MCH5091,UTR0086394213,0,0,0,0,0,0,0
TXN00014868,2026-01-20 12:13:34,USR16484,MCH9796,10373.11,UTR8902014532,,SUCCESS,TXN00014868,USR16484,MCH9796,UTR 8902014532,0,0,1,0,0,0,0
TXN00003031,2026-03-15 00:00:00,USR47963,MCH9107,0.498281,UTR8718492946,4110,SUCCESS,TXN00003031,USR47963,MCH9107,UTR8718492946,0,0,0,0,0,0,0
TXN00013835,2026-01-24 21:08:17,USR27680,MCH6609,9897.21,UTR2740449550,4110,SUCCESS,TXN00013835,USR27680,MCH6609,UTR2740449550,0,0,0,0,0,0,0
TXN00009208,2026-01-29 23:25:09,USR29988,MCH6674,-17176.94,UTR2481576524,8120,SUCCESS,TXN00009208,USR29988,MCH6674,UTR2481576524,1,0,0,0,0,0,0
TXN00001523,2026-02-07 00:19:58,USR59082,MCH2986,8797.05,UTR7365032242,8120,SUCCESS,TXN00001523,USR59082,MCH2986,UTR7365032242,0,0,0,0,0,0,0
TXN00002663,2026-02-26 11:55:58,USR81040,MCH7159,5401.36,UTR2434491753,4110,SUCCESS,TXN00002663,USR81040,MCH7159,UTR2434491753,0,0,0,0,0,0,0
TXN00000531,2026-03-24 03:33:52,USR87059,MCH2398,20324.4,UTR3664572467,9120,SUCCESS,TXN00000531,USR87059,MCH2398,UTR3664572467,0,0,0,0,0,0,0
TXN00003077,2026-02-26 15:17:25,USR47405,MCH7343,23668.88,UTR8248929926,1310,SUCCESS,TXN00003077,USR47405,MCH7343,UTR8248929926,0,0,0,0,0,0,0
TXN00016976,2026-03-01 20:34:40,USR93330,MCH3309,16233.24,UTR4037587276,4110,PENDING,TXN00016976,USR93330,MCH3309,UTR4037587276,0,0,0,0,0,0,1
TXN00016462,2026-02-07 08:14:47,USR68337,MCH9483,20947.26,UTR0986025378,4110,SUCCESS,TXN00016462,USR68337,MCH9483,UTR0986025378,0,0,0,0,0,0,0
TXN00014952,2026-03-12 09:53:07,USR27405,MCH2020,3757.93,UTR7111551955,,SUCCESS,TXN00014952,USR27405,MCH2020,UTR7111551955,0,0,1,0,0,0,0
TXN00005031,2026-03-05 15:53:57,USR63626,MCH8980,7576.35,UTR1128602439,0110,SUCCESS,TXN00005031,USR63626,MCH8980,UTR1128602439,0,0,0,0,0,0,0
TXN00014087,2026-01-09 08:06:18,USR64203,MCH4836,18696.65,UTR4913175578,8120,SUCCESS,TXN00014087,USR64203,MCH4836,UTR4913175578,0,0,0,0,0,0,0
TXN00001325,2026-01-27 10:22:46,USR90944,MCH5397,24397.0,UTR3907626365,9120,SUCCESS,TXN00001325,USR90944,MCH5397,UTR3907626365,0,0,0,0,0,0,0
TXN00000907,2026-03-13 07:49:17,USR51793,MCH2723,20437.91,UTR6734061273,4110,SUCCESS,TXN00000907,USR51793,MCH2723,UTR6734061273,0,0,0,0,0,0,0
TXN00009560,2026-02-27 21:03:48,USR98095,MCH9123,14674.64,UTR5004405426,4110,SUCCESS,TXN00009560,USR98095,MCH9123,UTR5004405426,0,0,0,0,0,0,0
TXN00004051,2026-01-08 14:44:59,USR93683,MCH5146,23361.0,UTR4650796095,8120,SUCCESS,TXN00004051,USR93683,MCH5146,UTR4650796095,0,0,0,0,0,0,0
TXN00011991,2026-02-14 00:10:35,USR60047,MCH8389,2520.01,UTR6606324895,,SUCCESS,TXN00011991,USR60047,MCH8389,UTR 6606324895,0,0,1,0,0,0,0
TXN00003495,2026-01-15 20:56:53,USR18542,MCH9853,0.1647954,UTR0500956878,,PENDING,TXN00003495,USR18542,MCH9853,UTR0500956878,0,0,1,0,0,0,1
TXN00006619,2026-02-23 17:06:38,USR38189,MCH4170,0.1254746,UTR5013298779,0110,SUCCESS,TXN00006619,USR38189,MCH4170,UTR5013298779,0,0,0,0,0,0,0
TXN00015809,2026-02-12 15:46:31,USR49477,MCH4197,22148.21,UTR2447869177,4110,SUCCESS,TXN00015809,USR49477,MCH4197,UTR2447869177,0,0,0,0,0,0,0
TXN00011540,2026-01-16 22:29:01,USR70475,MCH2093,17706.6,UTR5337788089,4110,SUCCESS,TXN00011540,USR70475,MCH2093,UTR5337788089,0,0,0,0,0,0,0
TXN00001642,2026-01-28 22:13:49,USR76561,MCH8265,21052.41,,4110,SUCCESS,TXN00001642,USR76561,MCH8265,,0,1,0,0,0,0,0
TXN00015355,2026-02-17 00:14:52,USR64233,MCH2637,9539.58,UTR9158286666,,FAILED,TXN00015355,USR64233,MCH2637,UTR 9158286666,0,0,1,0,0,1,0
TXN00000132,2026-01-31 15:03:31,USR43994,MCH5882,5560.47,UTR6137977201,8120,SUCCESS,TXN00000132,USR43994,MCH5882,UTR6137977201,0,0,0,0,0,0,0
TXN00006320,2026-03-06 22:56:02,USR23398,MCH4711,742.19,UTR4340638922,8120,SUCCESS,TXN00006320,USR23398,MCH4711,UTR4340638922,0,0,0,0,0,0,0
TXN00008066,2026-03-20 03:06:18,USR90493,MCH4816,381.25,UTR1936909825,8120,SUCCESS,TXN00008066,USR90493,MCH4816,UTR1936909825,0,0,0,0,0,0,0
TXN00014075,2026-01-23 16:36:52,USR74668,MCH7301,3660.81,UTR6352871603,0110,FAILED,TXN00014075,USR74668,MCH7301,UTR6352871603,0,0,0,0,0,1,0
TXN00015127,2026-02-22 00:02:43,USR89478,MCH1683,16012.28,UTR0715628547,4110,SUCCESS,TXN00015127,USR89478,MCH1683,UTR0715628547,0,0,0,0,0,0,0
TXN00013146,2026-12-03 16:02:47,USR72549,MCH3572,0.1817125,UTR8533537642,4110,SUCCESS,TXN00013146,USR72549,MCH3572,UTR8533537642,0,0,0,0,0,0,0
TXN00003904,2026-03-10 15:49:28,USR30722,MCH2232,6286.72,UTR3287642861,1310,SUCCESS,TXN00003904,USR30722,MCH2232,UTR3287642861,0,0,0,0,0,0,0
TXN00018925,2026-01-31 19:26:34,USR26208,MCH6036,6270.0,UTR1918249122,4110,SUCCESS,TXN00018925,USR26208,MCH6036,UTR1918249122,0,0,0,0,0,0,0
TXN00006959,2026-03-11 14:25:27,USR30787,MCH8975,17568.71,UTR2542128457,0110,SUCCESS,TXN00006959,USR30787,MCH8975,UTR2542128457,0,0,0,0,0,0,0
TXN00019885,2026-03-24 20:33:59,USR28528,MCH5078,15098.98,UTR5452684545,9120,SUCCESS,TXN00019885,USR28528,MCH5078,UTR5452684545,0,0,0,0,0,0,0
TXN00002539,2026-02-12 11:23:05,USR13072,MCH5845,18838.16,UTR5928104360,,FAILED,TXN00002539,USR13072,MCH5845,UTR5928104360,0,0,1,0,0,1,0
TXN00019835,2026-07-01 11:35:24,USR48760,MCH8851,7974.41,UTR3921313841,0110,SUCCESS,TXN00019835,USR48760,MCH8851,UTR 3921313841,0,0,0,0,0,0,0
TXN00001073,2026-02-12 06:57:43,USR42747,MCH6341,1061.91,UTR1861693921,9120,SUCCESS,TXN00001073,USR42747,MCH6341,UTR1861693921,0,0,0,0,0,0,0
TXN00014693,2026-02-24 13:53:09,USR64285,MCH1254,20181.42,UTR9463441956,,SUCCESS,TXN00014693,USR64285,MCH1254,UTR9463441956,0,0,1,0,0,0,0
TXN00004735,2026-03-09 21:48:59,USR96232,MCH8250,10769.09,UTR8453966842,9120,SUCCESS,TXN00004735,USR96232,MCH8250,UTR8453966842,0,0,0,0,0,0,0
TXN00018314,2026-01-07 02:15:17,USR23101,MCH4314,5344.1,UTR1634009353,,SUCCESS,TXN00018314,USR23101,MCH4314,UTR1634009353,0,0,1,0,0,0,0
TXN00004606,2026-01-10 05:53:26,USR29111,MCH6085,22425.91,UTR1252403861,4110,SUCCESS,TXN00004606,USR29111,MCH6085,UTR1252403861,0,0,0,0,0,0,0
TXN00016468,2026-02-26 02:32:58,USR63631,MCH8086,4240.46,UTR0303675906,9120,SUCCESS,TXN00016468,USR63631,MCH8086,UTR0303675906,0,0,0,0,0,0,0
TXN00011198,2026-01-16 19:53:07,USR76801,MCH8845,0.818402,UTR6365752601,8120,FAILED,TXN00011198,USR76801,MCH8845,UTR 6365752601,0,0,0,0,0,1,0
TXN00000741,2026-02-12 22:18:25,USR26260,MCH2132,11572.37,UTR0579751602,0110,FAILED,TXN00000741,USR26260,MCH2132,UTR0579751602,0,0,0,0,0,1,0
TXN00007621,2026-03-17 16:46:10,USR50729,MCH1149,21527.22,UTR7334505742,4110,SUCCESS,TXN00007621,USR50729,MCH1149,UTR7334505742,0,0,0,0,0,0,0
TXN00016121,2026-03-10 17:11:11,USR67936,MCH6815,20754.62,UTR8073695445,9120,SUCCESS,TXN00016121,USR67936,MCH6815,UTR8073695445,0,0,0,0,0,0,0
TXN00001724,2026-01-09 18:01:33,USR37443,MCH5752,2535.13,UTR3042928345,4110,SUCCESS,TXN00001724,USR37443,MCH5752,UTR3042928345,0,0,0,0,0,0,0
TXN00017221,2026-02-27 14:27:42,USR89331,MCH4765,777.87,UTR2158605456,1310,SUCCESS,TXN00017221,USR89331,MCH4765,UTR2158605456,0,0,0,0,0,0,0
TXN00009558,2026-01-18 09:03:38,USR14047,MCH4512,12623.81,UTR3937177231,4110,SUCCESS,TXN00009558,USR14047,MCH4512,UTR3937177231,0,0,0,0,0,0,0
TXN00008183,2026-02-06 01:25:04,USR44900,MCH5247,1734.06,UTR9793354972,1310,FAILED,TXN00008183,USR44900,MCH5247,UTR9793354972,0,0,0,0,0,1,0
TXN00009034,2026-01-05 02:50:10,USR75471,MCH7485,20833.52,UTR0424909906,4110,SUCCESS,TXN00009034,USR75471,MCH7485,UTR0424909906,0,0,0,0,0,0,0
TXN00014018,2026-01-10 13:18:35,USR31412,MCH2709,492.42,UTR4746724547,1310,SUCCESS,TXN00014018,USR31412,MCH2709,UTR4746724547,0,0,0,0,0,0,0
TXN00004874,2026-02-23 01:06:08,USR97275,MCH2554,5944.71,UTR6830139281,8120,SUCCESS,TXN00004874,USR97275,MCH2554,UTR6830139281,0,0,0,0,0,0,0
TXN00007864,2026-01-15 12:28:20,USR44326,MCH1799,15685.19,UTR3404029102,4110,SUCCESS,TXN00007864,USR44326,MCH1799,UTR3404029102,0,0,0,0,0,0,0
TXN00009260,2026-01-21 07:07:26,USR13511,MCH1993,3251.36,UTR3318919990,0110,SUCCESS,TXN00009260,USR13511,MCH1993,UTR3318919990,0,0,0,0,0,0,0
TXN00013890,2026-03-16 02:06:38,USR32631,MCH3066,17074.1,UTR1073728490,,SUCCESS,TXN00013890,USR32631,MCH3066,UTR1073728490,0,0,1,0,0,0,0
TXN00011597,2026-02-09 23:51:55,USR62076,MCH9201,12879.35,UTR6192699538,1310,SUCCESS,TXN00011597,USR62076,MCH9201,UTR6192699538,0,0,0,0,0,0,0
TXN00006434,2026-01-31 12:13:38,USR64536,MCH2268,12885.0,UTR8486571709,0110,SUCCESS,TXN00006434,USR64536,MCH2268,UTR 8486571709,0,0,0,0,0,0,0
TXN00018899,2026-01-26 01:11:59,USR45095,MCH8750,2852.91,UTR1860286268,4110,SUCCESS,TXN00018899,USR45095,MCH8750,UTR1860286268,0,0,0,0,0,0,0
TXN00014925,2026-02-02 17:20:12,USR46409,MCH9839,12792.59,UTR7578181694,8120,SUCCESS,TXN00014925,USR46409,MCH9839,UTR7578181694,0,0,0,0,0,0,0
TXN00003304,2026-01-28 22:13:38,USR58932,MCH3308,8035.84,UTR7338853254,,PENDING,TXN00003304,USR58932,MCH3308,UTR7338853254,0,0,1,0,0,0,1
TXN00003650,2026-02-10 16:54:05,USR54880,MCH9266,24988.95,UTR3035221760,1310,SUCCESS,TXN00003650,USR54880,MCH9266,UTR3035221760,0,0,0,0,0,0,0
TXN00010650,2026-03-15 02:48:01,USR73237,MCH3005,16988.04,UTR7789384026,1310,SUCCESS,TXN00010650,USR73237,MCH3005,UTR 7789384026,0,0,0,0,0,0,0
TXN00007685,2026-08-03 04:13:50,USR23586,MCH8911,2350.5,UTR3587893816,8120,SUCCESS,TXN00007685,USR23586,MCH8911,UTR3587893816,0,0,0,0,0,0,0
TXN00005327,2026-02-22 20:49:06,USR91922,MCH4707,2073.48,UTR2082515321,,SUCCESS,TXN00005327,USR91922,MCH4707,UTR2082515321,0,0,1,0,0,0,0
TXN00010504,2026-01-05 04:56:13,USR98546,MCH1092,7957.06,UTR7072038080,4110,PENDING,TXN00010504,USR98546,MCH1092,UTR7072038080,0,0,0,0,0,0,1
TXN00010794,2026-03-27 19:49:13,USR20726,MCH8708,3276.15,,1310,SUCCESS,TXN00010794,USR20726,MCH8708,,0,1,0,0,0,0,0
TXN00010924,2026-02-01 02:09:42,USR56219,MCH8648,644.03,UTR6296902470,4110,SUCCESS,TXN00010924,USR56219,MCH8648,UTR6296902470,0,0,0,0,0,0,0
TXN00018115,2026-01-09 14:03:16,USR70749,MCH8581,6204.95,UTR4103112668,8120,FAILED,TXN00018115,USR70749,MCH8581,UTR4103112668,0,0,0,0,0,1,0
TXN00019006,2026-03-22 15:44:01,USR93368,MCH8903,11125.63,UTR0074106871,8120,SUCCESS,TXN00019006,USR93368,MCH8903,UTR 0074106871,0,0,0,0,0,0,0
TXN00011695,2026-03-19 06:00:10,USR84958,MCH2260,0.653557,UTR3459814247,8120,SUCCESS,TXN00011695,USR84958,MCH2260,UTR3459814247,0,0,0,0,0,0,0
TXN00006906,2026-01-03 09:34:06,USR28596,MCH5935,1318.16,UTR4825652338,,SUCCESS,TXN00006906,USR28596,MCH5935,UTR 4825652338,0,0,1,0,0,0,0
TXN00015400,2026-03-25 16:36:48,USR37425,MCH2956,17114.38,UTR0529581173,9120,FAILED,TXN00015400,USR37425,MCH2956,UTR0529581173,0,0,0,0,0,1,0
TXN00004457,2026-03-09 07:49:27,USR76188,MCH9070,17304.34,UTR3730271365,0110,SUCCESS,TXN00004457,USR76188,MCH9070,UTR3730271365,0,0,0,0,0,0,0
TXN00009618,2026-03-27 16:09:00,USR42016,MCH2046,23469.36,UTR0424101396,8120,SUCCESS,TXN00009618,USR42016,MCH2046,UTR0424101396,0,0,0,0,0,0,0
TXN00009599,2026-02-15 04:27:09,USR62548,MCH6055,6055.23,UTR6963738630,4110,SUCCESS,TXN00009599,USR62548,MCH6055,UTR6963738630,0,0,0,0,0,0,0
TXN00007001,2026-01-11 00:00:00,USR24491,MCH7297,980.0,UTR2758589345,4110,FAILED,TXN00007001,USR24491,MCH7297,UTR2758589345,0,0,0,0,0,1,0
TXN00014107,2026-03-13 15:12:37,USR56094,MCH1550,14073.62,UTR9459408841,0110,FAILED,TXN00014107,USR56094,MCH1550,UTR9459408841,0,0,0,0,0,1,0
TXN00005819,2026-03-23 19:58:29,USR22254,MCH3086,23219.8,UTR4180457033,4110,SUCCESS,TXN00005819,USR22254,MCH3086,UTR4180457033,0,0,0,0,0,0,0
TXN00007424,2026-02-18 20:50:31,USR68349,MCH5879,10400.21,UTR5637613279,4110,SUCCESS,TXN00007424,USR68349,MCH5879,UTR5637613279,0,0,0,0,0,0,0
TXN00016227,2026-01-10 02:18:57,USR23596,MCH1190,3603.19,UTR0181686223,9120,SUCCESS,TXN00016227,USR23596,MCH1190,UTR0181686223,0,0,0,0,0,0,0
TXN00011908,2026-03-06 07:05:32,USR39805,MCH6642,11952.15,UTR6143287418,8120,SUCCESS,TXN00011908,USR39805,MCH6642,UTR6143287418,0,0,0,0,0,0,0
TXN00001709,2026-01-14 06:43:07,USR69850,MCH3635,15493.5,UTR4790657500,4110,SUCCESS,TXN00001709,USR69850,MCH3635,UTR4790657500,0,0,0,0,0,0,0
TXN00010389,2026-03-15 13:13:10,USR31212,MCH7781,21709.42,UTR9755717628,4110,SUCCESS,TXN00010389,USR31212,MCH7781,UTR9755717628,0,0,0,0,0,0,0
TXN00007106,2026-03-02 03:34:35,USR12487,MCH9253,1684.11,UTR5571313548,4110,SUCCESS,TXN00007106,USR12487,MCH9253,UTR5571313548,0,0,0,0,0,0,0
TXN00012714,2026-03-07 17:21:22,USR46655,MCH1544,0.1376526,UTR9684280243,1310,SUCCESS,TXN00012714,USR46655,MCH1544,UTR9684280243,0,0,0,0,0,0,0
TXN00014890,2026-02-06 16:10:16,USR91727,MCH3150,23014.0,UTR0892785204,9120,SUCCESS,TXN00014890,USR91727,MCH3150,UTR0892785204,0,0,0,0,0,0,0
TXN00017784,2026-01-24 04:22:03,USR36581,MCH7615,0.45024,UTR5637954306,4110,SUCCESS,TXN00017784,USR36581,MCH7615,UTR5637954306,0,0,0,0,0,0,0
TXN00019903,2026-03-19 23:57:00,USR93979,MCH2808,3270.25,UTR8559816280,1310,SUCCESS,TXN00019903,USR93979,MCH2808,UTR 8559816280,0,0,0,0,0,0,0
TXN00000129,2026-03-21 18:56:19,USR36112,MCH6617,183.73,UTR9451866254,0110,SUCCESS,TXN00000129,USR36112,MCH6617,UTR9451866254,0,0,0,0,0,0,0
TXN00003958,2026-09-02 10:06:44,USR18831,MCH7655,10496.49,UTR4376766783,9120,SUCCESS,TXN00003958,USR18831,MCH7655,UTR4376766783,0,0,0,0,0,0,0
TXN00011250,2026-01-22 14:07:52,USR13692,MCH2616,21306.83,,4110,SUCCESS,TXN00011250,USR13692,MCH2616,,0,1,0,0,0,0,0
TXN00008272,2026-02-27 00:00:00,USR58732,MCH4024,2708.0,UTR4907668592,0110,SUCCESS,TXN00008272,USR58732,MCH4024,UTR4907668592,0,0,0,0,0,0,0
TXN00016287,2026-03-02 21:54:41,USR52457,MCH7074,24819.75,UTR5953580178,4110,SUCCESS,TXN00016287,USR52457,MCH7074,UTR5953580178,0,0,0,0,0,0,0
TXN00000045,2026-02-03 00:50:28,USR81314,MCH2213,6476.91,,8120,SUCCESS,TXN00000045,USR81314,MCH2213,,0,1,0,0,0,0,0
TXN00011382,2026-01-12 00:00:00,USR39156,MCH5231,18889.81,UTR9117439745,4110,SUCCESS,TXN00011382,USR39156,MCH5231,UTR9117439745,0,0,0,0,0,0,0
TXN00000242,2026-03-27 07:34:13,USR84447,MCH4965,23848.68,UTR9623186999,4110,SUCCESS,TXN00000242,USR84447,MCH4965,UTR9623186999,0,0,0,0,0,0,0
TXN00005839,2026-01-09 16:03:12,USR51116,MCH2083,15112.0,UTR7655005022,1310,SUCCESS,TXN00005839,USR51116,MCH2083,UTR7655005022,0,0,0,0,0,0,0
TXN00019401,2026-03-03 06:23:52,USR55979,MCH8443,18104.67,UTR3304339396,8120,SUCCESS,TXN00019401,USR55979,MCH8443,UTR3304339396,0,0,0,0,0,0,0
TXN00012043,2026-02-10 05:50:48,USR62453,MCH1894,21112.0,UTR0669749224,4110,SUCCESS,TXN00012043,USR62453,MCH1894,UTR 0669749224,0,0,0,0,0,0,0
TXN00001026,2026-03-17 00:00:39,USR68944,MCH5158,11861.0,UTR3966755107,,SUCCESS,TXN00001026,USR68944,MCH5158,UTR3966755107,0,0,1,0,0,0,0
TXN00003061,2026-03-16 02:12:06,USR44818,MCH7570,7439.3,UTR5422186015,4110,SUCCESS,TXN00003061,USR44818,MCH7570,UTR5422186015,0,0,0,0,0,0,0
TXN00009385,2026-02-22 00:42:13,USR58705,MCH5390,0.1337647,UTR8501409466,1310,SUCCESS,TXN00009385,USR58705,MCH5390,UTR8501409466,0,0,0,0,0,0,0
TXN00014118,2026-03-08 13:56:35,USR55129,MCH1157,1592.35,UTR0705202924,0110,SUCCESS,TXN00014118,USR55129,MCH1157,UTR0705202924,0,0,0,0,0,0,0
TXN00004502,2026-10-03 22:45:05,USR10561,MCH4449,12847.56,UTR5301719751,,FAILED,TXN00004502,USR10561,MCH4449,UTR5301719751,0,0,1,0,0,1,0
TXN00006535,2026-02-03 02:14:52,USR47737,MCH2847,0.189455,UTR3667401486,8120,SUCCESS,TXN00006535,USR47737,MCH2847,UTR3667401486,0,0,0,0,0,0,0
TXN00007700,2026-03-10 01:51:31,USR80366,MCH3635,6938.69,UTR1275333730,0110,SUCCESS,TXN00007700,USR80366,MCH3635,UTR1275333730,0,0,0,0,0,0,0
TXN00004369,2026-01-16 22:58:22,USR17700,MCH5988,4092.54,UTR2118402251,4110,SUCCESS,TXN00004369,USR17700,MCH5988,UTR2118402251,0,0,0,0,0,0,0
TXN00000666,2026-03-18 08:30:37,USR84620,MCH7376,3830.0,UTR0380901466,1310,SUCCESS,TXN00000666,USR84620,MCH7376,UTR0380901466,0,0,0,0,0,0,0
TXN00007529,2026-02-26 02:01:29,USR61881,MCH5550,16015.68,UTR2668027225,4110,SUCCESS,TXN00007529,USR61881,MCH5550,UTR2668027225,0,0,0,0,0,0,0
TXN00010372,2026-03-08 10:02:29,USR61908,MCH1065,22612.8,UTR1618074824,,SUCCESS,TXN00010372,USR61908,MCH1065,UTR1618074824,0,0,1,0,0,0,0
TXN00011660,2026-02-18 05:58:53,USR66343,MCH6666,7477.09,UTR0956974536,4110,SUCCESS,TXN00011660,USR66343,MCH6666,UTR0956974536,0,0,0,0,0,0,0
TXN00001176,2026-01-28 11:26:05,USR69151,MCH2440,13504.23,UTR2663026745,4110,SUCCESS,TXN00001176,USR69151,MCH2440,UTR2663026745,0,0,0,0,0,0,0
TXN00012193,2026-03-10 23:00:55,USR16487,MCH5328,0.2353206,UTR0103525228,8120,SUCCESS,TXN00012193,USR16487,MCH5328,UTR0103525228,0,0,0,0,0,0,0
TXN00010513,2026-01-03 19:43:36,USR32389,MCH9478,8181.17,UTR9641358999,8120,SUCCESS,TXN00010513,USR32389,MCH9478,UTR9641358999,0,0,0,0,0,0,0
TXN00017396,2026-02-13 07:37:22,USR96000,MCH9309,24545.38,UTR5243079830,8120,SUCCESS,TXN00017396,USR96000,MCH9309,UTR5243079830,0,0,0,0,0,0,0
TXN00015897,2026-03-16 10:36:17,USR19899,MCH9158,17009.84,UTR0033665918,0110,SUCCESS,TXN00015897,USR19899,MCH9158,UTR0033665918,0,0,0,0,0,0,0
TXN00000815,2026-03-19 19:26:09,USR72517,MCH8900,0.2174871,UTR1200746516,,SUCCESS,TXN00000815,USR72517,MCH8900,UTR1200746516,0,0,1,0,0,0,0
TXN00012986,2026-03-02 00:00:00,USR86269,MCH2467,22704.22,UTR7189439464,9120,SUCCESS,TXN00012986,USR86269,MCH2467,UTR7189439464,0,0,0,0,0,0,0
TXN00015402,2026-03-09 11:58:13,USR20007,MCH6541,3830.69,UTR2568213106,4110,SUCCESS,TXN00015402,USR20007,MCH6541,UTR2568213106,0,0,0,0,0,0,0
TXN00019648,2026-01-02 16:06:29,USR27454,MCH8646,20840.03,UTR5281992903,1310,SUCCESS,TXN00019648,USR27454,MCH8646,UTR5281992903,0,0,0,0,0,0,0
TXN00016711,2026-03-08 06:02:47,USR42837,MCH5807,18537.46,UTR4013640791,0110,SUCCESS,TXN00016711,USR42837,MCH5807,UTR4013640791,0,0,0,0,0,0,0
TXN00010381,2026-05-01 10:13:27,USR45409,MCH5394,19716.66,UTR8156480281,1310,SUCCESS,TXN00010381,USR45409,MCH5394,UTR8156480281,0,0,0,0,0,0,0
TXN00011828,2026-05-03 19:55:27,USR22598,MCH5434,23399.52,UTR9512069766,,SUCCESS,TXN00011828,USR22598,MCH5434,UTR9512069766,0,0,1,0,0,0,0
TXN00009962,2026-03-30 08:45:36,USR27276,MCH3216,14271.53,UTR3807429448,4110,SUCCESS,TXN00009962,USR27276,MCH3216,UTR3807429448,0,0,0,0,0,0,0
TXN00016242,2026-01-03 01:02:37,USR15066,MCH2056,0.1511299,UTR9779828144,4110,SUCCESS,TXN00016242,USR15066,MCH2056,UTR9779828144,0,0,0,0,0,0,0
TXN00001192,2026-02-23 17:25:11,USR10832,MCH1114,14558.44,,4110,SUCCESS,TXN00001192,USR10832,MCH1114,,0,1,0,0,0,0,0
TXN00012029,2026-02-16 10:40:20,USR23311,MCH5040,0.112028,UTR5955903874,,SUCCESS,TXN00012029,USR23311,MCH5040,UTR5955903874,0,0,1,0,0,0,0
TXN00014316,2026-02-13 18:45:25,USR19656,MCH2337,17984.52,,,SUCCESS,TXN00014316,USR19656,MCH2337,,0,1,1,0,0,0,0
TXN00003785,2026-02-16 13:04:10,USR82432,MCH4877,20026.51,UTR6044890981,0110,SUCCESS,TXN00003785,USR82432,MCH4877,UTR6044890981,0,0,0,0,0,0,0
TXN00000291,2026-02-02 19:47:47,USR51727,MCH8438,772.2,UTR7798128877,1310,SUCCESS,TXN00000291,USR51727,MCH8438,UTR7798128877,0,0,0,0,0,0,0
TXN00001593,2026-03-26 17:15:25,USR78238,MCH9568,3218.57,UTR7921959156,8120,SUCCESS,TXN00001593,USR78238,MCH9568,UTR7921959156,0,0,0,0,0,0,0
TXN00003486,2026-03-04 00:18:18,USR23936,MCH8356,14825.08,UTR6500361113,,SUCCESS,TXN00003486,USR23936,MCH8356,UTR6500361113,0,0,1,0,0,0,0
TXN00015813,2026-03-14 00:00:00,USR16930,MCH5924,15211.36,UTR3485984280,4110,SUCCESS,TXN00015813,USR16930,MCH5924,UTR3485984280,0,0,0,0,0,0,0
TXN00003936,2026-03-07 10:36:38,USR63669,MCH4574,0.13666,UTR6719317816,9120,SUCCESS,TXN00003936,USR63669,MCH4574,UTR6719317816,0,0,0,0,0,0,0
TXN00010541,2026-01-20 09:55:51,USR85934,MCH7325,2622.82,UTR4365670254,0110,FAILED,TXN00010541,USR85934,MCH7325,UTR4365670254,0,0,0,0,0,1,0
TXN00002382,2026-02-07 12:45:35,USR57633,MCH8586,21440.48,UTR3117265250,4110,SUCCESS,TXN00002382,USR57633,MCH8586,UTR3117265250,0,0,0,0,0,0,0
TXN00001970,2026-03-02 14:45:54,USR12673,MCH7441,664.66,UTR9514035995,9120,SUCCESS,TXN00001970,USR12673,MCH7441,UTR9514035995,0,0,0,0,0,0,0
TXN00014658,2026-02-15 16:50:30,USR54839,MCH8817,0.1711677,UTR6392419611,9120,SUCCESS,TXN00014658,USR54839,MCH8817,UTR6392419611,0,0,0,0,0,0,0
TXN00018516,2026-01-28 23:14:57,USR32612,MCH3765,9388.7,UTR3199379229,0110,SUCCESS,TXN00018516,USR32612,MCH3765,UTR3199379229,0,0,0,0,0,0,0
TXN00005676,2026-02-22 13:40:03,USR97439,MCH4719,-845.26,UTR1673088613,4110,SUCCESS,TXN00005676,USR97439,MCH4719,UTR1673088613,1,0,0,0,0,0,0
TXN00015037,2026-01-12 05:33:02,USR45222,MCH4974,9603.04,UTR3558022019,,SUCCESS,TXN00015037,USR45222,MCH4974,UTR 3558022019,0,0,1,0,0,0,0
TXN00019767,2026-02-10 14:21:14,USR82139,MCH4060,9869.87,,,SUCCESS,TXN00019767,USR82139,MCH4060,,0,1,1,0,0,0,0
TXN00019202,2026-02-19 09:16:49,USR14886,MCH2444,8431.21,UTR7257217340,4110,SUCCESS,TXN00019202,USR14886,MCH2444,UTR7257217340,0,0,0,0,0,0,0
TXN00006392,2026-01-17 04:37:21,USR68632,MCH1830,10347.5,,1310,SUCCESS,TXN00006392,USR68632,MCH1830,,0,1,0,0,0,0,0
TXN00013356,2026-01-28 07:30:10,USR93242,MCH8020,18119.0,UTR6218297389,8120,FAILED,TXN00013356,USR93242,MCH8020,UTR6218297389,0,0,0,0,0,1,0
TXN00006104,2026-03-26 05:24:58,USR39348,MCH6404,22648.73,UTR4994767048,4110,SUCCESS,TXN00006104,USR39348,MCH6404,UTR4994767048,0,0,0,0,0,0,0
TXN00009795,2026-02-07 08:10:17,USR54221,MCH5128,12855.63,UTR2885993176,,FAILED,TXN00009795,USR54221,MCH5128,UTR2885993176,0,0,1,0,0,1,0
TXN00019598,2026-02-10 07:54:20,USR65235,MCH6245,-10780.52,UTR1611702612,9120,SUCCESS,TXN00019598,USR65235,MCH6245,UTR1611702612,1,0,0,0,0,0,0
TXN00004578,2026-11-02 13:42:05,USR33458,MCH6433,5250.16,UTR7632260287,4110,SUCCESS,TXN00004578,USR33458,MCH6433,UTR7632260287,0,0,0,0,0,0,0
TXN00010173,2026-03-16 15:13:04,USR62345,MCH7620,12833.41,UTR4486937592,1310,SUCCESS,TXN00010173,USR62345,MCH7620,UTR4486937592,0,0,0,0,0,0,0
TXN00007365,2026-03-21 17:46:31,USR48384,MCH4887,12008.57,UTR0516798383,4110,PENDING,TXN00007365,USR48384,MCH4887,UTR0516798383,0,0,0,0,0,0,1
TXN00008327,2026-02-25 00:30:38,USR43697,MCH2627,3157.26,UTR0152832844,8120,FAILED,TXN00008327,USR43697,MCH2627,UTR0152832844,0,0,0,0,0,1,0
TXN00006803,2026-01-19 18:52:56,USR16346,MCH8360,5492.54,UTR5304766429,8120,PENDING,TXN00006803,USR16346,MCH8360,UTR5304766429,0,0,0,0,0,0,1
TXN00004831,2026-01-28 15:54:48,USR15269,MCH4550,19913.05,UTR1145135887,9120,SUCCESS,TXN00004831,USR15269,MCH4550,UTR1145135887,0,0,0,0,0,0,0
TXN00015999,2026-03-20 15:31:08,USR62995,MCH8503,18629.55,UTR8187637732,1310,SUCCESS,TXN00015999,USR62995,MCH8503,UTR8187637732,0,0,0,0,0,0,0
TXN00006304,2026-02-23 05:15:21,USR73347,MCH7853,19449.96,UTR2148355559,8120,SUCCESS,TXN00006304,USR73347,MCH7853,UTR2148355559,0,0,0,0,0,0,0
TXN00019271,2026-01-03 15:43:49,USR90022,MCH9681,12367.62,UTR6055752338,4110,SUCCESS,TXN00019271,USR90022,MCH9681,UTR6055752338,0,0,0,0,0,0,0
TXN00017381,2026-01-28 06:58:13,USR80663,MCH8774,18034.14,UTR1507540457,,SUCCESS,TXN00017381,USR80663,MCH8774,UTR1507540457,0,0,1,0,0,0,0
TXN00007985,2026-01-23 18:43:15,USR83152,MCH3676,-10972.41,UTR0505614019,9120,SUCCESS,TXN00007985,USR83152,MCH3676,UTR0505614019,1,0,0,0,0,0,0
TXN00008548,2026-01-27 19:01:36,USR90658,MCH8475,9347.52,UTR1510896220,1310,SUCCESS,TXN00008548,USR90658,MCH8475,UTR 1510896220,0,0,0,0,0,0,0
TXN00007038,2026-03-04 21:48:39,USR70746,MCH5093,11221.33,UTR4999086339,4110,SUCCESS,TXN00007038,USR70746,MCH5093,UTR4999086339,0,0,0,0,0,0,0
TXN00016441,2026-02-10 04:33:36,USR60171,MCH5420,0.987739,UTR7548175185,,SUCCESS,TXN00016441,USR60171,MCH5420,UTR7548175185,0,0,1,0,0,0,0
TXN00003888,2026-02-20 20:52:44,USR57123,MCH9078,15889.0,UTR4509463138,4110,SUCCESS,TXN00003888,USR57123,MCH9078,UTR4509463138,0,0,0,0,0,0,0
TXN00009749,2026-02-03 10:11:40,USR49499,MCH8965,911.0,UTR0191167901,1310,SUCCESS,TXN00009749,USR49499,MCH8965,UTR0191167901,0,0,0,0,0,0,0
TXN00009847,2026-03-24 05:11:45,USR96938,MCH2133,21200.81,UTR7508372790,8120,SUCCESS,TXN00009847,USR96938,MCH2133,UTR7508372790,0,0,0,0,0,0,0
TXN00015644,2026-03-24 00:00:00,USR49902,MCH3193,7218.57,UTR8980118818,4110,SUCCESS,TXN00015644,USR49902,MCH3193,UTR8980118818,0,0,0,0,0,0,0
TXN00007350,2026-01-06 10:17:03,USR98367,MCH4774,23516.59,UTR7356298728,0110,SUCCESS,TXN00007350,USR98367,MCH4774,UTR7356298728,0,0,0,0,0,0,0
TXN00019231,2026-03-27 16:06:14,USR58918,MCH6901,9050.82,UTR5767212797,0110,SUCCESS,TXN00019231,USR58918,MCH6901,UTR5767212797,0,0,0,0,0,0,0
TXN00003193,2026-03-05 15:38:15,USR14870,MCH2851,23820.85,UTR9283955829,9120,SUCCESS,TXN00003193,USR14870,MCH2851,UTR9283955829,0,0,0,0,0,0,0
TXN00013894,2026-03-24 22:58:43,USR89692,MCH1546,23276.4,UTR3462502173,9120,SUCCESS,TXN00013894,USR89692,MCH1546,UTR3462502173,0,0,0,0,0,0,0
TXN00001120,2026-02-23 21:39:15,USR52109,MCH1347,3246.58,UTR7623828107,8120,SUCCESS,TXN00001120,USR52109,MCH1347,UTR7623828107,0,0,0,0,0,0,0
TXN00001041,2026-02-05 23:29:33,USR12553,MCH6735,13491.89,,4110,SUCCESS,TXN00001041,USR12553,MCH6735,,0,1,0,0,0,0,0
TXN00018300,2026-01-01 21:15:04,USR50732,MCH6688,18641.74,UTR9369276508,4110,SUCCESS,TXN00018300,USR50732,MCH6688,UTR9369276508,0,0,0,0,0,0,0
TXN00016862,2026-03-29 09:26:48,USR54631,MCH2521,7809.18,UTR7387758188,0110,SUCCESS,TXN00016862,USR54631,MCH2521,UTR7387758188,0,0,0,0,0,0,0
TXN00001984,2026-01-10 15:06:09,USR60430,MCH6744,12079.39,UTR0490046938,,SUCCESS,TXN00001984,USR60430,MCH6744,UTR0490046938,0,0,1,0,0,0,0
TXN00008761,2026-03-14 20:27:15,USR60032,MCH6679,500.07,UTR6677232733,4110,SUCCESS,TXN00008761,USR60032,MCH6679,UTR6677232733,0,0,0,0,0,0,0
TXN00000342,2026-03-04 17:42:28,USR44212,MCH5458,11842.06,UTR9341709656,9120,SUCCESS,TXN00000342,USR44212,MCH5458,UTR9341709656,0,0,0,0,0,0,0
TXN00005677,2026-02-10 04:39:31,USR82127,MCH5238,14499.02,UTR5901474446,,SUCCESS,TXN00005677,USR82127,MCH5238,UTR5901474446,0,0,1,0,0,0,0
TXN00014601,2026-01-22 14:19:55,USR61745,MCH7179,3906.6,,9120,SUCCESS,TXN00014601,USR61745,MCH7179,,0,1,0,0,0,0,0
TXN00008777,2026-01-05 05:19:13,USR76652,MCH2455,24342.57,UTR4360067384,9120,SUCCESS,TXN00008777,USR76652,MCH2455,UTR4360067384,0,0,0,0,0,0,0
TXN00018796,2026-03-20 16:00:16,USR90323,MCH6262,14522.31,UTR8661130965,0110,SUCCESS,TXN00018796,USR90323,MCH6262,UTR8661130965,0,0,0,0,0,0,0
TXN00004415,2026-05-02 12:21:34,USR52848,MCH3048,10275.61,UTR7923365892,9120,SUCCESS,TXN00004415,USR52848,MCH3048,UTR7923365892,0,0,0,0,0,0,0
TXN00000510,2026-03-28 09:10:51,USR12453,MCH7583,18146.0,UTR5160415994,8120,SUCCESS,TXN00000510,USR12453,MCH7583,UTR5160415994,0,0,0,0,0,0,0
TXN00019561,2026-02-18 16:34:41,USR41741,MCH3132,8790.46,UTR2688202227,4110,SUCCESS,TXN00019561,USR41741,MCH3132,UTR2688202227,0,0,0,0,0,0,0
TXN00008081,2026-01-14 05:36:11,USR36516,MCH8436,7851.42,,,SUCCESS,TXN00008081,USR36516,MCH8436,,0,1,1,0,0,0,0
TXN00014787,2026-03-11 02:10:12,USR91293,MCH9985,18498.14,UTR5423582184,4110,SUCCESS,TXN00014787,USR91293,MCH9985,UTR5423582184,0,0,0,0,0,0,0
TXN00008541,2026-03-25 01:58:23,USR49307,MCH4459,14650.44,UTR7648583817,4110,SUCCESS,TXN00008541,USR49307,MCH4459,UTR7648583817,0,0,0,0,0,0,0
TXN00013599,2026-01-24 23:54:34,USR71067,MCH8171,-1314.1,UTR4458365104,1310,SUCCESS,TXN00013599,USR71067,MCH8171,UTR4458365104,1,0,0,0,0,0,0
TXN00000937,2026-02-24 19:07:43,USR42997,MCH7229,0.46958,UTR1211899798,,SUCCESS,TXN00000937,USR42997,MCH7229,UTR1211899798,0,0,1,0,0,0,0
TXN00019815,2026-01-18 09:37:34,USR30576,MCH4026,13531.36,UTR1396426411,9120,FAILED,TXN00019815,USR30576,MCH4026,UTR1396426411,0,0,0,0,0,1,0
TXN00018648,2026-03-14 13:44:40,USR56448,MCH8515,12688.51,UTR4781753050,4110,SUCCESS,TXN00018648,USR56448,MCH8515,UTR4781753050,0,0,0,0,0,0,0
TXN00002778,2026-03-03 21:30:42,USR73771,MCH6182,4152.09,UTR2124604638,0110,SUCCESS,TXN00002778,USR73771,MCH6182,UTR2124604638,0,0,0,0,0,0,0
TXN00013687,2026-11-03 06:06:29,USR21641,MCH4726,-14334.84,UTR6305064169,,SUCCESS,TXN00013687,USR21641,MCH4726,UTR6305064169,1,0,1,0,0,0,0
TXN00008905,2026-11-02 18:07:20,USR61364,MCH6546,15171.92,UTR0477746914,1310,SUCCESS,TXN00008905,USR61364,MCH6546,UTR0477746914,0,0,0,0,0,0,0
TXN00014363,2026-01-17 13:30:05,USR17694,MCH5195,16493.32,UTR4697438981,8120,SUCCESS,TXN00014363,USR17694,MCH5195,UTR4697438981,0,0,0,0,0,0,0
TXN00016513,2026-01-12 00:00:00,USR14187,MCH9662,15633.96,UTR4130076947,9120,SUCCESS,TXN00016513,USR14187,MCH9662,UTR4130076947,0,0,0,0,0,0,0
TXN00011611,2026-03-26 08:46:36,USR49988,MCH2896,22589.95,UTR0644266049,9120,SUCCESS,TXN00011611,USR49988,MCH2896,UTR0644266049,0,0,0,0,0,0,0
TXN00010671,2026-03-14 13:18:15,USR10082,MCH3237,22723.1,,,SUCCESS,TXN00010671,USR10082,MCH3237,,0,1,1,0,0,0,0
TXN00015471,2026-02-27 10:57:16,USR75302,MCH5256,1378.0,UTR3504647138,4110,SUCCESS,TXN00015471,USR75302,MCH5256,UTR3504647138,0,0,0,0,0,0,0
TXN00014172,2026-01-19 03:01:26,USR81301,MCH5621,770.25,UTR8829128253,4110,SUCCESS,TXN00014172,USR81301,MCH5621,UTR8829128253,0,0,0,0,0,0,0
TXN00003764,2026-02-22 00:07:16,USR22568,MCH8151,0.720575,UTR0621811083,4110,SUCCESS,TXN00003764,USR22568,MCH8151,UTR 0621811083,0,0,0,0,0,0,0
TXN00004627,2026-03-23 21:37:37,USR73363,MCH6699,8297.11,UTR5513408904,8120,SUCCESS,TXN00004627,USR73363,MCH6699,UTR5513408904,0,0,0,0,0,0,0
TXN00018945,2026-02-03 22:55:44,USR92490,MCH8867,10904.0,UTR9047906511,0110,SUCCESS,TXN00018945,USR92490,MCH8867,UTR 9047906511,0,0,0,0,0,0,0
TXN00005998,2026-03-11 00:58:06,USR19743,MCH6816,19131.07,UTR9912164963,9120,SUCCESS,TXN00005998,USR19743,MCH6816,UTR9912164963,0,0,0,0,0,0,0
TXN00004907,2026-01-15 19:46:16,USR55592,MCH3208,24146.15,UTR2486416909,1310,PENDING,TXN00004907,USR55592,MCH3208,UTR2486416909,0,0,0,0,0,0,1
TXN00012608,2026-02-23 19:37:23,USR54433,MCH4190,22389.05,UTR1456056192,9120,SUCCESS,TXN00012608,USR54433,MCH4190,UTR1456056192,0,0,0,0,0,0,0
TXN00003005,2026-03-20 09:15:36,USR39805,MCH7815,14297.93,UTR7209424774,4110,SUCCESS,TXN00003005,USR39805,MCH7815,UTR7209424774,0,0,0,0,0,0,0
TXN00013715,2026-02-19 19:40:10,USR93309,MCH8924,4741.45,UTR1736212738,1310,SUCCESS,TXN00013715,USR93309,MCH8924,UTR1736212738,0,0,0,0,0,0,0
TXN00016011,2026-02-26 17:34:51,USR54310,MCH6315,1126.05,UTR8133349405,,SUCCESS,TXN00016011,USR54310,MCH6315,UTR8133349405,0,0,1,0,0,0,0
TXN00004034,2026-02-24 18:07:04,USR88616,MCH6454,24814.62,UTR0832832516,0110,SUCCESS,TXN00004034,USR88616,MCH6454,UTR0832832516,0,0,0,0,0,0,0
TXN00011319,2026-01-24 11:29:14,USR37710,MCH5109,0.89109,UTR6502134611,8120,SUCCESS,TXN00011319,USR37710,MCH5109,UTR6502134611,0,0,0,0,0,0,0
TXN00019869,2026-01-22 00:20:42,USR96985,MCH9366,16351.41,UTR3856390045,4110,SUCCESS,TXN00019869,USR96985,MCH9366,UTR3856390045,0,0,0,0,0,0,0
TXN00002173,2026-01-29 02:27:38,USR64511,MCH6278,4380.29,UTR3410449119,9120,SUCCESS,TXN00002173,USR64511,MCH6278,UTR3410449119,0,0,0,0,0,0,0
TXN00011800,2026-01-26 02:06:29,USR11167,MCH5009,0.988296,UTR1972806063,,FAILED,TXN00011800,USR11167,MCH5009,UTR1972806063,0,0,1,0,0,1,0
TXN00018660,2026-01-25 06:21:41,USR74804,MCH1073,-24028.5,UTR9094931809,1310,SUCCESS,TXN00018660,USR74804,MCH1073,UTR9094931809,1,0,0,0,0,0,0
TXN00010352,2026-03-21 08:50:38,USR24535,MCH8451,17233.85,UTR8328502755,4110,SUCCESS,TXN00010352,USR24535,MCH8451,UTR8328502755,0,0,0,0,0,0,0
TXN00007801,2026-03-17 07:59:14,USR98934,MCH4434,955.13,UTR8395547686,8120,SUCCESS,TXN00007801,USR98934,MCH4434,UTR8395547686,0,0,0,0,0,0,0
TXN00016396,2026-03-30 22:58:50,USR46165,MCH1329,12067.06,UTR7690824800,9120,SUCCESS,TXN00016396,USR46165,MCH1329,UTR 7690824800,0,0,0,0,0,0,0
TXN00000890,2026-03-25 04:19:49,USR21974,MCH2918,6086.87,UTR9303524617,,SUCCESS,TXN00000890,USR21974,MCH2918,UTR9303524617,0,0,1,0,0,0,0
TXN00011806,2026-01-18 02:04:31,USR81776,MCH7836,2878.51,UTR2917006961,4110,SUCCESS,TXN00011806,USR81776,MCH7836,UTR2917006961,0,0,0,0,0,0,0
TXN00012507,2026-03-07 09:09:22,USR75962,MCH8193,16638.47,UTR6221270081,4110,SUCCESS,TXN00012507,USR75962,MCH8193,UTR6221270081,0,0,0,0,0,0,0
TXN00002808,2026-02-06 00:24:35,USR99660,MCH3598,4050.17,UTR5803209485,8120,SUCCESS,TXN00002808,USR99660,MCH3598,UTR5803209485,0,0,0,0,0,0,0
TXN00004259,2026-03-18 14:40:55,USR58546,MCH9481,8874.67,UTR2450897695,9120,PENDING,TXN00004259,USR58546,MCH9481,UTR2450897695,0,0,0,0,0,0,1
TXN00019529,2026-03-05 14:06:04,USR71242,MCH4130,23129.62,UTR9489546516,4110,SUCCESS,TXN00019529,USR71242,MCH4130,UTR9489546516,0,0,0,0,0,0,0
TXN00007987,2026-01-25 10:22:48,USR73025,MCH4791,19600.97,UTR9934659687,9120,SUCCESS,TXN00007987,USR73025,MCH4791,UTR9934659687,0,0,0,0,0,0,0
TXN00012053,2026-01-03 00:18:54,USR76930,MCH8292,16262.64,UTR0594599069,8120,SUCCESS,TXN00012053,USR76930,MCH8292,UTR0594599069,0,0,0,0,0,0,0
TXN00019745,2026-01-16 17:42:15,USR34628,MCH6487,22241.02,UTR6501687765,4110,SUCCESS,TXN00019745,USR34628,MCH6487,UTR6501687765,0,0,0,0,0,0,0
TXN00011212,2026-02-21 00:51:35,USR52173,MCH8699,17762.59,UTR1287048483,8120,SUCCESS,TXN00011212,USR52173,MCH8699,UTR1287048483,0,0,0,0,0,0,0
TXN00003939,2026-03-30 07:55:32,USR78224,MCH1479,4281.7,UTR4555626267,0110,SUCCESS,TXN00003939,USR78224,MCH1479,UTR4555626267,0,0,0,0,0,0,0
TXN00008604,2026-06-01 10:18:33,USR70093,MCH4078,3875.57,UTR4217097509,1310,SUCCESS,TXN00008604,USR70093,MCH4078,UTR4217097509,0,0,0,0,0,0,0
TXN00007420,2026-01-04 18:57:42,USR61798,MCH9346,17855.84,UTR1079157378,,PENDING,TXN00007420,USR61798,MCH9346,UTR1079157378,0,0,1,0,0,0,1
TXN00014615,2026-01-19 16:28:37,USR39338,MCH5680,13403.04,UTR3233445304,0110,FAILED,TXN00014615,USR39338,MCH5680,UTR3233445304,0,0,0,0,0,1,0
TXN00004488,2026-01-01 22:19:51,USR51311,MCH4401,8877.25,UTR1738281856,9120,FAILED,TXN00004488,USR51311,MCH4401,UTR1738281856,0,0,0,0,0,1,0
TXN00015676,2026-01-13 02:33:08,USR86618,MCH8383,20329.04,UTR1861769485,8120,SUCCESS,TXN00015676,USR86618,MCH8383,UTR1861769485,0,0,0,0,0,0,0
TXN00008017,2026-01-23 06:26:17,USR35557,MCH4755,11835.6,UTR6146048814,4110,SUCCESS,TXN00008017,USR35557,MCH4755,UTR6146048814,0,0,0,0,0,0,0
TXN00019410,2026-03-27 05:37:52,USR85773,MCH1004,8560.11,UTR6827158540,,SUCCESS,TXN00019410,USR85773,MCH1004,UTR6827158540,0,0,1,0,0,0,0
TXN00017642,2026-02-16 20:47:14,USR28180,MCH8957,13070.86,UTR7217133814,4110,SUCCESS,TXN00017642,USR28180,MCH8957,UTR7217133814,0,0,0,0,0,0,0
TXN00011019,2026-02-13 03:06:30,USR32308,MCH9054,9952.99,,4110,SUCCESS,TXN00011019,USR32308,MCH9054,,0,1,0,0,0,0,0
TXN00015599,2026-11-03 05:55:45,USR70251,MCH6023,0.1867512,UTR3784217309,0110,SUCCESS,TXN00015599,USR70251,MCH6023,UTR3784217309,0,0,0,0,0,0,0
TXN00010649,2026-02-24 05:22:08,USR53238,MCH8731,-24814.82,UTR1509546385,9120,SUCCESS,TXN00010649,USR53238,MCH8731,UTR1509546385,1,0,0,0,0,0,0
TXN00007780,2026-03-16 04:51:37,USR24601,MCH5003,12960.28,UTR7783263492,1310,SUCCESS,TXN00007780,USR24601,MCH5003,UTR7783263492,0,0,0,0,0,0,0
TXN00018018,2026-01-05 20:16:48,USR61252,MCH8736,22233.36,,4110,SUCCESS,TXN00018018,USR61252,MCH8736,,0,1,0,0,0,0,0
TXN00013261,2026-01-14 19:57:25,USR52964,MCH9576,18671.79,UTR1825272362,,SUCCESS,TXN00013261,USR52964,MCH9576,UTR1825272362,0,0,1,0,0,0,0
TXN00006006,2026-01-24 07:56:39,USR32111,MCH7861,24058.83,,,SUCCESS,TXN00006006,USR32111,MCH7861,,0,1,1,0,0,0,0
TXN00013486,2026-03-03 23:39:50,USR12871,MCH3746,24787.78,UTR1803096867,4110,SUCCESS,TXN00013486,USR12871,MCH3746,UTR1803096867,0,0,0,0,0,0,0
TXN00001664,2026-02-07 00:38:35,USR84136,MCH8363,12429.12,UTR0111953121,8120,SUCCESS,TXN00001664,USR84136,MCH8363,UTR0111953121,0,0,0,0,0,0,0
TXN00018720,2026-10-03 11:56:16,USR80601,MCH9815,23044.66,UTR8442069365,4110,SUCCESS,TXN00018720,USR80601,MCH9815,UTR8442069365,0,0,0,0,0,0,0
TXN00019349,2026-03-23 16:40:35,USR63546,MCH1032,16939.09,UTR2312707059,9120,SUCCESS,TXN00019349,USR63546,MCH1032,UTR2312707059,0,0,0,0,0,0,0
TXN00015301,2026-01-24 18:53:37,USR23076,MCH2037,0.2473881,UTR4027824881,0110,SUCCESS,TXN00015301,USR23076,MCH2037,UTR4027824881,0,0,0,0,0,0,0
TXN00004336,2026-01-12 06:27:40,USR30629,MCH7594,1373.59,UTR6191174689,4110,SUCCESS,TXN00004336,USR30629,MCH7594,UTR 6191174689,0,0,0,0,0,0,0
TXN00005017,2026-01-05 11:08:41,USR23449,MCH6446,1047.02,UTR5321374490,,FAILED,TXN00005017,USR23449,MCH6446,UTR5321374490,0,0,1,0,0,1,0
TXN00010459,2026-01-19 15:09:57,USR12593,MCH2092,515.7,UTR9908827562,8120,FAILED,TXN00010459,USR12593,MCH2092,UTR 9908827562,0,0,0,0,0,1,0
TXN00017504,2026-01-17 14:47:04,USR98841,MCH4476,1927.72,UTR5957103270,8120,SUCCESS,TXN00017504,USR98841,MCH4476,UTR5957103270,0,0,0,0,0,0,0
TXN00014424,2026-02-10 22:35:31,USR88019,MCH3825,2495.55,,4110,SUCCESS,TXN00014424,USR88019,MCH3825,,0,1,0,0,0,0,0
TXN00009909,2026-02-25 17:26:09,USR27864,MCH7875,4221.18,UTR5773790467,0110,SUCCESS,TXN00009909,USR27864,MCH7875,UTR5773790467,0,0,0,0,0,0,0
TXN00004388,2026-02-11 22:56:46,USR97591,MCH6905,1227.0,UTR4737692144,4110,FAILED,TXN00004388,USR97591,MCH6905,UTR4737692144,0,0,0,0,0,1,0
TXN00000888,2026-03-09 12:41:09,USR82348,MCH8189,5962.19,UTR8907591952,8120,SUCCESS,TXN00000888,USR82348,MCH8189,UTR8907591952,0,0,0,0,0,0,0
TXN00015509,2026-03-21 15:55:21,USR80456,MCH9038,11972.77,UTR0442240295,8120,SUCCESS,TXN00015509,USR80456,MCH9038,UTR 0442240295,0,0,0,0,0,0,0
TXN00013015,2026-02-14 02:37:05,USR52118,MCH5682,23975.59,UTR4984268155,4110,SUCCESS,TXN00013015,USR52118,MCH5682,UTR4984268155,0,0,0,0,0,0,0
TXN00019298,2026-01-11 15:25:16,USR67712,MCH6458,14518.37,UTR3903793164,4110,SUCCESS,TXN00019298,USR67712,MCH6458,UTR3903793164,0,0,0,0,0,0,0
TXN00010506,2026-03-13 21:17:47,USR29749,MCH5432,10799.0,UTR5365532852,0110,SUCCESS,TXN00010506,USR29749,MCH5432,UTR5365532852,0,0,0,0,0,0,0
TXN00017756,2026-02-07 03:20:31,USR27970,MCH1006,0.826387,UTR7972142384,4110,SUCCESS,TXN00017756,USR27970,MCH1006,UTR7972142384,0,0,0,0,0,0,0
TXN00001206,2026-02-16 11:29:05,USR79778,MCH1757,19262.48,UTR3584494229,,SUCCESS,TXN00001206,USR79778,MCH1757,UTR3584494229,0,0,1,0,0,0,0
TXN00000122,2026-03-08 11:16:00,USR28405,MCH5021,22403.32,UTR5772774737,9120,PENDING,TXN00000122,USR28405,MCH5021,UTR5772774737,0,0,0,0,0,0,1
TXN00006672,2026-03-11 02:47:14,USR47990,MCH5052,20194.48,UTR3325866293,,SUCCESS,TXN00006672,USR47990,MCH5052,UTR 3325866293,0,0,1,0,0,0,0
TXN00004042,2026-02-22 11:36:06,USR49258,MCH5262,7243.09,UTR2825605876,9120,SUCCESS,TXN00004042,USR49258,MCH5262,UTR2825605876,0,0,0,0,0,0,0
TXN00005064,2026-02-01 18:39:59,USR40058,MCH8690,8203.82,UTR4189853468,8120,SUCCESS,TXN00005064,USR40058,MCH8690,UTR4189853468,0,0,0,0,0,0,0
TXN00015368,2026-03-19 05:00:29,USR96271,MCH4646,11287.0,UTR3448957670,4110,SUCCESS,TXN00015368,USR96271,MCH4646,UTR 3448957670,0,0,0,0,0,0,0
TXN00004511,2026-03-15 21:23:25,USR66362,MCH9969,4368.49,,,SUCCESS,TXN00004511,USR66362,MCH9969,,0,1,1,0,0,0,0
TXN00015911,2026-01-11 00:09:30,USR57660,MCH5262,23326.04,UTR0064280767,,SUCCESS,TXN00015911,USR57660,MCH5262,UTR0064280767,0,0,1,0,0,0,0
TXN00016653,2026-01-31 00:18:07,USR16353,MCH1489,9894.1,UTR6063997654,,SUCCESS,TXN00016653,USR16353,MCH1489,UTR6063997654,0,0,1,0,0,0,0
TXN00003519,2026-02-21 00:31:09,USR72636,MCH3359,1785.0,UTR5574668269,,SUCCESS,TXN00003519,USR72636,MCH3359,UTR5574668269,0,0,1,0,0,0,0
TXN00003482,2026-03-16 17:51:34,USR78835,MCH9216,14319.45,UTR2927437196,,SUCCESS,TXN00003482,USR78835,MCH9216,UTR2927437196,0,0,1,0,0,0,0
TXN00004404,2026-03-15 01:02:43,USR14112,MCH6469,8959.91,UTR7226726723,4110,SUCCESS,TXN00004404,USR14112,MCH6469,UTR7226726723,0,0,0,0,0,0,0
TXN00003088,2026-02-15 16:32:48,USR24770,MCH7024,394.72,UTR5943938104,9120,SUCCESS,TXN00003088,USR24770,MCH7024,UTR5943938104,0,0,0,0,0,0,0
TXN00017473,2026-02-24 11:07:42,USR69753,MCH7769,11880.67,UTR2254027075,8120,SUCCESS,TXN00017473,USR69753,MCH7769,UTR2254027075,0,0,0,0,0,0,0
TXN00017472,2026-01-10 23:49:17,USR71491,MCH9585,8148.0,UTR0831730581,9120,PENDING,TXN00017472,USR71491,MCH9585,UTR0831730581,0,0,0,0,0,0,1
TXN00001257,2026-03-16 01:18:22,USR59873,MCH5921,5021.11,UTR2222737950,4110,SUCCESS,TXN00001257,USR59873,MCH5921,UTR2222737950,0,0,0,0,0,0,0
TXN00011572,2026-04-02 05:59:56,USR24663,MCH4709,-11096.7,UTR5171097088,4110,SUCCESS,TXN00011572,USR24663,MCH4709,UTR5171097088,1,0,0,0,0,0,0
TXN00001030,2026-02-28 07:03:37,USR61582,MCH9711,20724.6,UTR0801433182,1310,SUCCESS,TXN00001030,USR61582,MCH9711,UTR0801433182,0,0,0,0,0,0,0
TXN00014133,2026-01-14 12:12:26,USR97347,MCH1545,10844.24,UTR0178696714,4110,SUCCESS,TXN00014133,USR97347,MCH1545,UTR0178696714,0,0,0,0,0,0,0
TXN00015840,2026-02-17 11:36:38,USR53940,MCH9095,22297.79,UTR0252303576,0110,SUCCESS,TXN00015840,USR53940,MCH9095,UTR0252303576,0,0,0,0,0,0,0
TXN00011860,2026-02-26 17:34:43,USR68520,MCH1218,18955.65,,9120,FAILED,TXN00011860,USR68520,MCH1218,,0,1,0,0,0,1,0
TXN00015761,2026-03-01 18:17:21,USR95279,MCH5302,2684.0,UTR7218580246,0110,SUCCESS,TXN00015761,USR95279,MCH5302,UTR7218580246,0,0,0,0,0,0,0
TXN00006638,2026-03-05 20:08:12,USR23213,MCH2007,14688.37,UTR1111029904,,SUCCESS,TXN00006638,USR23213,MCH2007,UTR1111029904,0,0,1,0,0,0,0
TXN00014401,2026-03-11 13:21:26,USR43788,MCH3341,963.46,UTR1742192913,,SUCCESS,TXN00014401,USR43788,MCH3341,UTR1742192913,0,0,1,0,0,0,0
TXN00012751,2026-01-11 02:40:06,USR33616,MCH4954,-716.84,UTR1493969748,4110,SUCCESS,TXN00012751,USR33616,MCH4954,UTR1493969748,1,0,0,0,0,0,0
TXN00010532,2026-03-17 15:08:38,USR45760,MCH1797,18972.27,UTR5299084748,0110,SUCCESS,TXN00010532,USR45760,MCH1797,UTR5299084748,0,0,0,0,0,0,0
TXN00013307,2026-03-18 00:00:00,USR39542,MCH9068,13530.35,UTR2699079155,,FAILED,TXN00013307,USR39542,MCH9068,UTR2699079155,0,0,1,0,0,1,0
TXN00007882,2026-01-25 08:48:42,USR95316,MCH4733,11436.19,UTR0797033411,1310,SUCCESS,TXN00007882,USR95316,MCH4733,UTR0797033411,0,0,0,0,0,0,0
TXN00003991,2026-02-02 03:54:59,USR85217,MCH9509,2097.29,UTR2254234095,8120,SUCCESS,TXN00003991,USR85217,MCH9509,UTR2254234095,0,0,0,0,0,0,0
TXN00017078,2026-03-31 00:00:00,USR65818,MCH4779,0.935552,UTR6670329812,4110,SUCCESS,TXN00017078,USR65818,MCH4779,UTR6670329812,0,0,0,0,0,0,0
TXN00011904,2026-02-28 19:39:02,USR44351,MCH5166,10442.23,UTR2206932448,1310,FAILED,TXN00011904,USR44351,MCH5166,UTR2206932448,0,0,0,0,0,1,0
TXN00014544,2026-03-13 15:27:45,USR82578,MCH6021,7129.37,UTR7300984779,4110,SUCCESS,TXN00014544,USR82578,MCH6021,UTR 7300984779,0,0,0,0,0,0,0
TXN00008038,2026-03-26 13:20:24,USR67348,MCH5218,21379.18,UTR1247443886,8120,SUCCESS,TXN00008038,USR67348,MCH5218,UTR1247443886,0,0,0,0,0,0,0
TXN00000394,2026-01-26 17:58:04,USR10911,MCH2175,19413.0,UTR9218357660,,FAILED,TXN00000394,USR10911,MCH2175,UTR9218357660,0,0,1,0,0,1,0
TXN00011722,2026-02-20 02:53:21,USR67284,MCH8330,21617.83,UTR5012974460,,SUCCESS,TXN00011722,USR67284,MCH8330,UTR5012974460,0,0,1,0,0,0,0
TXN00002059,2026-02-16 19:34:57,USR96967,MCH5391,0.1627783,UTR9103544380,0110,SUCCESS,TXN00002059,USR96967,MCH5391,UTR9103544380,0,0,0,0,0,0,0
TXN00007624,2026-03-07 00:25:32,USR57734,MCH6084,17268.66,UTR8127620937,9120,SUCCESS,TXN00007624,USR57734,MCH6084,UTR8127620937,0,0,0,0,0,0,0
TXN00004732,2026-03-02 17:45:49,USR81573,MCH9885,1699.44,UTR0920802255,4110,SUCCESS,TXN00004732,USR81573,MCH9885,UTR 0920802255,0,0,0,0,0,0,0
TXN00009222,2026-03-09 22:45:40,USR73418,MCH2815,0.1473579,UTR2133799901,,SUCCESS,TXN00009222,USR73418,MCH2815,UTR2133799901,0,0,1,0,0,0,0
TXN00012604,2026-03-13 13:31:01,USR75561,MCH6508,9716.8,UTR5161017955,4110,SUCCESS,TXN00012604,USR75561,MCH6508,UTR5161017955,0,0,0,0,0,0,0
TXN00018113,2026-03-16 10:42:10,USR45276,MCH7559,1172.5,UTR6939661319,0110,SUCCESS,TXN00018113,USR45276,MCH7559,UTR6939661319,0,0,0,0,0,0,0
TXN00017850,2026-01-17 13:49:06,USR68660,MCH7861,21058.63,UTR9495849503,0110,SUCCESS,TXN00017850,USR68660,MCH7861,UTR9495849503,0,0,0,0,0,0,0
TXN00001083,2026-01-28 01:56:59,USR46181,MCH9509,10445.34,UTR8230430347,,SUCCESS,TXN00001083,USR46181,MCH9509,UTR8230430347,0,0,1,0,0,0,0
TXN00017818,2026-01-18 23:15:53,USR79569,MCH5706,15687.15,UTR5293151660,,SUCCESS,TXN00017818,USR79569,MCH5706,UTR 5293151660,0,0,1,0,0,0,0
TXN00001436,2026-02-23 11:32:52,USR11877,MCH5034,759.04,UTR5357054039,1310,SUCCESS,TXN00001436,USR11877,MCH5034,UTR5357054039,0,0,0,0,0,0,0
TXN00009275,2026-01-28 21:11:41,USR37945,MCH9018,17989.56,UTR0993799676,,SUCCESS,TXN00009275,USR37945,MCH9018,UTR0993799676,0,0,1,0,0,0,0
TXN00009724,2026-01-15 05:53:41,USR89356,MCH9773,18401.03,UTR4282870718,4110,SUCCESS,TXN00009724,USR89356,MCH9773,UTR4282870718,0,0,0,0,0,0,0
TXN00005441,2026-08-01 01:00:39,USR76219,MCH9536,11513.62,UTR1564205175,,SUCCESS,TXN00005441,USR76219,MCH9536,UTR 1564205175,0,0,1,0,0,0,0
TXN00005912,2026-03-22 16:04:04,USR46673,MCH6924,23165.37,UTR5037620767,,SUCCESS,TXN00005912,USR46673,MCH6924,UTR 5037620767,0,0,1,0,0,0,0
TXN00009262,2026-01-06 00:00:00,USR94525,MCH1450,0.1267818,UTR7196840424,4110,SUCCESS,TXN00009262,USR94525,MCH1450,UTR7196840424,0,0,0,0,0,0,0
TXN00008164,2026-01-28 00:00:00,USR73999,MCH5772,12028.73,UTR6553214987,4110,SUCCESS,TXN00008164,USR73999,MCH5772,UTR 6553214987,0,0,0,0,0,0,0
TXN00003383,2026-03-23 04:29:40,USR91295,MCH5826,788.42,UTR9794221213,0110,FAILED,TXN00003383,USR91295,MCH5826,UTR9794221213,0,0,0,0,0,1,0
TXN00011118,2026-03-26 07:23:33,USR71343,MCH8968,13224.84,UTR3074066214,4110,SUCCESS,TXN00011118,USR71343,MCH8968,UTR3074066214,0,0,0,0,0,0,0
TXN00011559,2026-02-16 04:57:11,USR71946,MCH1351,3066.0,UTR4303371191,8120,SUCCESS,TXN00011559,USR71946,MCH1351,UTR 4303371191,0,0,0,0,0,0,0
TXN00003328,2026-01-24 12:58:05,USR41697,MCH2286,12955.02,UTR4399959841,,SUCCESS,TXN00003328,USR41697,MCH2286,UTR4399959841,0,0,1,0,0,0,0
TXN00002392,2026-02-02 08:47:23,USR71634,MCH1501,4179.84,UTR6034166084,8120,SUCCESS,TXN00002392,USR71634,MCH1501,UTR6034166084,0,0,0,0,0,0,0
TXN00015312,2026-03-14 08:26:32,USR27539,MCH6284,17471.19,UTR6004012531,0110,SUCCESS,TXN00015312,USR27539,MCH6284,UTR6004012531,0,0,0,0,0,0,0
TXN00005508,2026-03-03 18:25:21,USR90199,MCH1384,8077.02,UTR6789957865,8120,SUCCESS,TXN00005508,USR90199,MCH1384,UTR6789957865,0,0,0,0,0,0,0
TXN00013120,2026-02-16 17:13:20,USR84675,MCH8353,5158.37,UTR9266736042,9120,SUCCESS,TXN00013120,USR84675,MCH8353,UTR9266736042,0,0,0,0,0,0,0
TXN00006301,2026-01-29 16:13:05,USR34458,MCH5395,19575.26,UTR8817487249,4110,SUCCESS,TXN00006301,USR34458,MCH5395,UTR8817487249,0,0,0,0,0,0,0
TXN00019196,2026-03-05 00:00:00,USR23438,MCH1618,24484.6,,0110,SUCCESS,TXN00019196,USR23438,MCH1618,,0,1,0,0,0,0,0
TXN00015498,2026-03-13 00:00:00,USR39706,MCH2423,671.1,UTR4678270822,4110,SUCCESS,TXN00015498,USR39706,MCH2423,UTR4678270822,0,0,0,0,0,0,0
TXN00015792,2026-01-25 06:51:22,USR92746,MCH9126,11469.13,UTR3721680952,4110,SUCCESS,TXN00015792,USR92746,MCH9126,UTR3721680952,0,0,0,0,0,0,0
TXN00008203,2026-03-23 16:55:43,USR48489,MCH6896,23424.36,UTR4252130833,4110,SUCCESS,TXN00008203,USR48489,MCH6896,UTR4252130833,0,0,0,0,0,0,0
TXN00004680,2026-03-22 10:10:49,USR15103,MCH4405,15788.09,UTR5506404232,4110,SUCCESS,TXN00004680,USR15103,MCH4405,UTR5506404232,0,0,0,0,0,0,0
TXN00009647,2026-01-07 00:00:00,USR58622,MCH3704,0.1956207,UTR7526383733,4110,SUCCESS,TXN00009647,USR58622,MCH3704,UTR7526383733,0,0,0,0,0,0,0
TXN00004365,2026-03-04 21:52:45,USR29493,MCH5445,5677.05,UTR5623872305,1310,SUCCESS,TXN00004365,USR29493,MCH5445,UTR5623872305,0,0,0,0,0,0,0
TXN00007208,2026-02-19 13:20:46,USR68467,MCH7305,10171.85,UTR0897782917,4110,SUCCESS,TXN00007208,USR68467,MCH7305,UTR0897782917,0,0,0,0,0,0,0
TXN00017813,2026-02-27 21:30:39,USR74912,MCH5865,1619.18,UTR7127725304,,PENDING,TXN00017813,USR74912,MCH5865,UTR7127725304,0,0,1,0,0,0,1
TXN00018248,2026-02-19 15:54:58,USR24110,MCH8617,0.1402081,UTR9290882284,1310,PENDING,TXN00018248,USR24110,MCH8617,UTR9290882284,0,0,0,0,0,0,1
TXN00009707,2026-01-02 18:54:59,USR45342,MCH6150,0.7578,UTR1371582063,,SUCCESS,TXN00009707,USR45342,MCH6150,UTR 1371582063,0,0,1,0,0,0,0
TXN00017010,2026-02-26 03:42:58,USR88569,MCH8600,0.1788197,UTR4143835928,4110,SUCCESS,TXN00017010,USR88569,MCH8600,UTR 4143835928,0,0,0,0,0,0,0
TXN00017960,2026-02-27 04:48:50,USR18363,MCH2195,24031.26,UTR2300115871,8120,SUCCESS,TXN00017960,USR18363,MCH2195,UTR2300115871,0,0,0,0,0,0,0
TXN00004747,2026-01-13 21:12:46,USR27942,MCH7607,4754.98,UTR9258087395,1310,SUCCESS,TXN00004747,USR27942,MCH7607,UTR9258087395,0,0,0,0,0,0,0
TXN00009494,2026-03-05 23:32:40,USR96721,MCH7809,4487.7,UTR5537830318,4110,SUCCESS,TXN00009494,USR96721,MCH7809,UTR5537830318,0,0,0,0,0,0,0
TXN00002193,2026-02-08 13:14:34,USR30830,MCH4154,0.167716,UTR9103433410,8120,SUCCESS,TXN00002193,USR30830,MCH4154,UTR9103433410,0,0,0,0,0,0,0
TXN00006518,2026-02-24 02:12:33,USR28883,MCH5104,18181.8,UTR5596414544,4110,PENDING,TXN00006518,USR28883,MCH5104,UTR5596414544,0,0,0,0,0,0,1
TXN00006577,2026-03-11 14:23:44,USR97183,MCH9650,23001.75,UTR6943570352,8120,FAILED,TXN00006577,USR97183,MCH9650,UTR 6943570352,0,0,0,0,0,1,0
TXN00018405,2026-02-06 08:14:01,USR69233,MCH9820,1393.92,UTR9487061068,1310,FAILED,TXN00018405,USR69233,MCH9820,UTR9487061068,0,0,0,0,0,1,0
TXN00000414,2026-03-13 10:23:30,USR58404,MCH7447,14340.21,,1310,SUCCESS,TXN00000414,USR58404,MCH7447,,0,1,0,0,0,0,0
TXN00002622,2026-02-11 16:11:56,USR23871,MCH3966,22297.88,UTR3444208641,9120,FAILED,TXN00002622,USR23871,MCH3966,UTR3444208641,0,0,0,0,0,1,0
TXN00005658,2026-01-26 13:31:26,USR91419,MCH5506,21466.42,UTR8293044189,8120,SUCCESS,TXN00005658,USR91419,MCH5506,UTR8293044189,0,0,0,0,0,0,0
TXN00009303,2026-12-01 11:26:33,USR14555,MCH8239,0.211649,UTR1597788425,8120,SUCCESS,TXN00009303,USR14555,MCH8239,UTR1597788425,0,0,0,0,0,0,0
TXN00015839,2026-02-10 21:13:23,USR66588,MCH9902,0.2353623,UTR2649749309,9120,SUCCESS,TXN00015839,USR66588,MCH9902,UTR2649749309,0,0,0,0,0,0,0
TXN00017909,2026-03-23 21:57:24,USR19171,MCH5025,0.1446822,UTR6363357472,,PENDING,TXN00017909,USR19171,MCH5025,UTR6363357472,0,0,1,0,0,0,1
TXN00016789,2026-03-16 22:45:06,USR28197,MCH8478,21956.63,UTR7282790752,4110,SUCCESS,TXN00016789,USR28197,MCH8478,UTR7282790752,0,0,0,0,0,0,0
TXN00002684,2026-01-14 02:13:45,USR42892,MCH3074,9483.56,UTR5123302215,0110,SUCCESS,TXN00002684,USR42892,MCH3074,UTR5123302215,0,0,0,0,0,0,0
TXN00019910,2026-01-01 00:34:30,USR93420,MCH3957,0.1962148,UTR1899490304,,SUCCESS,TXN00019910,USR93420,MCH3957,UTR1899490304,0,0,1,0,0,0,0
TXN00016843,2026-01-11 05:21:43,USR74147,MCH1251,-20617.54,UTR7159833015,1310,SUCCESS,TXN00016843,USR74147,MCH1251,UTR7159833015,1,0,0,0,0,0,0
TXN00010258,2026-02-07 07:09:58,USR67074,MCH3610,12539.9,UTR6206924964,9120,SUCCESS,TXN00010258,USR67074,MCH3610,UTR6206924964,0,0,0,0,0,0,0
TXN00001857,2026-01-06 21:05:30,USR89179,MCH5002,18878.5,UTR3395708665,0110,SUCCESS,TXN00001857,USR89179,MCH5002,UTR3395708665,0,0,0,0,0,0,0
TXN00002369,2026-02-02 20:27:09,USR52730,MCH2204,8585.75,UTR6855048037,1310,FAILED,TXN00002369,USR52730,MCH2204,UTR6855048037,0,0,0,0,0,1,0
TXN00018610,2026-02-06 20:02:20,USR86564,MCH3077,13271.9,UTR0530964273,4110,SUCCESS,TXN00018610,USR86564,MCH3077,UTR 0530964273,0,0,0,0,0,0,0
TXN00014801,2026-03-22 13:27:23,USR27273,MCH9088,24136.8,UTR5542913787,8120,SUCCESS,TXN00014801,USR27273,MCH9088,UTR5542913787,0,0,0,0,0,0,0
TXN00013633,2026-01-13 09:10:47,USR68820,MCH7559,3598.0,UTR3217929710,,SUCCESS,TXN00013633,USR68820,MCH7559,UTR3217929710,0,0,1,0,0,0,0
TXN00012702,2026-02-10 09:18:49,USR99817,MCH4284,6480.0,UTR4964751252,,SUCCESS,TXN00012702,USR99817,MCH4284,UTR4964751252,0,0,1,0,0,0,0
TXN00016671,2026-01-10 01:11:49,USR22220,MCH5625,14688.72,UTR8319593017,4110,SUCCESS,TXN00016671,USR22220,MCH5625,UTR8319593017,0,0,0,0,0,0,0
TXN00016189,2026-03-17 13:18:17,USR88857,MCH3551,16778.6,UTR2599236572,4110,SUCCESS,TXN00016189,USR88857,MCH3551,UTR2599236572,0,0,0,0,0,0,0
TXN00013755,2026-02-03 03:52:25,USR39206,MCH7979,4826.93,UTR9076349458,8120,SUCCESS,TXN00013755,USR39206,MCH7979,UTR9076349458,0,0,0,0,0,0,0
TXN00010937,2026-03-15 05:19:26,USR18204,MCH8685,22611.59,UTR4315439068,4110,SUCCESS,TXN00010937,USR18204,MCH8685,UTR 4315439068,0,0,0,0,0,0,0
TXN00006076,2026-01-22 16:23:30,USR13003,MCH3431,888.63,UTR4612280096,0110,SUCCESS,TXN00006076,USR13003,MCH3431,UTR4612280096,0,0,0,0,0,0,0
TXN00004401,2026-01-21 20:30:40,USR55231,MCH1661,0.309086,UTR8579354150,4110,SUCCESS,TXN00004401,USR55231,MCH1661,UTR8579354150,0,0,0,0,0,0,0
TXN00016830,2026-05-01 03:26:28,USR22480,MCH5775,13754.44,UTR0836821121,0110,SUCCESS,TXN00016830,USR22480,MCH5775,UTR0836821121,0,0,0,0,0,0,0
TXN00005465,2026-03-01 14:02:44,USR36822,MCH9667,6677.2,UTR2200232970,,SUCCESS,TXN00005465,USR36822,MCH9667,UTR2200232970,0,0,1,0,0,0,0
TXN00011944,2026-01-21 10:14:09,USR62111,MCH9660,21489.6,UTR5929440614,4110,SUCCESS,TXN00011944,USR62111,MCH9660,UTR5929440614,0,0,0,0,0,0,0
TXN00018130,2026-02-24 21:53:03,USR74228,MCH5184,18094.75,UTR0203016744,4110,SUCCESS,TXN00018130,USR74228,MCH5184,UTR0203016744,0,0,0,0,0,0,0
TXN00019590,2026-01-09 05:52:12,USR20312,MCH5368,18842.1,,4110,SUCCESS,TXN00019590,USR20312,MCH5368,,0,1,0,0,0,0,0
TXN00007580,2026-02-07 07:32:40,USR77458,MCH7726,17640.36,UTR2826625282,9120,SUCCESS,TXN00007580,USR77458,MCH7726,UTR2826625282,0,0,0,0,0,0,0
TXN00006534,2026-02-14 07:02:29,USR58343,MCH6145,237.36,UTR5003647210,8120,SUCCESS,TXN00006534,USR58343,MCH6145,UTR5003647210,0,0,0,0,0,0,0
TXN00001888,2026-03-26 10:32:14,USR46187,MCH3051,6174.5,UTR1775024515,,SUCCESS,TXN00001888,USR46187,MCH3051,UTR1775024515,0,0,1,0,0,0,0
TXN00019716,2026-01-21 07:31:39,USR44400,MCH8055,2652.32,UTR5573490696,4110,SUCCESS,TXN00019716,USR44400,MCH8055,UTR5573490696,0,0,0,0,0,0,0
TXN00016622,2026-02-09 07:57:04,USR53507,MCH7243,20371.0,UTR3841882376,4110,FAILED,TXN00016622,USR53507,MCH7243,UTR3841882376,0,0,0,0,0,1,0
TXN00015884,2026-01-28 09:37:41,USR34142,MCH1875,4520.27,UTR1404749727,1310,SUCCESS,TXN00015884,USR34142,MCH1875,UTR1404749727,0,0,0,0,0,0,0
TXN00001800,2026-03-03 16:35:54,USR81825,MCH7262,312.59,UTR5509625349,,SUCCESS,TXN00001800,USR81825,MCH7262,UTR5509625349,0,0,1,0,0,0,0
TXN00001909,2026-01-13 19:07:25,USR28904,MCH2696,8180.02,UTR5903514027,9120,SUCCESS,TXN00001909,USR28904,MCH2696,UTR5903514027,0,0,0,0,0,0,0
TXN00007900,2026-03-14 07:01:40,USR85927,MCH1713,22124.32,UTR3162642953,,FAILED,TXN00007900,USR85927,MCH1713,UTR3162642953,0,0,1,0,0,1,0
TXN00001091,2026-03-06 20:59:31,USR19697,MCH7696,23568.87,,9120,SUCCESS,TXN00001091,USR19697,MCH7696,,0,1,0,0,0,0,0
TXN00002107,2026-03-13 22:34:58,USR51111,MCH3494,0.2143091,UTR7031327280,4110,SUCCESS,TXN00002107,USR51111,MCH3494,UTR7031327280,0,0,0,0,0,0,0
TXN00006255,2026-01-12 23:59:50,USR15022,MCH7767,0.1001424,UTR2799208974,9120,SUCCESS,TXN00006255,USR15022,MCH7767,UTR2799208974,0,0,0,0,0,0,0
TXN00015341,2026-01-22 20:08:11,USR96684,MCH5451,17650.61,UTR8089080306,4110,SUCCESS,TXN00015341,USR96684,MCH5451,UTR8089080306,0,0,0,0,0,0,0
TXN00006933,2026-01-21 11:09:23,USR40252,MCH4054,10683.54,UTR8464150161,8120,SUCCESS,TXN00006933,USR40252,MCH4054,UTR8464150161,0,0,0,0,0,0,0
TXN00007905,2026-02-24 09:42:36,USR30316,MCH3315,1113.0,UTR9156452562,1310,SUCCESS,TXN00007905,USR30316,MCH3315,UTR9156452562,0,0,0,0,0,0,0
TXN00005288,2026-01-27 16:45:14,USR15786,MCH5209,1263.88,UTR2874859387,1310,SUCCESS,TXN00005288,USR15786,MCH5209,UTR 2874859387,0,0,0,0,0,0,0
TXN00017205,2026-03-15 23:59:21,USR26580,MCH2534,2464.24,UTR7496130172,4110,SUCCESS,TXN00017205,USR26580,MCH2534,UTR7496130172,0,0,0,0,0,0,0
TXN00016599,2026-02-06 15:46:45,USR83301,MCH9647,16037.76,UTR9980188197,1310,SUCCESS,TXN00016599,USR83301,MCH9647,UTR9980188197,0,0,0,0,0,0,0
TXN00009080,2026-03-09 14:03:48,USR53521,MCH2491,5120.56,UTR4900295164,9120,PENDING,TXN00009080,USR53521,MCH2491,UTR 4900295164,0,0,0,0,0,0,1
TXN00003966,2026-03-22 00:00:00,USR58356,MCH4157,19686.43,UTR7600124134,9120,SUCCESS,TXN00003966,USR58356,MCH4157,UTR7600124134,0,0,0,0,0,0,0
TXN00018586,2026-01-11 02:28:48,USR72113,MCH9760,4665.81,UTR4392403278,0110,PENDING,TXN00018586,USR72113,MCH9760,UTR4392403278,0,0,0,0,0,0,1
TXN00003923,2026-02-23 13:25:21,USR16562,MCH7955,19584.62,UTR4625599569,,SUCCESS,TXN00003923,USR16562,MCH7955,UTR4625599569,0,0,1,0,0,0,0
TXN00005140,2026-03-03 20:49:12,USR87892,MCH2436,23314.84,UTR9524563566,9120,FAILED,TXN00005140,USR87892,MCH2436,UTR9524563566,0,0,0,0,0,1,0
TXN00015634,2026-03-21 00:48:41,USR90897,MCH9673,16953.0,UTR1491759419,9120,SUCCESS,TXN00015634,USR90897,MCH9673,UTR1491759419,0,0,0,0,0,0,0
TXN00007395,2026-02-27 22:01:24,USR30946,MCH7932,6962.65,UTR1680310438,8120,SUCCESS,TXN00007395,USR30946,MCH7932,UTR1680310438,0,0,0,0,0,0,0
TXN00012977,2026-02-13 23:54:33,USR53498,MCH6961,1570.61,UTR3199103281,8120,SUCCESS,TXN00012977,USR53498,MCH6961,UTR3199103281,0,0,0,0,0,0,0
TXN00011936,2026-03-31 02:55:27,USR33159,MCH5618,0.464825,UTR6252886468,4110,SUCCESS,TXN00011936,USR33159,MCH5618,UTR6252886468,0,0,0,0,0,0,0
TXN00015345,2026-02-25 14:19:33,USR16058,MCH5177,17998.56,UTR1773332463,4110,SUCCESS,TXN00015345,USR16058,MCH5177,UTR 1773332463,0,0,0,0,0,0,0
TXN00014501,2026-02-01 11:48:00,USR33493,MCH7889,18716.49,,4110,SUCCESS,TXN00014501,USR33493,MCH7889,,0,1,0,0,0,0,0
TXN00019760,2026-03-19 23:29:00,USR79104,MCH7437,7886.32,UTR0354903315,9120,SUCCESS,TXN00019760,USR79104,MCH7437,UTR0354903315,0,0,0,0,0,0,0
TXN00003348,2026-01-16 08:01:45,USR25591,MCH8710,5064.33,UTR0880298546,4110,SUCCESS,TXN00003348,USR25591,MCH8710,UTR0880298546,0,0,0,0,0,0,0
TXN00015501,2026-03-09 15:40:06,USR21858,MCH6904,24015.0,UTR3520801519,4110,SUCCESS,TXN00015501,USR21858,MCH6904,UTR3520801519,0,0,0,0,0,0,0
TXN00000805,2026-02-20 06:55:44,USR86445,MCH1771,10609.03,UTR2653093437,8120,SUCCESS,TXN00000805,USR86445,MCH1771,UTR 2653093437,0,0,0,0,0,0,0
TXN00003661,2026-04-01 06:14:18,USR87913,MCH6250,12751.25,UTR1001856969,,SUCCESS,TXN00003661,USR87913,MCH6250,UTR1001856969,0,0,1,0,0,0,0
TXN00018702,2026-03-17 18:01:02,USR34322,MCH7783,21176.5,UTR7709043181,8120,FAILED,TXN00018702,USR34322,MCH7783,UTR7709043181,0,0,0,0,0,1,0
TXN00011283,2026-01-12 13:06:31,USR63686,MCH4083,24145.13,,1310,SUCCESS,TXN00011283,USR63686,MCH4083,,0,1,0,0,0,0,0
TXN00001255,2026-03-13 20:31:59,USR36035,MCH2148,17142.28,UTR9778685334,9120,SUCCESS,TXN00001255,USR36035,MCH2148,UTR9778685334,0,0,0,0,0,0,0
TXN00015638,2026-03-25 07:06:06,USR69289,MCH2621,2410.94,UTR6865062737,4110,SUCCESS,TXN00015638,USR69289,MCH2621,UTR6865062737,0,0,0,0,0,0,0
TXN00014695,2026-02-16 16:26:54,USR14426,MCH7814,4826.66,UTR9066300656,,SUCCESS,TXN00014695,USR14426,MCH7814,UTR9066300656,0,0,1,0,0,0,0
TXN00014419,2026-03-30 05:33:21,USR12135,MCH8613,24231.36,UTR6118987462,4110,SUCCESS,TXN00014419,USR12135,MCH8613,UTR6118987462,0,0,0,0,0,0,0
TXN00003929,2026-01-27 16:11:32,USR29533,MCH5602,17204.26,UTR8199990801,8120,SUCCESS,TXN00003929,USR29533,MCH5602,UTR8199990801,0,0,0,0,0,0,0
TXN00016425,2026-02-11 12:02:16,USR29089,MCH6452,13039.65,,8120,PENDING,TXN00016425,USR29089,MCH6452,,0,1,0,0,0,0,1
TXN00013871,2026-01-12 12:06:34,USR52023,MCH4399,19563.22,UTR2440124177,1310,SUCCESS,TXN00013871,USR52023,MCH4399,UTR2440124177,0,0,0,0,0,0,0
TXN00004847,2026-01-29 16:39:46,USR11803,MCH8895,23695.01,UTR4211452630,8120,FAILED,TXN00004847,USR11803,MCH8895,UTR4211452630,0,0,0,0,0,1,0
TXN00013169,2026-01-17 01:54:37,USR21382,MCH1242,14045.2,UTR9591547478,4110,SUCCESS,TXN00013169,USR21382,MCH1242,UTR9591547478,0,0,0,0,0,0,0
TXN00004819,2026-03-18 19:20:32,USR87429,MCH6753,22205.9,UTR7347903935,0110,SUCCESS,TXN00004819,USR87429,MCH6753,UTR7347903935,0,0,0,0,0,0,0
TXN00000990,2026-02-24 18:08:39,USR79520,MCH4962,0.2047937,UTR7129247776,,SUCCESS,TXN00000990,USR79520,MCH4962,UTR7129247776,0,0,1,0,0,0,0
TXN00005728,2026-03-02 21:32:34,USR21751,MCH4775,2449.27,UTR8326417611,9120,SUCCESS,TXN00005728,USR21751,MCH4775,UTR8326417611,0,0,0,0,0,0,0
TXN00005482,2026-03-10 03:47:53,USR69604,MCH4169,7354.98,UTR1218046561,4110,SUCCESS,TXN00005482,USR69604,MCH4169,UTR1218046561,0,0,0,0,0,0,0
TXN00013772,2026-02-01 21:44:16,USR10100,MCH2458,20357.0,UTR0757042280,,SUCCESS,TXN00013772,USR10100,MCH2458,UTR0757042280,0,0,1,0,0,0,0
TXN00005181,2026-02-22 00:00:00,USR26571,MCH2880,9705.44,UTR9709317766,4110,SUCCESS,TXN00005181,USR26571,MCH2880,UTR9709317766,0,0,0,0,0,0,0
TXN00019969,2026-03-26 02:14:55,USR96639,MCH2510,15600.32,UTR7439847189,1310,SUCCESS,TXN00019969,USR96639,MCH2510,UTR7439847189,0,0,0,0,0,0,0
TXN00018276,2026-02-14 09:04:44,USR95852,MCH9815,16791.62,UTR0322460496,4110,SUCCESS,TXN00018276,USR95852,MCH9815,UTR0322460496,0,0,0,0,0,0,0
TXN00015739,2026-01-21 16:28:46,USR22162,MCH9845,8497.9,UTR6531466630,8120,SUCCESS,TXN00015739,USR22162,MCH9845,UTR6531466630,0,0,0,0,0,0,0
TXN00004173,2026-02-27 15:40:09,USR18680,MCH8008,11108.15,UTR6426738687,9120,SUCCESS,TXN00004173,USR18680,MCH8008,UTR6426738687,0,0,0,0,0,0,0
TXN00010429,2026-02-16 05:11:22,USR23730,MCH6973,2598.38,UTR8140095129,4110,SUCCESS,TXN00010429,USR23730,MCH6973,UTR 8140095129,0,0,0,0,0,0,0
TXN00001475,2026-03-17 00:27:48,USR54875,MCH1464,8182.56,UTR9763316761,0110,SUCCESS,TXN00001475,USR54875,MCH1464,UTR9763316761,0,0,0,0,0,0,0
TXN00005527,2026-03-18 00:00:00,USR53855,MCH2343,15977.69,UTR6995343073,,SUCCESS,TXN00005527,USR53855,MCH2343,UTR6995343073,0,0,1,0,0,0,0
TXN00016500,2026-01-14 23:52:15,USR11726,MCH6456,22162.0,UTR4051949295,9120,PENDING,TXN00016500,USR11726,MCH6456,UTR4051949295,0,0,0,0,0,0,1
TXN00017158,2026-02-06 08:25:42,USR95161,MCH9936,15380.97,UTR4999829357,4110,SUCCESS,TXN00017158,USR95161,MCH9936,UTR4999829357,0,0,0,0,0,0,0
TXN00016848,2026-02-08 18:23:26,USR18099,MCH7988,16565.84,UTR6646810514,9120,SUCCESS,TXN00016848,USR18099,MCH7988,UTR6646810514,0,0,0,0,0,0,0
TXN00011076,2026-02-26 19:38:02,USR53087,MCH5795,13282.42,UTR8107418591,4110,SUCCESS,TXN00011076,USR53087,MCH5795,UTR8107418591,0,0,0,0,0,0,0
TXN00015225,2026-02-07 23:56:28,USR68540,MCH9120,158.0,UTR0898101263,1310,SUCCESS,TXN00015225,USR68540,MCH9120,UTR0898101263,0,0,0,0,0,0,0
TXN00009148,2026-03-16 15:02:19,USR28623,MCH2863,10185.04,UTR9884523592,,FAILED,TXN00009148,USR28623,MCH2863,UTR9884523592,0,0,1,0,0,1,0
TXN00014896,2026-02-26 20:39:18,USR80985,MCH2922,1724.0,UTR2954743325,4110,SUCCESS,TXN00014896,USR80985,MCH2922,UTR2954743325,0,0,0,0,0,0,0
TXN00001845,2026-02-13 01:09:26,USR27628,MCH3544,23577.47,UTR7983539620,4110,SUCCESS,TXN00001845,USR27628,MCH3544,UTR7983539620,0,0,0,0,0,0,0
TXN00018798,2026-02-27 09:02:00,USR96005,MCH6991,22253.56,UTR4396584188,0110,SUCCESS,TXN00018798,USR96005,MCH6991,UTR4396584188,0,0,0,0,0,0,0
TXN00014996,2026-03-13 18:28:17,USR91554,MCH9159,16275.58,UTR6594704454,9120,SUCCESS,TXN00014996,USR91554,MCH9159,UTR6594704454,0,0,0,0,0,0,0
TXN00016300,2026-09-01 05:58:59,USR27741,MCH6133,16406.86,UTR9246850598,4110,SUCCESS,TXN00016300,USR27741,MCH6133,UTR9246850598,0,0,0,0,0,0,0
TXN00008199,2026-02-15 15:31:17,USR23793,MCH1549,14434.22,UTR7474599280,8120,SUCCESS,TXN00008199,USR23793,MCH1549,UTR7474599280,0,0,0,0,0,0,0
TXN00000448,2026-08-01 23:02:06,USR66505,MCH5947,18836.92,UTR2069020571,0110,SUCCESS,TXN00000448,USR66505,MCH5947,UTR2069020571,0,0,0,0,0,0,0
TXN00010302,2026-01-05 03:45:54,USR88091,MCH7411,20517.48,UTR7239065399,9120,SUCCESS,TXN00010302,USR88091,MCH7411,UTR7239065399,0,0,0,0,0,0,0
TXN00018793,2026-03-22 09:44:49,USR98754,MCH2337,18412.38,UTR0519368857,8120,SUCCESS,TXN00018793,USR98754,MCH2337,UTR0519368857,0,0,0,0,0,0,0
TXN00017849,2026-01-08 11:22:10,USR35521,MCH7984,8900.0,UTR7344384584,,SUCCESS,TXN00017849,USR35521,MCH7984,UTR7344384584,0,0,1,0,0,0,0
TXN00008387,2026-01-11 17:24:00,USR49798,MCH3638,0.2438843,UTR7287307598,9120,SUCCESS,TXN00008387,USR49798,MCH3638,UTR7287307598,0,0,0,0,0,0,0
TXN00016380,2026-02-28 05:11:45,USR95981,MCH7234,23724.01,UTR1432341037,8120,SUCCESS,TXN00016380,USR95981,MCH7234,UTR1432341037,0,0,0,0,0,0,0
TXN00001983,2026-02-11 18:26:13,USR52842,MCH8387,11460.09,UTR4537797308,4110,SUCCESS,TXN00001983,USR52842,MCH8387,UTR4537797308,0,0,0,0,0,0,0
TXN00007511,2026-03-01 09:47:07,USR77760,MCH8800,20925.0,UTR4262965934,1310,SUCCESS,TXN00007511,USR77760,MCH8800,UTR4262965934,0,0,0,0,0,0,0
TXN00005374,2026-03-23 11:31:46,USR62390,MCH2927,19546.68,UTR9477974860,9120,SUCCESS,TXN00005374,USR62390,MCH2927,UTR9477974860,0,0,0,0,0,0,0
TXN00013713,2026-02-26 18:02:08,USR69806,MCH4955,19635.44,UTR9374643968,9120,SUCCESS,TXN00013713,USR69806,MCH4955,UTR9374643968,0,0,0,0,0,0,0
TXN00009106,2026-03-11 17:56:03,USR87136,MCH1079,7289.43,UTR1664733761,1310,SUCCESS,TXN00009106,USR87136,MCH1079,UTR1664733761,0,0,0,0,0,0,0
TXN00006732,2026-01-25 07:50:58,USR77977,MCH4216,5598.0,UTR6585272145,4110,SUCCESS,TXN00006732,USR77977,MCH4216,UTR6585272145,0,0,0,0,0,0,0
TXN00010529,2026-03-29 05:21:36,USR52749,MCH5458,22303.88,UTR6453390140,4110,SUCCESS,TXN00010529,USR52749,MCH5458,UTR 6453390140,0,0,0,0,0,0,0
TXN00018072,2026-01-20 08:53:03,USR51050,MCH4969,23462.28,UTR4016208076,4110,SUCCESS,TXN00018072,USR51050,MCH4969,UTR4016208076,0,0,0,0,0,0,0
TXN00005389,2026-03-10 00:25:29,USR97752,MCH7597,14284.27,UTR5242577941,0110,SUCCESS,TXN00005389,USR97752,MCH7597,UTR5242577941,0,0,0,0,0,0,0
TXN00012739,2026-03-16 18:27:04,USR90314,MCH4676,23080.17,UTR6245320131,8120,SUCCESS,TXN00012739,USR90314,MCH4676,UTR6245320131,0,0,0,0,0,0,0
TXN00012664,2026-03-24 20:41:29,USR33032,MCH3417,0.1637907,UTR0822503817,1310,SUCCESS,TXN00012664,USR33032,MCH3417,UTR0822503817,0,0,0,0,0,0,0
TXN00010670,2026-02-25 09:05:00,USR16192,MCH2171,2488.87,UTR7973981459,8120,SUCCESS,TXN00010670,USR16192,MCH2171,UTR7973981459,0,0,0,0,0,0,0
TXN00015914,2026-02-18 18:31:22,USR59654,MCH9060,2627.91,UTR3653213392,4110,SUCCESS,TXN00015914,USR59654,MCH9060,UTR3653213392,0,0,0,0,0,0,0
TXN00016806,2026-01-28 00:00:00,USR89183,MCH4215,0.2418169,UTR9856242788,8120,SUCCESS,TXN00016806,USR89183,MCH4215,UTR9856242788,0,0,0,0,0,0,0
TXN00005004,2026-02-25 17:18:45,USR12153,MCH2674,8506.71,UTR3480052144,8120,PENDING,TXN00005004,USR12153,MCH2674,UTR3480052144,0,0,0,0,0,0,1
TXN00007346,2026-01-04 19:19:16,USR42520,MCH9157,6701.68,UTR3901284052,4110,SUCCESS,TXN00007346,USR42520,MCH9157,UTR 3901284052,0,0,0,0,0,0,0
TXN00000708,2026-02-09 15:37:28,USR42094,MCH7388,20248.76,UTR3305864338,,SUCCESS,TXN00000708,USR42094,MCH7388,UTR3305864338,0,0,1,0,0,0,0
TXN00009672,2026-03-18 10:36:15,USR84700,MCH2010,17454.88,UTR0064987864,8120,FAILED,TXN00009672,USR84700,MCH2010,UTR0064987864,0,0,0,0,0,1,0
TXN00017456,2026-02-01 22:19:16,USR81351,MCH1507,13192.87,UTR6946643370,,SUCCESS,TXN00017456,USR81351,MCH1507,UTR6946643370,0,0,1,0,0,0,0
TXN00015865,2026-01-13 00:00:00,USR28568,MCH1334,14097.3,UTR4522438704,0110,SUCCESS,TXN00015865,USR28568,MCH1334,UTR4522438704,0,0,0,0,0,0,0
TXN00009192,2026-03-22 00:00:00,USR66357,MCH3274,0.40093,UTR9630127171,8120,SUCCESS,TXN00009192,USR66357,MCH3274,UTR9630127171,0,0,0,0,0,0,0
TXN00008582,2026-03-18 23:36:02,USR72586,MCH9792,19212.84,UTR8459383217,8120,SUCCESS,TXN00008582,USR72586,MCH9792,UTR8459383217,0,0,0,0,0,0,0
TXN00012745,2026-03-24 20:35:06,USR89260,MCH6081,22368.81,UTR2586107062,1310,SUCCESS,TXN00012745,USR89260,MCH6081,UTR2586107062,0,0,0,0,0,0,0
TXN00002340,2026-01-15 15:31:54,USR32852,MCH7476,10480.0,UTR0345705288,8120,FAILED,TXN00002340,USR32852,MCH7476,UTR0345705288,0,0,0,0,0,1,0
TXN00015334,2026-01-09 00:33:29,USR89520,MCH9946,17482.84,UTR3512208111,8120,FAILED,TXN00015334,USR89520,MCH9946,UTR3512208111,0,0,0,0,0,1,0
TXN00004975,2026-03-16 21:33:46,USR42921,MCH2765,0.63118,UTR5887588521,4110,FAILED,TXN00004975,USR42921,MCH2765,UTR5887588521,0,0,0,0,0,1,0
TXN00012251,2026-02-18 01:13:32,USR78496,MCH3884,16699.83,UTR2971757276,4110,SUCCESS,TXN00012251,USR78496,MCH3884,UTR2971757276,0,0,0,0,0,0,0
TXN00019837,2026-03-03 18:47:16,USR21550,MCH9725,0.1277704,UTR8193743717,8120,PENDING,TXN00019837,USR21550,MCH9725,UTR8193743717,0,0,0,0,0,0,1
TXN00018233,2026-03-25 10:20:47,USR72473,MCH8522,18529.73,UTR7413975211,9120,SUCCESS,TXN00018233,USR72473,MCH8522,UTR7413975211,0,0,0,0,0,0,0
TXN00009184,2026-01-24 18:13:22,USR54752,MCH1409,16906.78,UTR4074060030,,SUCCESS,TXN00009184,USR54752,MCH1409,UTR 4074060030,0,0,1,0,0,0,0
TXN00014125,2026-01-30 02:12:19,USR44153,MCH4976,0.1684703,UTR2141388275,0110,SUCCESS,TXN00014125,USR44153,MCH4976,UTR2141388275,0,0,0,0,0,0,0
TXN00003322,2026-01-14 07:52:09,USR76127,MCH5129,1670.92,UTR5244506422,8120,SUCCESS,TXN00003322,USR76127,MCH5129,UTR5244506422,0,0,0,0,0,0,0
TXN00017664,2026-01-06 20:25:55,USR98513,MCH1493,24759.7,UTR6970704593,,SUCCESS,TXN00017664,USR98513,MCH1493,UTR6970704593,0,0,1,0,0,0,0
TXN00015646,2026-03-03 14:54:13,USR62901,MCH8503,23480.54,UTR3287233470,8120,SUCCESS,TXN00015646,USR62901,MCH8503,UTR3287233470,0,0,0,0,0,0,0
TXN00003196,2026-02-26 03:56:34,USR71040,MCH8222,0.126458,UTR1805145498,0110,SUCCESS,TXN00003196,USR71040,MCH8222,UTR1805145498,0,0,0,0,0,0,0
TXN00013960,2026-01-22 05:21:37,USR95061,MCH8202,8774.46,UTR2589079669,0110,SUCCESS,TXN00013960,USR95061,MCH8202,UTR2589079669,0,0,0,0,0,0,0
TXN00019619,2026-02-11 06:40:39,USR65887,MCH7738,19926.85,UTR9237052274,9120,SUCCESS,TXN00019619,USR65887,MCH7738,UTR 9237052274,0,0,0,0,0,0,0
TXN00008448,2026-03-13 07:02:37,USR60995,MCH8139,21468.21,UTR0357042231,9120,FAILED,TXN00008448,USR60995,MCH8139,UTR 0357042231,0,0,0,0,0,1,0
TXN00001096,2026-03-24 14:51:49,USR87307,MCH6074,4421.44,UTR6571026081,4110,SUCCESS,TXN00001096,USR87307,MCH6074,UTR 6571026081,0,0,0,0,0,0,0
TXN00019583,2026-02-08 21:49:02,USR97963,MCH7591,18779.0,UTR5877611852,4110,SUCCESS,TXN00019583,USR97963,MCH7591,UTR5877611852,0,0,0,0,0,0,0
TXN00013593,2026-02-27 12:41:48,USR96335,MCH2045,23010.54,UTR3062656378,4110,SUCCESS,TXN00013593,USR96335,MCH2045,UTR3062656378,0,0,0,0,0,0,0
TXN00001949,2026-01-04 00:35:10,USR50789,MCH3498,8211.54,UTR8389217465,4110,SUCCESS,TXN00001949,USR50789,MCH3498,UTR 8389217465,0,0,0,0,0,0,0
TXN00015423,2026-01-13 02:36:43,USR79968,MCH1524,5404.5,UTR6003394866,0110,SUCCESS,TXN00015423,USR79968,MCH1524,UTR6003394866,0,0,0,0,0,0,0
TXN00002335,2026-01-19 00:00:00,USR57203,MCH3757,2871.0,UTR7732035342,4110,PENDING,TXN00002335,USR57203,MCH3757,UTR7732035342,0,0,0,0,0,0,1
TXN00004645,2026-02-09 02:42:37,USR84834,MCH1257,17628.97,UTR5744253226,4110,SUCCESS,TXN00004645,USR84834,MCH1257,UTR5744253226,0,0,0,0,0,0,0
TXN00010715,2026-03-13 10:26:48,USR92709,MCH6183,24313.14,UTR4111920617,1310,SUCCESS,TXN00010715,USR92709,MCH6183,UTR4111920617,0,0,0,0,0,0,0
TXN00013874,2026-03-31 17:26:17,USR62404,MCH1481,22056.49,UTR4887782953,4110,SUCCESS,TXN00013874,USR62404,MCH1481,UTR4887782953,0,0,0,0,0,0,0
TXN00005762,2026-01-15 00:00:00,USR63453,MCH1735,23405.05,UTR9525747026,4110,SUCCESS,TXN00005762,USR63453,MCH1735,UTR9525747026,0,0,0,0,0,0,0
TXN00002952,2026-03-03 15:47:24,USR82106,MCH2210,17433.26,UTR3186565983,4110,SUCCESS,TXN00002952,USR82106,MCH2210,UTR3186565983,0,0,0,0,0,0,0
TXN00011046,2026-02-27 08:22:53,USR87638,MCH3810,17828.57,UTR1184119179,4110,SUCCESS,TXN00011046,USR87638,MCH3810,UTR1184119179,0,0,0,0,0,0,0
TXN00005111,2026-01-30 20:33:06,USR10999,MCH6280,24252.16,UTR2197714605,8120,SUCCESS,TXN00005111,USR10999,MCH6280,UTR2197714605,0,0,0,0,0,0,0
TXN00004122,2026-09-02 14:48:42,USR91496,MCH8726,13141.5,UTR3551280587,1310,SUCCESS,TXN00004122,USR91496,MCH8726,UTR3551280587,0,0,0,0,0,0,0
TXN00011598,2026-02-04 02:31:00,USR12018,MCH8116,3277.06,UTR1603099713,9120,SUCCESS,TXN00011598,USR12018,MCH8116,UTR1603099713,0,0,0,0,0,0,0
TXN00013895,2026-02-21 23:43:54,USR42377,MCH8931,13828.0,UTR4335915116,9120,SUCCESS,TXN00013895,USR42377,MCH8931,UTR4335915116,0,0,0,0,0,0,0
TXN00008379,2026-02-23 13:00:47,USR81821,MCH9201,14391.77,UTR9314177706,4110,SUCCESS,TXN00008379,USR81821,MCH9201,UTR 9314177706,0,0,0,0,0,0,0
TXN00013009,2026-02-20 03:25:11,USR75761,MCH5280,4031.82,UTR9028158955,0110,SUCCESS,TXN00013009,USR75761,MCH5280,UTR9028158955,0,0,0,0,0,0,0
TXN00012589,2026-02-25 06:52:08,USR52909,MCH4671,-23698.45,UTR2448935052,8120,FAILED,TXN00012589,USR52909,MCH4671,UTR2448935052,1,0,0,0,0,1,0
TXN00002874,2026-03-19 01:26:47,USR17736,MCH6974,10492.0,UTR0840346023,4110,SUCCESS,TXN00002874,USR17736,MCH6974,UTR0840346023,0,0,0,0,0,0,0
TXN00015930,2026-01-15 04:41:31,USR75614,MCH7297,9209.66,UTR8979727494,4110,SUCCESS,TXN00015930,USR75614,MCH7297,UTR8979727494,0,0,0,0,0,0,0
TXN00019252,2026-01-17 00:00:00,USR43897,MCH1585,0.1018575,UTR2274479435,1310,SUCCESS,TXN00019252,USR43897,MCH1585,UTR2274479435,0,0,0,0,0,0,0
TXN00002208,2026-03-10 00:00:00,USR44275,MCH7151,-21459.96,UTR3554843140,4110,SUCCESS,TXN00002208,USR44275,MCH7151,UTR3554843140,1,0,0,0,0,0,0
TXN00005539,2026-02-17 00:00:00,USR93471,MCH5114,13209.45,UTR9997781478,4110,SUCCESS,TXN00005539,USR93471,MCH5114,UTR9997781478,0,0,0,0,0,0,0
TXN00006084,2026-06-02 02:04:58,USR25596,MCH2017,6463.09,UTR7577321026,1310,FAILED,TXN00006084,USR25596,MCH2017,UTR7577321026,0,0,0,0,0,1,0
TXN00018269,2026-02-15 01:06:49,USR65615,MCH5626,0.225106,UTR1923946521,1310,SUCCESS,TXN00018269,USR65615,MCH5626,UTR1923946521,0,0,0,0,0,0,0
TXN00000638,2026-08-02 16:29:34,USR96008,MCH9404,6069.34,UTR0715654455,1310,SUCCESS,TXN00000638,USR96008,MCH9404,UTR 0715654455,0,0,0,0,0,0,0
TXN00015317,2026-03-07 02:55:40,USR62663,MCH2230,551.0,UTR7831111523,,SUCCESS,TXN00015317,USR62663,MCH2230,UTR7831111523,0,0,1,0,0,0,0
TXN00012742,2026-01-26 23:17:59,USR24250,MCH2829,14572.21,UTR4857752281,8120,SUCCESS,TXN00012742,USR24250,MCH2829,UTR4857752281,0,0,0,0,0,0,0
TXN00015693,2026-03-06 04:38:50,USR22147,MCH9237,13266.27,UTR2350745353,9120,SUCCESS,TXN00015693,USR22147,MCH9237,UTR2350745353,0,0,0,0,0,0,0
TXN00019791,2026-01-20 20:25:50,USR38197,MCH9479,2901.68,,4110,SUCCESS,TXN00019791,USR38197,MCH9479,,0,1,0,0,0,0,0
TXN00008983,2026-03-16 05:30:16,USR29831,MCH7692,15939.76,UTR8255248530,0110,SUCCESS,TXN00008983,USR29831,MCH7692,UTR8255248530,0,0,0,0,0,0,0
TXN00001097,2026-01-02 13:20:16,USR49171,MCH5922,5519.95,UTR6091329882,9120,SUCCESS,TXN00001097,USR49171,MCH5922,UTR6091329882,0,0,0,0,0,0,0
TXN00019007,2026-02-26 13:45:26,USR34665,MCH1661,18157.27,UTR1499275109,0110,SUCCESS,TXN00019007,USR34665,MCH1661,UTR1499275109,0,0,0,0,0,0,0
TXN00004287,2026-03-16 15:47:34,USR80827,MCH5971,21799.11,UTR6218352170,9120,SUCCESS,TXN00004287,USR80827,MCH5971,UTR6218352170,0,0,0,0,0,0,0
TXN00016631,2026-01-19 21:45:18,USR12733,MCH6638,3647.03,UTR5798530750,4110,SUCCESS,TXN00016631,USR12733,MCH6638,UTR5798530750,0,0,0,0,0,0,0
TXN00009214,2026-02-10 11:34:48,USR52661,MCH7328,10065.24,UTR5123375190,0110,PENDING,TXN00009214,USR52661,MCH7328,UTR5123375190,0,0,0,0,0,0,1
TXN00007852,2026-03-11 23:37:18,USR47565,MCH8904,17452.78,UTR8882703667,,SUCCESS,TXN00007852,USR47565,MCH8904,UTR 8882703667,0,0,1,0,0,0,0
TXN00006517,2026-01-04 11:29:40,USR74307,MCH3384,21135.0,UTR2033460138,0110,SUCCESS,TXN00006517,USR74307,MCH3384,UTR2033460138,0,0,0,0,0,0,0
TXN00005956,2026-01-27 17:40:42,USR40423,MCH7299,15567.45,UTR3140627041,,SUCCESS,TXN00005956,USR40423,MCH7299,UTR3140627041,0,0,1,0,0,0,0
TXN00002899,2026-02-08 15:46:47,USR17938,MCH6105,10636.0,UTR6937689881,0110,SUCCESS,TXN00002899,USR17938,MCH6105,UTR6937689881,0,0,0,0,0,0,0
TXN00016519,2026-01-03 13:23:33,USR45124,MCH7284,17995.04,UTR5245387250,9120,SUCCESS,TXN00016519,USR45124,MCH7284,UTR 5245387250,0,0,0,0,0,0,0
TXN00014233,2026-08-02 18:17:21,USR22042,MCH2632,5130.85,UTR4971526864,4110,SUCCESS,TXN00014233,USR22042,MCH2632,UTR4971526864,0,0,0,0,0,0,0
TXN00013176,2026-03-10 16:21:31,USR12787,MCH4630,18358.12,UTR4136024661,1310,SUCCESS,TXN00013176,USR12787,MCH4630,UTR4136024661,0,0,0,0,0,0,0
TXN00003060,2026-01-19 10:20:43,USR46885,MCH3402,23786.0,UTR7853893117,9120,SUCCESS,TXN00003060,USR46885,MCH3402,UTR7853893117,0,0,0,0,0,0,0
TXN00000444,2026-02-26 04:58:45,USR26522,MCH7726,9272.35,UTR1760659249,4110,SUCCESS,TXN00000444,USR26522,MCH7726,UTR 1760659249,0,0,0,0,0,0,0
TXN00019901,2026-01-22 00:20:59,USR23715,MCH7856,5436.43,UTR3824345070,1310,PENDING,TXN00019901,USR23715,MCH7856,UTR 3824345070,0,0,0,0,0,0,1
TXN00017730,2026-02-16 05:43:14,USR81271,MCH5542,0.153647,UTR4103770832,,PENDING,TXN00017730,USR81271,MCH5542,UTR4103770832,0,0,1,0,0,0,1
TXN00005174,2026-01-11 06:12:01,USR86108,MCH8892,870.44,,8120,SUCCESS,TXN00005174,USR86108,MCH8892,,0,1,0,0,0,0,0
TXN00002154,2026-03-07 20:59:15,USR62685,MCH8337,20651.2,UTR2801257510,4110,SUCCESS,TXN00002154,USR62685,MCH8337,UTR2801257510,0,0,0,0,0,0,0
TXN00001585,2026-01-23 02:04:53,USR68114,MCH9813,24694.76,UTR2076156974,4110,SUCCESS,TXN00001585,USR68114,MCH9813,UTR2076156974,0,0,0,0,0,0,0
TXN00004744,2026-01-21 17:18:26,USR53681,MCH5325,24858.31,UTR8327844473,9120,SUCCESS,TXN00004744,USR53681,MCH5325,UTR8327844473,0,0,0,0,0,0,0
TXN00000051,2026-01-10 22:10:01,USR53603,MCH3261,24239.92,UTR1213434293,8120,SUCCESS,TXN00000051,USR53603,MCH3261,UTR1213434293,0,0,0,0,0,0,0
TXN00015661,2026-03-26 21:23:24,USR66922,MCH5832,7534.0,UTR3707167240,1310,FAILED,TXN00015661,USR66922,MCH5832,UTR3707167240,0,0,0,0,0,1,0
TXN00001114,2026-01-19 13:11:37,USR18913,MCH9635,13428.99,UTR3769357009,4110,SUCCESS,TXN00001114,USR18913,MCH9635,UTR3769357009,0,0,0,0,0,0,0
TXN00012081,2026-01-02 08:53:24,USR45635,MCH8985,14527.04,UTR5634581057,0110,SUCCESS,TXN00012081,USR45635,MCH8985,UTR5634581057,0,0,0,0,0,0,0
TXN00017925,2026-04-02 16:19:23,USR15161,MCH9874,9199.0,UTR4171864276,4110,FAILED,TXN00017925,USR15161,MCH9874,UTR4171864276,0,0,0,0,0,1,0
TXN00013460,2026-03-31 11:00:52,USR66479,MCH6976,7017.05,UTR3577520263,,SUCCESS,TXN00013460,USR66479,MCH6976,UTR3577520263,0,0,1,0,0,0,0
TXN00017507,2026-02-27 09:31:42,USR96330,MCH1176,12643.49,,4110,SUCCESS,TXN00017507,USR96330,MCH1176,,0,1,0,0,0,0,0
TXN00016481,2026-01-02 00:00:00,USR63430,MCH7244,9316.87,UTR3328963004,9120,FAILED,TXN00016481,USR63430,MCH7244,UTR3328963004,0,0,0,0,0,1,0
TXN00008925,2026-01-03 20:42:04,USR60222,MCH4029,3945.94,UTR9805289856,9120,SUCCESS,TXN00008925,USR60222,MCH4029,UTR9805289856,0,0,0,0,0,0,0
TXN00013453,2026-01-01 21:49:05,USR90518,MCH7767,0.2233461,UTR6847321587,4110,SUCCESS,TXN00013453,USR90518,MCH7767,UTR6847321587,0,0,0,0,0,0,0
TXN00005213,2026-03-07 17:57:05,USR67979,MCH7832,8162.25,UTR0048893027,8120,SUCCESS,TXN00005213,USR67979,MCH7832,UTR0048893027,0,0,0,0,0,0,0
TXN00000981,2026-03-23 11:32:41,USR33941,MCH1532,0.836275,UTR7638333407,,FAILED,TXN00000981,USR33941,MCH1532,UTR7638333407,0,0,1,0,0,1,0
TXN00015944,2026-01-23 11:15:55,USR35339,MCH9649,3561.25,UTR9489485540,1310,SUCCESS,TXN00015944,USR35339,MCH9649,UTR9489485540,0,0,0,0,0,0,0
TXN00009557,2026-02-08 01:13:56,USR34690,MCH6295,2681.93,,9120,SUCCESS,TXN00009557,USR34690,MCH6295,,0,1,0,0,0,0,0
TXN00014022,2026-01-04 17:12:07,USR96068,MCH1418,-6905.3,UTR3312059708,4110,SUCCESS,TXN00014022,USR96068,MCH1418,UTR3312059708,1,0,0,0,0,0,0
TXN00017953,2026-01-26 18:12:55,USR12361,MCH9375,1701.2,UTR9587292670,1310,SUCCESS,TXN00017953,USR12361,MCH9375,UTR9587292670,0,0,0,0,0,0,0
TXN00015740,2026-01-01 05:12:22,USR25002,MCH5415,10709.45,UTR9815025960,8120,SUCCESS,TXN00015740,USR25002,MCH5415,UTR9815025960,0,0,0,0,0,0,0
TXN00014084,2026-02-14 00:00:00,USR18609,MCH8810,5376.84,UTR0913509454,,FAILED,TXN00014084,USR18609,MCH8810,UTR 0913509454,0,0,1,0,0,1,0
TXN00019448,2026-03-09 16:03:16,USR62817,MCH5577,13049.4,UTR4807553018,8120,SUCCESS,TXN00019448,USR62817,MCH5577,UTR4807553018,0,0,0,0,0,0,0
TXN00018652,2026-03-19 00:14:43,USR62654,MCH8248,6523.86,UTR5426452609,8120,PENDING,TXN00018652,USR62654,MCH8248,UTR5426452609,0,0,0,0,0,0,1
TXN00017489,2026-01-31 20:29:19,USR11129,MCH5766,21264.16,UTR5553272384,4110,SUCCESS,TXN00017489,USR11129,MCH5766,UTR 5553272384,0,0,0,0,0,0,0
TXN00005696,2026-01-30 00:22:33,USR76505,MCH4088,7743.47,UTR3238802230,1310,SUCCESS,TXN00005696,USR76505,MCH4088,UTR3238802230,0,0,0,0,0,0,0
TXN00004228,2026-01-18 00:00:00,USR38698,MCH5617,16027.73,UTR9150821634,1310,SUCCESS,TXN00004228,USR38698,MCH5617,UTR9150821634,0,0,0,0,0,0,0
TXN00004276,2026-03-18 18:30:47,USR30865,MCH7575,14548.0,UTR2913332768,4110,SUCCESS,TXN00004276,USR30865,MCH7575,UTR2913332768,0,0,0,0,0,0,0
TXN00011994,2026-03-15 23:31:53,USR95864,MCH8474,954.23,UTR6102617732,1310,SUCCESS,TXN00011994,USR95864,MCH8474,UTR6102617732,0,0,0,0,0,0,0
TXN00004723,2026-01-25 07:26:57,USR40345,MCH9211,5114.01,UTR3713810069,0110,SUCCESS,TXN00004723,USR40345,MCH9211,UTR3713810069,0,0,0,0,0,0,0
TXN00012916,2026-02-09 00:00:00,USR33888,MCH6180,12500.56,UTR1459488082,8120,SUCCESS,TXN00012916,USR33888,MCH6180,UTR 1459488082,0,0,0,0,0,0,0
TXN00016049,2026-02-23 10:44:52,USR81896,MCH8847,14178.09,UTR3626931539,0110,SUCCESS,TXN00016049,USR81896,MCH8847,UTR3626931539,0,0,0,0,0,0,0
TXN00010058,2026-01-10 13:00:05,USR16485,MCH7155,19382.02,UTR1869210693,9120,SUCCESS,TXN00010058,USR16485,MCH7155,UTR1869210693,0,0,0,0,0,0,0
TXN00015908,2026-03-10 14:10:23,USR39861,MCH2256,3613.29,UTR1159636616,9120,SUCCESS,TXN00015908,USR39861,MCH2256,UTR1159636616,0,0,0,0,0,0,0
TXN00009349,2026-01-19 20:05:20,USR52508,MCH5448,16283.43,UTR1889092187,4110,SUCCESS,TXN00009349,USR52508,MCH5448,UTR1889092187,0,0,0,0,0,0,0
TXN00011016,2026-01-21 22:36:22,USR78428,MCH1391,23102.7,UTR6001274097,1310,SUCCESS,TXN00011016,USR78428,MCH1391,UTR6001274097,0,0,0,0,0,0,0
TXN00007345,2026-02-19 18:32:39,USR94191,MCH7729,12819.28,UTR8593570530,8120,SUCCESS,TXN00007345,USR94191,MCH7729,UTR 8593570530,0,0,0,0,0,0,0
TXN00002449,2026-03-23 01:58:12,USR56752,MCH6791,1451.0,UTR6483867056,4110,PENDING,TXN00002449,USR56752,MCH6791,UTR6483867056,0,0,0,0,0,0,1
TXN00014533,2026-02-27 00:54:03,USR79667,MCH6853,1508.88,UTR1092998053,,SUCCESS,TXN00014533,USR79667,MCH6853,UTR1092998053,0,0,1,0,0,0,0
TXN00008490,2026-02-08 23:41:45,USR93062,MCH6001,4539.0,UTR4897679245,9120,SUCCESS,TXN00008490,USR93062,MCH6001,UTR4897679245,0,0,0,0,0,0,0
TXN00004658,2026-03-17 03:51:57,USR22579,MCH3785,13727.25,UTR6744640621,8120,SUCCESS,TXN00004658,USR22579,MCH3785,UTR 6744640621,0,0,0,0,0,0,0
TXN00012982,2026-02-26 11:12:42,USR45508,MCH2961,0.1279205,UTR7499869759,4110,SUCCESS,TXN00012982,USR45508,MCH2961,UTR7499869759,0,0,0,0,0,0,0
TXN00006291,2026-03-01 03:04:37,USR85051,MCH7608,3578.21,UTR1138814702,4110,SUCCESS,TXN00006291,USR85051,MCH7608,UTR1138814702,0,0,0,0,0,0,0
TXN00018267,2026-03-19 15:47:51,USR23304,MCH8914,16462.34,UTR0754952982,4110,SUCCESS,TXN00018267,USR23304,MCH8914,UTR0754952982,0,0,0,0,0,0,0
TXN00001487,2026-01-29 23:41:07,USR69956,MCH3488,9910.36,UTR9570161290,4110,SUCCESS,TXN00001487,USR69956,MCH3488,UTR9570161290,0,0,0,0,0,0,0
TXN00015435,2026-02-20 00:00:00,USR28628,MCH8245,11138.54,UTR4080988060,9120,SUCCESS,TXN00015435,USR28628,MCH8245,UTR4080988060,0,0,0,0,0,0,0
TXN00012766,2026-03-25 08:11:15,USR26441,MCH9452,13647.12,UTR7841833271,8120,SUCCESS,TXN00012766,USR26441,MCH9452,UTR7841833271,0,0,0,0,0,0,0
TXN00006620,2026-02-12 00:31:16,USR35994,MCH8626,18139.45,UTR3212285216,8120,SUCCESS,TXN00006620,USR35994,MCH8626,UTR3212285216,0,0,0,0,0,0,0
TXN00008467,2026-03-02 17:06:46,USR33886,MCH6907,10925.06,UTR2793070311,1310,SUCCESS,TXN00008467,USR33886,MCH6907,UTR2793070311,0,0,0,0,0,0,0
TXN00013060,2026-01-13 13:29:21,USR35179,MCH6594,6900.48,UTR8884280227,0110,SUCCESS,TXN00013060,USR35179,MCH6594,UTR8884280227,0,0,0,0,0,0,0
TXN00000128,2026-01-23 05:43:14,USR45756,MCH9425,21520.0,,4110,SUCCESS,TXN00000128,USR45756,MCH9425,,0,1,0,0,0,0,0
TXN00002313,2026-01-28 20:56:16,USR95047,MCH9186,12343.73,UTR6065802533,9120,SUCCESS,TXN00002313,USR95047,MCH9186,UTR6065802533,0,0,0,0,0,0,0
TXN00014569,2026-01-14 00:51:53,USR10783,MCH6000,19285.0,UTR2887035088,4110,PENDING,TXN00014569,USR10783,MCH6000,UTR2887035088,0,0,0,0,0,0,1
TXN00007481,2026-01-01 12:44:41,USR13703,MCH1196,8580.73,UTR7239413296,,SUCCESS,TXN00007481,USR13703,MCH1196,UTR7239413296,0,0,1,0,0,0,0
TXN00003676,2026-03-15 00:00:00,USR46506,MCH8510,7033.43,UTR9295583359,4110,SUCCESS,TXN00003676,USR46506,MCH8510,UTR9295583359,0,0,0,0,0,0,0
TXN00016078,2026-03-09 15:26:35,USR75548,MCH8556,1919.07,UTR5293143608,4110,SUCCESS,TXN00016078,USR75548,MCH8556,UTR5293143608,0,0,0,0,0,0,0
TXN00010588,2026-03-18 15:46:39,USR41789,MCH6873,22392.32,UTR5232468184,9120,SUCCESS,TXN00010588,USR41789,MCH6873,UTR5232468184,0,0,0,0,0,0,0
TXN00003103,2026-01-05 09:25:20,USR94912,MCH7535,22864.57,UTR5504335525,0110,SUCCESS,TXN00003103,USR94912,MCH7535,UTR5504335525,0,0,0,0,0,0,0
TXN00016313,2026-01-16 00:02:31,USR27369,MCH3573,914.26,UTR2828690734,0110,SUCCESS,TXN00016313,USR27369,MCH3573,UTR2828690734,0,0,0,0,0,0,0
TXN00016827,2026-03-27 04:30:36,USR29821,MCH5839,-14687.99,UTR5846933534,0110,FAILED,TXN00016827,USR29821,MCH5839,UTR5846933534,1,0,0,0,0,1,0
TXN00004305,2026-01-11 06:52:07,USR84972,MCH2982,20712.68,UTR0600457450,9120,SUCCESS,TXN00004305,USR84972,MCH2982,UTR0600457450,0,0,0,0,0,0,0
TXN00012720,2026-02-18 21:11:27,USR30959,MCH1744,1470.19,UTR1053011192,4110,SUCCESS,TXN00012720,USR30959,MCH1744,UTR1053011192,0,0,0,0,0,0,0
TXN00001388,2026-02-23 09:49:04,USR57917,MCH8426,3280.53,UTR0577133378,4110,SUCCESS,TXN00001388,USR57917,MCH8426,UTR0577133378,0,0,0,0,0,0,0
TXN00007439,2026-03-05 00:49:10,USR56890,MCH2429,6997.24,UTR5603824422,4110,SUCCESS,TXN00007439,USR56890,MCH2429,UTR5603824422,0,0,0,0,0,0,0
TXN00015690,2026-02-03 12:02:58,USR67497,MCH3148,22594.09,UTR3370920912,9120,SUCCESS,TXN00015690,USR67497,MCH3148,UTR3370920912,0,0,0,0,0,0,0
TXN00014762,2026-03-03 06:13:34,USR45031,MCH9061,22106.02,UTR1687742447,,SUCCESS,TXN00014762,USR45031,MCH9061,UTR1687742447,0,0,1,0,0,0,0
TXN00008233,2026-03-03 02:03:32,USR46496,MCH8064,19925.72,UTR5900500131,,SUCCESS,TXN00008233,USR46496,MCH8064,UTR5900500131,0,0,1,0,0,0,0
TXN00017940,2026-03-04 00:21:27,USR83554,MCH4443,21977.0,UTR2796991075,0110,SUCCESS,TXN00017940,USR83554,MCH4443,UTR 2796991075,0,0,0,0,0,0,0
TXN00001707,2026-03-08 02:30:26,USR64020,MCH8881,0.1602425,UTR2341145666,9120,FAILED,TXN00001707,USR64020,MCH8881,UTR2341145666,0,0,0,0,0,1,0
TXN00008520,2026-03-31 22:04:43,USR91532,MCH6621,0.2115638,UTR4889636858,,SUCCESS,TXN00008520,USR91532,MCH6621,UTR 4889636858,0,0,1,0,0,0,0
TXN00005549,2026-03-25 21:23:02,USR38010,MCH2593,6444.41,UTR0469775431,4110,SUCCESS,TXN00005549,USR38010,MCH2593,UTR0469775431,0,0,0,0,0,0,0
TXN00007561,2026-03-03 17:41:59,USR19225,MCH4157,18391.0,UTR6614051992,8120,SUCCESS,TXN00007561,USR19225,MCH4157,UTR6614051992,0,0,0,0,0,0,0
TXN00001078,2026-02-01 07:01:26,USR17774,MCH9846,16994.39,UTR5135182099,8120,SUCCESS,TXN00001078,USR17774,MCH9846,UTR 5135182099,0,0,0,0,0,0,0
TXN00018078,2026-01-30 05:31:33,USR71965,MCH8080,9517.31,UTR0694099176,8120,SUCCESS,TXN00018078,USR71965,MCH8080,UTR0694099176,0,0,0,0,0,0,0
TXN00005668,2026-03-15 00:50:05,USR10649,MCH8252,20863.11,UTR1004012990,,SUCCESS,TXN00005668,USR10649,MCH8252,UTR1004012990,0,0,1,0,0,0,0
TXN00019543,2026-01-29 04:11:09,USR95424,MCH8641,2626.0,UTR7550458826,8120,FAILED,TXN00019543,USR95424,MCH8641,UTR7550458826,0,0,0,0,0,1,0
TXN00009743,2026-07-03 23:29:13,USR32719,MCH4464,21298.68,UTR3854321023,9120,SUCCESS,TXN00009743,USR32719,MCH4464,UTR3854321023,0,0,0,0,0,0,0
TXN00018140,2026-01-01 13:52:16,USR10627,MCH2979,22398.77,UTR1682830229,,SUCCESS,TXN00018140,USR10627,MCH2979,UTR1682830229,0,0,1,0,0,0,0
TXN00010399,2026-02-26 12:07:30,USR62180,MCH1388,12570.97,UTR2462636894,,SUCCESS,TXN00010399,USR62180,MCH1388,UTR2462636894,0,0,1,0,0,0,0
TXN00008938,2026-01-27 13:59:28,USR47609,MCH6926,22339.43,UTR4715916742,4110,SUCCESS,TXN00008938,USR47609,MCH6926,UTR4715916742,0,0,0,0,0,0,0
TXN00017341,2026-01-22 00:01:50,USR36765,MCH3464,18311.87,UTR5203955638,4110,SUCCESS,TXN00017341,USR36765,MCH3464,UTR5203955638,0,0,0,0,0,0,0
TXN00003864,2026-01-25 23:36:53,USR62953,MCH8934,6390.86,UTR4200254713,8120,SUCCESS,TXN00003864,USR62953,MCH8934,UTR4200254713,0,0,0,0,0,0,0
TXN00008147,2026-03-03 20:04:03,USR84925,MCH8939,7600.0,UTR9574364124,9120,FAILED,TXN00008147,USR84925,MCH8939,UTR9574364124,0,0,0,0,0,1,0
TXN00013813,2026-01-29 05:05:29,USR26668,MCH4809,7819.51,UTR9291711697,4110,SUCCESS,TXN00013813,USR26668,MCH4809,UTR9291711697,0,0,0,0,0,0,0
TXN00017481,2026-01-08 06:21:10,USR73010,MCH2311,14782.96,UTR5762079095,0110,SUCCESS,TXN00017481,USR73010,MCH2311,UTR 5762079095,0,0,0,0,0,0,0
TXN00019008,2026-01-04 03:57:44,USR53073,MCH8002,17060.36,UTR5257565623,,FAILED,TXN00019008,USR53073,MCH8002,UTR5257565623,0,0,1,0,0,1,0
TXN00002481,2026-03-01 06:47:25,USR42688,MCH1046,6901.43,UTR8691955160,8120,SUCCESS,TXN00002481,USR42688,MCH1046,UTR8691955160,0,0,0,0,0,0,0
TXN00002478,2026-03-11 20:45:22,USR92402,MCH3515,0.1976484,UTR1710135183,,SUCCESS,TXN00002478,USR92402,MCH3515,UTR1710135183,0,0,1,0,0,0,0
TXN00002297,2026-03-03 07:14:02,USR40626,MCH9882,-5484.53,UTR1197214529,9120,SUCCESS,TXN00002297,USR40626,MCH9882,UTR1197214529,1,0,0,0,0,0,0
TXN00019584,2026-01-13 17:42:08,USR11766,MCH5951,12887.23,UTR0987326937,,SUCCESS,TXN00019584,USR11766,MCH5951,UTR0987326937,0,0,1,0,0,0,0
TXN00012433,2026-02-16 08:54:54,USR81566,MCH5259,22164.4,UTR8643330489,,SUCCESS,TXN00012433,USR81566,MCH5259,UTR8643330489,0,0,1,0,0,0,0
TXN00001200,2026-01-10 23:02:47,USR29725,MCH3166,3260.86,UTR0502514382,4110,SUCCESS,TXN00001200,USR29725,MCH3166,UTR 0502514382,0,0,0,0,0,0,0
TXN00001156,2026-01-12 17:08:54,USR18796,MCH1907,18820.39,UTR5907238939,4110,SUCCESS,TXN00001156,USR18796,MCH1907,UTR5907238939,0,0,0,0,0,0,0
TXN00000842,2026-03-14 23:46:00,USR39400,MCH5151,16591.8,UTR4305869816,9120,FAILED,TXN00000842,USR39400,MCH5151,UTR 4305869816,0,0,0,0,0,1,0
TXN00006143,2026-02-25 22:49:37,USR66355,MCH6826,2718.93,UTR6810324534,8120,SUCCESS,TXN00006143,USR66355,MCH6826,UTR6810324534,0,0,0,0,0,0,0
TXN00006001,2026-01-30 00:14:01,USR48892,MCH6624,16210.0,UTR2219086928,1310,SUCCESS,TXN00006001,USR48892,MCH6624,UTR2219086928,0,0,0,0,0,0,0
TXN00000088,2026-01-23 14:26:31,USR71112,MCH6872,15942.56,UTR6125150748,,SUCCESS,TXN00000088,USR71112,MCH6872,UTR 6125150748,0,0,1,0,0,0,0
TXN00009258,2026-01-21 08:58:30,USR61218,MCH5604,4234.75,UTR5621638210,,SUCCESS,TXN00009258,USR61218,MCH5604,UTR5621638210,0,0,1,0,0,0,0
TXN00001482,2026-01-26 22:33:26,USR13331,MCH9169,3014.02,UTR1395742819,1310,SUCCESS,TXN00001482,USR13331,MCH9169,UTR 1395742819,0,0,0,0,0,0,0
TXN00012852,2026-01-09 05:32:51,USR14376,MCH6837,10275.32,UTR2338810048,9120,SUCCESS,TXN00012852,USR14376,MCH6837,UTR2338810048,0,0,0,0,0,0,0
TXN00002780,2026-02-05 00:00:00,USR75422,MCH1042,5237.54,UTR3494773930,8120,SUCCESS,TXN00002780,USR75422,MCH1042,UTR3494773930,0,0,0,0,0,0,0
TXN00009480,2026-01-31 04:38:20,USR27968,MCH4185,2658.0,UTR1170569281,,SUCCESS,TXN00009480,USR27968,MCH4185,UTR1170569281,0,0,1,0,0,0,0
TXN00002216,2026-01-17 16:29:36,USR36317,MCH2005,7625.73,,0110,FAILED,TXN00002216,USR36317,MCH2005,,0,1,0,0,0,1,0
TXN00007165,2026-01-26 13:22:52,USR39318,MCH1416,17780.93,UTR7635281731,,SUCCESS,TXN00007165,USR39318,MCH1416,UTR7635281731,0,0,1,0,0,0,0
TXN00009792,2026-01-14 12:03:14,USR34944,MCH8516,0.1293986,UTR0229250408,9120,SUCCESS,TXN00009792,USR34944,MCH8516,UTR0229250408,0,0,0,0,0,0,0
TXN00015384,2026-02-20 09:07:38,USR22270,MCH9642,21086.36,UTR5826852290,0110,SUCCESS,TXN00015384,USR22270,MCH9642,UTR5826852290,0,0,0,0,0,0,0
TXN00017169,2026-02-11 18:01:06,USR35305,MCH8764,0.2081363,UTR5521381461,8120,PENDING,TXN00017169,USR35305,MCH8764,UTR5521381461,0,0,0,0,0,0,1
TXN00001133,2026-01-22 12:21:25,USR25622,MCH9680,-2035.34,UTR2261910807,9120,SUCCESS,TXN00001133,USR25622,MCH9680,UTR2261910807,1,0,0,0,0,0,0
TXN00013530,2026-02-24 09:09:53,USR25728,MCH5796,2089.61,UTR2727891190,8120,SUCCESS,TXN00013530,USR25728,MCH5796,UTR2727891190,0,0,0,0,0,0,0
TXN00012572,2026-03-01 02:50:12,USR33116,MCH1466,20287.07,UTR4142714373,,FAILED,TXN00012572,USR33116,MCH1466,UTR4142714373,0,0,1,0,0,1,0
TXN00015150,2026-01-31 16:09:41,USR31724,MCH4336,2850.15,UTR4279907836,,SUCCESS,TXN00015150,USR31724,MCH4336,UTR4279907836,0,0,1,0,0,0,0
TXN00004461,2026-02-10 14:34:03,USR79302,MCH5224,10074.46,UTR0156121641,1310,SUCCESS,TXN00004461,USR79302,MCH5224,UTR0156121641,0,0,0,0,0,0,0
TXN00004860,2026-02-27 15:57:24,USR59640,MCH2517,22187.85,UTR7150879765,4110,SUCCESS,TXN00004860,USR59640,MCH2517,UTR7150879765,0,0,0,0,0,0,0
TXN00014372,2026-03-13 23:41:43,USR44379,MCH7380,17666.18,UTR5217385668,4110,SUCCESS,TXN00014372,USR44379,MCH7380,UTR5217385668,0,0,0,0,0,0,0
TXN00008526,2026-02-08 13:17:17,USR25534,MCH5743,572.38,UTR3900824173,4110,SUCCESS,TXN00008526,USR25534,MCH5743,UTR3900824173,0,0,0,0,0,0,0
TXN00012924,2026-02-02 11:25:30,USR54813,MCH9224,23487.63,UTR1257940873,8120,SUCCESS,TXN00012924,USR54813,MCH9224,UTR 1257940873,0,0,0,0,0,0,0
TXN00006770,2026-02-07 15:04:04,USR12993,MCH1604,8213.09,UTR7658497641,,SUCCESS,TXN00006770,USR12993,MCH1604,UTR 7658497641,0,0,1,0,0,0,0
TXN00015303,2026-01-12 12:49:47,USR84327,MCH8968,5715.72,UTR5563997237,0110,SUCCESS,TXN00015303,USR84327,MCH8968,UTR5563997237,0,0,0,0,0,0,0
TXN00008694,2026-08-03 11:33:18,USR41492,MCH8777,311.63,UTR1288048120,4110,SUCCESS,TXN00008694,USR41492,MCH8777,UTR1288048120,0,0,0,0,0,0,0
TXN00002224,2026-01-09 13:21:27,USR39968,MCH7761,0.605493,UTR5496677673,8120,SUCCESS,TXN00002224,USR39968,MCH7761,UTR5496677673,0,0,0,0,0,0,0
TXN00016295,2026-03-13 11:18:38,USR22813,MCH4949,6472.88,UTR2667664067,1310,SUCCESS,TXN00016295,USR22813,MCH4949,UTR2667664067,0,0,0,0,0,0,0
TXN00007588,2026-01-06 13:53:54,USR73636,MCH1893,18269.67,UTR8241588520,9120,SUCCESS,TXN00007588,USR73636,MCH1893,UTR8241588520,0,0,0,0,0,0,0
TXN00010815,2026-01-03 04:52:19,USR28767,MCH8580,17643.44,UTR6949299456,4110,PENDING,TXN00010815,USR28767,MCH8580,UTR6949299456,0,0,0,0,0,0,1
TXN00003125,2026-01-10 09:17:03,USR72937,MCH1898,18321.01,UTR1611454850,8120,SUCCESS,TXN00003125,USR72937,MCH1898,UTR1611454850,0,0,0,0,0,0,0
TXN00003724,2026-01-31 22:42:18,USR82179,MCH2217,4651.47,UTR7728005280,9120,FAILED,TXN00003724,USR82179,MCH2217,UTR 7728005280,0,0,0,0,0,1,0
TXN00012100,2026-01-28 23:00:00,USR56781,MCH1494,16488.38,UTR7960025338,4110,SUCCESS,TXN00012100,USR56781,MCH1494,UTR7960025338,0,0,0,0,0,0,0
TXN00016378,2026-02-21 12:06:34,USR52359,MCH8586,12047.38,UTR0329170464,0110,SUCCESS,TXN00016378,USR52359,MCH8586,UTR0329170464,0,0,0,0,0,0,0
TXN00005880,2026-03-31 03:10:02,USR13340,MCH2928,12202.63,UTR9117672973,1310,SUCCESS,TXN00005880,USR13340,MCH2928,UTR9117672973,0,0,0,0,0,0,0
TXN00017394,2026-02-12 02:03:43,USR42435,MCH7823,19594.0,UTR8128669399,1310,SUCCESS,TXN00017394,USR42435,MCH7823,UTR8128669399,0,0,0,0,0,0,0
TXN00004029,2026-03-21 16:50:28,USR75500,MCH1632,18451.39,UTR9374097314,,SUCCESS,TXN00004029,USR75500,MCH1632,UTR9374097314,0,0,1,0,0,0,0
TXN00011700,2026-02-18 23:53:43,USR84351,MCH5067,0.225606,UTR5123166366,4110,SUCCESS,TXN00011700,USR84351,MCH5067,UTR5123166366,0,0,0,0,0,0,0
TXN00015452,2026-02-19 13:45:42,USR65477,MCH5310,5955.72,UTR3972422747,1310,SUCCESS,TXN00015452,USR65477,MCH5310,UTR3972422747,0,0,0,0,0,0,0
TXN00003372,2026-03-24 13:25:11,USR75535,MCH4420,14886.63,UTR3842486861,1310,PENDING,TXN00003372,USR75535,MCH4420,UTR3842486861,0,0,0,0,0,0,1
TXN00013484,2026-01-20 00:00:00,USR93582,MCH3761,2352.18,UTR8800220819,1310,SUCCESS,TXN00013484,USR93582,MCH3761,UTR8800220819,0,0,0,0,0,0,0
TXN00002948,2026-03-24 03:10:06,USR58342,MCH3680,12727.17,UTR0491829148,0110,SUCCESS,TXN00002948,USR58342,MCH3680,UTR0491829148,0,0,0,0,0,0,0
TXN00008823,2026-02-14 11:11:07,USR88963,MCH1647,3188.29,UTR2242963367,0110,SUCCESS,TXN00008823,USR88963,MCH1647,UTR2242963367,0,0,0,0,0,0,0
TXN00016994,2026-01-31 17:17:01,USR13790,MCH4190,2331.86,,,SUCCESS,TXN00016994,USR13790,MCH4190,,0,1,1,0,0,0,0
TXN00003449,2026-02-01 10:02:47,USR20069,MCH6680,14833.02,UTR2368068780,0110,SUCCESS,TXN00003449,USR20069,MCH6680,UTR2368068780,0,0,0,0,0,0,0
TXN00012329,2026-02-01 13:06:28,USR97343,MCH8716,22802.49,UTR4237511943,0110,SUCCESS,TXN00012329,USR97343,MCH8716,UTR4237511943,0,0,0,0,0,0,0
TXN00005429,2026-03-01 03:03:38,USR13049,MCH1531,17035.0,UTR7010682175,1310,SUCCESS,TXN00005429,USR13049,MCH1531,UTR7010682175,0,0,0,0,0,0,0
TXN00009559,2026-03-10 10:01:04,USR77173,MCH9655,17430.0,UTR6832042678,9120,SUCCESS,TXN00009559,USR77173,MCH9655,UTR6832042678,0,0,0,0,0,0,0
TXN00016744,2026-02-11 20:04:23,USR31253,MCH8997,22727.72,UTR0322670641,0110,SUCCESS,TXN00016744,USR31253,MCH8997,UTR0322670641,0,0,0,0,0,0,0
TXN00014397,2026-03-20 18:57:34,USR74618,MCH8707,23168.55,UTR9491279733,4110,PENDING,TXN00014397,USR74618,MCH8707,UTR9491279733,0,0,0,0,0,0,1
TXN00004367,2026-03-07 17:50:56,USR14823,MCH8130,2011.84,UTR6202602272,0110,SUCCESS,TXN00004367,USR14823,MCH8130,UTR6202602272,0,0,0,0,0,0,0
TXN00000027,2026-01-20 07:19:31,USR81511,MCH1577,4999.85,UTR9753668980,0110,SUCCESS,TXN00000027,USR81511,MCH1577,UTR9753668980,0,0,0,0,0,0,0
TXN00012457,2026-02-15 02:43:41,USR31073,MCH4749,0.566601,UTR4962198388,9120,SUCCESS,TXN00012457,USR31073,MCH4749,UTR 4962198388,0,0,0,0,0,0,0
TXN00018663,2026-01-08 10:31:05,USR22903,MCH5616,10041.94,UTR1930491064,0110,SUCCESS,TXN00018663,USR22903,MCH5616,UTR1930491064,0,0,0,0,0,0,0
TXN00000955,2026-03-15 21:47:37,USR46082,MCH8220,10475.08,UTR3323290839,9120,SUCCESS,TXN00000955,USR46082,MCH8220,UTR3323290839,0,0,0,0,0,0,0
TXN00017271,2026-01-12 21:52:30,USR38408,MCH9370,12315.64,UTR9907536648,9120,SUCCESS,TXN00017271,USR38408,MCH9370,UTR9907536648,0,0,0,0,0,0,0
TXN00000876,2026-02-02 03:00:34,USR42502,MCH6461,0.391225,UTR5857825794,9120,SUCCESS,TXN00000876,USR42502,MCH6461,UTR 5857825794,0,0,0,0,0,0,0
TXN00004091,2026-03-11 00:00:00,USR77182,MCH9299,18356.44,UTR7235755461,8120,SUCCESS,TXN00004091,USR77182,MCH9299,UTR7235755461,0,0,0,0,0,0,0
TXN00001560,2026-03-05 02:13:44,USR63788,MCH8297,22501.58,UTR8420431657,4110,SUCCESS,TXN00001560,USR63788,MCH8297,UTR 8420431657,0,0,0,0,0,0,0
TXN00003712,2026-03-02 18:40:11,USR45486,MCH4674,17904.0,UTR9609109403,9120,PENDING,TXN00003712,USR45486,MCH4674,UTR9609109403,0,0,0,0,0,0,1
TXN00002810,2026-02-13 02:27:12,USR66229,MCH4897,17961.1,UTR7847768922,0110,SUCCESS,TXN00002810,USR66229,MCH4897,UTR7847768922,0,0,0,0,0,0,0
TXN00012797,2026-01-12 22:34:20,USR74901,MCH1640,20596.7,UTR4829686932,,SUCCESS,TXN00012797,USR74901,MCH1640,UTR4829686932,0,0,1,0,0,0,0
TXN00004119,2026-02-24 01:52:09,USR90337,MCH4613,3590.6,UTR7186290730,,FAILED,TXN00004119,USR90337,MCH4613,UTR7186290730,0,0,1,0,0,1,0
TXN00011400,2026-01-07 18:12:03,USR77194,MCH4329,13642.0,UTR3850693572,8120,PENDING,TXN00011400,USR77194,MCH4329,UTR3850693572,0,0,0,0,0,0,1
TXN00014995,2026-08-02 20:27:08,USR15974,MCH4347,18960.06,UTR2980105694,9120,SUCCESS,TXN00014995,USR15974,MCH4347,UTR2980105694,0,0,0,0,0,0,0
TXN00004023,2026-01-21 02:42:48,USR63110,MCH2609,16812.87,UTR0981558912,4110,FAILED,TXN00004023,USR63110,MCH2609,UTR0981558912,0,0,0,0,0,1,0
TXN00003027,2026-03-25 13:45:23,USR97852,MCH8422,23611.77,UTR2518860119,4110,SUCCESS,TXN00003027,USR97852,MCH8422,UTR 2518860119,0,0,0,0,0,0,0
TXN00017486,2026-03-08 05:28:57,USR10143,MCH3727,7545.58,UTR7318227043,4110,SUCCESS,TXN00017486,USR10143,MCH3727,UTR 7318227043,0,0,0,0,0,0,0
TXN00002608,2026-01-11 18:19:03,USR21453,MCH1114,6911.48,UTR1954186069,4110,PENDING,TXN00002608,USR21453,MCH1114,UTR1954186069,0,0,0,0,0,0,1
TXN00019589,2026-03-25 16:34:03,USR84792,MCH7951,14304.08,UTR9681509958,1310,SUCCESS,TXN00019589,USR84792,MCH7951,UTR9681509958,0,0,0,0,0,0,0
TXN00002581,2026-01-01 00:00:00,USR27346,MCH2897,3081.79,UTR8602887398,0110,SUCCESS,TXN00002581,USR27346,MCH2897,UTR8602887398,0,0,0,0,0,0,0
TXN00017994,2026-01-16 18:54:04,USR35633,MCH4905,13635.88,UTR1719462500,4110,SUCCESS,TXN00017994,USR35633,MCH4905,UTR1719462500,0,0,0,0,0,0,0
TXN00011367,2026-02-15 05:37:46,USR49985,MCH3382,10497.61,UTR4003048033,1310,PENDING,TXN00011367,USR49985,MCH3382,UTR4003048033,0,0,0,0,0,0,1
TXN00012521,2026-02-09 07:55:54,USR79216,MCH5906,1372.95,UTR5836078372,8120,SUCCESS,TXN00012521,USR79216,MCH5906,UTR5836078372,0,0,0,0,0,0,0
TXN00007391,2026-08-03 13:32:35,USR54304,MCH2156,16250.1,UTR1405810373,4110,SUCCESS,TXN00007391,USR54304,MCH2156,UTR1405810373,0,0,0,0,0,0,0
TXN00017274,2026-01-28 10:11:11,USR85638,MCH1235,9067.87,UTR9969573707,,SUCCESS,TXN00017274,USR85638,MCH1235,UTR9969573707,0,0,1,0,0,0,0
TXN00004791,2026-03-05 02:39:24,USR17781,MCH6084,2679.0,UTR5466579506,8120,SUCCESS,TXN00004791,USR17781,MCH6084,UTR5466579506,0,0,0,0,0,0,0
TXN00011831,2026-02-08 12:49:56,USR51725,MCH9656,0.1135684,UTR7082610553,,SUCCESS,TXN00011831,USR51725,MCH9656,UTR7082610553,0,0,1,0,0,0,0
TXN00016986,2026-01-31 17:32:02,USR20895,MCH9668,198.45,UTR5210687918,0110,SUCCESS,TXN00016986,USR20895,MCH9668,UTR 5210687918,0,0,0,0,0,0,0
TXN00011586,2026-02-26 16:44:30,USR17050,MCH4838,16598.0,UTR3362597926,1310,SUCCESS,TXN00011586,USR17050,MCH4838,UTR3362597926,0,0,0,0,0,0,0
TXN00004972,2026-03-13 03:51:51,USR24216,MCH2727,22449.9,UTR9092319945,0110,SUCCESS,TXN00004972,USR24216,MCH2727,UTR9092319945,0,0,0,0,0,0,0
TXN00010648,2026-09-01 01:37:02,USR15393,MCH1072,21193.55,UTR4307614712,,SUCCESS,TXN00010648,USR15393,MCH1072,UTR4307614712,0,0,1,0,0,0,0
TXN00012677,2026-03-07 08:27:13,USR82036,MCH5985,7365.76,UTR9766347902,4110,SUCCESS,TXN00012677,USR82036,MCH5985,UTR 9766347902,0,0,0,0,0,0,0
TXN00018273,2026-01-15 09:15:10,USR78907,MCH3658,-15731.54,UTR9216803532,4110,SUCCESS,TXN00018273,USR78907,MCH3658,UTR9216803532,1,0,0,0,0,0,0
TXN00004757,2026-03-21 08:00:07,USR63213,MCH3454,257.67,UTR7985490516,9120,SUCCESS,TXN00004757,USR63213,MCH3454,UTR7985490516,0,0,0,0,0,0,0
TXN00002273,2026-03-02 23:13:36,USR88860,MCH3292,12196.8,UTR6859893671,4110,SUCCESS,TXN00002273,USR88860,MCH3292,UTR6859893671,0,0,0,0,0,0,0
TXN00019229,2026-03-21 00:00:00,USR78558,MCH1582,4381.91,UTR7006838632,9120,SUCCESS,TXN00019229,USR78558,MCH1582,UTR7006838632,0,0,0,0,0,0,0
TXN00017622,2026-02-26 17:07:20,USR84770,MCH8948,15202.85,UTR0161234013,0110,SUCCESS,TXN00017622,USR84770,MCH8948,UTR0161234013,0,0,0,0,0,0,0
TXN00011506,2026-02-18 08:11:19,USR17351,MCH8338,21015.0,UTR5390243595,4110,SUCCESS,TXN00011506,USR17351,MCH8338,UTR5390243595,0,0,0,0,0,0,0
TXN00006247,2026-03-23 04:18:03,USR57232,MCH5816,4178.02,UTR8301216018,0110,SUCCESS,TXN00006247,USR57232,MCH5816,UTR8301216018,0,0,0,0,0,0,0
TXN00019027,2026-12-01 18:30:54,USR72760,MCH4128,5125.24,UTR6907766847,0110,SUCCESS,TXN00019027,USR72760,MCH4128,UTR6907766847,0,0,0,0,0,0,0
TXN00006007,2026-03-29 08:25:21,USR85865,MCH9648,12963.95,UTR3863884082,1310,SUCCESS,TXN00006007,USR85865,MCH9648,UTR3863884082,0,0,0,0,0,0,0
TXN00008530,2026-01-28 00:00:00,USR26522,MCH2709,15882.57,UTR0669545363,8120,SUCCESS,TXN00008530,USR26522,MCH2709,UTR0669545363,0,0,0,0,0,0,0
TXN00010471,2026-03-16 19:00:07,USR31895,MCH8271,14307.0,UTR7592484131,4110,SUCCESS,TXN00010471,USR31895,MCH8271,UTR7592484131,0,0,0,0,0,0,0
TXN00008411,2026-03-02 13:57:23,USR20493,MCH6953,11217.65,UTR8329122658,,SUCCESS,TXN00008411,USR20493,MCH6953,UTR8329122658,0,0,1,0,0,0,0
TXN00001942,2026-03-30 05:32:41,USR63421,MCH5303,0.836262,UTR8917863034,9120,SUCCESS,TXN00001942,USR63421,MCH5303,UTR8917863034,0,0,0,0,0,0,0
TXN00002617,2026-02-25 19:57:27,USR92067,MCH4607,9012.25,UTR3385178095,8120,FAILED,TXN00002617,USR92067,MCH4607,UTR3385178095,0,0,0,0,0,1,0
TXN00010194,2026-02-18 07:43:41,USR29875,MCH3654,22217.18,UTR2544234391,1310,FAILED,TXN00010194,USR29875,MCH3654,UTR2544234391,0,0,0,0,0,1,0
TXN00018738,2026-03-21 06:18:09,USR99510,MCH3724,6937.85,,,SUCCESS,TXN00018738,USR99510,MCH3724,,0,1,1,0,0,0,0
TXN00002653,2026-02-04 16:05:20,USR18030,MCH1638,9251.63,UTR7778042902,1310,SUCCESS,TXN00002653,USR18030,MCH1638,UTR7778042902,0,0,0,0,0,0,0
TXN00009233,2026-10-01 00:59:59,USR25717,MCH6457,23199.0,UTR4407435212,4110,SUCCESS,TXN00009233,USR25717,MCH6457,UTR 4407435212,0,0,0,0,0,0,0
TXN00004209,2026-03-13 08:22:52,USR42151,MCH8969,2160.0,UTR9776073290,4110,SUCCESS,TXN00004209,USR42151,MCH8969,UTR 9776073290,0,0,0,0,0,0,0
TXN00003260,2026-03-11 23:52:33,USR43187,MCH1929,22392.91,UTR4599656263,0110,SUCCESS,TXN00003260,USR43187,MCH1929,UTR4599656263,0,0,0,0,0,0,0
TXN00009645,2026-02-23 23:55:23,USR36986,MCH4067,9415.92,UTR2338264409,1310,SUCCESS,TXN00009645,USR36986,MCH4067,UTR2338264409,0,0,0,0,0,0,0
TXN00000241,2026-02-05 05:48:23,USR36012,MCH8186,23512.0,UTR6263121263,1310,SUCCESS,TXN00000241,USR36012,MCH8186,UTR6263121263,0,0,0,0,0,0,0
TXN00016047,2026-01-19 14:42:32,USR47567,MCH6760,23055.77,UTR4471122356,1310,SUCCESS,TXN00016047,USR47567,MCH6760,UTR4471122356,0,0,0,0,0,0,0
TXN00004640,2026-03-03 12:27:34,USR15500,MCH4558,0.2030054,UTR9076782738,9120,FAILED,TXN00004640,USR15500,MCH4558,UTR9076782738,0,0,0,0,0,1,0
TXN00017786,2026-02-21 15:57:24,USR68702,MCH4710,7126.95,UTR3932280309,4110,SUCCESS,TXN00017786,USR68702,MCH4710,UTR3932280309,0,0,0,0,0,0,0
TXN00012045,2026-01-18 15:49:57,USR27042,MCH6197,18163.77,UTR0134690101,,FAILED,TXN00012045,USR27042,MCH6197,UTR0134690101,0,0,1,0,0,1,0
TXN00008952,2026-03-01 10:54:24,USR84390,MCH8550,20604.12,UTR1076811991,9120,SUCCESS,TXN00008952,USR84390,MCH8550,UTR1076811991,0,0,0,0,0,0,0
TXN00002689,2026-01-04 14:10:42,USR95831,MCH1796,12326.69,UTR0098724202,8120,SUCCESS,TXN00002689,USR95831,MCH1796,UTR0098724202,0,0,0,0,0,0,0
TXN00002063,2026-02-03 23:49:29,USR83793,MCH6843,20162.03,UTR4752933807,0110,SUCCESS,TXN00002063,USR83793,MCH6843,UTR4752933807,0,0,0,0,0,0,0
TXN00008706,2026-02-03 10:48:04,USR43532,MCH8271,12615.48,UTR3798143580,9120,SUCCESS,TXN00008706,USR43532,MCH8271,UTR3798143580,0,0,0,0,0,0,0
TXN00015193,2026-03-11 00:00:00,USR27500,MCH9897,0.71051,UTR1102858075,0110,SUCCESS,TXN00015193,USR27500,MCH9897,UTR 1102858075,0,0,0,0,0,0,0
TXN00006272,2026-01-27 05:05:32,USR61651,MCH8268,23210.0,UTR2429767679,1310,SUCCESS,TXN00006272,USR61651,MCH8268,UTR2429767679,0,0,0,0,0,0,0
TXN00008384,2026-02-09 18:54:49,USR75979,MCH5230,21314.94,UTR0659010925,4110,PENDING,TXN00008384,USR75979,MCH5230,UTR0659010925,0,0,0,0,0,0,1
TXN00009787,2026-02-22 22:13:07,USR61574,MCH1623,2239.27,UTR3092181126,,SUCCESS,TXN00009787,USR61574,MCH1623,UTR3092181126,0,0,1,0,0,0,0
TXN00004546,2026-02-11 06:40:56,USR94783,MCH8377,20298.53,UTR8564504029,1310,SUCCESS,TXN00004546,USR94783,MCH8377,UTR8564504029,0,0,0,0,0,0,0
TXN00008047,2026-02-27 08:44:09,USR65323,MCH2118,17691.0,UTR0612226834,9120,SUCCESS,TXN00008047,USR65323,MCH2118,UTR0612226834,0,0,0,0,0,0,0
TXN00010138,2026-03-16 16:44:12,USR55791,MCH7813,16230.8,UTR5707549731,,FAILED,TXN00010138,USR55791,MCH7813,UTR5707549731,0,0,1,0,0,1,0
TXN00018837,2026-01-13 19:17:08,USR63265,MCH3855,1013.79,UTR4736318593,9120,SUCCESS,TXN00018837,USR63265,MCH3855,UTR4736318593,0,0,0,0,0,0,0
TXN00004145,2026-01-24 13:37:51,USR93257,MCH2859,22960.75,UTR0364666191,0110,SUCCESS,TXN00004145,USR93257,MCH2859,UTR0364666191,0,0,0,0,0,0,0
TXN00014134,2026-01-15 22:07:35,USR25331,MCH6719,11684.68,UTR5768731458,,FAILED,TXN00014134,USR25331,MCH6719,UTR5768731458,0,0,1,0,0,1,0
TXN00009566,2026-03-09 21:38:23,USR26343,MCH2001,8513.47,UTR4814818603,8120,SUCCESS,TXN00009566,USR26343,MCH2001,UTR4814818603,0,0,0,0,0,0,0
TXN00019446,2026-01-12 00:33:31,USR88005,MCH3559,10774.0,UTR8492740634,4110,SUCCESS,TXN00019446,USR88005,MCH3559,UTR8492740634,0,0,0,0,0,0,0
TXN00009658,2026-02-23 04:48:49,USR70643,MCH5329,4897.31,UTR7527889079,4110,SUCCESS,TXN00009658,USR70643,MCH5329,UTR7527889079,0,0,0,0,0,0,0
TXN00005815,2026-03-19 01:20:36,USR29216,MCH7539,1761.02,UTR1604380655,4110,FAILED,TXN00005815,USR29216,MCH7539,UTR1604380655,0,0,0,0,0,1,0
TXN00016381,2026-01-18 14:36:43,USR75122,MCH1318,1840.06,UTR8972697925,,SUCCESS,TXN00016381,USR75122,MCH1318,UTR8972697925,0,0,1,0,0,0,0
TXN00009661,2026-02-07 06:21:25,USR37049,MCH3310,14010.43,UTR1481565547,4110,SUCCESS,TXN00009661,USR37049,MCH3310,UTR1481565547,0,0,0,0,0,0,0
TXN00010203,2026-01-15 17:16:15,USR42029,MCH2287,7642.74,UTR9634029779,4110,FAILED,TXN00010203,USR42029,MCH2287,UTR9634029779,0,0,0,0,0,1,0
TXN00017391,2026-01-20 23:37:22,USR42363,MCH5040,0.1884301,UTR2476026944,4110,SUCCESS,TXN00017391,USR42363,MCH5040,UTR 2476026944,0,0,0,0,0,0,0
TXN00000594,2026-01-16 18:39:23,USR26186,MCH3606,8648.23,UTR3983056522,8120,SUCCESS,TXN00000594,USR26186,MCH3606,UTR3983056522,0,0,0,0,0,0,0
TXN00014311,2026-02-18 23:19:30,USR57618,MCH8499,5671.58,UTR8488565294,,SUCCESS,TXN00014311,USR57618,MCH8499,UTR8488565294,0,0,1,0,0,0,0
TXN00001131,2026-01-10 00:49:48,USR13032,MCH7526,18088.27,UTR9229826560,4110,FAILED,TXN00001131,USR13032,MCH7526,UTR9229826560,0,0,0,0,0,1,0
TXN00015879,2026-03-13 14:20:24,USR14129,MCH2976,1842.18,UTR7075501932,9120,SUCCESS,TXN00015879,USR14129,MCH2976,UTR 7075501932,0,0,0,0,0,0,0
TXN00016363,2026-01-08 09:46:06,USR16736,MCH9509,21440.25,UTR8635432693,4110,SUCCESS,TXN00016363,USR16736,MCH9509,UTR8635432693,0,0,0,0,0,0,0
TXN00000887,2026-02-26 00:00:00,USR44834,MCH5972,16322.13,UTR6604395132,1310,FAILED,TXN00000887,USR44834,MCH5972,UTR6604395132,0,0,0,0,0,1,0
TXN00002256,2026-03-04 15:59:28,USR61290,MCH7939,14298.59,,4110,SUCCESS,TXN00002256,USR61290,MCH7939,,0,1,0,0,0,0,0
TXN00018778,2026-02-21 16:47:46,USR72890,MCH6889,19489.41,UTR4335211002,1310,SUCCESS,TXN00018778,USR72890,MCH6889,UTR4335211002,0,0,0,0,0,0,0
TXN00012716,2026-01-17 23:06:53,USR85703,MCH1393,2826.32,UTR9829374729,0110,SUCCESS,TXN00012716,USR85703,MCH1393,UTR9829374729,0,0,0,0,0,0,0
TXN00011023,2026-02-12 23:06:35,USR46298,MCH6233,22672.75,,,SUCCESS,TXN00011023,USR46298,MCH6233,,0,1,1,0,0,0,0
TXN00016991,2026-01-15 07:40:07,USR35239,MCH4361,1770.3,UTR0792313412,4110,SUCCESS,TXN00016991,USR35239,MCH4361,UTR0792313412,0,0,0,0,0,0,0
TXN00002708,2026-01-19 13:18:11,USR51733,MCH7486,6646.91,UTR8769997539,8120,SUCCESS,TXN00002708,USR51733,MCH7486,UTR8769997539,0,0,0,0,0,0,0
TXN00017556,2026-03-09 14:51:44,USR91807,MCH1273,0.629947,UTR0240898057,1310,SUCCESS,TXN00017556,USR91807,MCH1273,UTR0240898057,0,0,0,0,0,0,0
TXN00008202,2026-03-28 23:07:47,USR99262,MCH9368,10191.06,UTR9101785529,,SUCCESS,TXN00008202,USR99262,MCH9368,UTR9101785529,0,0,1,0,0,0,0
TXN00014342,2026-03-31 01:05:02,USR15769,MCH8945,4580.36,UTR2697870105,8120,SUCCESS,TXN00014342,USR15769,MCH8945,UTR2697870105,0,0,0,0,0,0,0
TXN00018577,2026-03-01 11:04:17,USR16051,MCH8202,17309.0,UTR6852618682,,SUCCESS,TXN00018577,USR16051,MCH8202,UTR6852618682,0,0,1,0,0,0,0
TXN00009907,2026-03-29 23:15:40,USR40641,MCH5937,21125.31,UTR5190599368,4110,SUCCESS,TXN00009907,USR40641,MCH5937,UTR5190599368,0,0,0,0,0,0,0
TXN00015735,2026-01-30 01:08:06,USR86055,MCH5791,12661.23,UTR8565342092,0110,SUCCESS,TXN00015735,USR86055,MCH5791,UTR8565342092,0,0,0,0,0,0,0
TXN00003129,2026-02-02 22:07:33,USR97428,MCH5669,0.2378775,UTR9610471010,9120,SUCCESS,TXN00003129,USR97428,MCH5669,UTR9610471010,0,0,0,0,0,0,0
TXN00011803,2026-01-27 23:15:20,USR49348,MCH5255,9342.87,UTR7622508182,4110,SUCCESS,TXN00011803,USR49348,MCH5255,UTR7622508182,0,0,0,0,0,0,0
TXN00013517,2026-03-12 18:27:26,USR72202,MCH5084,11680.12,,,FAILED,TXN00013517,USR72202,MCH5084,,0,1,1,0,0,1,0
TXN00016494,2026-03-26 03:43:34,USR29409,MCH5021,7915.18,UTR9505912721,9120,SUCCESS,TXN00016494,USR29409,MCH5021,UTR9505912721,0,0,0,0,0,0,0
TXN00007473,2026-01-09 03:18:32,USR22761,MCH6918,21771.22,UTR5662143056,4110,SUCCESS,TXN00007473,USR22761,MCH6918,UTR5662143056,0,0,0,0,0,0,0
TXN00001430,2026-03-01 02:46:25,USR14485,MCH8482,0.2169928,UTR9161873736,4110,SUCCESS,TXN00001430,USR14485,MCH8482,UTR9161873736,0,0,0,0,0,0,0
TXN00010587,2026-01-16 05:20:34,USR70560,MCH3869,1884.8,UTR4769753894,,SUCCESS,TXN00010587,USR70560,MCH3869,UTR4769753894,0,0,1,0,0,0,0
TXN00014796,2026-03-30 08:20:06,USR64649,MCH5571,20925.1,UTR1376319861,,SUCCESS,TXN00014796,USR64649,MCH5571,UTR1376319861,0,0,1,0,0,0,0
TXN00005217,2026-01-17 21:08:28,USR81660,MCH9563,11119.89,UTR9154224235,,SUCCESS,TXN00005217,USR81660,MCH9563,UTR9154224235,0,0,1,0,0,0,0
TXN00003025,2026-02-01 00:03:40,USR60793,MCH8553,1424.08,UTR8724644524,8120,SUCCESS,TXN00003025,USR60793,MCH8553,UTR8724644524,0,0,0,0,0,0,0
TXN00012128,2026-02-05 21:19:06,USR50202,MCH9435,24726.97,UTR4722338824,9120,SUCCESS,TXN00012128,USR50202,MCH9435,UTR 4722338824,0,0,0,0,0,0,0
TXN00005178,2026-01-31 11:45:02,USR33565,MCH1739,2177.0,UTR9319446608,4110,SUCCESS,TXN00005178,USR33565,MCH1739,UTR9319446608,0,0,0,0,0,0,0
TXN00006244,2026-03-06 06:30:06,USR45301,MCH9396,18515.33,UTR4602520669,9120,SUCCESS,TXN00006244,USR45301,MCH9396,UTR4602520669,0,0,0,0,0,0,0
TXN00013255,2026-03-11 06:06:39,USR91746,MCH6293,5295.0,UTR8333964021,9120,SUCCESS,TXN00013255,USR91746,MCH6293,UTR8333964021,0,0,0,0,0,0,0
TXN00010533,2026-01-11 16:37:41,USR97970,MCH1535,23828.25,UTR6315597976,,SUCCESS,TXN00010533,USR97970,MCH1535,UTR6315597976,0,0,1,0,0,0,0
TXN00005501,2026-02-02 03:40:42,USR52338,MCH6056,0.1297351,UTR5408623356,1310,SUCCESS,TXN00005501,USR52338,MCH6056,UTR5408623356,0,0,0,0,0,0,0
TXN00015230,2026-01-28 11:31:50,USR92197,MCH6084,0.2231748,UTR8352935287,4110,SUCCESS,TXN00015230,USR92197,MCH6084,UTR8352935287,0,0,0,0,0,0,0
TXN00016128,2026-01-29 18:34:38,USR85779,MCH3480,9520.35,UTR3047802079,1310,SUCCESS,TXN00016128,USR85779,MCH3480,UTR3047802079,0,0,0,0,0,0,0
TXN00005579,2026-03-01 13:53:45,USR32360,MCH4665,22796.35,UTR0228427316,,SUCCESS,TXN00005579,USR32360,MCH4665,UTR0228427316,0,0,1,0,0,0,0
TXN00003647,2026-01-04 03:04:18,USR54181,MCH1474,12186.76,UTR5149787221,,SUCCESS,TXN00003647,USR54181,MCH1474,UTR5149787221,0,0,1,0,0,0,0
TXN00018850,2026-02-25 00:00:00,USR64318,MCH6824,17145.06,UTR9862232371,1310,SUCCESS,TXN00018850,USR64318,MCH6824,UTR9862232371,0,0,0,0,0,0,0
TXN00017228,2026-08-01 15:33:11,USR11143,MCH7757,19955.14,UTR1182574238,4110,SUCCESS,TXN00017228,USR11143,MCH7757,UTR1182574238,0,0,0,0,0,0,0
TXN00006420,2026-03-12 00:00:00,USR45609,MCH4355,12632.84,UTR9006510741,8120,SUCCESS,TXN00006420,USR45609,MCH4355,UTR9006510741,0,0,0,0,0,0,0
TXN00002041,2026-03-26 19:39:09,USR18580,MCH6078,21266.9,UTR1498284608,0110,SUCCESS,TXN00002041,USR18580,MCH6078,UTR1498284608,0,0,0,0,0,0,0
TXN00017726,2026-02-14 17:51:03,USR54030,MCH5137,23271.62,UTR3380910642,1310,FAILED,TXN00017726,USR54030,MCH5137,UTR3380910642,0,0,0,0,0,1,0
TXN00001173,2026-03-15 19:24:46,USR66485,MCH1171,15799.02,UTR0516600613,4110,SUCCESS,TXN00001173,USR66485,MCH1171,UTR0516600613,0,0,0,0,0,0,0
TXN00000810,2026-03-31 01:51:36,USR44002,MCH4103,2839.82,UTR6249142285,4110,SUCCESS,TXN00000810,USR44002,MCH4103,UTR6249142285,0,0,0,0,0,0,0
TXN00013731,2026-02-05 19:26:10,USR43171,MCH6873,8512.23,UTR9235750342,4110,SUCCESS,TXN00013731,USR43171,MCH6873,UTR9235750342,0,0,0,0,0,0,0
TXN00010935,2026-03-28 23:46:43,USR51414,MCH1686,10832.67,UTR9362224406,4110,SUCCESS,TXN00010935,USR51414,MCH1686,UTR9362224406,0,0,0,0,0,0,0
TXN00007659,2026-02-24 05:42:14,USR55485,MCH8700,11930.03,UTR0312582742,8120,FAILED,TXN00007659,USR55485,MCH8700,UTR0312582742,0,0,0,0,0,1,0
TXN00011161,2026-01-18 18:59:51,USR94714,MCH1454,6312.36,UTR4095377170,0110,SUCCESS,TXN00011161,USR94714,MCH1454,UTR4095377170,0,0,0,0,0,0,0
TXN00011620,2026-02-14 17:59:48,USR33937,MCH3185,3499.66,UTR1283207335,9120,SUCCESS,TXN00011620,USR33937,MCH3185,UTR 1283207335,0,0,0,0,0,0,0
TXN00009578,2026-02-21 19:06:35,USR45689,MCH4843,18573.11,UTR2372910992,4110,SUCCESS,TXN00009578,USR45689,MCH4843,UTR2372910992,0,0,0,0,0,0,0
TXN00015912,2026-03-10 01:47:10,USR33794,MCH4381,18895.3,UTR9345187580,8120,SUCCESS,TXN00015912,USR33794,MCH4381,UTR9345187580,0,0,0,0,0,0,0
TXN00013128,2026-02-06 15:11:09,USR64723,MCH9334,14125.58,UTR2102997431,4110,SUCCESS,TXN00013128,USR64723,MCH9334,UTR2102997431,0,0,0,0,0,0,0
TXN00001304,2026-01-26 18:58:06,USR46007,MCH6805,13537.0,UTR1719739832,1310,SUCCESS,TXN00001304,USR46007,MCH6805,UTR1719739832,0,0,0,0,0,0,0
TXN00019530,2026-01-05 18:40:47,USR56490,MCH1229,13801.48,UTR3660710598,,SUCCESS,TXN00019530,USR56490,MCH1229,UTR3660710598,0,0,1,0,0,0,0
TXN00007113,2026-02-01 21:06:06,USR23129,MCH4545,10206.93,UTR9625297264,1310,PENDING,TXN00007113,USR23129,MCH4545,UTR9625297264,0,0,0,0,0,0,1
TXN00005949,2026-01-25 12:06:44,USR79931,MCH5787,17009.46,UTR0308171199,8120,SUCCESS,TXN00005949,USR79931,MCH5787,UTR0308171199,0,0,0,0,0,0,0
TXN00001892,2026-01-15 07:49:34,USR88346,MCH5977,10043.34,UTR1265535980,9120,SUCCESS,TXN00001892,USR88346,MCH5977,UTR1265535980,0,0,0,0,0,0,0
TXN00002467,2026-03-16 20:47:17,USR30946,MCH1780,9884.49,UTR2297127711,4110,SUCCESS,TXN00002467,USR30946,MCH1780,UTR2297127711,0,0,0,0,0,0,0
TXN00009978,2026-02-21 04:54:18,USR16831,MCH7168,20756.13,UTR7306044155,4110,SUCCESS,TXN00009978,USR16831,MCH7168,UTR7306044155,0,0,0,0,0,0,0
TXN00012536,2026-03-07 13:06:08,USR68368,MCH4983,14509.0,UTR8475907748,4110,SUCCESS,TXN00012536,USR68368,MCH4983,UTR8475907748,0,0,0,0,0,0,0
TXN00012305,2026-02-06 06:27:14,USR32245,MCH5885,22761.17,UTR6157246340,8120,SUCCESS,TXN00012305,USR32245,MCH5885,UTR6157246340,0,0,0,0,0,0,0
TXN00017133,2026-03-17 22:38:56,USR34385,MCH8888,15408.0,UTR8686996332,8120,SUCCESS,TXN00017133,USR34385,MCH8888,UTR 8686996332,0,0,0,0,0,0,0
TXN00013330,2026-01-05 01:22:57,USR92027,MCH3861,24023.33,UTR2100685695,8120,SUCCESS,TXN00013330,USR92027,MCH3861,UTR2100685695,0,0,0,0,0,0,0
TXN00008920,2026-01-31 20:03:21,USR58309,MCH3358,14275.62,UTR1314550223,9120,SUCCESS,TXN00008920,USR58309,MCH3358,UTR1314550223,0,0,0,0,0,0,0
TXN00008517,2026-02-06 09:57:37,USR61468,MCH9220,0.2389841,UTR2707876348,8120,SUCCESS,TXN00008517,USR61468,MCH9220,UTR 2707876348,0,0,0,0,0,0,0
TXN00011612,2026-01-30 14:29:51,USR68468,MCH4663,5982.27,UTR9697682246,1310,SUCCESS,TXN00011612,USR68468,MCH4663,UTR9697682246,0,0,0,0,0,0,0
TXN00008830,2026-03-31 13:02:42,USR26722,MCH3302,6560.2,UTR9986071974,9120,SUCCESS,TXN00008830,USR26722,MCH3302,UTR9986071974,0,0,0,0,0,0,0
TXN00015098,2026-03-25 02:57:11,USR15356,MCH6398,13980.94,UTR2218709254,4110,SUCCESS,TXN00015098,USR15356,MCH6398,UTR2218709254,0,0,0,0,0,0,0
TXN00005290,2026-02-13 07:16:55,USR16403,MCH4602,18014.21,UTR9628730605,0110,SUCCESS,TXN00005290,USR16403,MCH4602,UTR9628730605,0,0,0,0,0,0,0
TXN00010779,2026-03-22 03:16:21,USR52687,MCH4384,19856.0,UTR6560068929,0110,FAILED,TXN00010779,USR52687,MCH4384,UTR 6560068929,0,0,0,0,0,1,0
TXN00013062,2026-02-19 19:48:31,USR32517,MCH2414,7212.56,UTR2454099826,0110,SUCCESS,TXN00013062,USR32517,MCH2414,UTR2454099826,0,0,0,0,0,0,0
TXN00007740,2026-01-24 12:01:57,USR55314,MCH7247,1976.68,UTR1349812093,4110,SUCCESS,TXN00007740,USR55314,MCH7247,UTR1349812093,0,0,0,0,0,0,0
TXN00011874,2026-02-12 16:03:06,USR17034,MCH9437,15614.38,UTR8063712227,4110,SUCCESS,TXN00011874,USR17034,MCH9437,UTR8063712227,0,0,0,0,0,0,0
TXN00007981,2026-03-24 22:27:28,USR76574,MCH6510,5016.49,UTR4989812081,,SUCCESS,TXN00007981,USR76574,MCH6510,UTR4989812081,0,0,1,0,0,0,0
TXN00006398,2026-03-23 23:28:39,USR29619,MCH6695,8244.97,UTR4297061638,9120,SUCCESS,TXN00006398,USR29619,MCH6695,UTR 4297061638,0,0,0,0,0,0,0
TXN00018541,2026-02-10 21:56:47,USR14132,MCH5196,19500.1,UTR9542930754,4110,SUCCESS,TXN00018541,USR14132,MCH5196,UTR9542930754,0,0,0,0,0,0,0
TXN00011296,2026-02-28 10:16:36,USR38048,MCH5461,289.87,UTR1146177851,9120,SUCCESS,TXN00011296,USR38048,MCH5461,UTR1146177851,0,0,0,0,0,0,0
TXN00017875,2026-01-17 05:50:53,USR52396,MCH3859,18290.83,UTR6093057630,1310,SUCCESS,TXN00017875,USR52396,MCH3859,UTR6093057630,0,0,0,0,0,0,0
TXN00013369,2026-01-14 13:24:31,USR61928,MCH9915,20311.94,UTR6862014415,0110,SUCCESS,TXN00013369,USR61928,MCH9915,UTR6862014415,0,0,0,0,0,0,0
TXN00011615,2026-01-17 11:36:51,USR59260,MCH7305,634.85,UTR0318329826,1310,SUCCESS,TXN00011615,USR59260,MCH7305,UTR0318329826,0,0,0,0,0,0,0
TXN00007696,2026-03-03 12:32:20,USR93809,MCH9195,16956.28,UTR4835064450,8120,SUCCESS,TXN00007696,USR93809,MCH9195,UTR4835064450,0,0,0,0,0,0,0
TXN00018879,2026-02-15 06:52:58,USR75482,MCH3496,-7445.26,UTR4163451134,9120,SUCCESS,TXN00018879,USR75482,MCH3496,UTR4163451134,1,0,0,0,0,0,0
TXN00009354,2026-03-07 06:58:32,USR37501,MCH9359,5049.36,UTR0188170523,8120,SUCCESS,TXN00009354,USR37501,MCH9359,UTR0188170523,0,0,0,0,0,0,0
TXN00019966,2026-02-03 19:19:09,USR13998,MCH1693,2167.09,UTR5973973382,0110,SUCCESS,TXN00019966,USR13998,MCH1693,UTR5973973382,0,0,0,0,0,0,0
TXN00015339,2026-03-30 04:54:29,USR96868,MCH8471,11746.51,UTR0491798090,8120,SUCCESS,TXN00015339,USR96868,MCH8471,UTR0491798090,0,0,0,0,0,0,0
TXN00005753,2026-03-10 00:04:42,USR34242,MCH1879,2684.66,UTR8995876797,9120,FAILED,TXN00005753,USR34242,MCH1879,UTR8995876797,0,0,0,0,0,1,0
TXN00008629,2026-02-20 21:54:06,USR34087,MCH4556,7093.69,UTR6204086086,4110,FAILED,TXN00008629,USR34087,MCH4556,UTR6204086086,0,0,0,0,0,1,0
TXN00015437,2026-03-18 00:03:37,USR93730,MCH5821,19942.01,UTR0001073030,0110,SUCCESS,TXN00015437,USR93730,MCH5821,UTR0001073030,0,0,0,0,0,0,0
TXN00005525,2026-02-04 00:40:49,USR86820,MCH2539,13222.0,UTR1899047203,0110,FAILED,TXN00005525,USR86820,MCH2539,UTR1899047203,0,0,0,0,0,1,0
TXN00006391,2026-03-19 08:56:01,USR65869,MCH3249,2212.67,UTR1878378528,0110,PENDING,TXN00006391,USR65869,MCH3249,UTR1878378528,0,0,0,0,0,0,1
TXN00003521,2026-02-21 06:43:57,USR96017,MCH8581,5741.85,UTR0868941716,8120,SUCCESS,TXN00003521,USR96017,MCH8581,UTR0868941716,0,0,0,0,0,0,0
TXN00004144,2026-03-29 21:17:11,USR67653,MCH9906,20789.64,UTR0712087989,1310,SUCCESS,TXN00004144,USR67653,MCH9906,UTR0712087989,0,0,0,0,0,0,0
TXN00012422,2026-02-21 04:38:54,USR86704,MCH9895,10866.16,UTR8614856425,9120,SUCCESS,TXN00012422,USR86704,MCH9895,UTR8614856425,0,0,0,0,0,0,0
TXN00016447,2026-03-19 21:07:25,USR20879,MCH7282,20668.89,UTR3176314663,4110,SUCCESS,TXN00016447,USR20879,MCH7282,UTR3176314663,0,0,0,0,0,0,0
TXN00010456,2026-01-01 10:38:56,USR79252,MCH4517,11484.39,UTR5049118828,4110,SUCCESS,TXN00010456,USR79252,MCH4517,UTR5049118828,0,0,0,0,0,0,0
TXN00011096,2026-03-28 16:06:37,USR66939,MCH3587,0.786979,UTR1156205701,0110,SUCCESS,TXN00011096,USR66939,MCH3587,UTR1156205701,0,0,0,0,0,0,0
TXN00010331,2026-01-05 10:43:32,USR76988,MCH4583,17804.0,UTR8242166950,4110,SUCCESS,TXN00010331,USR76988,MCH4583,UTR8242166950,0,0,0,0,0,0,0
TXN00006283,2026-03-01 23:20:26,USR99591,MCH7291,19057.07,UTR9106838516,,SUCCESS,TXN00006283,USR99591,MCH7291,UTR9106838516,0,0,1,0,0,0,0
TXN00011010,2026-02-04 02:42:59,USR22478,MCH2735,8931.02,UTR9836771597,4110,SUCCESS,TXN00011010,USR22478,MCH2735,UTR9836771597,0,0,0,0,0,0,0
TXN00008260,2026-02-26 18:26:32,USR58908,MCH1822,19840.5,UTR3307226218,4110,SUCCESS,TXN00008260,USR58908,MCH1822,UTR3307226218,0,0,0,0,0,0,0
TXN00009299,2026-03-10 19:07:39,USR65944,MCH1127,23586.27,UTR3533908273,8120,SUCCESS,TXN00009299,USR65944,MCH1127,UTR3533908273,0,0,0,0,0,0,0
TXN00004603,2026-03-29 09:30:49,USR21327,MCH9646,22732.22,,,SUCCESS,TXN00004603,USR21327,MCH9646,,0,1,1,0,0,0,0
TXN00005082,2026-03-17 00:19:09,USR32553,MCH8133,2662.95,UTR0689599056,0110,PENDING,TXN00005082,USR32553,MCH8133,UTR0689599056,0,0,0,0,0,0,1
TXN00008505,2026-10-02 00:49:46,USR16490,MCH4916,3842.59,UTR3232311942,0110,SUCCESS,TXN00008505,USR16490,MCH4916,UTR3232311942,0,0,0,0,0,0,0
TXN00000647,2026-02-19 11:00:04,USR63778,MCH3204,14843.88,UTR7820714033,8120,SUCCESS,TXN00000647,USR63778,MCH3204,UTR7820714033,0,0,0,0,0,0,0
TXN00019322,2026-03-12 14:52:31,USR99944,MCH4917,24095.59,UTR0228373688,1310,SUCCESS,TXN00019322,USR99944,MCH4917,UTR0228373688,0,0,0,0,0,0,0
TXN00012263,2026-03-26 03:58:30,USR65935,MCH7568,19087.13,UTR6256501678,4110,SUCCESS,TXN00012263,USR65935,MCH7568,UTR6256501678,0,0,0,0,0,0,0
TXN00015958,2026-01-28 05:44:33,USR46271,MCH2468,12115.79,UTR9024921286,4110,SUCCESS,TXN00015958,USR46271,MCH2468,UTR9024921286,0,0,0,0,0,0,0
TXN00007378,2026-02-28 08:03:20,USR90190,MCH3292,10075.61,UTR3356226406,,SUCCESS,TXN00007378,USR90190,MCH3292,UTR3356226406,0,0,1,0,0,0,0
TXN00016457,2026-02-17 19:50:40,USR65178,MCH5404,16873.16,UTR9204040164,4110,SUCCESS,TXN00016457,USR65178,MCH5404,UTR9204040164,0,0,0,0,0,0,0
TXN00006331,2026-01-25 20:16:18,USR78017,MCH7777,948.78,UTR8862582837,,SUCCESS,TXN00006331,USR78017,MCH7777,UTR8862582837,0,0,1,0,0,0,0
TXN00008437,2026-02-10 09:14:28,USR70646,MCH7567,11257.88,UTR5020230750,4110,SUCCESS,TXN00008437,USR70646,MCH7567,UTR5020230750,0,0,0,0,0,0,0
TXN00016241,2026-01-28 09:12:38,USR31174,MCH6988,12530.5,UTR1684394378,1310,SUCCESS,TXN00016241,USR31174,MCH6988,UTR 1684394378,0,0,0,0,0,0,0
TXN00001254,2026-03-01 00:00:00,USR62321,MCH4895,3138.39,UTR1617947609,4110,SUCCESS,TXN00001254,USR62321,MCH4895,UTR1617947609,0,0,0,0,0,0,0
TXN00013042,2026-01-26 14:27:03,USR90938,MCH8960,16031.58,,,SUCCESS,TXN00013042,USR90938,MCH8960,,0,1,1,0,0,0,0
TXN00004437,2026-03-01 22:33:33,USR33660,MCH3432,8754.95,UTR9975675270,8120,SUCCESS,TXN00004437,USR33660,MCH3432,UTR9975675270,0,0,0,0,0,0,0
TXN00014362,2026-01-16 16:00:40,USR31614,MCH5621,19755.0,UTR2671691478,0110,SUCCESS,TXN00014362,USR31614,MCH5621,UTR2671691478,0,0,0,0,0,0,0
TXN00004826,2026-02-23 17:30:27,USR86048,MCH3009,0.40054,UTR6867610845,9120,SUCCESS,TXN00004826,USR86048,MCH3009,UTR6867610845,0,0,0,0,0,0,0
TXN00006099,2026-02-15 20:21:05,USR28825,MCH6585,4963.0,UTR2435113309,,SUCCESS,TXN00006099,USR28825,MCH6585,UTR 2435113309,0,0,1,0,0,0,0
TXN00002616,2026-02-20 00:54:44,USR86382,MCH3917,2556.29,UTR7824143939,1310,SUCCESS,TXN00002616,USR86382,MCH3917,UTR7824143939,0,0,0,0,0,0,0
TXN00014347,2026-02-15 01:46:13,USR94800,MCH8822,3767.14,UTR1459708310,4110,SUCCESS,TXN00014347,USR94800,MCH8822,UTR1459708310,0,0,0,0,0,0,0
TXN00008698,2026-01-11 22:12:48,USR11110,MCH6809,14741.0,UTR9879115891,4110,PENDING,TXN00008698,USR11110,MCH6809,UTR9879115891,0,0,0,0,0,0,1
TXN00016898,2026-02-25 04:01:02,USR47740,MCH2528,9058.0,UTR5968218025,9120,SUCCESS,TXN00016898,USR47740,MCH2528,UTR5968218025,0,0,0,0,0,0,0
TXN00017153,2026-04-01 04:08:14,USR16807,MCH7593,24929.1,UTR4434575127,1310,SUCCESS,TXN00017153,USR16807,MCH7593,UTR4434575127,0,0,0,0,0,0,0
TXN00009081,2026-02-23 01:13:15,USR91045,MCH3584,8455.87,,8120,SUCCESS,TXN00009081,USR91045,MCH3584,,0,1,0,0,0,0,0
TXN00006463,2026-03-04 06:34:50,USR75802,MCH4174,23720.27,UTR2406966829,4110,PENDING,TXN00006463,USR75802,MCH4174,UTR2406966829,0,0,0,0,0,0,1
TXN00015876,2026-02-03 05:14:46,USR27908,MCH1924,22691.7,UTR7705087324,4110,SUCCESS,TXN00015876,USR27908,MCH1924,UTR 7705087324,0,0,0,0,0,0,0
TXN00016009,2026-01-27 19:00:10,USR97414,MCH8097,13055.99,UTR7592129752,0110,SUCCESS,TXN00016009,USR97414,MCH8097,UTR7592129752,0,0,0,0,0,0,0
TXN00009118,2026-02-07 06:59:18,USR86483,MCH4068,24649.93,UTR7459282712,8120,SUCCESS,TXN00009118,USR86483,MCH4068,UTR7459282712,0,0,0,0,0,0,0
TXN00002214,2026-01-03 00:35:57,USR82712,MCH4572,24071.0,UTR7685522509,9120,SUCCESS,TXN00002214,USR82712,MCH4572,UTR7685522509,0,0,0,0,0,0,0
TXN00003592,2026-03-16 08:30:28,USR98035,MCH2132,4395.54,,4110,SUCCESS,TXN00003592,USR98035,MCH2132,,0,1,0,0,0,0,0
TXN00002075,2026-02-24 11:08:41,USR35957,MCH7128,21990.75,UTR2562834957,4110,FAILED,TXN00002075,USR35957,MCH7128,UTR2562834957,0,0,0,0,0,1,0
TXN00006049,2026-01-30 03:30:16,USR44222,MCH7033,20367.48,UTR3081078901,9120,SUCCESS,TXN00006049,USR44222,MCH7033,UTR3081078901,0,0,0,0,0,0,0
TXN00004607,2026-01-14 03:56:42,USR54839,MCH3402,21155.0,UTR9429773624,0110,SUCCESS,TXN00004607,USR54839,MCH3402,UTR9429773624,0,0,0,0,0,0,0
TXN00006753,2026-01-22 18:40:26,USR46455,MCH2647,7614.65,UTR8064259493,1310,SUCCESS,TXN00006753,USR46455,MCH2647,UTR8064259493,0,0,0,0,0,0,0
TXN00017081,2026-01-10 15:12:40,USR46527,MCH8273,0.1144827,UTR4528741385,4110,SUCCESS,TXN00017081,USR46527,MCH8273,UTR4528741385,0,0,0,0,0,0,0
TXN00009911,2026-02-02 04:29:00,USR27621,MCH1888,8210.4,UTR6418607226,4110,SUCCESS,TXN00009911,USR27621,MCH1888,UTR6418607226,0,0,0,0,0,0,0
TXN00004350,2026-01-10 11:28:41,USR69311,MCH9522,15790.0,UTR7539147998,9120,SUCCESS,TXN00004350,USR69311,MCH9522,UTR7539147998,0,0,0,0,0,0,0
TXN00009200,2026-04-01 13:33:58,USR10446,MCH1703,14268.33,UTR7801406780,0110,SUCCESS,TXN00009200,USR10446,MCH1703,UTR7801406780,0,0,0,0,0,0,0
TXN00010539,2026-02-10 01:25:01,USR49041,MCH2484,14070.73,UTR9118685716,4110,SUCCESS,TXN00010539,USR49041,MCH2484,UTR 9118685716,0,0,0,0,0,0,0
TXN00017338,2026-02-19 16:27:05,USR79090,MCH2386,6594.45,UTR5192066416,0110,SUCCESS,TXN00017338,USR79090,MCH2386,UTR5192066416,0,0,0,0,0,0,0
TXN00015605,2026-02-25 02:30:44,USR67082,MCH1997,6622.13,UTR1435654524,,SUCCESS,TXN00015605,USR67082,MCH1997,UTR1435654524,0,0,1,0,0,0,0
TXN00007204,2026-01-29 06:04:37,USR86397,MCH8225,2824.1,UTR9942460606,0110,SUCCESS,TXN00007204,USR86397,MCH8225,UTR9942460606,0,0,0,0,0,0,0
TXN00005736,2026-03-30 18:10:46,USR93463,MCH8655,17069.95,UTR9368924237,4110,SUCCESS,TXN00005736,USR93463,MCH8655,UTR9368924237,0,0,0,0,0,0,0
TXN00007552,2026-03-19 18:07:28,USR33669,MCH6106,10229.09,UTR6971954479,8120,SUCCESS,TXN00007552,USR33669,MCH6106,UTR6971954479,0,0,0,0,0,0,0
TXN00018443,2026-01-10 08:10:35,USR69142,MCH4767,0.2441063,UTR1291484450,1310,SUCCESS,TXN00018443,USR69142,MCH4767,UTR1291484450,0,0,0,0,0,0,0
TXN00003861,2026-05-03 13:20:49,USR99558,MCH1882,20368.63,UTR5886722036,8120,SUCCESS,TXN00003861,USR99558,MCH1882,UTR5886722036,0,0,0,0,0,0,0
TXN00014660,2026-02-11 00:57:21,USR60987,MCH1758,24606.4,UTR0294805144,,SUCCESS,TXN00014660,USR60987,MCH1758,UTR 0294805144,0,0,1,0,0,0,0
TXN00018245,2026-05-03 20:00:19,USR72115,MCH6649,7269.68,UTR4128619264,,SUCCESS,TXN00018245,USR72115,MCH6649,UTR4128619264,0,0,1,0,0,0,0
TXN00013348,2026-02-06 21:49:18,USR20178,MCH5395,4947.64,UTR2130068529,4110,SUCCESS,TXN00013348,USR20178,MCH5395,UTR 2130068529,0,0,0,0,0,0,0
TXN00003998,2026-01-05 03:09:10,USR42534,MCH9975,9870.36,UTR3359680363,0110,SUCCESS,TXN00003998,USR42534,MCH9975,UTR3359680363,0,0,0,0,0,0,0
TXN00017989,2026-02-20 19:06:43,USR32039,MCH8443,17718.0,UTR6733122907,0110,SUCCESS,TXN00017989,USR32039,MCH8443,UTR6733122907,0,0,0,0,0,0,0
TXN00011233,2026-09-03 02:15:53,USR25163,MCH5047,2773.55,UTR0324097950,9120,SUCCESS,TXN00011233,USR25163,MCH5047,UTR0324097950,0,0,0,0,0,0,0
TXN00017974,2026-03-19 00:00:00,USR88738,MCH1848,18348.41,UTR7122254049,0110,SUCCESS,TXN00017974,USR88738,MCH1848,UTR7122254049,0,0,0,0,0,0,0
TXN00000714,2026-01-13 00:00:00,USR98719,MCH5872,10301.9,UTR3695989735,1310,SUCCESS,TXN00000714,USR98719,MCH5872,UTR3695989735,0,0,0,0,0,0,0
TXN00012361,2026-01-21 05:11:38,USR95036,MCH4606,19372.95,UTR5818709629,,FAILED,TXN00012361,USR95036,MCH4606,UTR5818709629,0,0,1,0,0,1,0
TXN00017285,2026-01-21 04:36:39,USR41718,MCH5066,8110.62,UTR3152169831,4110,SUCCESS,TXN00017285,USR41718,MCH5066,UTR3152169831,0,0,0,0,0,0,0
TXN00014802,2026-02-11 10:40:57,USR39154,MCH1307,-20233.94,UTR3830799590,1310,SUCCESS,TXN00014802,USR39154,MCH1307,UTR3830799590,1,0,0,0,0,0,0
TXN00013507,2026-01-13 10:50:08,USR61216,MCH3674,13798.25,UTR3278480469,1310,SUCCESS,TXN00013507,USR61216,MCH3674,UTR3278480469,0,0,0,0,0,0,0
TXN00001104,2026-02-03 01:02:49,USR52970,MCH9878,23194.53,UTR4391687432,8120,SUCCESS,TXN00001104,USR52970,MCH9878,UTR4391687432,0,0,0,0,0,0,0
TXN00005362,2026-03-21 06:04:56,USR33258,MCH3624,5689.25,UTR6540202516,0110,SUCCESS,TXN00005362,USR33258,MCH3624,UTR6540202516,0,0,0,0,0,0,0
TXN00007754,2026-01-12 15:20:13,USR50601,MCH6514,10639.66,UTR8505051161,4110,FAILED,TXN00007754,USR50601,MCH6514,UTR8505051161,0,0,0,0,0,1,0
TXN00016971,2026-01-20 06:40:41,USR86778,MCH4906,0.737684,UTR0135656176,,SUCCESS,TXN00016971,USR86778,MCH4906,UTR0135656176,0,0,1,0,0,0,0
TXN00017284,2026-03-23 09:25:03,USR45643,MCH1496,19840.1,UTR1107164278,9120,SUCCESS,TXN00017284,USR45643,MCH1496,UTR1107164278,0,0,0,0,0,0,0
TXN00007400,2026-02-07 10:11:28,USR63297,MCH2436,6255.04,UTR0031441430,0110,SUCCESS,TXN00007400,USR63297,MCH2436,UTR0031441430,0,0,0,0,0,0,0
TXN00009048,2026-01-19 10:23:00,USR62609,MCH6901,14287.29,UTR2367557784,8120,SUCCESS,TXN00009048,USR62609,MCH6901,UTR2367557784,0,0,0,0,0,0,0
TXN00016046,2026-01-13 09:52:12,USR96422,MCH2825,15987.08,UTR9094444991,1310,SUCCESS,TXN00016046,USR96422,MCH2825,UTR9094444991,0,0,0,0,0,0,0
TXN00009060,2026-01-29 14:02:51,USR45501,MCH4733,5037.31,UTR9709414123,4110,SUCCESS,TXN00009060,USR45501,MCH4733,UTR9709414123,0,0,0,0,0,0,0
TXN00017049,2026-03-22 09:48:46,USR34115,MCH7178,13159.0,UTR1754949326,,SUCCESS,TXN00017049,USR34115,MCH7178,UTR1754949326,0,0,1,0,0,0,0
TXN00011258,2026-01-13 04:04:23,USR10614,MCH6162,0.942712,UTR1893681785,4110,SUCCESS,TXN00011258,USR10614,MCH6162,UTR1893681785,0,0,0,0,0,0,0
TXN00012637,2026-03-28 07:50:51,USR70920,MCH9445,18050.52,UTR1577303435,4110,SUCCESS,TXN00012637,USR70920,MCH9445,UTR1577303435,0,0,0,0,0,0,0
TXN00003919,2026-02-17 08:46:59,USR30808,MCH4079,16780.62,UTR2683022017,4110,SUCCESS,TXN00003919,USR30808,MCH4079,UTR2683022017,0,0,0,0,0,0,0
TXN00005631,2026-01-17 14:04:04,USR30184,MCH5486,18918.6,UTR0740111030,,SUCCESS,TXN00005631,USR30184,MCH5486,UTR0740111030,0,0,1,0,0,0,0
TXN00003119,2026-03-22 03:06:53,USR52907,MCH7013,6216.92,UTR3874941335,8120,SUCCESS,TXN00003119,USR52907,MCH7013,UTR3874941335,0,0,0,0,0,0,0
TXN00008828,2026-01-04 20:37:47,USR92221,MCH7930,8231.85,,0110,FAILED,TXN00008828,USR92221,MCH7930,,0,1,0,0,0,1,0
TXN00014279,2026-02-25 04:58:10,USR72947,MCH9243,19950.3,UTR9894135385,8120,SUCCESS,TXN00014279,USR72947,MCH9243,UTR9894135385,0,0,0,0,0,0,0
TXN00000076,2026-02-05 02:40:14,USR36041,MCH6046,18227.89,UTR2834914640,4110,SUCCESS,TXN00000076,USR36041,MCH6046,UTR2834914640,0,0,0,0,0,0,0
TXN00012675,2026-02-10 11:21:24,USR64160,MCH1257,8429.8,UTR6369612919,4110,SUCCESS,TXN00012675,USR64160,MCH1257,UTR6369612919,0,0,0,0,0,0,0
TXN00007493,2026-01-20 22:39:36,USR80548,MCH1775,8427.82,UTR3172257266,4110,SUCCESS,TXN00007493,USR80548,MCH1775,UTR3172257266,0,0,0,0,0,0,0
TXN00002526,2026-02-20 02:09:21,USR89011,MCH1450,6976.21,UTR3751315601,9120,SUCCESS,TXN00002526,USR89011,MCH1450,UTR3751315601,0,0,0,0,0,0,0
TXN00015831,2026-01-04 01:38:54,USR62985,MCH6765,18271.75,UTR6669637240,9120,SUCCESS,TXN00015831,USR62985,MCH6765,UTR6669637240,0,0,0,0,0,0,0
TXN00007259,2026-03-04 23:10:19,USR47980,MCH4596,18012.13,UTR5741177493,4110,SUCCESS,TXN00007259,USR47980,MCH4596,UTR5741177493,0,0,0,0,0,0,0
TXN00018139,2026-03-07 01:23:52,USR99866,MCH1006,5700.19,UTR2596932816,4110,SUCCESS,TXN00018139,USR99866,MCH1006,UTR2596932816,0,0,0,0,0,0,0
TXN00008864,2026-05-03 18:45:43,USR40252,MCH4288,0.1539445,UTR4293259226,4110,SUCCESS,TXN00008864,USR40252,MCH4288,UTR4293259226,0,0,0,0,0,0,0
TXN00017952,2026-01-17 23:40:05,USR35713,MCH9134,13291.37,UTR8892846513,0110,SUCCESS,TXN00017952,USR35713,MCH9134,UTR 8892846513,0,0,0,0,0,0,0
TXN00015103,2026-01-26 03:43:57,USR97161,MCH2505,4668.27,UTR8136273769,1310,SUCCESS,TXN00015103,USR97161,MCH2505,UTR8136273769,0,0,0,0,0,0,0
TXN00010077,2026-01-18 11:14:10,USR74748,MCH4743,5074.4,UTR0696420353,8120,SUCCESS,TXN00010077,USR74748,MCH4743,UTR0696420353,0,0,0,0,0,0,0
TXN00003595,2026-03-04 17:00:40,USR68959,MCH5677,12245.72,UTR6422221728,8120,SUCCESS,TXN00003595,USR68959,MCH5677,UTR6422221728,0,0,0,0,0,0,0
TXN00009004,2026-03-28 04:13:38,USR84828,MCH3602,10906.85,,8120,SUCCESS,TXN00009004,USR84828,MCH3602,,0,1,0,0,0,0,0
TXN00016430,2026-02-01 08:46:08,USR69727,MCH2232,14928.04,UTR9571741013,1310,SUCCESS,TXN00016430,USR69727,MCH2232,UTR9571741013,0,0,0,0,0,0,0
TXN00017558,2026-02-17 21:33:27,USR33894,MCH4121,3857.0,UTR4049693093,0110,SUCCESS,TXN00017558,USR33894,MCH4121,UTR4049693093,0,0,0,0,0,0,0
TXN00005014,2026-03-25 18:46:08,USR64048,MCH1488,15886.73,UTR5501214376,4110,SUCCESS,TXN00005014,USR64048,MCH1488,UTR5501214376,0,0,0,0,0,0,0
TXN00001773,2026-02-22 02:18:14,USR62162,MCH7348,0.223032,UTR4332389360,9120,SUCCESS,TXN00001773,USR62162,MCH7348,UTR4332389360,0,0,0,0,0,0,0
TXN00006849,2026-01-31 20:39:54,USR37315,MCH3172,14979.29,UTR7170052151,8120,SUCCESS,TXN00006849,USR37315,MCH3172,UTR 7170052151,0,0,0,0,0,0,0
TXN00011630,2026-03-09 13:42:02,USR63605,MCH9154,10465.04,,9120,SUCCESS,TXN00011630,USR63605,MCH9154,,0,1,0,0,0,0,0
TXN00008242,2026-03-03 23:51:34,USR10662,MCH1239,16936.77,UTR2536860537,4110,SUCCESS,TXN00008242,USR10662,MCH1239,UTR2536860537,0,0,0,0,0,0,0
TXN00007471,2026-03-30 08:39:09,USR26327,MCH1710,20449.43,UTR0405944126,8120,SUCCESS,TXN00007471,USR26327,MCH1710,UTR0405944126,0,0,0,0,0,0,0
TXN00010006,2026-01-26 16:05:10,USR80362,MCH1893,21643.87,UTR6410649669,1310,SUCCESS,TXN00010006,USR80362,MCH1893,UTR6410649669,0,0,0,0,0,0,0
TXN00008909,2026-03-05 17:07:50,USR20637,MCH4243,13847.67,UTR8595795621,,SUCCESS,TXN00008909,USR20637,MCH4243,UTR8595795621,0,0,1,0,0,0,0
TXN00007296,2026-02-16 19:23:52,USR33570,MCH1112,24456.85,UTR7520629572,4110,SUCCESS,TXN00007296,USR33570,MCH1112,UTR7520629572,0,0,0,0,0,0,0
TXN00000889,2026-01-02 21:30:45,USR46369,MCH4558,2495.04,UTR8759855177,9120,FAILED,TXN00000889,USR46369,MCH4558,UTR8759855177,0,0,0,0,0,1,0
TXN00004010,2026-08-01 05:14:36,USR74219,MCH7737,1426.44,UTR6384170415,1310,SUCCESS,TXN00004010,USR74219,MCH7737,UTR6384170415,0,0,0,0,0,0,0
TXN00012790,2026-10-01 15:22:20,USR10074,MCH6217,8987.19,UTR6994728034,1310,FAILED,TXN00012790,USR10074,MCH6217,UTR6994728034,0,0,0,0,0,1,0
TXN00011550,2026-02-25 05:31:43,USR31003,MCH1887,23829.91,UTR6429841320,1310,SUCCESS,TXN00011550,USR31003,MCH1887,UTR6429841320,0,0,0,0,0,0,0
TXN00015542,2026-03-19 11:42:05,USR54128,MCH6567,7506.79,UTR6775661754,8120,SUCCESS,TXN00015542,USR54128,MCH6567,UTR6775661754,0,0,0,0,0,0,0
TXN00010724,2026-07-02 04:20:59,USR49716,MCH9490,22196.57,UTR0774403315,8120,SUCCESS,TXN00010724,USR49716,MCH9490,UTR0774403315,0,0,0,0,0,0,0
TXN00017323,2026-02-28 06:05:04,USR24416,MCH2624,15340.0,UTR5536404044,0110,SUCCESS,TXN00017323,USR24416,MCH2624,UTR5536404044,0,0,0,0,0,0,0
TXN00000625,2026-03-21 06:47:04,USR62948,MCH8375,15460.19,UTR9989998194,4110,SUCCESS,TXN00000625,USR62948,MCH8375,UTR9989998194,0,0,0,0,0,0,0
TXN00001574,2026-02-17 09:00:00,USR55928,MCH5661,21571.3,UTR4413006001,0110,SUCCESS,TXN00001574,USR55928,MCH5661,UTR4413006001,0,0,0,0,0,0,0
TXN00018677,2026-01-13 14:15:38,USR19023,MCH5283,24150.64,UTR7161994787,0110,SUCCESS,TXN00018677,USR19023,MCH5283,UTR7161994787,0,0,0,0,0,0,0
TXN00019454,2026-02-16 23:11:34,USR23756,MCH3631,9817.2,UTR3173488222,8120,SUCCESS,TXN00019454,USR23756,MCH3631,UTR3173488222,0,0,0,0,0,0,0
TXN00013597,2026-03-23 14:31:28,USR98905,MCH7534,13879.68,UTR4522438407,0110,SUCCESS,TXN00013597,USR98905,MCH7534,UTR4522438407,0,0,0,0,0,0,0
TXN00016170,2026-03-29 05:16:26,USR82181,MCH7245,16243.03,UTR0966655452,4110,SUCCESS,TXN00016170,USR82181,MCH7245,UTR0966655452,0,0,0,0,0,0,0
TXN00000617,2026-01-11 11:52:51,USR92984,MCH2792,1536.0,UTR9896122781,0110,SUCCESS,TXN00000617,USR92984,MCH2792,UTR9896122781,0,0,0,0,0,0,0
TXN00001612,2026-10-02 00:09:00,USR15370,MCH7229,16275.43,UTR1415870486,4110,FAILED,TXN00001612,USR15370,MCH7229,UTR1415870486,0,0,0,0,0,1,0
TXN00019894,2026-03-30 06:39:31,USR50211,MCH3474,2466.8,UTR3142757582,8120,SUCCESS,TXN00019894,USR50211,MCH3474,UTR3142757582,0,0,0,0,0,0,0
TXN00002824,2026-03-13 10:14:48,USR12321,MCH8898,5559.68,UTR2546768060,0110,SUCCESS,TXN00002824,USR12321,MCH8898,UTR2546768060,0,0,0,0,0,0,0
TXN00011654,2026-01-17 04:16:10,USR24475,MCH8059,4383.0,UTR9606865904,,SUCCESS,TXN00011654,USR24475,MCH8059,UTR9606865904,0,0,1,0,0,0,0
TXN00014702,2026-01-16 00:32:02,USR10452,MCH7985,310.0,UTR3315542447,4110,SUCCESS,TXN00014702,USR10452,MCH7985,UTR3315542447,0,0,0,0,0,0,0
TXN00015979,2026-10-01 18:47:30,USR18694,MCH6454,4448.72,UTR1764924494,0110,FAILED,TXN00015979,USR18694,MCH6454,UTR1764924494,0,0,0,0,0,1,0
TXN00003091,2026-01-01 19:03:17,USR23989,MCH8638,11261.85,UTR3430643127,4110,SUCCESS,TXN00003091,USR23989,MCH8638,UTR3430643127,0,0,0,0,0,0,0
TXN00016644,2026-01-16 19:15:33,USR57092,MCH3557,0.1233741,UTR0912928798,8120,SUCCESS,TXN00016644,USR57092,MCH3557,UTR0912928798,0,0,0,0,0,0,0
TXN00016785,2026-01-09 15:55:09,USR73618,MCH2836,12362.91,UTR0029266374,,SUCCESS,TXN00016785,USR73618,MCH2836,UTR0029266374,0,0,1,0,0,0,0
TXN00007907,2026-03-20 15:28:25,USR17985,MCH8679,3267.49,UTR9635778515,0110,SUCCESS,TXN00007907,USR17985,MCH8679,UTR9635778515,0,0,0,0,0,0,0
TXN00010136,2026-03-31 14:02:09,USR76517,MCH6326,371.62,UTR9721257166,,SUCCESS,TXN00010136,USR76517,MCH6326,UTR 9721257166,0,0,1,0,0,0,0
TXN00009093,2026-03-28 23:21:12,USR59976,MCH3511,12202.04,UTR6183926409,,SUCCESS,TXN00009093,USR59976,MCH3511,UTR6183926409,0,0,1,0,0,0,0
TXN00007225,2026-01-16 11:00:54,USR21668,MCH1650,22378.18,UTR4987002191,1310,SUCCESS,TXN00007225,USR21668,MCH1650,UTR4987002191,0,0,0,0,0,0,0
TXN00003980,2026-01-06 10:45:26,USR17451,MCH6532,0.1065877,UTR8401084515,1310,SUCCESS,TXN00003980,USR17451,MCH6532,UTR8401084515,0,0,0,0,0,0,0
TXN00017809,2026-03-02 18:02:37,USR65986,MCH1496,7117.66,UTR5643774795,0110,SUCCESS,TXN00017809,USR65986,MCH1496,UTR5643774795,0,0,0,0,0,0,0
TXN00007025,2026-03-19 10:16:25,USR11720,MCH5834,15099.04,UTR3943809077,4110,SUCCESS,TXN00007025,USR11720,MCH5834,UTR3943809077,0,0,0,0,0,0,0
TXN00006922,2026-02-01 02:22:58,USR30469,MCH3587,1221.12,UTR1337104019,9120,SUCCESS,TXN00006922,USR30469,MCH3587,UTR 1337104019,0,0,0,0,0,0,0
TXN00004349,2026-02-16 05:32:20,USR71952,MCH8985,20650.05,UTR0627514811,1310,SUCCESS,TXN00004349,USR71952,MCH8985,UTR0627514811,0,0,0,0,0,0,0
TXN00018346,2026-03-10 18:55:30,USR42285,MCH8609,21362.19,UTR6392460154,,PENDING,TXN00018346,USR42285,MCH8609,UTR6392460154,0,0,1,0,0,0,1
TXN00001002,2026-01-12 02:52:51,USR35153,MCH5236,13552.1,UTR4828380022,0110,SUCCESS,TXN00001002,USR35153,MCH5236,UTR4828380022,0,0,0,0,0,0,0
TXN00010929,2026-02-19 06:20:55,USR35729,MCH7498,14431.17,UTR8984397987,8120,SUCCESS,TXN00010929,USR35729,MCH7498,UTR8984397987,0,0,0,0,0,0,0
TXN00007687,2026-03-29 01:03:06,USR33183,MCH1980,18683.14,UTR0195927792,,SUCCESS,TXN00007687,USR33183,MCH1980,UTR0195927792,0,0,1,0,0,0,0
TXN00009057,2026-02-14 19:01:00,USR58590,MCH5474,21479.67,UTR0363945025,8120,SUCCESS,TXN00009057,USR58590,MCH5474,UTR0363945025,0,0,0,0,0,0,0
TXN00002116,2026-02-14 01:04:16,USR80485,MCH7357,3811.09,UTR1840620896,0110,PENDING,TXN00002116,USR80485,MCH7357,UTR1840620896,0,0,0,0,0,0,1
TXN00000837,2026-03-14 04:50:33,USR18487,MCH7258,22872.0,UTR7283193420,4110,SUCCESS,TXN00000837,USR18487,MCH7258,UTR7283193420,0,0,0,0,0,0,0
TXN00008701,2026-02-11 02:55:16,USR58502,MCH8222,23198.24,UTR3534373525,4110,SUCCESS,TXN00008701,USR58502,MCH8222,UTR3534373525,0,0,0,0,0,0,0
TXN00017635,2026-02-16 09:39:00,USR98968,MCH7066,11398.1,UTR1264972066,0110,SUCCESS,TXN00017635,USR98968,MCH7066,UTR1264972066,0,0,0,0,0,0,0
TXN00014432,2026-01-07 03:12:00,USR47092,MCH2681,22433.44,UTR2562481292,1310,FAILED,TXN00014432,USR47092,MCH2681,UTR2562481292,0,0,0,0,0,1,0
TXN00003144,2026-02-02 08:02:27,USR84463,MCH2103,13462.92,UTR5828049009,4110,FAILED,TXN00003144,USR84463,MCH2103,UTR5828049009,0,0,0,0,0,1,0
TXN00018032,2026-11-03 05:52:10,USR94664,MCH3329,15650.39,UTR5861563018,9120,SUCCESS,TXN00018032,USR94664,MCH3329,UTR 5861563018,0,0,0,0,0,0,0
TXN00017035,2026-03-29 01:21:26,USR78654,MCH8110,12092.84,,0110,SUCCESS,TXN00017035,USR78654,MCH8110,,0,1,0,0,0,0,0
TXN00004803,2026-08-03 15:48:54,USR87433,MCH8230,22736.64,UTR0460738809,4110,SUCCESS,TXN00004803,USR87433,MCH8230,UTR0460738809,0,0,0,0,0,0,0
TXN00012640,2026-02-18 00:56:29,USR74237,MCH7304,18663.0,UTR3867649766,4110,FAILED,TXN00012640,USR74237,MCH7304,UTR3867649766,0,0,0,0,0,1,0
TXN00003568,2026-08-02 10:37:38,USR26640,MCH6642,-16683.64,UTR8336130665,9120,SUCCESS,TXN00003568,USR26640,MCH6642,UTR8336130665,1,0,0,0,0,0,0
TXN00011204,2026-03-22 17:42:24,USR56298,MCH1080,18885.92,UTR1645697890,4110,PENDING,TXN00011204,USR56298,MCH1080,UTR1645697890,0,0,0,0,0,0,1
TXN00008754,2026-01-21 07:01:39,USR87141,MCH1711,4347.57,UTR3558367537,1310,SUCCESS,TXN00008754,USR87141,MCH1711,UTR3558367537,0,0,0,0,0,0,0
TXN00019538,2026-02-22 00:16:07,USR21569,MCH9240,18783.24,UTR8935283332,9120,SUCCESS,TXN00019538,USR21569,MCH9240,UTR8935283332,0,0,0,0,0,0,0
TXN00016171,2026-01-03 08:51:23,USR39385,MCH1383,1268.57,UTR3708175410,1310,SUCCESS,TXN00016171,USR39385,MCH1383,UTR3708175410,0,0,0,0,0,0,0
TXN00007577,2026-03-01 03:08:24,USR94884,MCH6180,14524.11,UTR4890488386,8120,PENDING,TXN00007577,USR94884,MCH6180,UTR4890488386,0,0,0,0,0,0,1
TXN00003044,2026-01-10 00:00:00,USR86380,MCH1866,10095.99,UTR4150742811,9120,SUCCESS,TXN00003044,USR86380,MCH1866,UTR4150742811,0,0,0,0,0,0,0
TXN00003657,2026-01-21 00:12:17,USR92460,MCH5059,8516.88,UTR6182115466,,SUCCESS,TXN00003657,USR92460,MCH5059,UTR6182115466,0,0,1,0,0,0,0
TXN00011429,2026-01-17 09:09:12,USR18688,MCH1834,203.91,UTR0148337988,4110,FAILED,TXN00011429,USR18688,MCH1834,UTR0148337988,0,0,0,0,0,1,0
TXN00015315,2026-03-09 03:59:55,USR74022,MCH7918,4290.35,UTR1881360007,9120,SUCCESS,TXN00015315,USR74022,MCH7918,UTR1881360007,0,0,0,0,0,0,0
TXN00008786,2026-01-27 08:07:53,USR96161,MCH7427,0.1179919,UTR7951565466,1310,SUCCESS,TXN00008786,USR96161,MCH7427,UTR7951565466,0,0,0,0,0,0,0
TXN00001239,2026-01-22 21:53:20,USR40537,MCH5959,24205.15,UTR5913531322,1310,SUCCESS,TXN00001239,USR40537,MCH5959,UTR5913531322,0,0,0,0,0,0,0
TXN00007215,2026-01-24 04:37:57,USR28293,MCH7989,3694.87,UTR2810891535,8120,SUCCESS,TXN00007215,USR28293,MCH7989,UTR2810891535,0,0,0,0,0,0,0
TXN00013278,2026-02-19 09:10:24,USR32111,MCH3686,17276.11,UTR5112228927,4110,SUCCESS,TXN00013278,USR32111,MCH3686,UTR5112228927,0,0,0,0,0,0,0
TXN00010560,2026-02-14 10:36:43,USR12830,MCH6063,24282.72,UTR1515235602,1310,SUCCESS,TXN00010560,USR12830,MCH6063,UTR1515235602,0,0,0,0,0,0,0
TXN00008788,2026-02-15 03:26:14,USR77359,MCH5753,-18308.63,UTR7852862678,,FAILED,TXN00008788,USR77359,MCH5753,UTR7852862678,1,0,1,0,0,1,0
TXN00001398,2026-03-25 23:23:15,USR77467,MCH6322,6225.37,UTR5978972061,4110,SUCCESS,TXN00001398,USR77467,MCH6322,UTR5978972061,0,0,0,0,0,0,0
TXN00015397,2026-03-29 03:33:53,USR58187,MCH2275,9132.62,UTR0727063689,4110,SUCCESS,TXN00015397,USR58187,MCH2275,UTR0727063689,0,0,0,0,0,0,0
TXN00016923,2026-01-07 17:23:07,USR94948,MCH4345,18360.74,UTR7169034268,4110,SUCCESS,TXN00016923,USR94948,MCH4345,UTR7169034268,0,0,0,0,0,0,0
TXN00006173,2026-01-02 17:44:51,USR18653,MCH8725,1372.19,UTR1451176844,0110,SUCCESS,TXN00006173,USR18653,MCH8725,UTR1451176844,0,0,0,0,0,0,0
TXN00008106,2026-03-27 15:35:11,USR71928,MCH1619,15113.47,UTR9976116554,,SUCCESS,TXN00008106,USR71928,MCH1619,UTR9976116554,0,0,1,0,0,0,0
TXN00012727,2026-03-01 23:01:33,USR10698,MCH9761,0.2028821,UTR2598320880,4110,SUCCESS,TXN00012727,USR10698,MCH9761,UTR2598320880,0,0,0,0,0,0,0
TXN00014825,2026-03-19 10:23:19,USR10535,MCH7733,0.984227,UTR9464624760,4110,SUCCESS,TXN00014825,USR10535,MCH7733,UTR9464624760,0,0,0,0,0,0,0
TXN00016852,2026-02-07 16:37:30,USR12841,MCH4207,437.88,UTR3601775720,,PENDING,TXN00016852,USR12841,MCH4207,UTR3601775720,0,0,1,0,0,0,1
TXN00019187,2026-02-19 10:55:38,USR77815,MCH5024,20311.1,UTR1888427091,4110,SUCCESS,TXN00019187,USR77815,MCH5024,UTR1888427091,0,0,0,0,0,0,0
TXN00008538,2026-01-30 03:49:43,USR18442,MCH6676,22190.2,,4110,SUCCESS,TXN00008538,USR18442,MCH6676,,0,1,0,0,0,0,0
TXN00000548,2026-02-23 13:30:30,USR75401,MCH8081,16792.61,UTR4650010549,,SUCCESS,TXN00000548,USR75401,MCH8081,UTR4650010549,0,0,1,0,0,0,0
TXN00010615,2026-01-24 22:44:45,USR11299,MCH7344,9744.83,UTR9986661245,4110,PENDING,TXN00010615,USR11299,MCH7344,UTR9986661245,0,0,0,0,0,0,1
TXN00003948,2026-03-02 04:11:38,USR47780,MCH5494,15065.21,UTR3288880650,8120,SUCCESS,TXN00003948,USR47780,MCH5494,UTR3288880650,0,0,0,0,0,0,0
TXN00018415,2026-02-13 15:26:00,USR17022,MCH3639,21662.56,UTR1729853457,0110,SUCCESS,TXN00018415,USR17022,MCH3639,UTR1729853457,0,0,0,0,0,0,0
TXN00019933,2026-03-10 13:40:09,USR91039,MCH9620,5976.99,UTR5581883240,0110,FAILED,TXN00019933,USR91039,MCH9620,UTR5581883240,0,0,0,0,0,1,0
TXN00004790,2026-03-01 06:08:48,USR41183,MCH6408,8260.6,UTR4928744426,1310,SUCCESS,TXN00004790,USR41183,MCH6408,UTR4928744426,0,0,0,0,0,0,0
TXN00004251,2026-03-03 11:46:47,USR67098,MCH6336,9452.2,UTR3707727787,0110,SUCCESS,TXN00004251,USR67098,MCH6336,UTR3707727787,0,0,0,0,0,0,0
TXN00006630,2026-03-09 04:03:07,USR32615,MCH8355,17491.2,UTR7303754114,0110,SUCCESS,TXN00006630,USR32615,MCH8355,UTR7303754114,0,0,0,0,0,0,0
TXN00010795,2026-02-14 10:55:26,USR27980,MCH9691,4342.6,UTR4952339505,1310,SUCCESS,TXN00010795,USR27980,MCH9691,UTR4952339505,0,0,0,0,0,0,0
TXN00004168,2026-01-25 10:30:10,USR81703,MCH3969,2383.18,UTR9833287298,9120,SUCCESS,TXN00004168,USR81703,MCH3969,UTR9833287298,0,0,0,0,0,0,0
TXN00000942,2026-02-11 14:44:24,USR92723,MCH8108,13858.91,UTR6230390187,,SUCCESS,TXN00000942,USR92723,MCH8108,UTR6230390187,0,0,1,0,0,0,0
TXN00010489,2026-03-31 13:59:02,USR75951,MCH5702,15694.22,UTR6791679843,1310,SUCCESS,TXN00010489,USR75951,MCH5702,UTR6791679843,0,0,0,0,0,0,0
TXN00006908,2026-02-20 04:23:21,USR35002,MCH5944,20049.83,UTR5688797337,8120,SUCCESS,TXN00006908,USR35002,MCH5944,UTR5688797337,0,0,0,0,0,0,0
TXN00007524,2026-02-24 06:46:58,USR96922,MCH9733,-18218.09,UTR4523941137,,SUCCESS,TXN00007524,USR96922,MCH9733,UTR4523941137,1,0,1,0,0,0,0
TXN00018214,2026-02-13 02:09:57,USR82614,MCH7238,14337.11,UTR7922807361,0110,SUCCESS,TXN00018214,USR82614,MCH7238,UTR7922807361,0,0,0,0,0,0,0
TXN00016586,2026-03-22 12:55:03,USR32975,MCH6845,21218.23,UTR8716277675,4110,SUCCESS,TXN00016586,USR32975,MCH6845,UTR8716277675,0,0,0,0,0,0,0
TXN00019059,2026-02-13 04:56:33,USR48035,MCH5143,2951.78,UTR5265453633,1310,SUCCESS,TXN00019059,USR48035,MCH5143,UTR5265453633,0,0,0,0,0,0,0
TXN00012942,2026-03-03 17:15:16,USR72056,MCH2779,16838.79,UTR7483628004,0110,SUCCESS,TXN00012942,USR72056,MCH2779,UTR7483628004,0,0,0,0,0,0,0
TXN00004230,2026-03-16 12:40:45,USR70862,MCH5725,4756.5,UTR9677520082,8120,SUCCESS,TXN00004230,USR70862,MCH5725,UTR9677520082,0,0,0,0,0,0,0
TXN00000083,2026-01-23 03:02:29,USR45882,MCH4823,8279.14,UTR5603328391,,SUCCESS,TXN00000083,USR45882,MCH4823,UTR5603328391,0,0,1,0,0,0,0
TXN00003776,2026-08-01 01:35:59,USR47249,MCH8834,23289.56,UTR6041659236,1310,SUCCESS,TXN00003776,USR47249,MCH8834,UTR6041659236,0,0,0,0,0,0,0
TXN00012904,2026-02-22 20:36:10,USR35963,MCH1665,21196.0,UTR3326573745,4110,SUCCESS,TXN00012904,USR35963,MCH1665,UTR3326573745,0,0,0,0,0,0,0
TXN00003406,2026-03-28 08:07:33,USR14501,MCH4802,0.2016856,UTR5954584896,,SUCCESS,TXN00003406,USR14501,MCH4802,UTR5954584896,0,0,1,0,0,0,0
TXN00001822,2026-02-06 00:31:10,USR82918,MCH9884,3043.45,UTR9216203890,0110,SUCCESS,TXN00001822,USR82918,MCH9884,UTR9216203890,0,0,0,0,0,0,0
TXN00015670,2026-02-20 00:03:49,USR74174,MCH9354,1394.21,UTR1412768319,0110,SUCCESS,TXN00015670,USR74174,MCH9354,UTR1412768319,0,0,0,0,0,0,0
TXN00004705,2026-02-12 20:16:14,USR22199,MCH5678,10384.49,UTR2347027621,1310,SUCCESS,TXN00004705,USR22199,MCH5678,UTR2347027621,0,0,0,0,0,0,0
TXN00009051,2026-02-08 15:30:00,USR93326,MCH7999,0.2047949,UTR6057628837,0110,SUCCESS,TXN00009051,USR93326,MCH7999,UTR6057628837,0,0,0,0,0,0,0
TXN00001844,2026-01-22 02:16:30,USR20097,MCH5963,0.1532736,UTR7098033670,0110,SUCCESS,TXN00001844,USR20097,MCH5963,UTR7098033670,0,0,0,0,0,0,0
TXN00011342,2026-03-31 08:52:02,USR45339,MCH9294,0.425547,UTR0113934201,0110,SUCCESS,TXN00011342,USR45339,MCH9294,UTR 0113934201,0,0,0,0,0,0,0
TXN00016677,2026-02-08 15:43:30,USR49169,MCH6748,15457.63,UTR1169874545,4110,SUCCESS,TXN00016677,USR49169,MCH6748,UTR1169874545,0,0,0,0,0,0,0
TXN00014191,2026-03-25 11:15:47,USR60087,MCH2836,10507.37,UTR0417446356,4110,SUCCESS,TXN00014191,USR60087,MCH2836,UTR0417446356,0,0,0,0,0,0,0
TXN00008380,2026-01-15 23:09:08,USR38708,MCH8702,10592.0,UTR6576745128,8120,PENDING,TXN00008380,USR38708,MCH8702,UTR 6576745128,0,0,0,0,0,0,1
TXN00019409,2026-01-18 11:34:49,USR81994,MCH4100,12693.38,UTR0603751569,8120,SUCCESS,TXN00019409,USR81994,MCH4100,UTR 0603751569,0,0,0,0,0,0,0
TXN00017262,2026-03-02 22:02:11,USR61315,MCH9251,9732.63,UTR0499651216,0110,SUCCESS,TXN00017262,USR61315,MCH9251,UTR0499651216,0,0,0,0,0,0,0
TXN00000081,2026-01-05 10:46:42,USR10422,MCH1782,21578.95,UTR8174708540,1310,SUCCESS,TXN00000081,USR10422,MCH1782,UTR 8174708540,0,0,0,0,0,0,0
TXN00003507,2026-03-19 20:47:01,USR31233,MCH5800,24334.83,UTR6701366189,4110,PENDING,TXN00003507,USR31233,MCH5800,UTR6701366189,0,0,0,0,0,0,1
TXN00009121,2026-02-19 16:16:09,USR30632,MCH3997,-22229.37,UTR6254640255,,SUCCESS,TXN00009121,USR30632,MCH3997,UTR6254640255,1,0,1,0,0,0,0
TXN00000243,2026-03-22 17:55:16,USR28290,MCH7139,22872.46,UTR2803146265,8120,FAILED,TXN00000243,USR28290,MCH7139,UTR2803146265,0,0,0,0,0,1,0
TXN00003055,2026-03-20 23:32:26,USR29956,MCH7535,16422.33,UTR9191479001,4110,SUCCESS,TXN00003055,USR29956,MCH7535,UTR 9191479001,0,0,0,0,0,0,0
TXN00011119,2026-01-26 00:58:38,USR85640,MCH5105,18848.0,UTR7358170378,0110,SUCCESS,TXN00011119,USR85640,MCH5105,UTR7358170378,0,0,0,0,0,0,0
TXN00018063,2026-12-02 07:31:31,USR92572,MCH8207,21731.0,,4110,SUCCESS,TXN00018063,USR92572,MCH8207,,0,1,0,0,0,0,0
TXN00015807,2026-05-03 17:14:32,USR51953,MCH4126,3534.83,UTR1688689212,0110,SUCCESS,TXN00015807,USR51953,MCH4126,UTR1688689212,0,0,0,0,0,0,0
TXN00015295,2026-02-27 14:42:16,USR13651,MCH1184,8152.63,UTR0614805318,1310,FAILED,TXN00015295,USR13651,MCH1184,UTR0614805318,0,0,0,0,0,1,0
TXN00018846,2026-03-16 21:21:02,USR58040,MCH4037,21742.0,UTR5086714171,4110,SUCCESS,TXN00018846,USR58040,MCH4037,UTR5086714171,0,0,0,0,0,0,0
TXN00007294,2026-02-17 06:28:10,USR97370,MCH1934,0.1232461,UTR6328551067,4110,SUCCESS,TXN00007294,USR97370,MCH1934,UTR6328551067,0,0,0,0,0,0,0
TXN00019486,2026-03-30 13:58:23,USR80540,MCH7354,6996.48,UTR8259371937,8120,PENDING,TXN00019486,USR80540,MCH7354,UTR8259371937,0,0,0,0,0,0,1
TXN00006340,2026-03-20 22:50:34,USR99142,MCH5349,7164.0,UTR4503655666,0110,FAILED,TXN00006340,USR99142,MCH5349,UTR4503655666,0,0,0,0,0,1,0
TXN00008683,2026-02-24 11:36:55,USR34388,MCH1394,4413.1,UTR0405419746,9120,SUCCESS,TXN00008683,USR34388,MCH1394,UTR 0405419746,0,0,0,0,0,0,0
TXN00017179,2026-03-19 19:14:17,USR73994,MCH5335,19045.41,UTR5009988316,4110,FAILED,TXN00017179,USR73994,MCH5335,UTR5009988316,0,0,0,0,0,1,0
TXN00017550,2026-01-31 09:44:59,USR98403,MCH6376,13658.4,UTR3470470228,1310,SUCCESS,TXN00017550,USR98403,MCH6376,UTR3470470228,0,0,0,0,0,0,0
TXN00012034,2026-01-17 20:14:07,USR34021,MCH8779,13601.9,UTR9869721340,4110,SUCCESS,TXN00012034,USR34021,MCH8779,UTR9869721340,0,0,0,0,0,0,0
TXN00013579,2026-01-25 06:30:19,USR80596,MCH2439,24217.0,UTR1427659991,,SUCCESS,TXN00013579,USR80596,MCH2439,UTR1427659991,0,0,1,0,0,0,0
TXN00019209,2026-01-29 20:52:20,USR42648,MCH4243,10555.01,UTR9956622927,,SUCCESS,TXN00019209,USR42648,MCH4243,UTR9956622927,0,0,1,0,0,0,0
TXN00005617,2026-02-05 00:47:32,USR65904,MCH2029,21929.0,UTR2701530194,4110,SUCCESS,TXN00005617,USR65904,MCH2029,UTR 2701530194,0,0,0,0,0,0,0
TXN00002069,2026-01-28 01:06:39,USR94305,MCH4807,0.412601,UTR2309627797,4110,FAILED,TXN00002069,USR94305,MCH4807,UTR2309627797,0,0,0,0,0,1,0
TXN00009481,2026-01-05 06:35:50,USR12380,MCH5027,2814.9,UTR4370956993,9120,SUCCESS,TXN00009481,USR12380,MCH5027,UTR4370956993,0,0,0,0,0,0,0
TXN00016853,2026-03-26 20:56:16,USR34091,MCH6163,17474.0,UTR7087087609,4110,SUCCESS,TXN00016853,USR34091,MCH6163,UTR7087087609,0,0,0,0,0,0,0
TXN00000695,2026-03-31 09:33:05,USR42118,MCH2536,2879.77,,,SUCCESS,TXN00000695,USR42118,MCH2536,,0,1,1,0,0,0,0
TXN00011090,2026-03-22 23:55:38,USR93649,MCH2813,16170.35,UTR2276627249,,SUCCESS,TXN00011090,USR93649,MCH2813,UTR2276627249,0,0,1,0,0,0,0
TXN00003577,2026-02-11 03:17:11,USR42383,MCH6606,4887.21,UTR8169673684,8120,SUCCESS,TXN00003577,USR42383,MCH6606,UTR8169673684,0,0,0,0,0,0,0
TXN00011701,2026-03-20 01:45:03,USR27121,MCH3476,3307.0,UTR2987222899,0110,SUCCESS,TXN00011701,USR27121,MCH3476,UTR 2987222899,0,0,0,0,0,0,0
TXN00016275,2026-03-22 06:01:46,USR72659,MCH8967,0.197483,UTR5902892248,9120,SUCCESS,TXN00016275,USR72659,MCH8967,UTR 5902892248,0,0,0,0,0,0,0
TXN00008470,2026-03-14 17:44:57,USR84172,MCH3322,391.47,UTR0448564175,9120,SUCCESS,TXN00008470,USR84172,MCH3322,UTR0448564175,0,0,0,0,0,0,0
TXN00010015,2026-01-30 00:00:00,USR18400,MCH3748,12585.2,UTR1418208900,1310,SUCCESS,TXN00010015,USR18400,MCH3748,UTR 1418208900,0,0,0,0,0,0,0
TXN00018180,2026-02-18 02:08:36,USR53333,MCH9599,8254.95,UTR7956228985,8120,SUCCESS,TXN00018180,USR53333,MCH9599,UTR7956228985,0,0,0,0,0,0,0
TXN00013252,2026-02-01 13:58:56,USR89220,MCH5736,11039.59,UTR6288158564,9120,SUCCESS,TXN00013252,USR89220,MCH5736,UTR6288158564,0,0,0,0,0,0,0
TXN00009164,2026-03-25 01:15:08,USR66747,MCH3304,9220.38,UTR9440864966,4110,SUCCESS,TXN00009164,USR66747,MCH3304,UTR9440864966,0,0,0,0,0,0,0
TXN00009583,2026-02-15 05:08:55,USR47236,MCH5261,3621.44,UTR2527394979,4110,SUCCESS,TXN00009583,USR47236,MCH5261,UTR2527394979,0,0,0,0,0,0,0
TXN00010097,2026-01-19 00:00:00,USR59241,MCH5066,14732.08,UTR2233877525,8120,SUCCESS,TXN00010097,USR59241,MCH5066,UTR2233877525,0,0,0,0,0,0,0
TXN00012342,2026-02-01 09:02:33,USR85768,MCH9187,0.80962,UTR6085795508,0110,SUCCESS,TXN00012342,USR85768,MCH9187,UTR6085795508,0,0,0,0,0,0,0
TXN00016311,2026-02-02 05:02:53,USR22060,MCH7036,15720.82,UTR7155197911,8120,SUCCESS,TXN00016311,USR22060,MCH7036,UTR7155197911,0,0,0,0,0,0,0
TXN00009640,2026-03-21 09:02:10,USR28003,MCH7804,550.46,,,SUCCESS,TXN00009640,USR28003,MCH7804,,0,1,1,0,0,0,0
TXN00018041,2026-01-29 05:37:04,USR59914,MCH5940,13682.41,UTR0095421587,8120,FAILED,TXN00018041,USR59914,MCH5940,UTR0095421587,0,0,0,0,0,1,0
TXN00001950,2026-01-06 21:44:00,USR56551,MCH8499,10856.0,UTR6367565808,8120,SUCCESS,TXN00001950,USR56551,MCH8499,UTR6367565808,0,0,0,0,0,0,0
TXN00016883,2026-01-21 15:28:33,USR27919,MCH2840,18597.09,UTR1302771228,4110,SUCCESS,TXN00016883,USR27919,MCH2840,UTR1302771228,0,0,0,0,0,0,0
TXN00007752,2026-03-17 15:03:29,USR77378,MCH3022,17206.06,,1310,SUCCESS,TXN00007752,USR77378,MCH3022,,0,1,0,0,0,0,0
TXN00019268,2026-02-19 09:21:09,USR37822,MCH4438,18795.13,UTR6437940201,,SUCCESS,TXN00019268,USR37822,MCH4438,UTR6437940201,0,0,1,0,0,0,0
TXN00005013,2026-03-25 08:53:25,USR71221,MCH6773,0.1338834,UTR7685424164,4110,SUCCESS,TXN00005013,USR71221,MCH6773,UTR7685424164,0,0,0,0,0,0,0
TXN00015290,2026-01-06 02:16:08,USR33646,MCH9281,24947.0,UTR1999536046,0110,SUCCESS,TXN00015290,USR33646,MCH9281,UTR1999536046,0,0,0,0,0,0,0
TXN00016013,2026-01-09 11:15:48,USR83556,MCH3488,9791.99,UTR8166272507,4110,SUCCESS,TXN00016013,USR83556,MCH3488,UTR8166272507,0,0,0,0,0,0,0
TXN00005153,2026-03-24 14:46:21,USR89466,MCH3448,22722.0,UTR2483385308,9120,SUCCESS,TXN00005153,USR89466,MCH3448,UTR2483385308,0,0,0,0,0,0,0
TXN00017342,2026-03-26 03:57:48,USR73403,MCH1014,17338.71,UTR9973754945,4110,PENDING,TXN00017342,USR73403,MCH1014,UTR 9973754945,0,0,0,0,0,0,1
TXN00009522,2026-02-24 08:01:21,USR20473,MCH5344,15264.0,UTR5131575939,4110,SUCCESS,TXN00009522,USR20473,MCH5344,UTR5131575939,0,0,0,0,0,0,0
TXN00009696,2026-01-30 21:46:30,USR87212,MCH8486,13804.93,UTR8697662874,8120,SUCCESS,TXN00009696,USR87212,MCH8486,UTR8697662874,0,0,0,0,0,0,0
TXN00002423,2026-01-10 01:45:40,USR62674,MCH6716,18907.78,UTR7363641553,4110,SUCCESS,TXN00002423,USR62674,MCH6716,UTR7363641553,0,0,0,0,0,0,0
TXN00003988,2026-02-12 03:04:57,USR41709,MCH1392,11256.97,UTR6784664788,9120,SUCCESS,TXN00003988,USR41709,MCH1392,UTR6784664788,0,0,0,0,0,0,0
TXN00015325,2026-02-07 02:21:34,USR27295,MCH1137,5683.53,UTR1460118104,1310,SUCCESS,TXN00015325,USR27295,MCH1137,UTR1460118104,0,0,0,0,0,0,0
TXN00005404,2026-01-04 16:27:42,USR50577,MCH3081,6198.31,UTR7186018129,4110,SUCCESS,TXN00005404,USR50577,MCH3081,UTR 7186018129,0,0,0,0,0,0,0
TXN00001335,2026-03-13 07:35:17,USR57850,MCH4020,24370.08,UTR3038469633,4110,SUCCESS,TXN00001335,USR57850,MCH4020,UTR3038469633,0,0,0,0,0,0,0
TXN00011544,2026-01-31 08:05:01,USR21727,MCH7897,12037.09,UTR8343330422,8120,PENDING,TXN00011544,USR21727,MCH7897,UTR8343330422,0,0,0,0,0,0,1
TXN00009829,2026-11-02 07:57:45,USR30653,MCH1623,19280.69,UTR3674685071,4110,SUCCESS,TXN00009829,USR30653,MCH1623,UTR3674685071,0,0,0,0,0,0,0
TXN00008074,2026-01-30 11:22:34,USR11971,MCH5508,17150.05,UTR7151935353,4110,SUCCESS,TXN00008074,USR11971,MCH5508,UTR 7151935353,0,0,0,0,0,0,0
TXN00001106,2026-03-27 11:17:39,USR81642,MCH1108,4355.64,UTR0465584083,1310,SUCCESS,TXN00001106,USR81642,MCH1108,UTR0465584083,0,0,0,0,0,0,0
TXN00017212,2026-02-01 07:15:26,USR65425,MCH4300,0.36052,UTR0487370192,9120,FAILED,TXN00017212,USR65425,MCH4300,UTR0487370192,0,0,0,0,0,1,0
TXN00017647,2026-01-29 18:16:32,USR29169,MCH6919,1971.53,UTR0512302444,8120,SUCCESS,TXN00017647,USR29169,MCH6919,UTR0512302444,0,0,0,0,0,0,0
TXN00009848,2026-03-12 23:09:05,USR69082,MCH4304,9197.77,UTR1968857164,9120,SUCCESS,TXN00009848,USR69082,MCH4304,UTR1968857164,0,0,0,0,0,0,0
TXN00012407,2026-02-12 03:32:24,USR50613,MCH1160,1098.58,UTR0781662992,4110,SUCCESS,TXN00012407,USR50613,MCH1160,UTR0781662992,0,0,0,0,0,0,0
TXN00014306,2026-01-12 00:00:00,USR42531,MCH9818,16342.59,UTR5258755258,0110,SUCCESS,TXN00014306,USR42531,MCH9818,UTR5258755258,0,0,0,0,0,0,0
TXN00019769,2026-01-01 21:34:26,USR52974,MCH6697,19051.45,UTR2639207973,4110,SUCCESS,TXN00019769,USR52974,MCH6697,UTR2639207973,0,0,0,0,0,0,0
TXN00008014,2026-03-27 23:17:51,USR82133,MCH6215,5538.73,UTR3953209365,,FAILED,TXN00008014,USR82133,MCH6215,UTR3953209365,0,0,1,0,0,1,0
TXN00019663,2026-01-23 12:52:06,USR40350,MCH7418,94.03,UTR8089983420,9120,SUCCESS,TXN00019663,USR40350,MCH7418,UTR8089983420,0,0,0,0,0,0,0
TXN00000090,2026-01-10 19:21:01,USR21284,MCH7698,11810.65,UTR3410589588,4110,SUCCESS,TXN00000090,USR21284,MCH7698,UTR3410589588,0,0,0,0,0,0,0
TXN00015456,2026-03-06 08:00:34,USR18702,MCH8445,11931.9,UTR0483109730,4110,SUCCESS,TXN00015456,USR18702,MCH8445,UTR0483109730,0,0,0,0,0,0,0
TXN00012392,2026-02-13 05:57:21,USR58273,MCH7726,23518.52,UTR5787681345,4110,SUCCESS,TXN00012392,USR58273,MCH7726,UTR5787681345,0,0,0,0,0,0,0
TXN00002848,2026-02-13 21:20:08,USR41066,MCH6065,6283.0,UTR9597904557,9120,SUCCESS,TXN00002848,USR41066,MCH6065,UTR9597904557,0,0,0,0,0,0,0
TXN00017407,2026-02-11 16:22:18,USR71358,MCH3262,0.730482,UTR9427864005,4110,PENDING,TXN00017407,USR71358,MCH3262,UTR9427864005,0,0,0,0,0,0,1
TXN00002502,2026-03-16 16:55:18,USR12602,MCH8720,19115.55,UTR1507575279,0110,SUCCESS,TXN00002502,USR12602,MCH8720,UTR1507575279,0,0,0,0,0,0,0
TXN00014293,2026-03-06 17:25:23,USR90948,MCH1741,5438.99,UTR8261145163,4110,SUCCESS,TXN00014293,USR90948,MCH1741,UTR8261145163,0,0,0,0,0,0,0
TXN00000187,2026-01-25 09:50:14,USR52253,MCH6868,20432.38,UTR9004637018,0110,SUCCESS,TXN00000187,USR52253,MCH6868,UTR9004637018,0,0,0,0,0,0,0
TXN00003220,2026-01-02 20:07:38,USR83261,MCH5934,18312.7,UTR4448082262,,SUCCESS,TXN00003220,USR83261,MCH5934,UTR4448082262,0,0,1,0,0,0,0
TXN00019274,2026-01-04 20:36:45,USR97420,MCH1717,5866.95,UTR3406062923,1310,FAILED,TXN00019274,USR97420,MCH1717,UTR3406062923,0,0,0,0,0,1,0
TXN00011840,2026-02-18 13:39:48,USR75699,MCH8729,4325.0,UTR2724277951,4110,SUCCESS,TXN00011840,USR75699,MCH8729,UTR2724277951,0,0,0,0,0,0,0
TXN00012984,2026-11-03 09:14:54,USR28294,MCH4793,0.2302295,UTR3236314293,0110,SUCCESS,TXN00012984,USR28294,MCH4793,UTR3236314293,0,0,0,0,0,0,0
TXN00016801,2026-02-25 05:14:41,USR41554,MCH7413,13523.8,UTR7875248577,0110,SUCCESS,TXN00016801,USR41554,MCH7413,UTR7875248577,0,0,0,0,0,0,0
TXN00008744,2026-01-02 08:00:03,USR24688,MCH6415,1357.78,UTR4537031134,1310,FAILED,TXN00008744,USR24688,MCH6415,UTR4537031134,0,0,0,0,0,1,0
TXN00007239,2026-02-17 00:00:00,USR20969,MCH3369,-16550.92,UTR6555560848,8120,SUCCESS,TXN00007239,USR20969,MCH3369,UTR6555560848,1,0,0,0,0,0,0
TXN00011197,2026-03-30 10:17:23,USR55702,MCH4409,20882.79,UTR4656725507,0110,SUCCESS,TXN00011197,USR55702,MCH4409,UTR4656725507,0,0,0,0,0,0,0
TXN00018316,2026-03-05 16:24:09,USR38221,MCH4153,19917.05,UTR1303474019,0110,SUCCESS,TXN00018316,USR38221,MCH4153,UTR1303474019,0,0,0,0,0,0,0
TXN00008350,2026-02-05 15:26:04,USR97030,MCH6861,16169.06,UTR9212385846,8120,SUCCESS,TXN00008350,USR97030,MCH6861,UTR9212385846,0,0,0,0,0,0,0
TXN00016502,2026-03-24 20:21:41,USR46401,MCH3886,17852.0,UTR2357250224,8120,SUCCESS,TXN00016502,USR46401,MCH3886,UTR2357250224,0,0,0,0,0,0,0
TXN00009855,2026-02-23 00:39:34,USR80814,MCH7835,21577.09,UTR9656333864,9120,SUCCESS,TXN00009855,USR80814,MCH7835,UTR 9656333864,0,0,0,0,0,0,0
TXN00001864,2026-02-14 03:34:05,USR45275,MCH1680,13630.22,UTR0048820938,4110,FAILED,TXN00001864,USR45275,MCH1680,UTR0048820938,0,0,0,0,0,1,0
TXN00002518,2026-04-03 06:03:19,USR24545,MCH5323,11926.32,UTR5241911741,9120,SUCCESS,TXN00002518,USR24545,MCH5323,UTR5241911741,0,0,0,0,0,0,0
TXN00006853,2026-02-20 13:06:02,USR33440,MCH4803,22711.0,UTR8736529192,8120,SUCCESS,TXN00006853,USR33440,MCH4803,UTR8736529192,0,0,0,0,0,0,0
TXN00014277,2026-01-18 19:27:22,USR46505,MCH3534,4684.55,UTR9632850442,,SUCCESS,TXN00014277,USR46505,MCH3534,UTR9632850442,0,0,1,0,0,0,0
TXN00008175,2026-02-17 22:07:25,USR28960,MCH5719,15955.94,UTR6846977606,1310,SUCCESS,TXN00008175,USR28960,MCH5719,UTR 6846977606,0,0,0,0,0,0,0
TXN00011358,2026-11-02 04:12:20,USR65681,MCH2945,23053.1,UTR1745779630,9120,SUCCESS,TXN00011358,USR65681,MCH2945,UTR1745779630,0,0,0,0,0,0,0
TXN00019034,2026-02-15 20:36:24,USR27380,MCH2427,8352.45,UTR8332245652,1310,FAILED,TXN00019034,USR27380,MCH2427,UTR8332245652,0,0,0,0,0,1,0
TXN00006715,2026-03-20 11:29:11,USR98502,MCH2062,21427.16,UTR0319959911,0110,SUCCESS,TXN00006715,USR98502,MCH2062,UTR0319959911,0,0,0,0,0,0,0
TXN00004552,2026-01-25 00:47:25,USR43841,MCH4345,513.24,UTR9157975275,0110,SUCCESS,TXN00004552,USR43841,MCH4345,UTR9157975275,0,0,0,0,0,0,0
TXN00007416,2026-02-16 04:51:20,USR15385,MCH1438,13589.71,UTR2115226087,0110,SUCCESS,TXN00007416,USR15385,MCH1438,UTR2115226087,0,0,0,0,0,0,0
TXN00003859,2026-02-18 11:27:24,USR20139,MCH7532,10086.16,UTR2363439145,0110,SUCCESS,TXN00003859,USR20139,MCH7532,UTR2363439145,0,0,0,0,0,0,0
TXN00011814,2026-01-06 08:55:18,USR13022,MCH9393,4050.19,UTR9895090196,4110,SUCCESS,TXN00011814,USR13022,MCH9393,UTR9895090196,0,0,0,0,0,0,0
TXN00016063,2026-03-03 03:41:27,USR84122,MCH5410,3044.85,UTR1658935975,4110,SUCCESS,TXN00016063,USR84122,MCH5410,UTR1658935975,0,0,0,0,0,0,0
TXN00019335,2026-01-08 04:38:19,USR58226,MCH5935,17211.95,,9120,FAILED,TXN00019335,USR58226,MCH5935,,0,1,0,0,0,1,0
TXN00008784,2026-03-09 00:00:00,USR50762,MCH5115,16474.8,UTR7011835987,8120,SUCCESS,TXN00008784,USR50762,MCH5115,UTR7011835987,0,0,0,0,0,0,0
TXN00010403,2026-03-18 19:17:07,USR69950,MCH5857,3979.73,UTR5321500816,,SUCCESS,TXN00010403,USR69950,MCH5857,UTR5321500816,0,0,1,0,0,0,0
TXN00012524,2026-03-14 06:13:14,USR69096,MCH6934,10106.46,UTR3190973202,,SUCCESS,TXN00012524,USR69096,MCH6934,UTR3190973202,0,0,1,0,0,0,0
TXN00011779,2026-12-01 00:36:38,USR13033,MCH3362,21450.36,UTR1281750759,8120,SUCCESS,TXN00011779,USR13033,MCH3362,UTR1281750759,0,0,0,0,0,0,0
TXN00016810,2026-02-03 03:58:01,USR61932,MCH9813,1776.0,UTR3950161126,9120,SUCCESS,TXN00016810,USR61932,MCH9813,UTR3950161126,0,0,0,0,0,0,0
TXN00007974,2026-03-14 14:43:22,USR60585,MCH7695,22647.18,UTR5030405038,0110,FAILED,TXN00007974,USR60585,MCH7695,UTR5030405038,0,0,0,0,0,1,0
TXN00000652,2026-02-02 03:38:06,USR39385,MCH9556,13432.29,UTR3346174143,9120,SUCCESS,TXN00000652,USR39385,MCH9556,UTR3346174143,0,0,0,0,0,0,0
TXN00011390,2026-03-23 15:52:55,USR42908,MCH6484,10177.91,UTR7160584848,4110,PENDING,TXN00011390,USR42908,MCH6484,UTR7160584848,0,0,0,0,0,0,1
TXN00004485,2026-01-06 04:55:23,USR89791,MCH9900,5260.58,UTR4710511539,9120,FAILED,TXN00004485,USR89791,MCH9900,UTR4710511539,0,0,0,0,0,1,0
TXN00018858,2026-01-25 07:44:17,USR73963,MCH8313,24402.62,UTR4858163287,4110,SUCCESS,TXN00018858,USR73963,MCH8313,UTR4858163287,0,0,0,0,0,0,0
TXN00005177,2026-02-15 05:59:13,USR77889,MCH5976,22132.12,UTR2199523518,4110,PENDING,TXN00005177,USR77889,MCH5976,UTR2199523518,0,0,0,0,0,0,1
TXN00006573,2026-01-16 22:30:35,USR71821,MCH5862,1971.96,UTR7299057874,9120,SUCCESS,TXN00006573,USR71821,MCH5862,UTR7299057874,0,0,0,0,0,0,0
TXN00010475,2026-01-27 20:07:14,USR78504,MCH9245,17850.73,UTR5735038931,4110,SUCCESS,TXN00010475,USR78504,MCH9245,UTR5735038931,0,0,0,0,0,0,0
TXN00017857,2026-02-16 00:06:15,USR34544,MCH2465,13792.75,UTR1585254048,4110,SUCCESS,TXN00017857,USR34544,MCH2465,UTR1585254048,0,0,0,0,0,0,0
TXN00001584,2026-01-28 21:38:29,USR36978,MCH2608,12424.2,,,SUCCESS,TXN00001584,USR36978,MCH2608,,0,1,1,0,0,0,0
TXN00001681,2026-03-14 07:12:14,USR86037,MCH5078,8659.03,UTR4876218521,1310,SUCCESS,TXN00001681,USR86037,MCH5078,UTR4876218521,0,0,0,0,0,0,0
TXN00009069,2026-03-22 13:47:31,USR46746,MCH4123,772.11,,,SUCCESS,TXN00009069,USR46746,MCH4123,,0,1,1,0,0,0,0
TXN00007199,2026-03-28 00:00:00,USR77552,MCH5147,23311.78,UTR1715890584,8120,SUCCESS,TXN00007199,USR77552,MCH5147,UTR1715890584,0,0,0,0,0,0,0
TXN00017753,2026-01-10 11:55:12,USR77088,MCH9106,14371.83,UTR3081074462,,SUCCESS,TXN00017753,USR77088,MCH9106,UTR3081074462,0,0,1,0,0,0,0
TXN00005947,2026-01-01 19:43:18,USR78679,MCH1071,8469.29,UTR4030566677,4110,SUCCESS,TXN00005947,USR78679,MCH1071,UTR4030566677,0,0,0,0,0,0,0
TXN00019225,2026-03-15 12:38:14,USR55533,MCH8710,7403.0,UTR5922659562,4110,SUCCESS,TXN00019225,USR55533,MCH8710,UTR 5922659562,0,0,0,0,0,0,0
TXN00003278,2026-01-21 02:59:32,USR92928,MCH4434,12132.52,UTR2011765375,8120,SUCCESS,TXN00003278,USR92928,MCH4434,UTR2011765375,0,0,0,0,0,0,0
TXN00007059,2026-03-12 11:33:23,USR36148,MCH6537,22491.32,UTR9420591275,4110,SUCCESS,TXN00007059,USR36148,MCH6537,UTR 9420591275,0,0,0,0,0,0,0
TXN00013377,2026-02-19 00:18:59,USR43607,MCH8614,22484.49,UTR4251728672,9120,FAILED,TXN00013377,USR43607,MCH8614,UTR 4251728672,0,0,0,0,0,1,0
TXN00009808,2026-01-07 23:10:49,USR57250,MCH9057,15634.04,UTR7961997624,1310,SUCCESS,TXN00009808,USR57250,MCH9057,UTR 7961997624,0,0,0,0,0,0,0
TXN00002113,2026-01-21 21:17:45,USR60449,MCH4991,4613.78,UTR0677731118,,SUCCESS,TXN00002113,USR60449,MCH4991,UTR0677731118,0,0,1,0,0,0,0
TXN00012566,2026-01-30 00:00:00,USR77765,MCH9073,19479.81,UTR6923943123,4110,SUCCESS,TXN00012566,USR77765,MCH9073,UTR6923943123,0,0,0,0,0,0,0
TXN00010869,2026-03-24 02:11:23,USR45290,MCH4680,13132.31,UTR6853254127,0110,SUCCESS,TXN00010869,USR45290,MCH4680,UTR6853254127,0,0,0,0,0,0,0
TXN00018216,2026-06-01 09:40:52,USR55887,MCH7446,8160.48,UTR7258958429,0110,SUCCESS,TXN00018216,USR55887,MCH7446,UTR7258958429,0,0,0,0,0,0,0
TXN00015395,2026-01-21 03:25:32,USR15860,MCH8202,0.2300758,UTR7039239094,8120,SUCCESS,TXN00015395,USR15860,MCH8202,UTR 7039239094,0,0,0,0,0,0,0
TXN00018311,2026-02-20 23:28:06,USR67765,MCH2705,9091.0,UTR0966720441,1310,SUCCESS,TXN00018311,USR67765,MCH2705,UTR0966720441,0,0,0,0,0,0,0
TXN00014202,2026-07-01 16:13:45,USR17273,MCH1368,0.2220926,,,SUCCESS,TXN00014202,USR17273,MCH1368,,0,1,1,0,0,0,0
TXN00011906,2026-03-23 16:46:26,USR27818,MCH9723,18910.73,UTR0199019287,0110,SUCCESS,TXN00011906,USR27818,MCH9723,UTR 0199019287,0,0,0,0,0,0,0
TXN00013646,2026-01-06 10:00:00,USR36684,MCH3406,0.1532524,UTR5348102971,1310,SUCCESS,TXN00013646,USR36684,MCH3406,UTR5348102971,0,0,0,0,0,0,0
TXN00018023,2026-01-28 12:03:23,USR98904,MCH4095,17883.58,UTR9587019162,8120,SUCCESS,TXN00018023,USR98904,MCH4095,UTR9587019162,0,0,0,0,0,0,0
TXN00009412,2026-01-12 08:16:03,USR25994,MCH8215,16778.0,UTR0179671656,4110,SUCCESS,TXN00009412,USR25994,MCH8215,UTR0179671656,0,0,0,0,0,0,0
TXN00016193,2026-03-12 03:47:06,USR20656,MCH3630,23298.74,UTR0922326274,,SUCCESS,TXN00016193,USR20656,MCH3630,UTR0922326274,0,0,1,0,0,0,0
TXN00013601,2026-02-15 23:30:47,USR24633,MCH5766,0.467561,UTR5404119633,0110,PENDING,TXN00013601,USR24633,MCH5766,UTR5404119633,0,0,0,0,0,0,1
TXN00005772,2026-01-10 00:00:00,USR64749,MCH8560,18029.16,UTR2232238860,4110,FAILED,TXN00005772,USR64749,MCH8560,UTR2232238860,0,0,0,0,0,1,0
TXN00000694,2026-06-03 11:47:09,USR70187,MCH4039,6067.82,UTR3868358388,,PENDING,TXN00000694,USR70187,MCH4039,UTR3868358388,0,0,1,0,0,0,1
TXN00006719,2026-01-03 10:53:18,USR62052,MCH1327,5776.06,UTR8044733521,1310,SUCCESS,TXN00006719,USR62052,MCH1327,UTR8044733521,0,0,0,0,0,0,0
TXN00018814,2026-03-20 09:22:14,USR26284,MCH8605,1784.98,UTR0923727869,4110,SUCCESS,TXN00018814,USR26284,MCH8605,UTR0923727869,0,0,0,0,0,0,0
TXN00011526,2026-03-24 19:20:28,USR70928,MCH7671,18914.38,UTR7482931570,8120,SUCCESS,TXN00011526,USR70928,MCH7671,UTR7482931570,0,0,0,0,0,0,0
TXN00002594,2026-01-11 00:00:00,USR51761,MCH7584,13009.05,UTR5627495450,,SUCCESS,TXN00002594,USR51761,MCH7584,UTR5627495450,0,0,1,0,0,0,0
TXN00009751,2026-02-26 13:51:08,USR55579,MCH2341,8636.0,UTR3515144343,8120,FAILED,TXN00009751,USR55579,MCH2341,UTR3515144343,0,0,0,0,0,1,0
TXN00004058,2026-01-23 12:56:05,USR61951,MCH6105,1013.07,UTR2421951213,4110,SUCCESS,TXN00004058,USR61951,MCH6105,UTR2421951213,0,0,0,0,0,0,0
TXN00016996,2026-03-18 21:31:58,USR69448,MCH8095,7933.89,UTR7228339878,4110,SUCCESS,TXN00016996,USR69448,MCH8095,UTR 7228339878,0,0,0,0,0,0,0
TXN00015074,2026-01-09 18:44:40,USR66648,MCH7271,709.85,UTR1038717615,8120,SUCCESS,TXN00015074,USR66648,MCH7271,UTR1038717615,0,0,0,0,0,0,0
TXN00006470,2026-03-01 12:11:35,USR53554,MCH3023,19161.0,UTR3201275083,0110,SUCCESS,TXN00006470,USR53554,MCH3023,UTR3201275083,0,0,0,0,0,0,0
TXN00016466,2026-02-10 22:57:36,USR93646,MCH7161,1720.64,UTR0538782981,1310,SUCCESS,TXN00016466,USR93646,MCH7161,UTR0538782981,0,0,0,0,0,0,0
TXN00019944,2026-03-23 18:26:52,USR21318,MCH6909,20575.53,UTR8303472552,8120,SUCCESS,TXN00019944,USR21318,MCH6909,UTR8303472552,0,0,0,0,0,0,0
TXN00019285,2026-02-05 21:05:30,USR69897,MCH7362,17834.0,,,SUCCESS,TXN00019285,USR69897,MCH7362,,0,1,1,0,0,0,0
TXN00004004,2026-03-28 04:09:05,USR59469,MCH4940,3855.96,UTR4459103620,9120,FAILED,TXN00004004,USR59469,MCH4940,UTR4459103620,0,0,0,0,0,1,0
TXN00017903,2026-02-20 06:38:01,USR53209,MCH4502,22581.13,UTR0903588746,0110,SUCCESS,TXN00017903,USR53209,MCH4502,UTR0903588746,0,0,0,0,0,0,0
TXN00014346,2026-03-14 16:32:29,USR21498,MCH8296,1132.0,UTR4852767892,8120,SUCCESS,TXN00014346,USR21498,MCH8296,UTR4852767892,0,0,0,0,0,0,0
TXN00010546,2026-02-15 17:29:12,USR92234,MCH1669,10242.67,,4110,SUCCESS,TXN00010546,USR92234,MCH1669,,0,1,0,0,0,0,0
TXN00017565,2026-03-01 23:59:26,USR91758,MCH4857,18240.3,UTR2965553650,0110,FAILED,TXN00017565,USR91758,MCH4857,UTR2965553650,0,0,0,0,0,1,0
TXN00008999,2026-02-17 13:38:58,USR41470,MCH3397,2707.03,UTR7447792047,9120,SUCCESS,TXN00008999,USR41470,MCH3397,UTR7447792047,0,0,0,0,0,0,0
TXN00018822,2026-02-21 22:05:03,USR77735,MCH2163,6971.28,UTR8144046755,,SUCCESS,TXN00018822,USR77735,MCH2163,UTR8144046755,0,0,1,0,0,0,0
TXN00008281,2026-03-08 14:22:00,USR34370,MCH6716,8395.57,,1310,SUCCESS,TXN00008281,USR34370,MCH6716,,0,1,0,0,0,0,0
TXN00011934,2026-03-30 07:57:44,USR19102,MCH5547,4074.0,UTR3790347022,4110,SUCCESS,TXN00011934,USR19102,MCH5547,UTR3790347022,0,0,0,0,0,0,0
TXN00014954,2026-03-28 05:07:16,USR99560,MCH7089,8317.87,UTR2887342840,8120,SUCCESS,TXN00014954,USR99560,MCH7089,UTR2887342840,0,0,0,0,0,0,0
TXN00007495,2026-03-20 02:07:29,USR81646,MCH3404,0.2152923,UTR6513646859,,SUCCESS,TXN00007495,USR81646,MCH3404,UTR6513646859,0,0,1,0,0,0,0
TXN00014910,2026-03-18 14:59:09,USR64680,MCH4215,1742.21,UTR9707030565,1310,SUCCESS,TXN00014910,USR64680,MCH4215,UTR9707030565,0,0,0,0,0,0,0
TXN00006771,2026-02-10 10:40:10,USR29557,MCH6801,2829.89,UTR8518527890,9120,SUCCESS,TXN00006771,USR29557,MCH6801,UTR8518527890,0,0,0,0,0,0,0
TXN00002501,2026-02-14 19:47:32,USR68632,MCH7316,20690.0,,8120,SUCCESS,TXN00002501,USR68632,MCH7316,,0,1,0,0,0,0,0
TXN00016921,2026-01-09 02:46:54,USR96354,MCH8300,16542.93,UTR4452341772,4110,SUCCESS,TXN00016921,USR96354,MCH8300,UTR4452341772,0,0,0,0,0,0,0
TXN00013129,2026-02-16 03:21:37,USR61697,MCH3025,17586.49,UTR5747866351,9120,FAILED,TXN00013129,USR61697,MCH3025,UTR5747866351,0,0,0,0,0,1,0
TXN00000157,2026-01-26 00:00:00,USR47839,MCH6646,16807.0,UTR4742362555,1310,SUCCESS,TXN00000157,USR47839,MCH6646,UTR4742362555,0,0,0,0,0,0,0
TXN00018842,2026-03-08 00:00:00,USR22336,MCH6678,23848.02,UTR2132311070,1310,SUCCESS,TXN00018842,USR22336,MCH6678,UTR2132311070,0,0,0,0,0,0,0
TXN00018712,2026-03-09 00:00:00,USR64481,MCH1221,17495.37,UTR8546109012,1310,SUCCESS,TXN00018712,USR64481,MCH1221,UTR8546109012,0,0,0,0,0,0,0
TXN00009836,2026-03-21 14:54:17,USR69967,MCH2345,383.6,UTR1280693000,4110,SUCCESS,TXN00009836,USR69967,MCH2345,UTR1280693000,0,0,0,0,0,0,0
TXN00019825,2026-01-10 02:40:52,USR32726,MCH5336,11690.59,UTR5664524193,1310,SUCCESS,TXN00019825,USR32726,MCH5336,UTR5664524193,0,0,0,0,0,0,0
TXN00017580,2026-01-17 00:00:00,USR86905,MCH1593,18278.58,UTR3475491614,8120,SUCCESS,TXN00017580,USR86905,MCH1593,UTR3475491614,0,0,0,0,0,0,0
TXN00002145,2026-01-21 22:18:43,USR48068,MCH7442,11784.0,UTR0310124056,1310,PENDING,TXN00002145,USR48068,MCH7442,UTR 0310124056,0,0,0,0,0,0,1
TXN00000343,2026-01-10 13:19:48,USR65277,MCH8208,4338.31,UTR2110814327,9120,SUCCESS,TXN00000343,USR65277,MCH8208,UTR2110814327,0,0,0,0,0,0,0
TXN00004868,2026-02-07 13:23:54,USR93237,MCH7572,3721.18,UTR9813726827,4110,PENDING,TXN00004868,USR93237,MCH7572,UTR9813726827,0,0,0,0,0,0,1
TXN00010420,2026-05-03 06:42:03,USR54069,MCH2481,13987.0,UTR5160043823,,SUCCESS,TXN00010420,USR54069,MCH2481,UTR5160043823,0,0,1,0,0,0,0
TXN00014124,2026-02-22 04:42:29,USR69230,MCH6176,8912.64,UTR0098679781,1310,SUCCESS,TXN00014124,USR69230,MCH6176,UTR 0098679781,0,0,0,0,0,0,0
TXN00007668,2026-03-27 01:29:28,USR32925,MCH4783,0.173231,UTR1191769943,0110,SUCCESS,TXN00007668,USR32925,MCH4783,UTR1191769943,0,0,0,0,0,0,0
TXN00014639,2026-02-11 04:01:50,USR28127,MCH6207,17484.08,UTR5992291295,,SUCCESS,TXN00014639,USR28127,MCH6207,UTR5992291295,0,0,1,0,0,0,0
TXN00001959,2026-03-30 07:45:23,USR36293,MCH4519,15908.07,UTR3046478525,8120,SUCCESS,TXN00001959,USR36293,MCH4519,UTR3046478525,0,0,0,0,0,0,0
TXN00009422,2026-01-27 08:38:05,USR32874,MCH5387,13732.0,UTR2645266435,9120,FAILED,TXN00009422,USR32874,MCH5387,UTR2645266435,0,0,0,0,0,1,0
TXN00002056,2026-01-21 15:43:02,USR22947,MCH1387,16728.87,UTR4753568652,8120,SUCCESS,TXN00002056,USR22947,MCH1387,UTR4753568652,0,0,0,0,0,0,0
TXN00006132,2026-01-18 04:01:49,USR84431,MCH2691,-18910.19,UTR2861419302,8120,SUCCESS,TXN00006132,USR84431,MCH2691,UTR 2861419302,1,0,0,0,0,0,0
TXN00001018,2026-01-08 09:05:04,USR71863,MCH9287,0.1420295,UTR8976813381,8120,SUCCESS,TXN00001018,USR71863,MCH9287,UTR 8976813381,0,0,0,0,0,0,0
TXN00005300,2026-02-18 10:30:06,USR57378,MCH7257,687.4,UTR9765111987,9120,SUCCESS,TXN00005300,USR57378,MCH7257,UTR9765111987,0,0,0,0,0,0,0
TXN00019765,2026-03-26 21:04:07,USR25588,MCH5173,8174.82,UTR0302393053,4110,SUCCESS,TXN00019765,USR25588,MCH5173,UTR 0302393053,0,0,0,0,0,0,0
TXN00015875,2026-03-22 13:39:26,USR27784,MCH8603,11489.07,UTR9525668608,0110,SUCCESS,TXN00015875,USR27784,MCH8603,UTR9525668608,0,0,0,0,0,0,0
TXN00003485,2026-01-12 09:35:54,USR81235,MCH5694,14583.94,,1310,SUCCESS,TXN00003485,USR81235,MCH5694,,0,1,0,0,0,0,0
TXN00017102,2026-03-20 05:48:52,USR24399,MCH5085,21241.78,UTR8258002257,,SUCCESS,TXN00017102,USR24399,MCH5085,UTR8258002257,0,0,1,0,0,0,0
TXN00012370,2026-01-15 23:09:35,USR39115,MCH4194,0.2102382,UTR3533442231,4110,FAILED,TXN00012370,USR39115,MCH4194,UTR3533442231,0,0,0,0,0,1,0
TXN00006731,2026-08-03 08:24:53,USR71027,MCH1802,11496.22,UTR2696519863,1310,SUCCESS,TXN00006731,USR71027,MCH1802,UTR2696519863,0,0,0,0,0,0,0
TXN00009082,2026-01-14 03:17:14,USR50153,MCH3620,0.1175144,UTR1308500778,4110,SUCCESS,TXN00009082,USR50153,MCH3620,UTR1308500778,0,0,0,0,0,0,0
TXN00015178,2026-03-10 14:18:58,USR48653,MCH8056,7245.67,UTR0164462177,1310,SUCCESS,TXN00015178,USR48653,MCH8056,UTR0164462177,0,0,0,0,0,0,0
TXN00000326,2026-03-20 00:00:00,USR37686,MCH5897,18450.04,UTR6596868360,8120,SUCCESS,TXN00000326,USR37686,MCH5897,UTR6596868360,0,0,0,0,0,0,0
TXN00018640,2026-01-06 14:58:09,USR98569,MCH4855,0.208234,UTR0534928776,,SUCCESS,TXN00018640,USR98569,MCH4855,UTR0534928776,0,0,1,0,0,0,0
TXN00019014,2026-03-05 00:46:25,USR18437,MCH7453,1944.78,UTR1858438901,0110,SUCCESS,TXN00019014,USR18437,MCH7453,UTR1858438901,0,0,0,0,0,0,0
TXN00006785,2026-03-26 11:31:19,USR77027,MCH6847,18233.71,UTR7763929725,1310,SUCCESS,TXN00006785,USR77027,MCH6847,UTR7763929725,0,0,0,0,0,0,0
TXN00018661,2026-03-20 21:32:46,USR37193,MCH2574,0.479796,UTR9725938702,1310,FAILED,TXN00018661,USR37193,MCH2574,UTR9725938702,0,0,0,0,0,1,0
TXN00013111,2026-02-17 10:58:18,USR94688,MCH7663,5583.0,UTR2683139471,8120,SUCCESS,TXN00013111,USR94688,MCH7663,UTR2683139471,0,0,0,0,0,0,0
TXN00001530,2026-02-18 02:11:57,USR91026,MCH5549,0.1348364,UTR0638532642,1310,SUCCESS,TXN00001530,USR91026,MCH5549,UTR0638532642,0,0,0,0,0,0,0
TXN00004021,2026-01-31 12:48:08,USR89366,MCH8857,10288.49,UTR5584368669,0110,SUCCESS,TXN00004021,USR89366,MCH8857,UTR5584368669,0,0,0,0,0,0,0
TXN00010947,2026-02-02 21:11:30,USR52917,MCH1804,1463.0,UTR9479161940,8120,SUCCESS,TXN00010947,USR52917,MCH1804,UTR 9479161940,0,0,0,0,0,0,0
TXN00004153,2026-01-27 02:37:35,USR46144,MCH9645,17806.3,UTR9380530563,4110,SUCCESS,TXN00004153,USR46144,MCH9645,UTR9380530563,0,0,0,0,0,0,0
TXN00016983,2026-03-22 02:56:12,USR38923,MCH2930,23853.91,UTR1131408551,8120,SUCCESS,TXN00016983,USR38923,MCH2930,UTR1131408551,0,0,0,0,0,0,0
TXN00014102,2026-01-14 11:46:38,USR80544,MCH2301,18380.54,UTR2402190764,9120,SUCCESS,TXN00014102,USR80544,MCH2301,UTR2402190764,0,0,0,0,0,0,0
TXN00003799,2026-02-16 11:57:59,USR12285,MCH7011,4321.0,UTR9177153608,,SUCCESS,TXN00003799,USR12285,MCH7011,UTR 9177153608,0,0,1,0,0,0,0
TXN00006711,2026-01-28 18:15:37,USR41854,MCH7728,2472.69,,4110,SUCCESS,TXN00006711,USR41854,MCH7728,,0,1,0,0,0,0,0
TXN00016131,2026-02-23 14:36:17,USR60934,MCH6366,18661.85,UTR2122972893,0110,FAILED,TXN00016131,USR60934,MCH6366,UTR2122972893,0,0,0,0,0,1,0
TXN00012607,2026-03-12 23:32:11,USR75511,MCH7092,15095.08,UTR5354814328,4110,SUCCESS,TXN00012607,USR75511,MCH7092,UTR5354814328,0,0,0,0,0,0,0
TXN00009620,2026-02-14 00:13:33,USR51252,MCH9045,4769.52,UTR7671897557,9120,SUCCESS,TXN00009620,USR51252,MCH9045,UTR7671897557,0,0,0,0,0,0,0
TXN00014530,2026-03-14 00:33:06,USR78775,MCH4094,11308.95,UTR1481823685,,SUCCESS,TXN00014530,USR78775,MCH4094,UTR1481823685,0,0,1,0,0,0,0
TXN00013380,2026-03-27 19:42:35,USR27219,MCH4084,19103.75,UTR3951394414,4110,SUCCESS,TXN00013380,USR27219,MCH4084,UTR3951394414,0,0,0,0,0,0,0
TXN00016655,2026-02-23 13:32:02,USR53458,MCH6107,0.2178522,UTR9290710385,8120,SUCCESS,TXN00016655,USR53458,MCH6107,UTR9290710385,0,0,0,0,0,0,0
TXN00010738,2026-03-17 00:00:00,USR59050,MCH8090,12165.36,UTR4218419916,,SUCCESS,TXN00010738,USR59050,MCH8090,UTR4218419916,0,0,1,0,0,0,0
TXN00012614,2026-02-19 20:12:19,USR86899,MCH7487,6974.9,UTR0059392061,4110,SUCCESS,TXN00012614,USR86899,MCH7487,UTR0059392061,0,0,0,0,0,0,0
TXN00001338,2026-01-25 07:23:58,USR13929,MCH6091,0.170089,UTR1748975944,,SUCCESS,TXN00001338,USR13929,MCH6091,UTR1748975944,0,0,1,0,0,0,0
TXN00014864,2026-02-25 01:25:13,USR48027,MCH2316,17258.37,,,SUCCESS,TXN00014864,USR48027,MCH2316,,0,1,1,0,0,0,0
TXN00016583,2026-02-14 02:35:15,USR26894,MCH3015,-16669.52,UTR7324212009,0110,PENDING,TXN00016583,USR26894,MCH3015,UTR 7324212009,1,0,0,0,0,0,1
TXN00015681,2026-03-30 10:31:08,USR93061,MCH5777,20502.5,UTR7416283448,4110,SUCCESS,TXN00015681,USR93061,MCH5777,UTR7416283448,0,0,0,0,0,0,0
TXN00002050,2026-02-28 07:03:24,USR15451,MCH8247,2052.32,UTR3452036275,8120,SUCCESS,TXN00002050,USR15451,MCH8247,UTR3452036275,0,0,0,0,0,0,0
TXN00010582,2026-02-03 08:35:24,USR89726,MCH6736,24770.13,UTR2060200096,4110,FAILED,TXN00010582,USR89726,MCH6736,UTR2060200096,0,0,0,0,0,1,0
TXN00015476,2026-03-02 10:05:37,USR97734,MCH8180,2070.63,UTR7101406999,1310,SUCCESS,TXN00015476,USR97734,MCH8180,UTR7101406999,0,0,0,0,0,0,0
TXN00000649,2026-03-07 23:23:31,USR93416,MCH1457,19731.39,UTR2732259053,4110,SUCCESS,TXN00000649,USR93416,MCH1457,UTR2732259053,0,0,0,0,0,0,0
TXN00017055,2026-01-12 00:11:40,USR28939,MCH4578,12837.21,UTR9508541193,1310,SUCCESS,TXN00017055,USR28939,MCH4578,UTR9508541193,0,0,0,0,0,0,0
TXN00004375,2026-01-16 13:08:35,USR26529,MCH6695,12797.57,UTR0954732826,,FAILED,TXN00004375,USR26529,MCH6695,UTR0954732826,0,0,1,0,0,1,0
TXN00018321,2026-02-24 16:13:45,USR79545,MCH8777,5936.82,UTR2175664802,,SUCCESS,TXN00018321,USR79545,MCH8777,UTR2175664802,0,0,1,0,0,0,0
TXN00001438,2026-02-23 14:50:20,USR93182,MCH8887,17619.97,UTR6616676863,1310,SUCCESS,TXN00001438,USR93182,MCH8887,UTR6616676863,0,0,0,0,0,0,0
TXN00012646,2026-12-02 08:29:22,USR65434,MCH6339,10281.91,UTR9847420280,1310,SUCCESS,TXN00012646,USR65434,MCH6339,UTR9847420280,0,0,0,0,0,0,0
TXN00005129,2026-10-02 02:29:31,USR31782,MCH3945,8588.45,UTR1825082412,9120,SUCCESS,TXN00005129,USR31782,MCH3945,UTR 1825082412,0,0,0,0,0,0,0
TXN00005967,2026-07-03 17:58:53,USR81393,MCH5871,22694.95,UTR3163679741,4110,SUCCESS,TXN00005967,USR81393,MCH5871,UTR3163679741,0,0,0,0,0,0,0
TXN00012762,2026-03-17 21:22:55,USR49120,MCH5273,15517.77,UTR0110887881,9120,SUCCESS,TXN00012762,USR49120,MCH5273,UTR0110887881,0,0,0,0,0,0,0
TXN00001117,2026-03-11 21:53:44,USR68437,MCH6545,2296.26,UTR8460173619,4110,SUCCESS,TXN00001117,USR68437,MCH6545,UTR8460173619,0,0,0,0,0,0,0
TXN00005904,2026-02-23 12:42:02,USR94157,MCH7090,9401.77,,0110,SUCCESS,TXN00005904,USR94157,MCH7090,,0,1,0,0,0,0,0
TXN00000247,2026-06-01 14:58:31,USR17051,MCH8962,10710.32,UTR2801495063,4110,SUCCESS,TXN00000247,USR17051,MCH8962,UTR 2801495063,0,0,0,0,0,0,0
TXN00008507,2026-03-03 11:33:29,USR87317,MCH1324,20.25,UTR6236228271,0110,SUCCESS,TXN00008507,USR87317,MCH1324,UTR6236228271,0,0,0,0,0,0,0
TXN00019273,2026-03-29 15:04:25,USR62686,MCH1693,1105.74,UTR0981629940,4110,SUCCESS,TXN00019273,USR62686,MCH1693,UTR0981629940,0,0,0,0,0,0,0
TXN00018473,2026-02-04 00:00:00,USR37924,MCH5090,10912.32,UTR5291300061,8120,SUCCESS,TXN00018473,USR37924,MCH5090,UTR5291300061,0,0,0,0,0,0,0
TXN00005877,2026-01-04 05:03:40,USR35340,MCH1946,21676.62,UTR8629309423,9120,SUCCESS,TXN00005877,USR35340,MCH1946,UTR8629309423,0,0,0,0,0,0,0
TXN00002960,2026-01-10 01:42:14,USR52809,MCH2842,20178.7,UTR4057596329,8120,SUCCESS,TXN00002960,USR52809,MCH2842,UTR4057596329,0,0,0,0,0,0,0
TXN00018326,2026-03-18 00:00:00,USR21855,MCH1478,7684.95,UTR5236736916,4110,SUCCESS,TXN00018326,USR21855,MCH1478,UTR5236736916,0,0,0,0,0,0,0
TXN00010594,2026-02-26 03:07:14,USR37034,MCH6789,6357.99,UTR4702843955,,SUCCESS,TXN00010594,USR37034,MCH6789,UTR4702843955,0,0,1,0,0,0,0
TXN00011067,2026-02-07 01:35:14,USR69225,MCH2320,0.123768,UTR5844079107,0110,SUCCESS,TXN00011067,USR69225,MCH2320,UTR5844079107,0,0,0,0,0,0,0
TXN00015092,2026-12-03 09:26:16,USR90022,MCH2195,0.1599032,UTR2830909155,,SUCCESS,TXN00015092,USR90022,MCH2195,UTR2830909155,0,0,1,0,0,0,0
TXN00000675,2026-01-19 10:54:56,USR61031,MCH8911,10265.82,UTR7688296217,4110,SUCCESS,TXN00000675,USR61031,MCH8911,UTR7688296217,0,0,0,0,0,0,0
TXN00000159,2026-02-26 18:11:02,USR54850,MCH3599,5948.56,UTR1745039974,9120,SUCCESS,TXN00000159,USR54850,MCH3599,UTR1745039974,0,0,0,0,0,0,0
TXN00002388,2026-03-29 23:55:53,USR50225,MCH5778,15031.0,UTR8209797868,8120,SUCCESS,TXN00002388,USR50225,MCH5778,UTR8209797868,0,0,0,0,0,0,0
TXN00006524,2026-02-28 15:53:44,USR67811,MCH7897,4680.81,UTR2958924581,0110,SUCCESS,TXN00006524,USR67811,MCH7897,UTR2958924581,0,0,0,0,0,0,0
TXN00015888,2026-02-11 15:31:49,USR58816,MCH1045,8738.13,UTR7627253999,4110,SUCCESS,TXN00015888,USR58816,MCH1045,UTR7627253999,0,0,0,0,0,0,0
TXN00010225,2026-01-01 07:42:24,USR97663,MCH1278,0.47123,UTR5850405335,,SUCCESS,TXN00010225,USR97663,MCH1278,UTR5850405335,0,0,1,0,0,0,0
TXN00010356,2026-02-27 18:23:52,USR38749,MCH3061,1817.99,UTR2159260056,4110,PENDING,TXN00010356,USR38749,MCH3061,UTR2159260056,0,0,0,0,0,0,1
TXN00019873,2026-02-24 17:25:20,USR63317,MCH9246,8897.65,UTR1061902380,8120,SUCCESS,TXN00019873,USR63317,MCH9246,UTR1061902380,0,0,0,0,0,0,0
TXN00010893,2026-01-12 08:26:13,USR36630,MCH4189,20863.01,UTR1035966541,8120,SUCCESS,TXN00010893,USR36630,MCH4189,UTR1035966541,0,0,0,0,0,0,0
TXN00003754,2026-01-25 18:10:58,USR57360,MCH6937,17279.48,UTR7663415901,1310,SUCCESS,TXN00003754,USR57360,MCH6937,UTR7663415901,0,0,0,0,0,0,0
TXN00012245,2026-01-16 21:06:38,USR71937,MCH5264,2273.73,UTR2000836349,4110,SUCCESS,TXN00012245,USR71937,MCH5264,UTR2000836349,0,0,0,0,0,0,0
TXN00004856,2026-01-11 22:42:42,USR26153,MCH6796,4808.48,UTR7042547154,8120,SUCCESS,TXN00004856,USR26153,MCH6796,UTR7042547154,0,0,0,0,0,0,0
TXN00007351,2026-01-17 03:36:12,USR82510,MCH8026,0.823974,UTR0145804489,8120,SUCCESS,TXN00007351,USR82510,MCH8026,UTR0145804489,0,0,0,0,0,0,0
TXN00003126,2026-02-08 05:51:43,USR83509,MCH8721,-15172.23,UTR1037103289,0110,SUCCESS,TXN00003126,USR83509,MCH8721,UTR1037103289,1,0,0,0,0,0,0
TXN00019011,2026-01-15 13:41:57,USR64858,MCH2075,18886.0,UTR1594379376,9120,SUCCESS,TXN00019011,USR64858,MCH2075,UTR1594379376,0,0,0,0,0,0,0
TXN00010366,2026-03-23 03:46:43,USR35782,MCH3621,9512.23,UTR8673553126,4110,SUCCESS,TXN00010366,USR35782,MCH3621,UTR8673553126,0,0,0,0,0,0,0
TXN00010524,2026-02-01 15:34:13,USR76483,MCH3885,10812.46,UTR7262190546,4110,SUCCESS,TXN00010524,USR76483,MCH3885,UTR 7262190546,0,0,0,0,0,0,0
TXN00008211,2026-03-11 09:19:51,USR10378,MCH7476,4358.52,UTR7609531170,0110,SUCCESS,TXN00008211,USR10378,MCH7476,UTR7609531170,0,0,0,0,0,0,0
TXN00017234,2026-01-13 16:11:56,USR47491,MCH2568,19032.68,UTR1136636720,9120,PENDING,TXN00017234,USR47491,MCH2568,UTR1136636720,0,0,0,0,0,0,1
TXN00019850,2026-02-11 09:02:16,USR15110,MCH8673,7656.85,UTR9129186947,,SUCCESS,TXN00019850,USR15110,MCH8673,UTR9129186947,0,0,1,0,0,0,0
TXN00016783,2026-02-05 06:36:58,USR30700,MCH7651,1848.0,UTR4550632974,4110,SUCCESS,TXN00016783,USR30700,MCH7651,UTR4550632974,0,0,0,0,0,0,0
TXN00018588,2026-02-18 05:09:15,USR69867,MCH9481,16716.14,UTR4644720374,9120,SUCCESS,TXN00018588,USR69867,MCH9481,UTR 4644720374,0,0,0,0,0,0,0
TXN00012937,2026-02-23 13:45:15,USR40424,MCH1291,13955.64,UTR2595100962,1310,SUCCESS,TXN00012937,USR40424,MCH1291,UTR2595100962,0,0,0,0,0,0,0
TXN00018969,2026-02-01 16:53:40,USR40638,MCH6077,13413.94,UTR8374986370,1310,SUCCESS,TXN00018969,USR40638,MCH6077,UTR8374986370,0,0,0,0,0,0,0
TXN00012429,2026-02-12 11:06:44,USR54166,MCH1024,6690.94,UTR8734498280,,SUCCESS,TXN00012429,USR54166,MCH1024,UTR8734498280,0,0,1,0,0,0,0
TXN00001219,2026-01-08 04:37:26,USR33800,MCH6578,16366.24,UTR7496926605,1310,FAILED,TXN00001219,USR33800,MCH6578,UTR7496926605,0,0,0,0,0,1,0
TXN00004649,2026-03-09 10:46:36,USR58829,MCH7228,0.2182735,UTR5541672962,4110,SUCCESS,TXN00004649,USR58829,MCH7228,UTR5541672962,0,0,0,0,0,0,0
TXN00016629,2026-04-03 18:47:49,USR84994,MCH2686,14170.74,UTR7832337182,,SUCCESS,TXN00016629,USR84994,MCH2686,UTR7832337182,0,0,1,0,0,0,0
TXN00001645,2026-01-16 08:06:35,USR97422,MCH2691,2237.22,UTR8460818485,4110,SUCCESS,TXN00001645,USR97422,MCH2691,UTR8460818485,0,0,0,0,0,0,0
TXN00015582,2026-03-20 06:18:51,USR13758,MCH2527,9962.43,UTR3323646685,9120,SUCCESS,TXN00015582,USR13758,MCH2527,UTR3323646685,0,0,0,0,0,0,0
TXN00009852,2026-01-27 03:23:56,USR98447,MCH6467,0.2432263,UTR3753083591,8120,SUCCESS,TXN00009852,USR98447,MCH6467,UTR 3753083591,0,0,0,0,0,0,0
TXN00003750,2026-02-21 10:58:13,USR25655,MCH3318,22115.83,UTR7610747705,4110,SUCCESS,TXN00003750,USR25655,MCH3318,UTR 7610747705,0,0,0,0,0,0,0
TXN00007007,2026-09-01 09:34:18,USR26074,MCH7819,13343.53,UTR2375726829,,FAILED,TXN00007007,USR26074,MCH7819,UTR2375726829,0,0,1,0,0,1,0
TXN00012140,2026-02-08 14:22:10,USR46336,MCH5872,21307.39,UTR4044945013,8120,SUCCESS,TXN00012140,USR46336,MCH5872,UTR4044945013,0,0,0,0,0,0,0
TXN00001235,2026-02-28 20:49:21,USR49705,MCH1317,16295.15,UTR6746250179,,SUCCESS,TXN00001235,USR49705,MCH1317,UTR6746250179,0,0,1,0,0,0,0
TXN00003058,2026-03-12 00:21:03,USR92271,MCH3233,1933.72,UTR0313557455,8120,SUCCESS,TXN00003058,USR92271,MCH3233,UTR0313557455,0,0,0,0,0,0,0
TXN00019931,2026-03-17 03:21:48,USR95247,MCH6803,6736.15,UTR1252513112,0110,SUCCESS,TXN00019931,USR95247,MCH6803,UTR1252513112,0,0,0,0,0,0,0
TXN00009604,2026-03-25 14:29:59,USR69000,MCH7811,1107.18,UTR5218720977,0110,SUCCESS,TXN00009604,USR69000,MCH7811,UTR5218720977,0,0,0,0,0,0,0
TXN00006065,2026-02-24 06:38:17,USR77541,MCH9079,5966.0,UTR5816718620,8120,FAILED,TXN00006065,USR77541,MCH9079,UTR5816718620,0,0,0,0,0,1,0
TXN00008027,2026-01-17 13:32:43,USR36025,MCH6647,20657.17,UTR3361521178,8120,SUCCESS,TXN00008027,USR36025,MCH6647,UTR3361521178,0,0,0,0,0,0,0
TXN00001063,2026-02-20 15:45:28,USR41868,MCH1688,19209.15,UTR9753701456,8120,SUCCESS,TXN00001063,USR41868,MCH1688,UTR9753701456,0,0,0,0,0,0,0
TXN00008367,2026-02-01 03:16:17,USR65138,MCH6039,0.1118884,UTR9045443810,8120,SUCCESS,TXN00008367,USR65138,MCH6039,UTR9045443810,0,0,0,0,0,0,0
TXN00011224,2026-01-08 10:01:32,USR60572,MCH9209,22880.26,UTR0749223057,,SUCCESS,TXN00011224,USR60572,MCH9209,UTR0749223057,0,0,1,0,0,0,0
TXN00011783,2026-01-24 20:15:29,USR84411,MCH6680,17874.25,UTR0070690303,0110,SUCCESS,TXN00011783,USR84411,MCH6680,UTR0070690303,0,0,0,0,0,0,0
TXN00006941,2026-03-23 03:14:26,USR18063,MCH8546,20301.0,UTR7613878473,4110,SUCCESS,TXN00006941,USR18063,MCH8546,UTR7613878473,0,0,0,0,0,0,0
TXN00018638,2026-02-12 09:10:35,USR99699,MCH3775,12033.48,UTR0582615231,8120,SUCCESS,TXN00018638,USR99699,MCH3775,UTR0582615231,0,0,0,0,0,0,0
TXN00017830,2026-01-17 12:40:14,USR21505,MCH9700,16335.72,UTR3953659798,4110,SUCCESS,TXN00017830,USR21505,MCH9700,UTR3953659798,0,0,0,0,0,0,0
TXN00001939,2026-01-05 05:02:52,USR85235,MCH1356,12461.41,UTR9018387107,,SUCCESS,TXN00001939,USR85235,MCH1356,UTR9018387107,0,0,1,0,0,0,0
TXN00007028,2026-01-29 15:20:58,USR97843,MCH7306,24608.21,UTR2360972468,8120,SUCCESS,TXN00007028,USR97843,MCH7306,UTR2360972468,0,0,0,0,0,0,0
TXN00003581,2026-02-22 13:00:08,USR57411,MCH9539,12084.69,UTR2770291240,1310,SUCCESS,TXN00003581,USR57411,MCH9539,UTR2770291240,0,0,0,0,0,0,0
TXN00003139,2026-01-04 21:48:02,USR45944,MCH5811,13041.01,UTR4359042458,9120,SUCCESS,TXN00003139,USR45944,MCH5811,UTR4359042458,0,0,0,0,0,0,0
TXN00005708,2026-02-25 11:39:27,USR86401,MCH4627,2595.84,UTR6499804000,4110,SUCCESS,TXN00005708,USR86401,MCH4627,UTR6499804000,0,0,0,0,0,0,0
TXN00017505,2026-02-28 09:26:06,USR16793,MCH3432,0.1524292,UTR6127099169,1310,SUCCESS,TXN00017505,USR16793,MCH3432,UTR6127099169,0,0,0,0,0,0,0
TXN00019849,2026-03-26 06:48:13,USR39288,MCH3222,257.0,UTR0554487526,,SUCCESS,TXN00019849,USR39288,MCH3222,UTR0554487526,0,0,1,0,0,0,0
TXN00018049,2026-03-03 20:25:17,USR77385,MCH4759,778.52,UTR9627397209,8120,FAILED,TXN00018049,USR77385,MCH4759,UTR9627397209,0,0,0,0,0,1,0
TXN00003095,2026-01-14 00:05:27,USR49139,MCH3854,4721.63,UTR5251488944,4110,SUCCESS,TXN00003095,USR49139,MCH3854,UTR5251488944,0,0,0,0,0,0,0
TXN00002046,2026-03-30 22:04:13,USR41385,MCH9647,18073.13,UTR3190033179,4110,SUCCESS,TXN00002046,USR41385,MCH9647,UTR 3190033179,0,0,0,0,0,0,0
TXN00007321,2026-02-10 06:07:11,USR70733,MCH5214,6157.53,UTR6607541350,1310,SUCCESS,TXN00007321,USR70733,MCH5214,UTR6607541350,0,0,0,0,0,0,0
TXN00019075,2026-02-13 14:10:16,USR50324,MCH7276,10735.01,UTR0475073676,8120,SUCCESS,TXN00019075,USR50324,MCH7276,UTR0475073676,0,0,0,0,0,0,0
TXN00010163,2026-02-17 17:47:41,USR72149,MCH4078,11863.4,,4110,PENDING,TXN00010163,USR72149,MCH4078,,0,1,0,0,0,0,1
TXN00018970,2026-02-28 22:20:06,USR22296,MCH9358,12044.21,UTR0020419576,,FAILED,TXN00018970,USR22296,MCH9358,UTR0020419576,0,0,1,0,0,1,0
TXN00003401,2026-02-14 02:42:36,USR59787,MCH6493,1691.0,UTR0253472775,0110,SUCCESS,TXN00003401,USR59787,MCH6493,UTR0253472775,0,0,0,0,0,0,0
TXN00003912,2026-01-03 23:39:37,USR35652,MCH9254,0.680725,UTR2565920653,9120,FAILED,TXN00003912,USR35652,MCH9254,UTR 2565920653,0,0,0,0,0,1,0
TXN00014167,2026-03-22 05:49:33,USR31013,MCH6750,0.777448,UTR1871882802,4110,SUCCESS,TXN00014167,USR31013,MCH6750,UTR 1871882802,0,0,0,0,0,0,0
TXN00009947,2026-03-24 16:00:40,USR58522,MCH5097,8278.87,UTR4875209694,0110,SUCCESS,TXN00009947,USR58522,MCH5097,UTR4875209694,0,0,0,0,0,0,0
TXN00003504,2026-02-15 17:06:32,USR28025,MCH7252,760.35,UTR5371306073,4110,SUCCESS,TXN00003504,USR28025,MCH7252,UTR5371306073,0,0,0,0,0,0,0
TXN00010086,2026-02-09 22:16:44,USR38876,MCH1938,15311.66,UTR5680253333,8120,SUCCESS,TXN00010086,USR38876,MCH1938,UTR5680253333,0,0,0,0,0,0,0
TXN00011058,2026-02-14 20:49:03,USR92732,MCH2544,23429.25,UTR6319504364,1310,SUCCESS,TXN00011058,USR92732,MCH2544,UTR 6319504364,0,0,0,0,0,0,0
TXN00006596,2026-01-11 11:06:44,USR52655,MCH6291,6815.16,UTR1134113735,0110,SUCCESS,TXN00006596,USR52655,MCH6291,UTR1134113735,0,0,0,0,0,0,0
TXN00002889,2026-02-05 19:37:31,USR51178,MCH3065,20273.86,UTR9661675394,4110,SUCCESS,TXN00002889,USR51178,MCH3065,UTR9661675394,0,0,0,0,0,0,0
TXN00012393,2026-03-27 23:09:42,USR19341,MCH9622,16589.82,UTR5308135673,9120,SUCCESS,TXN00012393,USR19341,MCH9622,UTR5308135673,0,0,0,0,0,0,0
TXN00001622,2026-02-07 03:23:34,USR48155,MCH1029,1513.0,UTR2584669551,9120,SUCCESS,TXN00001622,USR48155,MCH1029,UTR2584669551,0,0,0,0,0,0,0
TXN00000435,2026-01-07 14:21:37,USR56824,MCH2601,2111.83,UTR2358967086,8120,SUCCESS,TXN00000435,USR56824,MCH2601,UTR2358967086,0,0,0,0,0,0,0
TXN00013998,2026-01-18 10:25:06,USR90699,MCH2643,12453.47,UTR5738713232,9120,SUCCESS,TXN00013998,USR90699,MCH2643,UTR5738713232,0,0,0,0,0,0,0
TXN00008799,2026-02-04 23:22:17,USR48606,MCH8592,3172.37,UTR4330608751,4110,SUCCESS,TXN00008799,USR48606,MCH8592,UTR4330608751,0,0,0,0,0,0,0
TXN00001007,2026-01-11 11:53:18,USR96847,MCH3138,17309.99,UTR0448404830,4110,FAILED,TXN00001007,USR96847,MCH3138,UTR0448404830,0,0,0,0,0,1,0
TXN00005254,2026-01-07 06:13:50,USR98103,MCH8129,2089.74,UTR1164995856,0110,SUCCESS,TXN00005254,USR98103,MCH8129,UTR1164995856,0,0,0,0,0,0,0
TXN00017422,2026-02-26 23:30:16,USR37265,MCH4114,0.447554,UTR6388457430,8120,FAILED,TXN00017422,USR37265,MCH4114,UTR 6388457430,0,0,0,0,0,1,0
TXN00006773,2026-03-08 12:30:44,USR85653,MCH4353,15906.0,UTR8698282257,8120,FAILED,TXN00006773,USR85653,MCH4353,UTR8698282257,0,0,0,0,0,1,0
TXN00000950,2026-01-02 18:47:13,USR49274,MCH7713,14939.35,UTR9935365656,8120,SUCCESS,TXN00000950,USR49274,MCH7713,UTR9935365656,0,0,0,0,0,0,0
TXN00008603,2026-03-17 17:48:56,USR74327,MCH1147,-21532.19,UTR5029549045,4110,SUCCESS,TXN00008603,USR74327,MCH1147,UTR5029549045,1,0,0,0,0,0,0
TXN00012576,2026-01-15 19:10:10,USR40843,MCH6237,8628.78,UTR4251012601,,SUCCESS,TXN00012576,USR40843,MCH6237,UTR4251012601,0,0,1,0,0,0,0
TXN00013359,2026-03-13 18:25:15,USR48482,MCH7735,21817.0,UTR7344201569,0110,SUCCESS,TXN00013359,USR48482,MCH7735,UTR7344201569,0,0,0,0,0,0,0
TXN00012820,2026-03-03 02:42:08,USR43953,MCH9624,12822.0,UTR2252251418,8120,SUCCESS,TXN00012820,USR43953,MCH9624,UTR2252251418,0,0,0,0,0,0,0
TXN00016934,2026-01-21 18:54:02,USR72493,MCH3238,1013.29,UTR5218688386,4110,SUCCESS,TXN00016934,USR72493,MCH3238,UTR5218688386,0,0,0,0,0,0,0
TXN00015581,2026-02-03 12:18:40,USR36382,MCH9104,0.2355711,UTR0136102692,4110,SUCCESS,TXN00015581,USR36382,MCH9104,UTR 0136102692,0,0,0,0,0,0,0
TXN00003234,2026-03-26 17:48:45,USR96324,MCH4464,1452.73,UTR8292612889,4110,SUCCESS,TXN00003234,USR96324,MCH4464,UTR8292612889,0,0,0,0,0,0,0
TXN00007982,2026-03-01 05:49:46,USR92756,MCH7006,5283.06,UTR0434337228,1310,SUCCESS,TXN00007982,USR92756,MCH7006,UTR0434337228,0,0,0,0,0,0,0
TXN00006893,2026-01-04 20:55:14,USR38130,MCH7119,23250.83,UTR6858568515,4110,SUCCESS,TXN00006893,USR38130,MCH7119,UTR6858568515,0,0,0,0,0,0,0
TXN00000551,2026-02-24 11:00:27,USR32283,MCH6138,13008.89,UTR7963891187,8120,SUCCESS,TXN00000551,USR32283,MCH6138,UTR7963891187,0,0,0,0,0,0,0
TXN00002784,2026-03-07 23:08:29,USR73876,MCH4570,19830.64,UTR2884878077,4110,SUCCESS,TXN00002784,USR73876,MCH4570,UTR2884878077,0,0,0,0,0,0,0
TXN00010845,2026-02-01 16:20:56,USR63225,MCH6710,3229.04,UTR5998071202,8120,FAILED,TXN00010845,USR63225,MCH6710,UTR 5998071202,0,0,0,0,0,1,0
TXN00014915,2026-03-18 20:59:46,USR10971,MCH9583,9809.28,UTR0439678385,4110,SUCCESS,TXN00014915,USR10971,MCH9583,UTR0439678385,0,0,0,0,0,0,0
TXN00013815,2026-01-19 20:59:34,USR66084,MCH5167,14730.0,UTR1911383112,8120,SUCCESS,TXN00013815,USR66084,MCH5167,UTR1911383112,0,0,0,0,0,0,0
TXN00000275,2026-08-03 23:30:29,USR72566,MCH9695,12788.45,UTR8549150219,0110,SUCCESS,TXN00000275,USR72566,MCH9695,UTR8549150219,0,0,0,0,0,0,0
TXN00005622,2026-03-21 23:49:11,USR78191,MCH4284,0.227789,UTR2455044425,4110,SUCCESS,TXN00005622,USR78191,MCH4284,UTR2455044425,0,0,0,0,0,0,0
TXN00008644,2026-02-13 06:21:39,USR14187,MCH2496,6633.22,UTR9685240151,8120,SUCCESS,TXN00008644,USR14187,MCH2496,UTR9685240151,0,0,0,0,0,0,0
TXN00003559,2026-02-24 18:00:29,USR32599,MCH6840,2065.99,UTR9026094474,0110,SUCCESS,TXN00003559,USR32599,MCH6840,UTR9026094474,0,0,0,0,0,0,0
TXN00015630,2026-02-20 13:04:24,USR38928,MCH2142,2721.37,UTR3515190977,1310,SUCCESS,TXN00015630,USR38928,MCH2142,UTR3515190977,0,0,0,0,0,0,0
TXN00013334,2026-03-22 12:34:34,USR32856,MCH2837,21577.04,UTR0406535833,8120,SUCCESS,TXN00013334,USR32856,MCH2837,UTR0406535833,0,0,0,0,0,0,0
TXN00015778,2026-01-20 00:00:00,USR50897,MCH7305,16072.12,UTR1310730645,8120,SUCCESS,TXN00015778,USR50897,MCH7305,UTR1310730645,0,0,0,0,0,0,0
TXN00018386,2026-03-27 12:18:31,USR73392,MCH2652,0.1905334,UTR8783739641,1310,SUCCESS,TXN00018386,USR73392,MCH2652,UTR8783739641,0,0,0,0,0,0,0
TXN00013627,2026-01-31 09:59:38,USR95727,MCH3069,12436.16,UTR0054011136,9120,SUCCESS,TXN00013627,USR95727,MCH3069,UTR0054011136,0,0,0,0,0,0,0
TXN00013717,2026-03-15 05:49:04,USR65217,MCH1799,13926.7,UTR9208478955,,SUCCESS,TXN00013717,USR65217,MCH1799,UTR9208478955,0,0,1,0,0,0,0
TXN00004426,2026-01-31 10:17:04,USR73818,MCH8560,0.983475,UTR2609833690,8120,SUCCESS,TXN00004426,USR73818,MCH8560,UTR2609833690,0,0,0,0,0,0,0
TXN00008114,2026-03-04 17:16:03,USR57721,MCH6747,16587.43,UTR4410766551,4110,FAILED,TXN00008114,USR57721,MCH6747,UTR4410766551,0,0,0,0,0,1,0
TXN00008618,2026-03-14 14:13:03,USR59739,MCH5992,2451.7,UTR0028222641,9120,SUCCESS,TXN00008618,USR59739,MCH5992,UTR0028222641,0,0,0,0,0,0,0
TXN00015411,2026-01-13 00:00:00,USR39729,MCH2822,18699.83,UTR0789544006,1310,SUCCESS,TXN00015411,USR39729,MCH2822,UTR 0789544006,0,0,0,0,0,0,0
TXN00005103,2026-02-02 12:38:49,USR92199,MCH3590,14276.97,UTR5970428542,0110,SUCCESS,TXN00005103,USR92199,MCH3590,UTR5970428542,0,0,0,0,0,0,0
TXN00008834,2026-02-17 13:37:34,USR16646,MCH8796,12793.0,UTR4259223892,4110,SUCCESS,TXN00008834,USR16646,MCH8796,UTR4259223892,0,0,0,0,0,0,0
TXN00017814,2026-01-28 23:02:19,USR72746,MCH5407,6737.0,UTR8755338940,0110,SUCCESS,TXN00017814,USR72746,MCH5407,UTR8755338940,0,0,0,0,0,0,0
TXN00003557,2026-02-10 08:00:33,USR38065,MCH6564,6848.27,UTR0231834299,9120,SUCCESS,TXN00003557,USR38065,MCH6564,UTR0231834299,0,0,0,0,0,0,0
TXN00010129,2026-01-25 14:18:54,USR12727,MCH9537,15022.49,UTR3175552201,8120,SUCCESS,TXN00010129,USR12727,MCH9537,UTR3175552201,0,0,0,0,0,0,0
TXN00009205,2026-02-26 00:00:00,USR16113,MCH2617,23321.83,UTR6384385795,0110,SUCCESS,TXN00009205,USR16113,MCH2617,UTR 6384385795,0,0,0,0,0,0,0
TXN00016932,2026-02-10 18:01:22,USR94935,MCH8111,7880.36,,8120,FAILED,TXN00016932,USR94935,MCH8111,,0,1,0,0,0,1,0
TXN00002129,2026-01-16 02:31:38,USR69930,MCH8052,22049.37,UTR2010207658,4110,SUCCESS,TXN00002129,USR69930,MCH8052,UTR 2010207658,0,0,0,0,0,0,0
TXN00019236,2026-01-28 00:23:02,USR11082,MCH2899,12052.45,UTR8292313742,8120,SUCCESS,TXN00019236,USR11082,MCH2899,UTR8292313742,0,0,0,0,0,0,0
TXN00008442,2026-01-06 15:50:56,USR12503,MCH6780,5178.86,UTR3858216069,,SUCCESS,TXN00008442,USR12503,MCH6780,UTR3858216069,0,0,1,0,0,0,0
TXN00013138,2026-03-03 19:03:35,USR54917,MCH5398,117.0,UTR3890816447,,SUCCESS,TXN00013138,USR54917,MCH5398,UTR3890816447,0,0,1,0,0,0,0
TXN00006397,2026-01-06 16:39:21,USR44832,MCH9645,12459.75,UTR3027058989,8120,SUCCESS,TXN00006397,USR44832,MCH9645,UTR3027058989,0,0,0,0,0,0,0
TXN00018060,2026-01-31 04:04:00,USR95840,MCH6791,11077.0,UTR6647537566,9120,SUCCESS,TXN00018060,USR95840,MCH6791,UTR6647537566,0,0,0,0,0,0,0
TXN00011763,2026-01-07 06:07:37,USR41361,MCH4865,14136.57,UTR4812972431,8120,SUCCESS,TXN00011763,USR41361,MCH4865,UTR4812972431,0,0,0,0,0,0,0
TXN00004648,2026-01-28 00:18:46,USR97107,MCH4342,6315.35,UTR1629272718,4110,SUCCESS,TXN00004648,USR97107,MCH4342,UTR1629272718,0,0,0,0,0,0,0
TXN00018437,2026-01-19 16:04:54,USR13526,MCH6517,9246.41,UTR2263775346,,SUCCESS,TXN00018437,USR13526,MCH6517,UTR2263775346,0,0,1,0,0,0,0
TXN00006508,2026-01-31 16:28:36,USR49749,MCH4297,22879.32,UTR6453364709,0110,SUCCESS,TXN00006508,USR49749,MCH4297,UTR6453364709,0,0,0,0,0,0,0
TXN00010695,2026-03-09 01:33:56,USR80957,MCH8899,22069.72,UTR7757722996,,SUCCESS,TXN00010695,USR80957,MCH8899,UTR7757722996,0,0,1,0,0,0,0
TXN00011300,2026-01-20 10:05:26,USR73780,MCH8589,5359.17,UTR5556578862,0110,SUCCESS,TXN00011300,USR73780,MCH8589,UTR 5556578862,0,0,0,0,0,0,0
TXN00018010,2026-02-17 09:58:34,USR47785,MCH5164,4482.26,UTR5183888246,4110,FAILED,TXN00018010,USR47785,MCH5164,UTR5183888246,0,0,0,0,0,1,0
TXN00011927,2026-02-21 22:25:56,USR82307,MCH7333,113.14,UTR3527190032,4110,SUCCESS,TXN00011927,USR82307,MCH7333,UTR3527190032,0,0,0,0,0,0,0
TXN00007708,2026-01-01 22:39:24,USR74819,MCH4139,19053.2,UTR4169108256,1310,SUCCESS,TXN00007708,USR74819,MCH4139,UTR4169108256,0,0,0,0,0,0,0
TXN00001010,2026-01-31 06:54:47,USR77694,MCH8170,12240.73,UTR9163964831,9120,SUCCESS,TXN00001010,USR77694,MCH8170,UTR9163964831,0,0,0,0,0,0,0
TXN00019721,2026-02-22 23:18:50,USR31821,MCH2900,13487.06,UTR2542320896,8120,SUCCESS,TXN00019721,USR31821,MCH2900,UTR2542320896,0,0,0,0,0,0,0
TXN00001008,2026-02-26 04:25:59,USR30595,MCH4124,21231.4,UTR5430316330,4110,SUCCESS,TXN00001008,USR30595,MCH4124,UTR5430316330,0,0,0,0,0,0,0
TXN00004630,2026-02-17 12:31:17,USR39720,MCH7795,12769.15,UTR2636015347,4110,SUCCESS,TXN00004630,USR39720,MCH7795,UTR2636015347,0,0,0,0,0,0,0
TXN00001861,2026-12-01 20:39:09,USR82623,MCH2258,19413.0,UTR3608695695,0110,SUCCESS,TXN00001861,USR82623,MCH2258,UTR3608695695,0,0,0,0,0,0,0
TXN00007186,2026-01-04 13:24:55,USR47572,MCH3417,23056.36,UTR0176427637,,SUCCESS,TXN00007186,USR47572,MCH3417,UTR0176427637,0,0,1,0,0,0,0
TXN00019707,2026-02-01 05:00:59,USR44229,MCH6970,9799.46,UTR0460291202,9120,SUCCESS,TXN00019707,USR44229,MCH6970,UTR0460291202,0,0,0,0,0,0,0
TXN00007269,2026-01-26 13:34:15,USR28119,MCH7987,12126.62,UTR2244747033,1310,SUCCESS,TXN00007269,USR28119,MCH7987,UTR2244747033,0,0,0,0,0,0,0
TXN00011986,2026-03-12 19:13:57,USR67045,MCH5320,14735.9,UTR1169980871,8120,SUCCESS,TXN00011986,USR67045,MCH5320,UTR1169980871,0,0,0,0,0,0,0
TXN00012564,2026-01-19 12:51:46,USR13959,MCH6441,22556.0,UTR8574283927,1310,SUCCESS,TXN00012564,USR13959,MCH6441,UTR8574283927,0,0,0,0,0,0,0
TXN00001668,2026-01-29 17:25:57,USR97498,MCH9051,23265.57,UTR6438642930,8120,SUCCESS,TXN00001668,USR97498,MCH9051,UTR6438642930,0,0,0,0,0,0,0
TXN00019757,2026-02-18 01:51:48,USR55778,MCH5313,5309.0,UTR2665387836,1310,SUCCESS,TXN00019757,USR55778,MCH5313,UTR2665387836,0,0,0,0,0,0,0
TXN00003773,2026-02-28 12:54:36,USR54250,MCH6926,8605.5,UTR6879982816,0110,SUCCESS,TXN00003773,USR54250,MCH6926,UTR6879982816,0,0,0,0,0,0,0
TXN00015338,2026-03-06 22:23:55,USR77027,MCH9695,0.671678,UTR2689975370,8120,SUCCESS,TXN00015338,USR77027,MCH9695,UTR2689975370,0,0,0,0,0,0,0
TXN00010769,2026-02-13 00:00:00,USR13853,MCH6243,0.1206646,UTR1410347009,9120,SUCCESS,TXN00010769,USR13853,MCH6243,UTR1410347009,0,0,0,0,0,0,0
TXN00009628,2026-02-14 18:46:15,USR84061,MCH8172,21806.39,UTR2192070484,,SUCCESS,TXN00009628,USR84061,MCH8172,UTR 2192070484,0,0,1,0,0,0,0
TXN00000197,2026-03-14 21:40:19,USR94919,MCH1816,18151.63,UTR3191367516,1310,SUCCESS,TXN00000197,USR94919,MCH1816,UTR 3191367516,0,0,0,0,0,0,0
TXN00006894,2026-08-03 06:27:35,USR97418,MCH1908,9595.35,UTR8305027306,9120,SUCCESS,TXN00006894,USR97418,MCH1908,UTR 8305027306,0,0,0,0,0,0,0
TXN00001399,2026-02-19 23:05:46,USR27014,MCH6211,15432.45,UTR6694894537,,SUCCESS,TXN00001399,USR27014,MCH6211,UTR6694894537,0,0,1,0,0,0,0
TXN00017283,2026-03-30 14:47:22,USR18052,MCH6546,0.979978,,4110,SUCCESS,TXN00017283,USR18052,MCH6546,,0,1,0,0,0,0,0
TXN00008755,2026-03-13 20:21:18,USR51018,MCH4621,23946.3,UTR4755445657,4110,SUCCESS,TXN00008755,USR51018,MCH4621,UTR4755445657,0,0,0,0,0,0,0
TXN00007965,2026-02-28 18:38:57,USR25331,MCH3644,0.1496167,UTR3579082086,4110,SUCCESS,TXN00007965,USR25331,MCH3644,UTR3579082086,0,0,0,0,0,0,0
TXN00018743,2026-03-09 19:15:16,USR39755,MCH3741,16574.31,UTR2249836850,8120,SUCCESS,TXN00018743,USR39755,MCH3741,UTR2249836850,0,0,0,0,0,0,0
TXN00002532,2026-01-16 13:33:17,USR32159,MCH5904,20713.45,UTR9492339615,,SUCCESS,TXN00002532,USR32159,MCH5904,UTR9492339615,0,0,1,0,0,0,0
TXN00019806,2026-01-14 03:21:47,USR18523,MCH5405,19286.79,UTR2701878631,8120,SUCCESS,TXN00019806,USR18523,MCH5405,UTR2701878631,0,0,0,0,0,0,0
TXN00011244,2026-03-10 22:10:29,USR76592,MCH3169,10652.0,UTR1554169724,4110,PENDING,TXN00011244,USR76592,MCH3169,UTR1554169724,0,0,0,0,0,0,1
TXN00000882,2026-03-22 20:46:37,USR39928,MCH5951,16800.6,UTR3241242161,1310,SUCCESS,TXN00000882,USR39928,MCH5951,UTR3241242161,0,0,0,0,0,0,0
TXN00010624,2026-03-30 17:12:10,USR15122,MCH8706,22570.37,UTR2874006900,4110,SUCCESS,TXN00010624,USR15122,MCH8706,UTR 2874006900,0,0,0,0,0,0,0
TXN00007992,2026-01-21 10:40:01,USR20959,MCH6737,0.571836,UTR7083693293,0110,SUCCESS,TXN00007992,USR20959,MCH6737,UTR7083693293,0,0,0,0,0,0,0
TXN00017399,2026-03-14 12:49:15,USR31377,MCH4627,4035.24,UTR4386415044,4110,SUCCESS,TXN00017399,USR31377,MCH4627,UTR4386415044,0,0,0,0,0,0,0
TXN00009701,2026-03-08 13:21:03,USR46148,MCH9024,19520.51,UTR1792201989,8120,SUCCESS,TXN00009701,USR46148,MCH9024,UTR1792201989,0,0,0,0,0,0,0
TXN00014161,2026-01-17 15:26:45,USR13163,MCH7308,-2689.82,UTR7435272717,,FAILED,TXN00014161,USR13163,MCH7308,UTR7435272717,1,0,1,0,0,1,0
TXN00012166,2026-03-20 00:00:00,USR62618,MCH4484,15354.64,,4110,SUCCESS,TXN00012166,USR62618,MCH4484,,0,1,0,0,0,0,0
TXN00013837,2026-01-20 00:41:02,USR43629,MCH6395,24075.0,UTR3180819484,1310,SUCCESS,TXN00013837,USR43629,MCH6395,UTR3180819484,0,0,0,0,0,0,0
TXN00018641,2026-01-24 00:00:00,USR75670,MCH6134,21267.0,UTR3288266363,4110,SUCCESS,TXN00018641,USR75670,MCH6134,UTR3288266363,0,0,0,0,0,0,0
TXN00002688,2026-02-14 10:28:14,USR10915,MCH7454,10346.93,UTR7849649592,1310,SUCCESS,TXN00002688,USR10915,MCH7454,UTR7849649592,0,0,0,0,0,0,0
TXN00007594,2026-02-12 14:52:44,USR95370,MCH5572,22370.1,UTR2218833427,4110,SUCCESS,TXN00007594,USR95370,MCH5572,UTR2218833427,0,0,0,0,0,0,0
TXN00004773,2026-05-02 16:28:50,USR12207,MCH6406,5876.51,UTR7870918876,8120,SUCCESS,TXN00004773,USR12207,MCH6406,UTR7870918876,0,0,0,0,0,0,0
TXN00004364,2026-02-03 07:25:46,USR70461,MCH9267,13089.8,UTR5955805254,9120,SUCCESS,TXN00004364,USR70461,MCH9267,UTR5955805254,0,0,0,0,0,0,0
TXN00004871,2026-02-25 04:25:20,USR61014,MCH6836,9559.27,UTR8685407230,0110,SUCCESS,TXN00004871,USR61014,MCH6836,UTR8685407230,0,0,0,0,0,0,0
TXN00001423,2026-02-12 12:53:04,USR27263,MCH4001,1048.91,UTR3881870278,0110,SUCCESS,TXN00001423,USR27263,MCH4001,UTR3881870278,0,0,0,0,0,0,0
TXN00010448,2026-03-01 10:10:45,USR80852,MCH9763,16930.28,UTR5959384235,4110,SUCCESS,TXN00010448,USR80852,MCH9763,UTR5959384235,0,0,0,0,0,0,0
TXN00005704,2026-02-25 11:02:20,USR33826,MCH1702,6315.55,UTR4460668424,9120,SUCCESS,TXN00005704,USR33826,MCH1702,UTR4460668424,0,0,0,0,0,0,0
TXN00016558,2026-03-12 03:40:50,USR12253,MCH5987,13348.5,UTR7288369519,0110,SUCCESS,TXN00016558,USR12253,MCH5987,UTR7288369519,0,0,0,0,0,0,0
TXN00010591,2026-03-01 08:57:49,USR78024,MCH2418,19421.44,,0110,SUCCESS,TXN00010591,USR78024,MCH2418,,0,1,0,0,0,0,0
TXN00013429,2026-03-22 18:53:45,USR42197,MCH5797,6568.78,UTR6359475815,4110,SUCCESS,TXN00013429,USR42197,MCH5797,UTR6359475815,0,0,0,0,0,0,0
TXN00013734,2026-02-26 22:30:14,USR99190,MCH6366,0.1972896,UTR3091067154,1310,FAILED,TXN00013734,USR99190,MCH6366,UTR 3091067154,0,0,0,0,0,1,0
TXN00000449,2026-02-10 16:51:53,USR46004,MCH8275,0.941273,UTR7855472766,0110,SUCCESS,TXN00000449,USR46004,MCH8275,UTR7855472766,0,0,0,0,0,0,0
TXN00001116,2026-01-24 10:24:01,USR57347,MCH6115,14506.35,UTR0182444359,8120,SUCCESS,TXN00001116,USR57347,MCH6115,UTR0182444359,0,0,0,0,0,0,0
TXN00015970,2026-03-06 02:54:54,USR63053,MCH7787,17974.76,UTR7385002277,1310,FAILED,TXN00015970,USR63053,MCH7787,UTR7385002277,0,0,0,0,0,1,0
TXN00009005,2026-01-24 23:02:52,USR99482,MCH8992,15754.56,UTR4351184816,1310,SUCCESS,TXN00009005,USR99482,MCH8992,UTR4351184816,0,0,0,0,0,0,0
TXN00003914,2026-06-03 17:39:04,USR59996,MCH2520,24459.09,UTR8977768375,4110,SUCCESS,TXN00003914,USR59996,MCH2520,UTR8977768375,0,0,0,0,0,0,0
TXN00004066,2026-02-08 12:23:06,USR62329,MCH2937,2580.04,UTR8406999923,0110,SUCCESS,TXN00004066,USR62329,MCH2937,UTR8406999923,0,0,0,0,0,0,0
TXN00019355,2026-01-04 11:02:17,USR15971,MCH3386,0.2054149,UTR9326984233,4110,SUCCESS,TXN00019355,USR15971,MCH3386,UTR9326984233,0,0,0,0,0,0,0
TXN00013994,2026-01-31 18:42:40,USR42244,MCH2149,9037.46,UTR7369402214,1310,FAILED,TXN00013994,USR42244,MCH2149,UTR 7369402214,0,0,0,0,0,1,0
TXN00000725,2026-01-30 05:15:50,USR94815,MCH6290,14366.08,UTR7898543453,,SUCCESS,TXN00000725,USR94815,MCH6290,UTR7898543453,0,0,1,0,0,0,0
TXN00009590,2026-03-09 19:51:16,USR83565,MCH3298,0.1977719,UTR4556233711,1310,PENDING,TXN00009590,USR83565,MCH3298,UTR4556233711,0,0,0,0,0,0,1
TXN00004532,2026-01-27 00:13:35,USR25187,MCH3360,4974.13,UTR9975171369,1310,FAILED,TXN00004532,USR25187,MCH3360,UTR9975171369,0,0,0,0,0,1,0
TXN00009538,2026-07-01 22:00:28,USR95032,MCH7014,19364.19,UTR7182979745,4110,SUCCESS,TXN00009538,USR95032,MCH7014,UTR7182979745,0,0,0,0,0,0,0
TXN00010996,2026-03-30 04:50:05,USR16320,MCH1716,8993.0,UTR5241849898,4110,SUCCESS,TXN00010996,USR16320,MCH1716,UTR5241849898,0,0,0,0,0,0,0
TXN00012420,2026-01-16 01:20:18,USR74301,MCH1418,0.917301,UTR7606603588,1310,SUCCESS,TXN00012420,USR74301,MCH1418,UTR7606603588,0,0,0,0,0,0,0
TXN00009358,2026-03-19 09:44:14,USR31153,MCH3679,4074.68,UTR9006814527,1310,SUCCESS,TXN00009358,USR31153,MCH3679,UTR9006814527,0,0,0,0,0,0,0
TXN00015564,2026-02-21 08:33:59,USR87437,MCH1925,5350.69,UTR3422569125,4110,PENDING,TXN00015564,USR87437,MCH1925,UTR3422569125,0,0,0,0,0,0,1
TXN00008488,2026-01-18 12:21:15,USR44030,MCH8847,0.1285176,UTR6191239571,1310,SUCCESS,TXN00008488,USR44030,MCH8847,UTR 6191239571,0,0,0,0,0,0,0
TXN00003973,2026-01-04 00:00:00,USR52661,MCH4055,6888.23,UTR8691188227,8120,SUCCESS,TXN00003973,USR52661,MCH4055,UTR8691188227,0,0,0,0,0,0,0
TXN00013166,2026-03-04 17:05:40,USR49043,MCH2758,1291.25,UTR8540779218,4110,SUCCESS,TXN00013166,USR49043,MCH2758,UTR8540779218,0,0,0,0,0,0,0
TXN00012804,2026-01-01 15:21:00,USR11340,MCH1422,1330.09,UTR3777862855,,SUCCESS,TXN00012804,USR11340,MCH1422,UTR3777862855,0,0,1,0,0,0,0
TXN00018221,2026-02-16 23:08:53,USR44018,MCH9051,-9208.06,UTR1684058033,,SUCCESS,TXN00018221,USR44018,MCH9051,UTR1684058033,1,0,1,0,0,0,0
TXN00006485,2026-02-01 03:07:51,USR40988,MCH2806,4879.06,,1310,SUCCESS,TXN00006485,USR40988,MCH2806,,0,1,0,0,0,0,0
TXN00015014,2026-01-14 21:35:25,USR89785,MCH1447,11718.99,UTR1837722803,4110,SUCCESS,TXN00015014,USR89785,MCH1447,UTR1837722803,0,0,0,0,0,0,0
TXN00010151,2026-03-17 10:47:17,USR93186,MCH1231,0.2221844,UTR1580006794,9120,SUCCESS,TXN00010151,USR93186,MCH1231,UTR1580006794,0,0,0,0,0,0,0
TXN00018875,2026-02-14 22:13:32,USR24919,MCH2822,22209.48,UTR3665267172,1310,SUCCESS,TXN00018875,USR24919,MCH2822,UTR3665267172,0,0,0,0,0,0,0
TXN00018539,2026-01-04 03:12:20,USR40939,MCH5357,7330.0,UTR3439191894,0110,SUCCESS,TXN00018539,USR40939,MCH5357,UTR3439191894,0,0,0,0,0,0,0
TXN00011307,2026-03-24 03:00:00,USR44510,MCH2111,23856.92,,4110,SUCCESS,TXN00011307,USR44510,MCH2111,,0,1,0,0,0,0,0
TXN00006196,2026-02-14 06:23:07,USR80683,MCH7091,3904.73,UTR0030184955,8120,FAILED,TXN00006196,USR80683,MCH7091,UTR0030184955,0,0,0,0,0,1,0
TXN00019351,2026-03-06 04:32:43,USR40058,MCH5711,773.24,UTR4709434483,4110,FAILED,TXN00019351,USR40058,MCH5711,UTR4709434483,0,0,0,0,0,1,0
TXN00012254,2026-02-04 14:45:07,USR28035,MCH7462,13381.49,UTR9142982550,1310,SUCCESS,TXN00012254,USR28035,MCH7462,UTR 9142982550,0,0,0,0,0,0,0
TXN00013671,2026-03-02 00:00:00,USR96574,MCH7967,4109.36,UTR1576532155,4110,SUCCESS,TXN00013671,USR96574,MCH7967,UTR1576532155,0,0,0,0,0,0,0
TXN00003006,2026-03-08 12:08:39,USR41360,MCH7866,20822.43,UTR9270504164,1310,SUCCESS,TXN00003006,USR41360,MCH7866,UTR9270504164,0,0,0,0,0,0,0
TXN00004076,2026-02-04 13:06:00,USR29075,MCH3726,14388.23,UTR9189816632,9120,SUCCESS,TXN00004076,USR29075,MCH3726,UTR 9189816632,0,0,0,0,0,0,0
TXN00011773,2026-01-25 21:33:50,USR21794,MCH3633,5994.82,UTR6442351186,1310,SUCCESS,TXN00011773,USR21794,MCH3633,UTR6442351186,0,0,0,0,0,0,0
TXN00014323,2026-01-03 14:15:25,USR82813,MCH3067,15712.13,UTR9993988665,8120,SUCCESS,TXN00014323,USR82813,MCH3067,UTR9993988665,0,0,0,0,0,0,0
TXN00010745,2026-03-05 00:22:08,USR25313,MCH6239,11294.14,UTR7980732325,,SUCCESS,TXN00010745,USR25313,MCH6239,UTR7980732325,0,0,1,0,0,0,0
TXN00000543,2026-03-03 20:34:54,USR51896,MCH6077,5723.78,UTR0534141364,9120,PENDING,TXN00000543,USR51896,MCH6077,UTR0534141364,0,0,0,0,0,0,1
TXN00004657,2026-03-26 08:42:06,USR27574,MCH4045,20912.69,UTR1312325764,,PENDING,TXN00004657,USR27574,MCH4045,UTR1312325764,0,0,1,0,0,0,1
TXN00012761,2026-01-11 06:44:45,USR16259,MCH7684,3776.92,UTR8262793620,,SUCCESS,TXN00012761,USR16259,MCH7684,UTR8262793620,0,0,1,0,0,0,0
TXN00006246,2026-03-05 10:55:22,USR96975,MCH4040,15171.84,UTR5845877115,1310,SUCCESS,TXN00006246,USR96975,MCH4040,UTR5845877115,0,0,0,0,0,0,0
TXN00007017,2026-02-16 00:28:16,USR46198,MCH3360,6041.33,UTR5904547164,0110,SUCCESS,TXN00007017,USR46198,MCH3360,UTR 5904547164,0,0,0,0,0,0,0
TXN00000473,2026-02-03 07:24:21,USR62525,MCH7108,1088.57,UTR4057048537,0110,SUCCESS,TXN00000473,USR62525,MCH7108,UTR4057048537,0,0,0,0,0,0,0
TXN00019811,2026-02-16 00:11:53,USR26663,MCH3699,4908.77,UTR3862485166,9120,PENDING,TXN00019811,USR26663,MCH3699,UTR 3862485166,0,0,0,0,0,0,1
TXN00017620,2026-01-15 08:52:06,USR24129,MCH7571,2730.42,UTR3521189680,1310,SUCCESS,TXN00017620,USR24129,MCH7571,UTR 3521189680,0,0,0,0,0,0,0
TXN00008255,2026-02-01 12:10:16,USR27858,MCH7115,10326.86,UTR7574352626,,SUCCESS,TXN00008255,USR27858,MCH7115,UTR7574352626,0,0,1,0,0,0,0
TXN00008765,2026-03-02 11:47:35,USR16598,MCH8568,4118.17,UTR5024278863,9120,SUCCESS,TXN00008765,USR16598,MCH8568,UTR5024278863,0,0,0,0,0,0,0
TXN00002341,2026-01-07 00:10:34,USR60915,MCH1368,18782.0,UTR2896633352,1310,SUCCESS,TXN00002341,USR60915,MCH1368,UTR 2896633352,0,0,0,0,0,0,0
TXN00009850,2026-03-11 03:22:59,USR64484,MCH7145,12599.3,UTR0827297953,0110,SUCCESS,TXN00009850,USR64484,MCH7145,UTR0827297953,0,0,0,0,0,0,0
TXN00017584,2026-03-29 14:27:23,USR14868,MCH1321,18308.68,UTR7985138591,4110,SUCCESS,TXN00017584,USR14868,MCH1321,UTR7985138591,0,0,0,0,0,0,0
TXN00011040,2026-01-30 10:34:47,USR84844,MCH1229,19385.14,UTR4766149659,9120,SUCCESS,TXN00011040,USR84844,MCH1229,UTR4766149659,0,0,0,0,0,0,0
TXN00015567,2026-02-25 13:13:29,USR36659,MCH3586,12879.41,UTR1873914598,4110,SUCCESS,TXN00015567,USR36659,MCH3586,UTR1873914598,0,0,0,0,0,0,0
TXN00003114,2026-02-18 23:00:01,USR33713,MCH1019,2293.87,UTR2526643291,8120,FAILED,TXN00003114,USR33713,MCH1019,UTR2526643291,0,0,0,0,0,1,0
TXN00009257,2026-02-20 22:30:51,USR77908,MCH9550,6062.48,UTR2598625650,9120,SUCCESS,TXN00009257,USR77908,MCH9550,UTR2598625650,0,0,0,0,0,0,0
TXN00010861,2026-01-17 16:10:35,USR57614,MCH4916,23738.94,UTR7024521849,,SUCCESS,TXN00010861,USR57614,MCH4916,UTR 7024521849,0,0,1,0,0,0,0
TXN00010273,2026-02-12 00:00:00,USR80416,MCH4756,0.2448175,UTR0652511392,8120,SUCCESS,TXN00010273,USR80416,MCH4756,UTR0652511392,0,0,0,0,0,0,0
TXN00009068,2026-02-15 00:00:00,USR37344,MCH7472,12630.65,,4110,FAILED,TXN00009068,USR37344,MCH7472,,0,1,0,0,0,1,0
TXN00015288,2026-02-16 00:12:37,USR99293,MCH9640,22268.06,UTR8850667846,0110,SUCCESS,TXN00015288,USR99293,MCH9640,UTR8850667846,0,0,0,0,0,0,0
TXN00001693,2026-01-23 08:12:52,USR14885,MCH6670,9972.59,UTR1971624207,9120,SUCCESS,TXN00001693,USR14885,MCH6670,UTR1971624207,0,0,0,0,0,0,0
TXN00000287,2026-01-12 17:57:36,USR41816,MCH4563,11645.29,UTR3865971658,0110,FAILED,TXN00000287,USR41816,MCH4563,UTR3865971658,0,0,0,0,0,1,0
TXN00002038,2026-01-12 20:49:10,USR25254,MCH4635,3789.66,UTR8219203089,0110,SUCCESS,TXN00002038,USR25254,MCH4635,UTR8219203089,0,0,0,0,0,0,0
TXN00005837,2026-02-28 17:42:12,USR34941,MCH1191,22166.02,UTR2224598304,8120,SUCCESS,TXN00005837,USR34941,MCH1191,UTR2224598304,0,0,0,0,0,0,0
TXN00012763,2026-03-01 06:44:13,USR83821,MCH9222,10502.54,UTR0911877485,0110,SUCCESS,TXN00012763,USR83821,MCH9222,UTR0911877485,0,0,0,0,0,0,0
TXN00009957,2026-01-02 09:05:43,USR32364,MCH7086,18547.74,UTR4948999067,1310,SUCCESS,TXN00009957,USR32364,MCH7086,UTR 4948999067,0,0,0,0,0,0,0
TXN00017277,2026-01-18 12:53:34,USR47465,MCH7777,0.1289825,UTR4435557478,4110,FAILED,TXN00017277,USR47465,MCH7777,UTR4435557478,0,0,0,0,0,1,0
TXN00008979,2026-01-19 18:19:40,USR82719,MCH1079,16097.83,UTR1762226250,9120,SUCCESS,TXN00008979,USR82719,MCH1079,UTR1762226250,0,0,0,0,0,0,0
TXN00008427,2026-03-22 18:52:53,USR92436,MCH7071,2930.8,UTR5650839348,1310,SUCCESS,TXN00008427,USR92436,MCH7071,UTR5650839348,0,0,0,0,0,0,0
TXN00017106,2026-03-24 16:37:01,USR65273,MCH4569,18828.91,UTR5694137928,1310,SUCCESS,TXN00017106,USR65273,MCH4569,UTR 5694137928,0,0,0,0,0,0,0
TXN00011749,2026-01-15 08:16:03,USR10195,MCH1412,6109.15,UTR5325026615,4110,SUCCESS,TXN00011749,USR10195,MCH1412,UTR5325026615,0,0,0,0,0,0,0
TXN00006484,2026-02-17 17:37:22,USR19535,MCH8535,261.07,UTR5991157859,4110,SUCCESS,TXN00006484,USR19535,MCH8535,UTR5991157859,0,0,0,0,0,0,0
TXN00013598,2026-01-25 07:29:46,USR19875,MCH1937,6093.92,UTR9291179210,,SUCCESS,TXN00013598,USR19875,MCH1937,UTR9291179210,0,0,1,0,0,0,0
TXN00001631,2026-02-14 18:33:25,USR97151,MCH7880,18906.52,UTR7114082586,0110,SUCCESS,TXN00001631,USR97151,MCH7880,UTR 7114082586,0,0,0,0,0,0,0
TXN00019856,2026-03-16 11:12:48,USR68953,MCH9072,19902.97,UTR0295312592,4110,SUCCESS,TXN00019856,USR68953,MCH9072,UTR0295312592,0,0,0,0,0,0,0
TXN00013442,2026-01-18 04:52:29,USR81826,MCH8620,18696.0,UTR4459624791,,SUCCESS,TXN00013442,USR81826,MCH8620,UTR4459624791,0,0,1,0,0,0,0
TXN00008312,2026-04-02 18:35:26,USR39753,MCH6294,6774.16,UTR1149389339,4110,SUCCESS,TXN00008312,USR39753,MCH6294,UTR1149389339,0,0,0,0,0,0,0
TXN00004573,2026-02-04 01:01:44,USR25917,MCH6659,5984.27,UTR7115599449,9120,SUCCESS,TXN00004573,USR25917,MCH6659,UTR7115599449,0,0,0,0,0,0,0
TXN00003811,2026-03-17 07:04:41,USR41722,MCH4041,17303.36,UTR1955458002,1310,SUCCESS,TXN00003811,USR41722,MCH4041,UTR1955458002,0,0,0,0,0,0,0
TXN00008252,2026-01-23 21:50:24,USR69326,MCH2118,24462.86,UTR5141473314,,PENDING,TXN00008252,USR69326,MCH2118,UTR5141473314,0,0,1,0,0,0,1
TXN00013899,2026-02-01 19:33:04,USR89052,MCH8774,24078.24,UTR7668187993,1310,SUCCESS,TXN00013899,USR89052,MCH8774,UTR 7668187993,0,0,0,0,0,0,0
TXN00017931,2026-03-09 13:20:44,USR89097,MCH5264,18875.62,UTR7663223829,8120,SUCCESS,TXN00017931,USR89097,MCH5264,UTR7663223829,0,0,0,0,0,0,0
TXN00010455,2026-02-10 15:50:30,USR18296,MCH4661,20362.0,UTR1024494187,1310,SUCCESS,TXN00010455,USR18296,MCH4661,UTR1024494187,0,0,0,0,0,0,0
TXN00003246,2026-02-16 10:41:06,USR58773,MCH1439,4300.63,UTR3172864501,4110,FAILED,TXN00003246,USR58773,MCH1439,UTR3172864501,0,0,0,0,0,1,0
TXN00001496,2026-02-22 06:59:01,USR67168,MCH7083,16708.64,UTR0658943276,4110,SUCCESS,TXN00001496,USR67168,MCH7083,UTR0658943276,0,0,0,0,0,0,0
TXN00018934,2026-01-02 13:33:29,USR52225,MCH4190,17727.29,UTR9729795138,9120,SUCCESS,TXN00018934,USR52225,MCH4190,UTR9729795138,0,0,0,0,0,0,0
TXN00011776,2026-01-23 22:13:20,USR25612,MCH8340,7657.09,UTR5985923693,8120,SUCCESS,TXN00011776,USR25612,MCH8340,UTR5985923693,0,0,0,0,0,0,0
TXN00000204,2026-02-12 05:04:35,USR81667,MCH7488,22464.87,UTR6823375048,4110,SUCCESS,TXN00000204,USR81667,MCH7488,UTR6823375048,0,0,0,0,0,0,0
TXN00019438,2026-01-25 00:28:30,USR65372,MCH8380,688.76,UTR8654101275,1310,SUCCESS,TXN00019438,USR65372,MCH8380,UTR8654101275,0,0,0,0,0,0,0
TXN00012932,2026-02-22 12:07:57,USR19963,MCH7520,20438.85,UTR3570336297,0110,SUCCESS,TXN00012932,USR19963,MCH7520,UTR3570336297,0,0,0,0,0,0,0
TXN00004612,2026-06-01 18:08:46,USR72742,MCH2690,1570.16,UTR1158678143,,SUCCESS,TXN00004612,USR72742,MCH2690,UTR 1158678143,0,0,1,0,0,0,0
TXN00015794,2026-02-15 16:48:26,USR11937,MCH1861,20277.29,UTR0597548781,1310,SUCCESS,TXN00015794,USR11937,MCH1861,UTR0597548781,0,0,0,0,0,0,0
TXN00018322,2026-02-02 22:36:19,USR15043,MCH3871,17314.21,UTR4747540042,0110,SUCCESS,TXN00018322,USR15043,MCH3871,UTR4747540042,0,0,0,0,0,0,0
TXN00004619,2026-01-13 21:11:31,USR23575,MCH4373,7569.0,UTR9532233074,9120,SUCCESS,TXN00004619,USR23575,MCH4373,UTR9532233074,0,0,0,0,0,0,0
TXN00005079,2026-02-05 18:08:23,USR97464,MCH3246,0.1209262,UTR9028511226,4110,SUCCESS,TXN00005079,USR97464,MCH3246,UTR9028511226,0,0,0,0,0,0,0
TXN00000445,2026-02-27 17:19:48,USR28958,MCH3746,0.2032186,UTR0123311105,0110,SUCCESS,TXN00000445,USR28958,MCH3746,UTR0123311105,0,0,0,0,0,0,0
TXN00009457,2026-03-26 00:00:00,USR98241,MCH7437,9511.07,UTR9902820523,4110,SUCCESS,TXN00009457,USR98241,MCH7437,UTR9902820523,0,0,0,0,0,0,0
TXN00003288,2026-01-27 13:12:08,USR81302,MCH7858,20090.41,UTR8760483783,8120,SUCCESS,TXN00003288,USR81302,MCH7858,UTR8760483783,0,0,0,0,0,0,0
TXN00001746,2026-02-16 18:47:12,USR91500,MCH7418,12038.79,,4110,PENDING,TXN00001746,USR91500,MCH7418,,0,1,0,0,0,0,1
TXN00000972,2026-03-05 02:56:43,USR18593,MCH1903,23421.38,UTR7517709609,4110,SUCCESS,TXN00000972,USR18593,MCH1903,UTR7517709609,0,0,0,0,0,0,0
TXN00015802,2026-02-22 01:57:59,USR90627,MCH9472,6917.5,UTR2587571136,4110,SUCCESS,TXN00015802,USR90627,MCH9472,UTR2587571136,0,0,0,0,0,0,0
TXN00016362,2026-02-04 16:35:15,USR53449,MCH3608,6519.58,UTR8354629159,,SUCCESS,TXN00016362,USR53449,MCH3608,UTR8354629159,0,0,1,0,0,0,0
TXN00006427,2026-03-28 04:14:37,USR55654,MCH4349,23689.65,UTR2265296625,9120,SUCCESS,TXN00006427,USR55654,MCH4349,UTR2265296625,0,0,0,0,0,0,0
TXN00012514,2026-12-01 07:52:48,USR31233,MCH4358,12913.33,UTR1562236410,4110,SUCCESS,TXN00012514,USR31233,MCH4358,UTR 1562236410,0,0,0,0,0,0,0
TXN00002567,2026-01-14 08:37:49,USR36167,MCH4850,5817.28,UTR3019672093,8120,SUCCESS,TXN00002567,USR36167,MCH4850,UTR3019672093,0,0,0,0,0,0,0
TXN00016196,2026-02-07 02:04:48,USR40359,MCH1890,13438.54,UTR2489841783,,SUCCESS,TXN00016196,USR40359,MCH1890,UTR2489841783,0,0,1,0,0,0,0
TXN00000962,2026-01-25 11:50:06,USR24610,MCH7656,15083.0,UTR1123128325,8120,SUCCESS,TXN00000962,USR24610,MCH7656,UTR1123128325,0,0,0,0,0,0,0
TXN00017209,2026-03-23 07:08:19,USR36678,MCH8396,18515.55,UTR5674333578,9120,SUCCESS,TXN00017209,USR36678,MCH8396,UTR5674333578,0,0,0,0,0,0,0
TXN00012915,2026-03-04 23:42:48,USR60322,MCH3715,21240.0,UTR0912555571,0110,SUCCESS,TXN00012915,USR60322,MCH3715,UTR0912555571,0,0,0,0,0,0,0
TXN00013089,2026-02-06 01:34:54,USR30843,MCH9364,17377.24,UTR9163647645,1310,SUCCESS,TXN00013089,USR30843,MCH9364,UTR9163647645,0,0,0,0,0,0,0
TXN00015510,2026-02-19 15:42:44,USR42432,MCH2297,4661.44,UTR2356015799,1310,SUCCESS,TXN00015510,USR42432,MCH2297,UTR2356015799,0,0,0,0,0,0,0
TXN00004817,2026-02-11 16:32:53,USR25022,MCH7636,22730.96,UTR0194604281,0110,SUCCESS,TXN00004817,USR25022,MCH7636,UTR0194604281,0,0,0,0,0,0,0
TXN00016938,2026-01-18 20:56:00,USR96793,MCH7331,6481.96,UTR8295519898,,SUCCESS,TXN00016938,USR96793,MCH7331,UTR8295519898,0,0,1,0,0,0,0
TXN00002893,2026-01-13 14:23:19,USR94651,MCH8023,19280.36,UTR6135829460,,SUCCESS,TXN00002893,USR94651,MCH8023,UTR 6135829460,0,0,1,0,0,0,0
TXN00006371,2026-03-13 04:10:19,USR50315,MCH2759,16603.67,UTR5392982946,9120,SUCCESS,TXN00006371,USR50315,MCH2759,UTR5392982946,0,0,0,0,0,0,0
TXN00000864,2026-01-08 19:45:34,USR53190,MCH8455,11025.0,UTR1360116612,4110,PENDING,TXN00000864,USR53190,MCH8455,UTR1360116612,0,0,0,0,0,0,1
TXN00013354,2026-03-23 14:56:10,USR74058,MCH3845,16110.0,UTR3643776512,9120,SUCCESS,TXN00013354,USR74058,MCH3845,UTR 3643776512,0,0,0,0,0,0,0
TXN00014536,2026-01-23 14:00:39,USR49366,MCH9681,3787.54,UTR7065868034,,FAILED,TXN00014536,USR49366,MCH9681,UTR 7065868034,0,0,1,0,0,1,0
TXN00000267,2026-02-21 00:00:00,USR67219,MCH1787,17428.0,UTR2546453287,4110,SUCCESS,TXN00000267,USR67219,MCH1787,UTR2546453287,0,0,0,0,0,0,0
TXN00010791,2026-01-07 08:55:24,USR50965,MCH2263,19668.45,UTR9475855062,4110,SUCCESS,TXN00010791,USR50965,MCH2263,UTR9475855062,0,0,0,0,0,0,0
TXN00013968,2026-02-06 07:43:59,USR14060,MCH9318,23268.47,UTR3867704972,9120,SUCCESS,TXN00013968,USR14060,MCH9318,UTR3867704972,0,0,0,0,0,0,0
TXN00002456,2026-03-27 02:08:35,USR91688,MCH1530,3488.53,UTR8833144226,4110,SUCCESS,TXN00002456,USR91688,MCH1530,UTR8833144226,0,0,0,0,0,0,0
TXN00009239,2026-02-06 18:59:33,USR85191,MCH8082,12410.52,UTR7772103166,4110,SUCCESS,TXN00009239,USR85191,MCH8082,UTR7772103166,0,0,0,0,0,0,0
TXN00009058,2026-01-17 03:56:30,USR83966,MCH1770,0.571661,UTR6541142725,4110,SUCCESS,TXN00009058,USR83966,MCH1770,UTR6541142725,0,0,0,0,0,0,0
TXN00003582,2026-01-06 20:24:20,USR39536,MCH4652,20957.38,UTR1349725072,1310,PENDING,TXN00003582,USR39536,MCH4652,UTR1349725072,0,0,0,0,0,0,1
TXN00013325,2026-02-22 04:32:55,USR88069,MCH3501,16481.66,UTR9743651657,4110,SUCCESS,TXN00013325,USR88069,MCH3501,UTR9743651657,0,0,0,0,0,0,0
TXN00019440,2026-02-11 06:00:28,USR43256,MCH4202,22121.89,UTR5472465398,0110,SUCCESS,TXN00019440,USR43256,MCH4202,UTR5472465398,0,0,0,0,0,0,0
TXN00002035,2026-02-24 12:49:01,USR81824,MCH2176,15217.0,UTR9377790687,9120,FAILED,TXN00002035,USR81824,MCH2176,UTR 9377790687,0,0,0,0,0,1,0
TXN00002321,2026-02-19 05:33:13,USR60694,MCH3734,22691.2,UTR6584997278,,SUCCESS,TXN00002321,USR60694,MCH3734,UTR 6584997278,0,0,1,0,0,0,0
TXN00001688,2026-03-29 18:50:04,USR94815,MCH1266,0.1218168,UTR4286431571,1310,PENDING,TXN00001688,USR94815,MCH1266,UTR4286431571,0,0,0,0,0,0,1
TXN00004538,2026-03-21 20:49:20,USR81442,MCH8595,0.1538937,UTR0360695307,,SUCCESS,TXN00004538,USR81442,MCH8595,UTR0360695307,0,0,1,0,0,0,0
TXN00005377,2026-01-18 02:20:36,USR30297,MCH4577,14416.46,UTR4923499464,4110,SUCCESS,TXN00005377,USR30297,MCH4577,UTR4923499464,0,0,0,0,0,0,0
TXN00002816,2026-02-05 15:03:19,USR46948,MCH3553,19293.0,UTR7994083189,4110,SUCCESS,TXN00002816,USR46948,MCH3553,UTR7994083189,0,0,0,0,0,0,0
TXN00013648,2026-06-01 01:38:31,USR77263,MCH9114,16074.0,UTR2852112789,4110,SUCCESS,TXN00013648,USR77263,MCH9114,UTR2852112789,0,0,0,0,0,0,0
TXN00003603,2026-03-30 00:55:15,USR94677,MCH1166,4639.91,UTR7981499885,4110,SUCCESS,TXN00003603,USR94677,MCH1166,UTR7981499885,0,0,0,0,0,0,0
TXN00006761,2026-03-19 08:45:25,USR52039,MCH9042,7018.57,UTR3446825179,4110,SUCCESS,TXN00006761,USR52039,MCH9042,UTR3446825179,0,0,0,0,0,0,0
TXN00019179,2026-01-14 01:39:13,USR77159,MCH4405,17874.61,UTR3458832887,4110,SUCCESS,TXN00019179,USR77159,MCH4405,UTR3458832887,0,0,0,0,0,0,0
TXN00005866,2026-03-27 08:59:36,USR61206,MCH4490,11072.92,UTR8811878422,1310,SUCCESS,TXN00005866,USR61206,MCH4490,UTR8811878422,0,0,0,0,0,0,0
TXN00004354,2026-02-13 22:16:42,USR48489,MCH7830,23949.07,UTR5951174609,8120,SUCCESS,TXN00004354,USR48489,MCH7830,UTR5951174609,0,0,0,0,0,0,0
TXN00012587,2026-01-20 00:00:00,USR64803,MCH6284,5221.1,UTR5545032711,4110,SUCCESS,TXN00012587,USR64803,MCH6284,UTR5545032711,0,0,0,0,0,0,0
TXN00018919,2026-01-18 21:20:47,USR65194,MCH1930,0.1237836,UTR1835782211,4110,SUCCESS,TXN00018919,USR65194,MCH1930,UTR1835782211,0,0,0,0,0,0,0
TXN00014090,2026-01-19 05:42:51,USR89731,MCH1183,13535.1,UTR0114568960,0110,SUCCESS,TXN00014090,USR89731,MCH1183,UTR0114568960,0,0,0,0,0,0,0
TXN00001204,2026-01-28 14:33:31,USR98413,MCH2206,8097.02,UTR8907701713,1310,SUCCESS,TXN00001204,USR98413,MCH2206,UTR8907701713,0,0,0,0,0,0,0
TXN00018414,2026-03-09 20:08:56,USR20928,MCH4679,24596.14,UTR1866513343,9120,SUCCESS,TXN00018414,USR20928,MCH4679,UTR1866513343,0,0,0,0,0,0,0
TXN00002201,2026-01-08 00:00:00,USR99247,MCH1019,24420.24,UTR3292945406,0110,SUCCESS,TXN00002201,USR99247,MCH1019,UTR3292945406,0,0,0,0,0,0,0
TXN00010768,2026-02-03 12:26:10,USR67616,MCH8944,8845.19,UTR1842656944,,SUCCESS,TXN00010768,USR67616,MCH8944,UTR 1842656944,0,0,1,0,0,0,0
TXN00000506,2026-03-27 06:11:02,USR45740,MCH6982,4074.0,UTR3654110783,8120,SUCCESS,TXN00000506,USR45740,MCH6982,UTR3654110783,0,0,0,0,0,0,0
TXN00009100,2026-03-09 03:49:06,USR11775,MCH4192,9461.13,UTR9272871494,1310,SUCCESS,TXN00009100,USR11775,MCH4192,UTR9272871494,0,0,0,0,0,0,0
TXN00003651,2026-03-01 16:52:29,USR79827,MCH9172,19238.53,UTR1435883452,4110,FAILED,TXN00003651,USR79827,MCH9172,UTR1435883452,0,0,0,0,0,1,0
TXN00014912,2026-01-10 09:39:28,USR60356,MCH8599,13602.02,UTR6806272525,8120,SUCCESS,TXN00014912,USR60356,MCH8599,UTR6806272525,0,0,0,0,0,0,0
TXN00008712,2026-01-17 10:23:36,USR10143,MCH6078,7244.55,,8120,SUCCESS,TXN00008712,USR10143,MCH6078,,0,1,0,0,0,0,0
TXN00006779,2026-01-25 09:40:02,USR22120,MCH9694,24732.11,UTR3309605989,,SUCCESS,TXN00006779,USR22120,MCH9694,UTR3309605989,0,0,1,0,0,0,0
TXN00008176,2026-01-22 02:05:05,USR46743,MCH3200,0.721092,UTR5269527695,1310,SUCCESS,TXN00008176,USR46743,MCH3200,UTR5269527695,0,0,0,0,0,0,0
TXN00004528,2026-02-19 14:15:51,USR80004,MCH7054,22826.91,UTR4899554330,8120,SUCCESS,TXN00004528,USR80004,MCH7054,UTR4899554330,0,0,0,0,0,0,0
TXN00002655,2026-01-07 13:25:30,USR34238,MCH6711,19191.52,UTR2054439164,4110,SUCCESS,TXN00002655,USR34238,MCH6711,UTR2054439164,0,0,0,0,0,0,0
TXN00015028,2026-01-30 06:11:32,USR88168,MCH5013,-16363.29,UTR6879901865,8120,SUCCESS,TXN00015028,USR88168,MCH5013,UTR6879901865,1,0,0,0,0,0,0
TXN00002769,2026-02-04 05:31:21,USR12841,MCH4449,12520.08,UTR8699305666,9120,SUCCESS,TXN00002769,USR12841,MCH4449,UTR8699305666,0,0,0,0,0,0,0
TXN00007387,2026-02-19 14:15:42,USR68188,MCH8260,0.237753,,4110,SUCCESS,TXN00007387,USR68188,MCH8260,,0,1,0,0,0,0,0
TXN00012731,2026-01-22 18:10:50,USR14261,MCH9970,5452.8,UTR6206191216,4110,SUCCESS,TXN00012731,USR14261,MCH9970,UTR6206191216,0,0,0,0,0,0,0
TXN00011316,2026-03-17 19:24:03,USR40135,MCH2541,19492.42,UTR6600764029,0110,SUCCESS,TXN00011316,USR40135,MCH2541,UTR6600764029,0,0,0,0,0,0,0
TXN00008922,2026-03-27 09:42:19,USR61544,MCH6028,965.0,UTR0018924609,8120,SUCCESS,TXN00008922,USR61544,MCH6028,UTR0018924609,0,0,0,0,0,0,0
TXN00006811,2026-03-13 08:51:33,USR70338,MCH4541,0.1935214,,1310,SUCCESS,TXN00006811,USR70338,MCH4541,,0,1,0,0,0,0,0
TXN00012540,2026-01-09 12:12:16,USR37115,MCH8846,2240.35,UTR8788358814,9120,FAILED,TXN00012540,USR37115,MCH8846,UTR8788358814,0,0,0,0,0,1,0
TXN00018740,2026-01-14 18:47:37,USR93977,MCH8657,9704.5,UTR2390169034,1310,SUCCESS,TXN00018740,USR93977,MCH8657,UTR2390169034,0,0,0,0,0,0,0
TXN00004313,2026-02-24 04:13:08,USR86397,MCH2417,3117.4,UTR1667824508,1310,SUCCESS,TXN00004313,USR86397,MCH2417,UTR1667824508,0,0,0,0,0,0,0
TXN00006848,2026-03-10 17:01:03,USR54212,MCH9689,11226.8,UTR9823226385,0110,FAILED,TXN00006848,USR54212,MCH9689,UTR9823226385,0,0,0,0,0,1,0
TXN00005296,2026-03-01 21:39:39,USR55265,MCH5544,3369.49,UTR1645282811,0110,SUCCESS,TXN00005296,USR55265,MCH5544,UTR1645282811,0,0,0,0,0,0,0
TXN00008704,2026-01-19 11:52:23,USR34449,MCH8169,5938.99,UTR3766253087,4110,SUCCESS,TXN00008704,USR34449,MCH8169,UTR3766253087,0,0,0,0,0,0,0
TXN00004445,2026-03-01 15:51:09,USR58892,MCH6613,10247.73,UTR6640557196,4110,SUCCESS,TXN00004445,USR58892,MCH6613,UTR6640557196,0,0,0,0,0,0,0
TXN00004566,2026-03-20 19:50:17,USR50565,MCH1374,22435.67,UTR8100224922,4110,SUCCESS,TXN00004566,USR50565,MCH1374,UTR8100224922,0,0,0,0,0,0,0
TXN00017509,2026-01-23 22:54:10,USR96797,MCH1052,4327.14,UTR8738873645,0110,SUCCESS,TXN00017509,USR96797,MCH1052,UTR8738873645,0,0,0,0,0,0,0
TXN00006346,2026-02-04 23:21:39,USR50189,MCH7543,0.18364,UTR4183765309,,SUCCESS,TXN00006346,USR50189,MCH7543,UTR4183765309,0,0,1,0,0,0,0
TXN00019824,2026-09-03 09:14:32,USR23317,MCH6831,12765.01,UTR0694149689,9120,SUCCESS,TXN00019824,USR23317,MCH6831,UTR0694149689,0,0,0,0,0,0,0
TXN00014545,2026-02-11 14:28:20,USR40808,MCH6316,10421.63,UTR4814636577,1310,SUCCESS,TXN00014545,USR40808,MCH6316,UTR4814636577,0,0,0,0,0,0,0
TXN00001999,2026-03-28 05:24:07,USR55252,MCH5838,1436.0,UTR9021391919,0110,SUCCESS,TXN00001999,USR55252,MCH5838,UTR9021391919,0,0,0,0,0,0,0
TXN00001695,2026-03-19 20:38:12,USR92328,MCH6427,9194.69,UTR5018210282,9120,SUCCESS,TXN00001695,USR92328,MCH6427,UTR5018210282,0,0,0,0,0,0,0
TXN00008075,2026-01-02 00:35:48,USR58140,MCH2403,20833.45,UTR9949802717,0110,SUCCESS,TXN00008075,USR58140,MCH2403,UTR9949802717,0,0,0,0,0,0,0
TXN00009606,2026-03-01 21:34:45,USR21668,MCH7975,19350.66,UTR3475980815,,FAILED,TXN00009606,USR21668,MCH7975,UTR3475980815,0,0,1,0,0,1,0
TXN00011391,2026-02-13 02:29:31,USR22359,MCH7027,283.98,UTR0932340954,8120,SUCCESS,TXN00011391,USR22359,MCH7027,UTR0932340954,0,0,0,0,0,0,0
TXN00011752,2026-03-14 11:18:58,USR10259,MCH2840,0.214513,UTR9327836897,4110,SUCCESS,TXN00011752,USR10259,MCH2840,UTR9327836897,0,0,0,0,0,0,0
TXN00003692,2026-03-07 07:06:46,USR36799,MCH6790,0.1312314,UTR0839041644,1310,SUCCESS,TXN00003692,USR36799,MCH6790,UTR 0839041644,0,0,0,0,0,0,0
TXN00014640,2026-01-18 03:07:28,USR37842,MCH1490,15971.7,UTR1726515161,9120,SUCCESS,TXN00014640,USR37842,MCH1490,UTR1726515161,0,0,0,0,0,0,0
TXN00001499,2026-02-02 06:38:28,USR76155,MCH3156,9500.85,UTR7288323355,4110,SUCCESS,TXN00001499,USR76155,MCH3156,UTR7288323355,0,0,0,0,0,0,0
TXN00016137,2026-01-24 03:05:07,USR88361,MCH1291,10794.54,UTR5613817644,0110,FAILED,TXN00016137,USR88361,MCH1291,UTR5613817644,0,0,0,0,0,1,0
TXN00009016,2026-02-08 06:26:15,USR34465,MCH4152,1865.43,UTR4379911763,9120,SUCCESS,TXN00009016,USR34465,MCH4152,UTR4379911763,0,0,0,0,0,0,0
TXN00000974,2026-03-17 20:24:17,USR98208,MCH4905,5381.36,UTR2706780260,9120,FAILED,TXN00000974,USR98208,MCH4905,UTR2706780260,0,0,0,0,0,1,0
TXN00018564,2026-02-24 17:52:48,USR42182,MCH2709,0.93496,UTR6467831825,9120,SUCCESS,TXN00018564,USR42182,MCH2709,UTR6467831825,0,0,0,0,0,0,0
TXN00002098,2026-01-01 14:13:39,USR15456,MCH2700,15868.21,UTR3926279959,,SUCCESS,TXN00002098,USR15456,MCH2700,UTR3926279959,0,0,1,0,0,0,0
TXN00007465,2026-02-11 07:27:43,USR57227,MCH4490,9342.38,UTR8883948385,9120,SUCCESS,TXN00007465,USR57227,MCH4490,UTR 8883948385,0,0,0,0,0,0,0
TXN00017734,2026-02-04 04:07:07,USR99514,MCH2480,11996.0,UTR6797142668,0110,SUCCESS,TXN00017734,USR99514,MCH2480,UTR6797142668,0,0,0,0,0,0,0
TXN00012358,2026-01-09 15:49:25,USR35903,MCH6504,19343.18,UTR5896366115,,SUCCESS,TXN00012358,USR35903,MCH6504,UTR5896366115,0,0,1,0,0,0,0
TXN00009798,2026-02-04 23:31:53,USR71781,MCH6410,16137.0,UTR2956753774,4110,SUCCESS,TXN00009798,USR71781,MCH6410,UTR2956753774,0,0,0,0,0,0,0
TXN00008119,2026-01-26 12:47:18,USR33672,MCH1484,4301.0,UTR3161115311,1310,SUCCESS,TXN00008119,USR33672,MCH1484,UTR 3161115311,0,0,0,0,0,0,0
TXN00002170,2026-01-14 07:46:48,USR45732,MCH7513,0.813435,UTR3644951507,1310,SUCCESS,TXN00002170,USR45732,MCH7513,UTR3644951507,0,0,0,0,0,0,0
TXN00013907,2026-03-24 16:08:41,USR11290,MCH9630,23046.92,UTR5226060104,1310,SUCCESS,TXN00013907,USR11290,MCH9630,UTR5226060104,0,0,0,0,0,0,0
TXN00001534,2026-02-27 07:13:12,USR89910,MCH8054,0.682287,UTR6999756685,4110,FAILED,TXN00001534,USR89910,MCH8054,UTR6999756685,0,0,0,0,0,1,0
TXN00009498,2026-02-26 01:48:43,USR19606,MCH9653,10698.02,UTR1132852428,1310,SUCCESS,TXN00009498,USR19606,MCH9653,UTR1132852428,0,0,0,0,0,0,0
TXN00011655,2026-03-01 16:39:10,USR51899,MCH1408,22243.45,UTR6967235946,4110,SUCCESS,TXN00011655,USR51899,MCH1408,UTR6967235946,0,0,0,0,0,0,0
TXN00011239,2026-02-28 00:37:20,USR98977,MCH7486,11568.0,UTR4890221063,1310,SUCCESS,TXN00011239,USR98977,MCH7486,UTR4890221063,0,0,0,0,0,0,0
TXN00007049,2026-02-27 22:18:23,USR40040,MCH2221,5137.63,UTR6416608674,4110,SUCCESS,TXN00007049,USR40040,MCH2221,UTR 6416608674,0,0,0,0,0,0,0
TXN00016442,2026-02-28 10:09:47,USR11047,MCH5721,6377.89,,9120,SUCCESS,TXN00016442,USR11047,MCH5721,,0,1,0,0,0,0,0
TXN00008050,2026-03-03 00:00:00,USR19676,MCH8805,0.347493,UTR0157643640,8120,SUCCESS,TXN00008050,USR19676,MCH8805,UTR 0157643640,0,0,0,0,0,0,0
TXN00003872,2026-02-14 17:48:33,USR48099,MCH8850,4552.65,UTR8282247426,1310,FAILED,TXN00003872,USR48099,MCH8850,UTR8282247426,0,0,0,0,0,1,0
TXN00015208,2026-03-12 14:57:15,USR71803,MCH4251,19092.47,UTR9965118632,,SUCCESS,TXN00015208,USR71803,MCH4251,UTR 9965118632,0,0,1,0,0,0,0
TXN00017719,2026-03-27 01:41:06,USR50595,MCH6629,6080.31,UTR0856005772,8120,SUCCESS,TXN00017719,USR50595,MCH6629,UTR0856005772,0,0,0,0,0,0,0
TXN00010166,2026-02-08 02:54:16,USR30973,MCH5272,3149.06,UTR7908765418,4110,PENDING,TXN00010166,USR30973,MCH5272,UTR7908765418,0,0,0,0,0,0,1
TXN00016285,2026-01-26 23:41:05,USR17701,MCH4846,4528.46,UTR2918511504,0110,SUCCESS,TXN00016285,USR17701,MCH4846,UTR2918511504,0,0,0,0,0,0,0
TXN00005029,2026-03-11 07:47:20,USR11533,MCH6707,18154.86,UTR3887516664,4110,SUCCESS,TXN00005029,USR11533,MCH6707,UTR3887516664,0,0,0,0,0,0,0
TXN00007614,2026-02-04 22:15:17,USR63799,MCH3699,-9935.7,UTR2971704951,,SUCCESS,TXN00007614,USR63799,MCH3699,UTR2971704951,1,0,1,0,0,0,0
TXN00010192,2026-02-01 19:43:30,USR38621,MCH1957,7537.63,UTR6008206079,4110,SUCCESS,TXN00010192,USR38621,MCH1957,UTR6008206079,0,0,0,0,0,0,0
TXN00002443,2026-03-23 23:39:38,USR12813,MCH4429,19050.0,UTR5042409612,4110,SUCCESS,TXN00002443,USR12813,MCH4429,UTR5042409612,0,0,0,0,0,0,0
TXN00001094,2026-01-03 18:52:33,USR29893,MCH8764,12822.09,UTR2161868004,,SUCCESS,TXN00001094,USR29893,MCH8764,UTR2161868004,0,0,1,0,0,0,0
TXN00008778,2026-01-25 19:15:23,USR86268,MCH1751,5774.0,UTR8281344107,1310,SUCCESS,TXN00008778,USR86268,MCH1751,UTR8281344107,0,0,0,0,0,0,0
TXN00003093,2026-01-11 10:29:10,USR36233,MCH4127,9981.89,UTR5146189669,0110,SUCCESS,TXN00003093,USR36233,MCH4127,UTR5146189669,0,0,0,0,0,0,0
TXN00013953,2026-01-22 00:00:00,USR30941,MCH7482,24270.07,UTR1189578077,0110,SUCCESS,TXN00013953,USR30941,MCH7482,UTR 1189578077,0,0,0,0,0,0,0
TXN00004044,2026-02-07 06:25:35,USR13129,MCH9411,15488.56,UTR2484309315,4110,SUCCESS,TXN00004044,USR13129,MCH9411,UTR2484309315,0,0,0,0,0,0,0
TXN00002338,2026-02-16 04:17:45,USR47599,MCH3925,9232.64,UTR2736933136,8120,SUCCESS,TXN00002338,USR47599,MCH3925,UTR2736933136,0,0,0,0,0,0,0
TXN00016219,2026-01-23 11:57:14,USR74700,MCH8680,24515.0,UTR9681361294,1310,SUCCESS,TXN00016219,USR74700,MCH8680,UTR9681361294,0,0,0,0,0,0,0
TXN00018829,2026-02-20 09:09:16,USR11233,MCH9455,21942.96,UTR8113263021,,SUCCESS,TXN00018829,USR11233,MCH9455,UTR8113263021,0,0,1,0,0,0,0
TXN00014739,2026-03-14 23:18:08,USR65082,MCH1814,21723.08,UTR2363139029,8120,SUCCESS,TXN00014739,USR65082,MCH1814,UTR2363139029,0,0,0,0,0,0,0
TXN00002742,2026-01-08 15:54:47,USR28623,MCH5087,5642.28,UTR8231143120,4110,SUCCESS,TXN00002742,USR28623,MCH5087,UTR8231143120,0,0,0,0,0,0,0
TXN00014983,2026-03-03 12:48:29,USR12226,MCH3427,24761.89,UTR8734713425,9120,SUCCESS,TXN00014983,USR12226,MCH3427,UTR8734713425,0,0,0,0,0,0,0
TXN00012080,2026-01-12 09:26:47,USR51052,MCH9099,19107.87,UTR1365473421,4110,SUCCESS,TXN00012080,USR51052,MCH9099,UTR1365473421,0,0,0,0,0,0,0
TXN00019167,2026-02-13 14:00:07,USR50048,MCH1545,549.53,UTR4448398583,1310,SUCCESS,TXN00019167,USR50048,MCH1545,UTR4448398583,0,0,0,0,0,0,0
TXN00016650,2026-01-02 01:34:41,USR11936,MCH8352,8148.41,UTR5696989450,4110,SUCCESS,TXN00016650,USR11936,MCH8352,UTR5696989450,0,0,0,0,0,0,0
TXN00013140,2026-03-15 22:50:24,USR86115,MCH2194,1671.6,UTR7167157001,,SUCCESS,TXN00013140,USR86115,MCH2194,UTR7167157001,0,0,1,0,0,0,0
TXN00011627,2026-02-10 21:24:12,USR39445,MCH1182,19016.35,UTR0041222258,4110,SUCCESS,TXN00011627,USR39445,MCH1182,UTR0041222258,0,0,0,0,0,0,0
TXN00016886,2026-02-16 05:40:18,USR60471,MCH8010,10688.38,UTR7452969854,8120,FAILED,TXN00016886,USR60471,MCH8010,UTR7452969854,0,0,0,0,0,1,0
TXN00008654,2026-02-08 06:50:16,USR93519,MCH2073,14601.0,UTR1362749814,0110,SUCCESS,TXN00008654,USR93519,MCH2073,UTR1362749814,0,0,0,0,0,0,0
TXN00008990,2026-07-03 04:20:00,USR79966,MCH6495,14696.48,UTR9733541510,4110,SUCCESS,TXN00008990,USR79966,MCH6495,UTR9733541510,0,0,0,0,0,0,0
TXN00003954,2026-03-19 04:20:09,USR12252,MCH4542,3395.0,UTR2794196637,,SUCCESS,TXN00003954,USR12252,MCH4542,UTR 2794196637,0,0,1,0,0,0,0
TXN00002735,2026-03-19 09:49:20,USR70508,MCH5877,23569.0,UTR2786605816,1310,SUCCESS,TXN00002735,USR70508,MCH5877,UTR2786605816,0,0,0,0,0,0,0
TXN00018396,2026-01-03 09:50:19,USR86617,MCH8644,15086.03,UTR2327116077,4110,SUCCESS,TXN00018396,USR86617,MCH8644,UTR2327116077,0,0,0,0,0,0,0
TXN00006931,2026-02-03 20:51:35,USR31227,MCH6772,8020.87,UTR1767785182,9120,FAILED,TXN00006931,USR31227,MCH6772,UTR1767785182,0,0,0,0,0,1,0
TXN00005664,2026-01-27 01:47:41,USR25181,MCH5148,14473.12,UTR4958243550,0110,SUCCESS,TXN00005664,USR25181,MCH5148,UTR4958243550,0,0,0,0,0,0,0
TXN00006512,2026-03-05 10:28:10,USR90859,MCH6829,19573.0,UTR3587120216,1310,SUCCESS,TXN00006512,USR90859,MCH6829,UTR3587120216,0,0,0,0,0,0,0
TXN00014404,2026-01-10 23:31:32,USR87402,MCH6357,19730.71,UTR0471546406,8120,SUCCESS,TXN00014404,USR87402,MCH6357,UTR0471546406,0,0,0,0,0,0,0
TXN00016753,2026-03-01 06:18:19,USR96135,MCH5390,4838.97,UTR0818140036,1310,SUCCESS,TXN00016753,USR96135,MCH5390,UTR0818140036,0,0,0,0,0,0,0
TXN00009895,2026-02-26 06:37:55,USR61228,MCH7301,18242.87,UTR5556626470,9120,SUCCESS,TXN00009895,USR61228,MCH7301,UTR 5556626470,0,0,0,0,0,0,0
TXN00016603,2026-02-08 21:00:18,USR39798,MCH6053,17102.67,UTR8298845831,0110,SUCCESS,TXN00016603,USR39798,MCH6053,UTR8298845831,0,0,0,0,0,0,0
TXN00004114,2026-01-13 20:45:49,USR58662,MCH7777,2256.02,UTR1714418658,9120,PENDING,TXN00004114,USR58662,MCH7777,UTR1714418658,0,0,0,0,0,0,1
TXN00017171,2026-02-23 22:58:01,USR94555,MCH2704,0.1069162,UTR8074328660,4110,SUCCESS,TXN00017171,USR94555,MCH2704,UTR8074328660,0,0,0,0,0,0,0
TXN00008565,2026-03-28 08:58:38,USR17775,MCH9747,12137.17,UTR4853581608,4110,SUCCESS,TXN00008565,USR17775,MCH9747,UTR4853581608,0,0,0,0,0,0,0
TXN00013970,2026-02-23 10:52:44,USR73501,MCH3132,13015.02,UTR0722417896,4110,SUCCESS,TXN00013970,USR73501,MCH3132,UTR0722417896,0,0,0,0,0,0,0
TXN00011838,2026-02-25 10:27:51,USR43965,MCH4704,19462.11,UTR5220098685,0110,FAILED,TXN00011838,USR43965,MCH4704,UTR5220098685,0,0,0,0,0,1,0
TXN00004599,2026-02-25 14:34:14,USR81474,MCH6871,10139.0,UTR4711630089,9120,SUCCESS,TXN00004599,USR81474,MCH6871,UTR4711630089,0,0,0,0,0,0,0
TXN00007834,2026-01-21 10:34:34,USR75934,MCH9123,21915.25,UTR9607660458,9120,FAILED,TXN00007834,USR75934,MCH9123,UTR9607660458,0,0,0,0,0,1,0
TXN00009782,2026-03-11 02:33:10,USR27873,MCH5528,9825.71,UTR8963054257,9120,PENDING,TXN00009782,USR27873,MCH5528,UTR8963054257,0,0,0,0,0,0,1
TXN00011312,2026-02-04 04:41:35,USR69413,MCH8852,12726.82,UTR9450680178,4110,FAILED,TXN00011312,USR69413,MCH8852,UTR9450680178,0,0,0,0,0,1,0
TXN00002271,2026-01-18 04:46:49,USR19094,MCH3943,2615.0,UTR4889682281,4110,FAILED,TXN00002271,USR19094,MCH3943,UTR4889682281,0,0,0,0,0,1,0
TXN00005032,2026-02-10 17:12:04,USR25765,MCH5225,13316.45,UTR6057733809,4110,SUCCESS,TXN00005032,USR25765,MCH5225,UTR6057733809,0,0,0,0,0,0,0
TXN00014367,2026-01-10 18:13:01,USR28764,MCH6254,24731.51,UTR2029956842,4110,SUCCESS,TXN00014367,USR28764,MCH6254,UTR2029956842,0,0,0,0,0,0,0
TXN00017276,2026-03-28 20:34:48,USR14682,MCH3619,10223.0,UTR0163250504,,SUCCESS,TXN00017276,USR14682,MCH3619,UTR0163250504,0,0,1,0,0,0,0
TXN00007075,2026-01-12 03:05:23,USR65824,MCH4228,12597.26,UTR4276474938,4110,SUCCESS,TXN00007075,USR65824,MCH4228,UTR4276474938,0,0,0,0,0,0,0
TXN00002785,2026-01-16 12:47:45,USR97266,MCH7355,21346.09,UTR2948211773,4110,SUCCESS,TXN00002785,USR97266,MCH7355,UTR2948211773,0,0,0,0,0,0,0
TXN00017610,2026-09-03 20:00:25,USR51765,MCH4232,11115.18,UTR5102254853,,FAILED,TXN00017610,USR51765,MCH4232,UTR 5102254853,0,0,1,0,0,1,0
TXN00015898,2026-01-12 04:00:57,USR24925,MCH5701,22271.39,UTR7982566552,1310,SUCCESS,TXN00015898,USR24925,MCH5701,UTR7982566552,0,0,0,0,0,0,0
TXN00006992,2026-03-15 09:30:57,USR42256,MCH5908,6025.41,UTR8460447806,0110,SUCCESS,TXN00006992,USR42256,MCH5908,UTR8460447806,0,0,0,0,0,0,0
TXN00003096,2026-03-27 16:16:15,USR98369,MCH5300,16814.79,UTR6955851939,4110,SUCCESS,TXN00003096,USR98369,MCH5300,UTR6955851939,0,0,0,0,0,0,0
TXN00010818,2026-08-03 06:06:54,USR74835,MCH7847,17510.66,UTR7007002189,,SUCCESS,TXN00010818,USR74835,MCH7847,UTR7007002189,0,0,1,0,0,0,0
TXN00012337,2026-03-25 19:35:07,USR18689,MCH9929,4716.79,UTR9550497503,1310,FAILED,TXN00012337,USR18689,MCH9929,UTR 9550497503,0,0,0,0,0,1,0
TXN00005500,2026-01-14 15:43:22,USR94414,MCH4418,15796.74,UTR2409870280,,SUCCESS,TXN00005500,USR94414,MCH4418,UTR2409870280,0,0,1,0,0,0,0
TXN00014379,2026-03-07 18:25:01,USR71274,MCH6515,7621.45,UTR6674942505,4110,SUCCESS,TXN00014379,USR71274,MCH6515,UTR6674942505,0,0,0,0,0,0,0
TXN00003970,2026-03-25 07:47:44,USR34485,MCH6489,9948.13,UTR4526032745,8120,SUCCESS,TXN00003970,USR34485,MCH6489,UTR4526032745,0,0,0,0,0,0,0
TXN00012261,2026-03-24 02:56:46,USR64460,MCH6519,24543.36,UTR3686142040,9120,SUCCESS,TXN00012261,USR64460,MCH6519,UTR3686142040,0,0,0,0,0,0,0
TXN00013632,2026-03-17 23:41:52,USR36176,MCH5287,3018.37,UTR6878165377,4110,SUCCESS,TXN00013632,USR36176,MCH5287,UTR6878165377,0,0,0,0,0,0,0
TXN00012321,2026-02-27 16:35:46,USR88966,MCH5051,10798.26,UTR1553033840,4110,SUCCESS,TXN00012321,USR88966,MCH5051,UTR1553033840,0,0,0,0,0,0,0
TXN00009728,2026-02-21 13:54:56,USR97688,MCH5599,5120.04,UTR0837207382,8120,SUCCESS,TXN00009728,USR97688,MCH5599,UTR0837207382,0,0,0,0,0,0,0
TXN00004487,2026-02-04 20:37:18,USR40270,MCH3335,639.73,UTR6638404523,8120,SUCCESS,TXN00004487,USR40270,MCH3335,UTR6638404523,0,0,0,0,0,0,0
TXN00019221,2026-01-28 16:41:50,USR36765,MCH3321,5162.0,UTR2920438571,,SUCCESS,TXN00019221,USR36765,MCH3321,UTR2920438571,0,0,1,0,0,0,0
TXN00018609,2026-03-25 12:37:53,USR24434,MCH6936,23272.52,UTR8618774492,8120,SUCCESS,TXN00018609,USR24434,MCH6936,UTR8618774492,0,0,0,0,0,0,0
TXN00005375,2026-03-24 01:30:26,USR45101,MCH6115,12109.48,UTR2688530829,9120,SUCCESS,TXN00005375,USR45101,MCH6115,UTR2688530829,0,0,0,0,0,0,0
TXN00019108,2026-03-27 13:54:25,USR27594,MCH8238,732.51,UTR2081379875,4110,SUCCESS,TXN00019108,USR27594,MCH8238,UTR2081379875,0,0,0,0,0,0,0
TXN00010323,2026-01-14 17:55:46,USR31377,MCH9050,23890.98,UTR4517141653,4110,SUCCESS,TXN00010323,USR31377,MCH9050,UTR4517141653,0,0,0,0,0,0,0
TXN00007286,2026-03-30 02:01:41,USR13367,MCH7985,0.1260671,UTR5904919715,9120,FAILED,TXN00007286,USR13367,MCH7985,UTR5904919715,0,0,0,0,0,1,0
TXN00008374,2026-01-19 10:25:40,USR15101,MCH4831,0.1859117,UTR3604794028,9120,SUCCESS,TXN00008374,USR15101,MCH4831,UTR3604794028,0,0,0,0,0,0,0
TXN00007521,2026-02-16 20:13:52,USR81554,MCH4491,9240.87,UTR8131947924,8120,SUCCESS,TXN00007521,USR81554,MCH4491,UTR8131947924,0,0,0,0,0,0,0
TXN00008154,2026-02-17 18:26:01,USR76911,MCH2588,23576.09,UTR1707335232,4110,SUCCESS,TXN00008154,USR76911,MCH2588,UTR1707335232,0,0,0,0,0,0,0
TXN00018007,2026-02-27 13:57:25,USR41354,MCH9962,8558.0,UTR5547617948,4110,SUCCESS,TXN00018007,USR41354,MCH9962,UTR5547617948,0,0,0,0,0,0,0
TXN00016876,2026-02-08 23:36:37,USR91480,MCH1675,15536.34,UTR0696584463,4110,SUCCESS,TXN00016876,USR91480,MCH1675,UTR 0696584463,0,0,0,0,0,0,0
TXN00004682,2026-02-02 19:01:35,USR17197,MCH7772,6227.0,UTR4225493061,4110,PENDING,TXN00004682,USR17197,MCH7772,UTR4225493061,0,0,0,0,0,0,1
TXN00006934,2026-03-07 01:59:38,USR83076,MCH5203,3227.57,UTR1400756189,9120,SUCCESS,TXN00006934,USR83076,MCH5203,UTR1400756189,0,0,0,0,0,0,0
TXN00012522,2026-03-26 08:24:19,USR62799,MCH9289,21056.83,UTR4826578041,4110,SUCCESS,TXN00012522,USR62799,MCH9289,UTR4826578041,0,0,0,0,0,0,0
TXN00008875,2026-01-23 01:56:44,USR27304,MCH2773,0.2311703,UTR2161062989,0110,SUCCESS,TXN00008875,USR27304,MCH2773,UTR2161062989,0,0,0,0,0,0,0
TXN00016400,2026-01-26 18:25:44,USR65826,MCH4243,0.2377469,UTR3651027860,1310,SUCCESS,TXN00016400,USR65826,MCH4243,UTR3651027860,0,0,0,0,0,0,0
TXN00013337,2026-03-05 09:44:14,USR46507,MCH5845,21410.79,UTR6635825433,8120,SUCCESS,TXN00013337,USR46507,MCH5845,UTR6635825433,0,0,0,0,0,0,0
TXN00012320,2026-01-27 03:33:26,USR60390,MCH3085,24251.73,UTR6773837045,4110,SUCCESS,TXN00012320,USR60390,MCH3085,UTR6773837045,0,0,0,0,0,0,0
TXN00010466,2026-03-15 21:33:26,USR15694,MCH4601,9228.37,UTR9108037712,9120,SUCCESS,TXN00010466,USR15694,MCH4601,UTR9108037712,0,0,0,0,0,0,0
TXN00001595,2026-02-13 01:50:45,USR78713,MCH7678,18111.23,UTR3282128490,4110,SUCCESS,TXN00001595,USR78713,MCH7678,UTR3282128490,0,0,0,0,0,0,0
TXN00002009,2026-01-31 08:17:25,USR76496,MCH1349,-1643.5,UTR3944226702,9120,SUCCESS,TXN00002009,USR76496,MCH1349,UTR3944226702,1,0,0,0,0,0,0
TXN00015580,2026-01-18 12:59:50,USR41636,MCH2932,18785.17,UTR9837505293,8120,SUCCESS,TXN00015580,USR41636,MCH2932,UTR9837505293,0,0,0,0,0,0,0
TXN00009010,2026-01-03 00:34:46,USR83361,MCH3713,14492.61,UTR0378374349,9120,SUCCESS,TXN00009010,USR83361,MCH3713,UTR0378374349,0,0,0,0,0,0,0
TXN00017690,2026-03-24 07:32:00,USR36596,MCH7403,0.1935234,UTR1244544786,4110,SUCCESS,TXN00017690,USR36596,MCH7403,UTR 1244544786,0,0,0,0,0,0,0
TXN00009401,2026-02-02 00:00:00,USR74458,MCH3112,17176.32,UTR2093437770,4110,SUCCESS,TXN00009401,USR74458,MCH3112,UTR2093437770,0,0,0,0,0,0,0
TXN00016665,2026-02-24 00:00:00,USR20878,MCH8625,5743.17,UTR1949459265,0110,SUCCESS,TXN00016665,USR20878,MCH8625,UTR1949459265,0,0,0,0,0,0,0
TXN00016632,2026-01-27 04:57:29,USR81399,MCH4690,15157.0,UTR1512765552,1310,SUCCESS,TXN00016632,USR81399,MCH4690,UTR1512765552,0,0,0,0,0,0,0
TXN00008243,2026-01-30 00:17:05,USR17656,MCH5430,620.0,UTR1683421075,,SUCCESS,TXN00008243,USR17656,MCH5430,UTR1683421075,0,0,1,0,0,0,0
TXN00015623,2026-04-02 08:52:59,USR81331,MCH6625,-20139.52,UTR3123964132,,SUCCESS,TXN00015623,USR81331,MCH6625,UTR3123964132,1,0,1,0,0,0,0
TXN00007490,2026-01-01 00:00:00,USR26616,MCH8458,20188.87,UTR6203431734,9120,SUCCESS,TXN00007490,USR26616,MCH8458,UTR6203431734,0,0,0,0,0,0,0
TXN00002620,2026-01-14 22:33:29,USR53371,MCH5833,7841.0,UTR4480922867,4110,SUCCESS,TXN00002620,USR53371,MCH5833,UTR4480922867,0,0,0,0,0,0,0
TXN00011746,2026-01-20 11:32:37,USR11906,MCH4155,4124.72,UTR6705430632,9120,SUCCESS,TXN00011746,USR11906,MCH4155,UTR6705430632,0,0,0,0,0,0,0
TXN00004379,2026-02-14 20:39:51,USR53611,MCH5407,3641.71,UTR9372888036,1310,SUCCESS,TXN00004379,USR53611,MCH5407,UTR9372888036,0,0,0,0,0,0,0
TXN00008110,2026-01-25 06:18:00,USR93996,MCH2235,0.1926259,UTR0284339160,4110,SUCCESS,TXN00008110,USR93996,MCH2235,UTR0284339160,0,0,0,0,0,0,0
TXN00009977,2026-03-19 14:40:18,USR48361,MCH3347,12139.0,UTR8885628904,9120,SUCCESS,TXN00009977,USR48361,MCH3347,UTR8885628904,0,0,0,0,0,0,0
TXN00012985,2026-03-28 19:57:38,USR23155,MCH4612,0.860558,UTR9706154034,8120,SUCCESS,TXN00012985,USR23155,MCH4612,UTR9706154034,0,0,0,0,0,0,0
TXN00002822,2026-01-12 00:21:15,USR72065,MCH5025,5724.63,UTR5130959923,,SUCCESS,TXN00002822,USR72065,MCH5025,UTR5130959923,0,0,1,0,0,0,0
TXN00015957,2026-02-05 07:11:37,USR41785,MCH4137,18999.37,UTR3865074202,8120,SUCCESS,TXN00015957,USR41785,MCH4137,UTR3865074202,0,0,0,0,0,0,0
TXN00005531,2026-01-05 16:11:30,USR26765,MCH6045,13640.24,UTR4601325835,8120,SUCCESS,TXN00005531,USR26765,MCH6045,UTR4601325835,0,0,0,0,0,0,0
TXN00007358,2026-02-24 17:17:38,USR70324,MCH5125,0.2364491,UTR6553511055,4110,SUCCESS,TXN00007358,USR70324,MCH5125,UTR6553511055,0,0,0,0,0,0,0
TXN00000198,2026-01-26 21:44:51,USR23134,MCH4384,22428.79,UTR1903115065,9120,SUCCESS,TXN00000198,USR23134,MCH4384,UTR1903115065,0,0,0,0,0,0,0
TXN00005923,2026-01-21 19:23:54,USR68854,MCH5028,4378.0,UTR9978712334,1310,SUCCESS,TXN00005923,USR68854,MCH5028,UTR9978712334,0,0,0,0,0,0,0
TXN00011789,2026-02-24 08:29:12,USR74811,MCH8488,10752.11,UTR6887368030,,PENDING,TXN00011789,USR74811,MCH8488,UTR6887368030,0,0,1,0,0,0,1
TXN00014800,2026-01-17 02:23:49,USR26719,MCH7625,18266.7,,1310,SUCCESS,TXN00014800,USR26719,MCH7625,,0,1,0,0,0,0,0
TXN00012990,2026-02-27 19:43:46,USR41164,MCH7951,0.62615,UTR0004354142,9120,SUCCESS,TXN00012990,USR41164,MCH7951,UTR0004354142,0,0,0,0,0,0,0
TXN00005824,2026-01-10 12:51:47,USR55182,MCH6962,18299.5,UTR5422291044,,SUCCESS,TXN00005824,USR55182,MCH6962,UTR5422291044,0,0,1,0,0,0,0
TXN00000585,2026-03-27 20:10:59,USR47209,MCH2449,15838.69,UTR9546601795,9120,SUCCESS,TXN00000585,USR47209,MCH2449,UTR9546601795,0,0,0,0,0,0,0
TXN00016484,2026-02-16 00:19:42,USR75732,MCH7188,10800.0,UTR5086792965,9120,SUCCESS,TXN00016484,USR75732,MCH7188,UTR 5086792965,0,0,0,0,0,0,0
TXN00009870,2026-03-12 21:27:19,USR94755,MCH4350,4372.85,UTR4654963071,4110,SUCCESS,TXN00009870,USR94755,MCH4350,UTR4654963071,0,0,0,0,0,0,0
TXN00012749,2026-02-28 16:05:47,USR30709,MCH2694,4398.63,UTR3743404477,,SUCCESS,TXN00012749,USR30709,MCH2694,UTR3743404477,0,0,1,0,0,0,0
TXN00004070,2026-03-03 13:36:48,USR36829,MCH1508,21173.71,UTR3235531436,,SUCCESS,TXN00004070,USR36829,MCH1508,UTR3235531436,0,0,1,0,0,0,0
TXN00017051,2026-02-11 08:18:01,USR68342,MCH7700,14323.1,UTR9087341420,,SUCCESS,TXN00017051,USR68342,MCH7700,UTR9087341420,0,0,1,0,0,0,0
TXN00006658,2026-01-13 22:46:44,USR36632,MCH6809,0.802098,UTR8624009024,4110,SUCCESS,TXN00006658,USR36632,MCH6809,UTR8624009024,0,0,0,0,0,0,0
TXN00003157,2026-01-16 18:39:25,USR95672,MCH7098,23407.65,UTR2693035106,4110,SUCCESS,TXN00003157,USR95672,MCH7098,UTR2693035106,0,0,0,0,0,0,0
TXN00007472,2026-03-25 09:44:20,USR90777,MCH7739,968.71,UTR6003375437,4110,PENDING,TXN00007472,USR90777,MCH7739,UTR6003375437,0,0,0,0,0,0,1
TXN00016729,2026-02-20 03:04:04,USR24157,MCH8872,19736.68,UTR0315221635,1310,SUCCESS,TXN00016729,USR24157,MCH8872,UTR0315221635,0,0,0,0,0,0,0
TXN00010863,2026-01-26 05:51:40,USR88549,MCH5280,2712.57,UTR0166375979,4110,SUCCESS,TXN00010863,USR88549,MCH5280,UTR0166375979,0,0,0,0,0,0,0
TXN00018058,2026-01-30 07:45:49,USR96684,MCH9267,10644.04,UTR4025844633,0110,SUCCESS,TXN00018058,USR96684,MCH9267,UTR4025844633,0,0,0,0,0,0,0
TXN00001635,2026-01-25 18:57:15,USR17425,MCH9450,23180.17,UTR1961164302,4110,SUCCESS,TXN00001635,USR17425,MCH9450,UTR1961164302,0,0,0,0,0,0,0
TXN00006419,2026-03-23 09:55:53,USR10881,MCH7729,0.1905074,UTR6007647585,0110,SUCCESS,TXN00006419,USR10881,MCH7729,UTR6007647585,0,0,0,0,0,0,0
TXN00001079,2026-03-24 16:38:07,USR23295,MCH8732,5464.0,UTR6904682137,1310,SUCCESS,TXN00001079,USR23295,MCH8732,UTR6904682137,0,0,0,0,0,0,0
TXN00014638,2026-01-24 18:42:59,USR48448,MCH6858,10230.57,UTR0388799181,4110,SUCCESS,TXN00014638,USR48448,MCH6858,UTR0388799181,0,0,0,0,0,0,0
TXN00008534,2026-01-14 02:46:21,USR15977,MCH4159,19685.85,UTR2775277004,1310,SUCCESS,TXN00008534,USR15977,MCH4159,UTR2775277004,0,0,0,0,0,0,0
TXN00000819,2026-02-24 06:23:25,USR94390,MCH8434,1378.49,,8120,SUCCESS,TXN00000819,USR94390,MCH8434,,0,1,0,0,0,0,0
TXN00003767,2026-01-19 11:51:15,USR15234,MCH1361,14906.09,UTR4755603257,4110,FAILED,TXN00003767,USR15234,MCH1361,UTR4755603257,0,0,0,0,0,1,0
TXN00001285,2026-01-07 21:51:39,USR10951,MCH1704,8168.0,UTR6688257952,9120,SUCCESS,TXN00001285,USR10951,MCH1704,UTR6688257952,0,0,0,0,0,0,0
TXN00018004,2026-01-22 02:24:16,USR85263,MCH5100,17920.95,UTR7816933935,,SUCCESS,TXN00018004,USR85263,MCH5100,UTR7816933935,0,0,1,0,0,0,0
TXN00000093,2026-02-14 00:31:21,USR21555,MCH1922,-19022.02,UTR2240748309,1310,SUCCESS,TXN00000093,USR21555,MCH1922,UTR2240748309,1,0,0,0,0,0,0
TXN00014079,2026-02-23 15:41:12,USR80063,MCH1396,8156.22,UTR0085873549,4110,SUCCESS,TXN00014079,USR80063,MCH1396,UTR0085873549,0,0,0,0,0,0,0
TXN00011892,2026-03-27 09:13:43,USR88179,MCH8136,0.140041,UTR4038852975,4110,SUCCESS,TXN00011892,USR88179,MCH8136,UTR4038852975,0,0,0,0,0,0,0
TXN00013737,2026-01-15 00:56:35,USR20646,MCH6736,22739.04,UTR2365242389,4110,SUCCESS,TXN00013737,USR20646,MCH6736,UTR2365242389,0,0,0,0,0,0,0
TXN00000206,2026-02-14 01:15:10,USR12850,MCH1616,240.0,UTR4967754430,9120,SUCCESS,TXN00000206,USR12850,MCH1616,UTR4967754430,0,0,0,0,0,0,0
TXN00017093,2026-03-14 00:00:00,USR64168,MCH5391,24056.98,UTR2108451322,,SUCCESS,TXN00017093,USR64168,MCH5391,UTR 2108451322,0,0,1,0,0,0,0
TXN00019042,2026-03-23 04:02:31,USR78840,MCH5825,8264.89,UTR7026142692,,PENDING,TXN00019042,USR78840,MCH5825,UTR7026142692,0,0,1,0,0,0,1
TXN00018971,2026-03-18 12:33:22,USR51150,MCH8749,12542.0,UTR5705146868,4110,SUCCESS,TXN00018971,USR51150,MCH8749,UTR5705146868,0,0,0,0,0,0,0
TXN00013914,2026-01-08 21:41:37,USR95507,MCH3029,22203.82,UTR8586248221,1310,FAILED,TXN00013914,USR95507,MCH3029,UTR8586248221,0,0,0,0,0,1,0
TXN00008831,2026-02-21 09:37:37,USR14733,MCH6605,8582.67,UTR9914486335,9120,SUCCESS,TXN00008831,USR14733,MCH6605,UTR9914486335,0,0,0,0,0,0,0
TXN00017908,2026-03-29 14:12:03,USR84928,MCH8976,10710.11,UTR0924121313,4110,SUCCESS,TXN00017908,USR84928,MCH8976,UTR0924121313,0,0,0,0,0,0,0
TXN00008944,2026-01-18 22:29:25,USR66555,MCH7050,23232.0,UTR8201837278,0110,SUCCESS,TXN00008944,USR66555,MCH7050,UTR8201837278,0,0,0,0,0,0,0
TXN00019215,2026-03-29 02:51:51,USR82677,MCH6111,12687.89,UTR5106717353,,SUCCESS,TXN00019215,USR82677,MCH6111,UTR5106717353,0,0,1,0,0,0,0
TXN00007290,2026-02-04 06:18:43,USR64891,MCH6222,21063.18,UTR5723818481,,SUCCESS,TXN00007290,USR64891,MCH6222,UTR5723818481,0,0,1,0,0,0,0
TXN00009745,2026-03-31 04:15:50,USR72749,MCH6034,6641.59,UTR7299164286,8120,FAILED,TXN00009745,USR72749,MCH6034,UTR7299164286,0,0,0,0,0,1,0
TXN00019444,2026-01-31 23:06:17,USR37693,MCH4182,5523.94,UTR9323368320,,SUCCESS,TXN00019444,USR37693,MCH4182,UTR 9323368320,0,0,1,0,0,0,0
TXN00012259,2026-02-17 20:44:47,USR71334,MCH6216,13342.38,UTR2618275606,1310,SUCCESS,TXN00012259,USR71334,MCH6216,UTR2618275606,0,0,0,0,0,0,0
TXN00018568,2026-03-23 00:00:00,USR71060,MCH5867,18940.84,UTR7738780074,0110,SUCCESS,TXN00018568,USR71060,MCH5867,UTR7738780074,0,0,0,0,0,0,0
TXN00001547,2026-01-14 23:54:23,USR27841,MCH8507,20152.0,UTR2909605127,0110,SUCCESS,TXN00001547,USR27841,MCH8507,UTR2909605127,0,0,0,0,0,0,0
TXN00007046,2026-01-05 01:20:18,USR42309,MCH4111,0.958264,UTR5841193907,4110,SUCCESS,TXN00007046,USR42309,MCH4111,UTR5841193907,0,0,0,0,0,0,0
TXN00018787,2026-03-30 08:34:46,USR86465,MCH5301,3612.56,UTR8675619114,4110,FAILED,TXN00018787,USR86465,MCH5301,UTR 8675619114,0,0,0,0,0,1,0
TXN00001522,2026-03-20 18:43:11,USR31856,MCH9129,23361.56,UTR0207820358,4110,PENDING,TXN00001522,USR31856,MCH9129,UTR0207820358,0,0,0,0,0,0,1
TXN00005755,2026-02-27 01:09:05,USR48591,MCH2143,22755.8,UTR9003347135,4110,SUCCESS,TXN00005755,USR48591,MCH2143,UTR9003347135,0,0,0,0,0,0,0
TXN00005749,2026-03-31 01:08:31,USR35487,MCH5332,24640.16,UTR6339254683,,PENDING,TXN00005749,USR35487,MCH5332,UTR 6339254683,0,0,1,0,0,0,1
TXN00005242,2026-06-02 03:22:53,USR67537,MCH6988,10524.21,UTR9071868261,8120,PENDING,TXN00005242,USR67537,MCH6988,UTR9071868261,0,0,0,0,0,0,1
TXN00010181,2026-03-11 11:00:12,USR95736,MCH7354,16986.12,UTR9832576679,1310,SUCCESS,TXN00010181,USR95736,MCH7354,UTR 9832576679,0,0,0,0,0,0,0
TXN00017950,2026-03-27 01:26:39,USR28519,MCH7927,6596.73,UTR1636832126,9120,SUCCESS,TXN00017950,USR28519,MCH7927,UTR1636832126,0,0,0,0,0,0,0
TXN00011027,2026-03-12 16:21:52,USR91166,MCH2247,3743.12,UTR8560560282,8120,SUCCESS,TXN00011027,USR91166,MCH2247,UTR8560560282,0,0,0,0,0,0,0
TXN00016614,2026-01-08 11:54:38,USR68278,MCH6201,0.119983,UTR3745720240,9120,SUCCESS,TXN00016614,USR68278,MCH6201,UTR3745720240,0,0,0,0,0,0,0
TXN00006862,2026-01-09 00:00:00,USR33086,MCH5534,22726.0,UTR8351227320,0110,SUCCESS,TXN00006862,USR33086,MCH5534,UTR 8351227320,0,0,0,0,0,0,0
TXN00008703,2026-02-03 19:36:58,USR78244,MCH2062,8081.24,UTR9763449431,4110,SUCCESS,TXN00008703,USR78244,MCH2062,UTR 9763449431,0,0,0,0,0,0,0
TXN00005444,2026-03-06 06:53:49,USR24282,MCH2842,23833.15,UTR5282836643,9120,SUCCESS,TXN00005444,USR24282,MCH2842,UTR5282836643,0,0,0,0,0,0,0
TXN00007531,2026-03-17 04:00:14,USR82030,MCH8807,-2125.37,UTR7799706283,8120,SUCCESS,TXN00007531,USR82030,MCH8807,UTR7799706283,1,0,0,0,0,0,0
TXN00013555,2026-12-03 00:33:54,USR97145,MCH1080,20075.22,UTR7152772501,,SUCCESS,TXN00013555,USR97145,MCH1080,UTR7152772501,0,0,1,0,0,0,0
TXN00012760,2026-11-01 18:29:15,USR95487,MCH1546,8141.51,UTR0806818869,0110,SUCCESS,TXN00012760,USR95487,MCH1546,UTR0806818869,0,0,0,0,0,0,0
TXN00010174,2026-02-11 20:53:37,USR55782,MCH2103,6068.0,UTR5138075627,1310,SUCCESS,TXN00010174,USR55782,MCH2103,UTR5138075627,0,0,0,0,0,0,0
TXN00014651,2026-03-17 20:32:06,USR98167,MCH5950,5468.77,UTR6276045886,,SUCCESS,TXN00014651,USR98167,MCH5950,UTR6276045886,0,0,1,0,0,0,0
TXN00006275,2026-10-03 00:48:38,USR56271,MCH3765,14775.75,UTR5158443646,4110,SUCCESS,TXN00006275,USR56271,MCH3765,UTR5158443646,0,0,0,0,0,0,0
TXN00003084,2026-03-27 15:59:59,USR77083,MCH7576,0.1469377,UTR3073863788,4110,SUCCESS,TXN00003084,USR77083,MCH7576,UTR 3073863788,0,0,0,0,0,0,0
TXN00017218,2026-01-02 02:53:08,USR76782,MCH4755,21552.65,UTR0587149092,4110,SUCCESS,TXN00017218,USR76782,MCH4755,UTR0587149092,0,0,0,0,0,0,0
TXN00017317,2026-01-04 01:17:05,USR62863,MCH1700,12470.63,UTR8186102112,8120,SUCCESS,TXN00017317,USR62863,MCH1700,UTR8186102112,0,0,0,0,0,0,0
TXN00008231,2026-02-01 08:47:30,USR37691,MCH4485,5083.0,UTR1392610603,4110,SUCCESS,TXN00008231,USR37691,MCH4485,UTR1392610603,0,0,0,0,0,0,0
TXN00016469,2026-03-17 09:35:30,USR80974,MCH4316,18238.81,UTR0876860302,1310,SUCCESS,TXN00016469,USR80974,MCH4316,UTR0876860302,0,0,0,0,0,0,0
TXN00005589,2026-02-12 03:45:36,USR46047,MCH8683,-23214.6,UTR5356452287,0110,SUCCESS,TXN00005589,USR46047,MCH8683,UTR 5356452287,1,0,0,0,0,0,0
TXN00015900,2026-01-26 14:04:15,USR43557,MCH4068,1797.76,UTR3125722514,4110,SUCCESS,TXN00015900,USR43557,MCH4068,UTR3125722514,0,0,0,0,0,0,0
TXN00003978,2026-02-23 15:53:15,USR75655,MCH3316,13751.22,UTR3886886173,1310,PENDING,TXN00003978,USR75655,MCH3316,UTR 3886886173,0,0,0,0,0,0,1
TXN00003910,2026-02-06 05:37:14,USR88525,MCH4208,8137.03,UTR1139651634,,SUCCESS,TXN00003910,USR88525,MCH4208,UTR1139651634,0,0,1,0,0,0,0
TXN00014519,2026-02-16 19:26:42,USR99130,MCH4089,23907.0,UTR1441371923,0110,SUCCESS,TXN00014519,USR99130,MCH4089,UTR1441371923,0,0,0,0,0,0,0
TXN00004897,2026-03-16 11:29:45,USR47151,MCH2371,3687.61,UTR8240497881,4110,SUCCESS,TXN00004897,USR47151,MCH2371,UTR8240497881,0,0,0,0,0,0,0
TXN00019912,2026-08-01 13:15:28,USR30976,MCH7407,2570.03,UTR2429748044,0110,SUCCESS,TXN00019912,USR30976,MCH7407,UTR2429748044,0,0,0,0,0,0,0
TXN00006950,2026-02-12 06:10:38,USR27037,MCH4732,512.84,UTR2155604870,4110,SUCCESS,TXN00006950,USR27037,MCH4732,UTR2155604870,0,0,0,0,0,0,0
TXN00008092,2026-01-30 02:08:35,USR60910,MCH3469,0.1108857,UTR0402451108,8120,SUCCESS,TXN00008092,USR60910,MCH3469,UTR0402451108,0,0,0,0,0,0,0
TXN00001863,2026-03-22 00:30:15,USR70986,MCH7012,4443.94,UTR8887607970,4110,SUCCESS,TXN00001863,USR70986,MCH7012,UTR8887607970,0,0,0,0,0,0,0
TXN00008058,2026-03-04 02:12:31,USR39464,MCH2073,5869.76,UTR2755632304,4110,SUCCESS,TXN00008058,USR39464,MCH2073,UTR2755632304,0,0,0,0,0,0,0
TXN00003843,2026-01-02 13:47:42,USR98252,MCH2917,11895.15,UTR1694488695,9120,SUCCESS,TXN00003843,USR98252,MCH2917,UTR1694488695,0,0,0,0,0,0,0
TXN00019344,2026-03-10 11:00:38,USR52494,MCH4543,19661.0,UTR3582461399,9120,SUCCESS,TXN00019344,USR52494,MCH4543,UTR3582461399,0,0,0,0,0,0,0
TXN00011279,2026-02-19 20:29:35,USR53877,MCH1684,20420.46,UTR9386596157,4110,FAILED,TXN00011279,USR53877,MCH1684,UTR9386596157,0,0,0,0,0,1,0
TXN00014121,2026-03-16 01:32:58,USR20361,MCH2917,16565.8,UTR6618413708,,SUCCESS,TXN00014121,USR20361,MCH2917,UTR6618413708,0,0,1,0,0,0,0
TXN00006356,2026-03-28 00:00:00,USR88512,MCH3158,0.2421079,UTR1778188447,4110,SUCCESS,TXN00006356,USR88512,MCH3158,UTR1778188447,0,0,0,0,0,0,0
TXN00004233,2026-03-12 14:31:47,USR81068,MCH6134,8971.95,UTR7596085099,,SUCCESS,TXN00004233,USR81068,MCH6134,UTR7596085099,0,0,1,0,0,0,0
TXN00017834,2026-01-17 04:18:43,USR31163,MCH3679,11796.36,UTR4800587485,9120,SUCCESS,TXN00017834,USR31163,MCH3679,UTR4800587485,0,0,0,0,0,0,0
TXN00013634,2026-01-07 00:28:32,USR16079,MCH1898,-16529.07,UTR2362841162,1310,SUCCESS,TXN00013634,USR16079,MCH1898,UTR2362841162,1,0,0,0,0,0,0
TXN00012854,2026-01-31 13:32:52,USR63060,MCH1689,0.1319259,UTR4080507300,,FAILED,TXN00012854,USR63060,MCH1689,UTR4080507300,0,0,1,0,0,1,0
TXN00011370,2026-01-14 04:41:55,USR76044,MCH8816,23043.97,UTR5975191571,8120,SUCCESS,TXN00011370,USR76044,MCH8816,UTR5975191571,0,0,0,0,0,0,0
TXN00017220,2026-03-16 00:00:00,USR80812,MCH9595,8874.58,UTR8622864890,4110,SUCCESS,TXN00017220,USR80812,MCH9595,UTR8622864890,0,0,0,0,0,0,0
TXN00012243,2026-02-15 15:45:22,USR25647,MCH7207,21391.51,UTR0797008547,,SUCCESS,TXN00012243,USR25647,MCH7207,UTR0797008547,0,0,1,0,0,0,0
TXN00018546,2026-03-16 05:57:49,USR98095,MCH8661,16957.7,UTR1527542604,0110,SUCCESS,TXN00018546,USR98095,MCH8661,UTR1527542604,0,0,0,0,0,0,0
TXN00004351,2026-02-12 13:00:02,USR57022,MCH1995,19612.29,UTR2325287299,,SUCCESS,TXN00004351,USR57022,MCH1995,UTR2325287299,0,0,1,0,0,0,0
TXN00011786,2026-01-31 03:36:43,USR40814,MCH7496,21771.55,,9120,PENDING,TXN00011786,USR40814,MCH7496,,0,1,0,0,0,0,1
TXN00007032,2026-03-07 18:11:52,USR29415,MCH5246,7114.36,UTR8053875486,4110,SUCCESS,TXN00007032,USR29415,MCH5246,UTR 8053875486,0,0,0,0,0,0,0
TXN00016505,2026-02-10 21:10:49,USR30387,MCH7280,5983.0,UTR5688911013,4110,SUCCESS,TXN00016505,USR30387,MCH7280,UTR5688911013,0,0,0,0,0,0,0
TXN00019078,2026-01-23 07:23:14,USR56011,MCH9577,2705.53,UTR8134740419,9120,SUCCESS,TXN00019078,USR56011,MCH9577,UTR8134740419,0,0,0,0,0,0,0
TXN00004159,2026-01-17 00:00:00,USR11587,MCH1555,23941.21,UTR1572788154,9120,FAILED,TXN00004159,USR11587,MCH1555,UTR 1572788154,0,0,0,0,0,1,0
TXN00013658,2026-03-25 22:37:25,USR29689,MCH6152,9859.39,UTR2966168979,9120,SUCCESS,TXN00013658,USR29689,MCH6152,UTR2966168979,0,0,0,0,0,0,0
TXN00017612,2026-03-31 19:04:34,USR76532,MCH6300,9046.79,UTR3480911158,4110,SUCCESS,TXN00017612,USR76532,MCH6300,UTR3480911158,0,0,0,0,0,0,0
TXN00010602,2026-02-17 11:56:59,USR86582,MCH6136,5217.51,UTR8913791592,0110,FAILED,TXN00010602,USR86582,MCH6136,UTR 8913791592,0,0,0,0,0,1,0
TXN00000873,2026-07-01 05:39:50,USR68541,MCH5328,16103.55,UTR9141701545,9120,SUCCESS,TXN00000873,USR68541,MCH5328,UTR9141701545,0,0,0,0,0,0,0
TXN00015009,2026-02-07 08:47:07,USR80851,MCH5798,12604.1,UTR7149538774,0110,SUCCESS,TXN00015009,USR80851,MCH5798,UTR7149538774,0,0,0,0,0,0,0
TXN00005384,2026-04-02 20:01:31,USR48686,MCH5191,237.09,UTR2998419511,1310,SUCCESS,TXN00005384,USR48686,MCH5191,UTR2998419511,0,0,0,0,0,0,0
TXN00002332,2026-03-20 15:00:28,USR30072,MCH7392,1497.52,UTR7570194108,4110,SUCCESS,TXN00002332,USR30072,MCH7392,UTR7570194108,0,0,0,0,0,0,0
TXN00019626,2026-01-20 16:14:51,USR22190,MCH4052,7251.0,UTR7934423902,4110,SUCCESS,TXN00019626,USR22190,MCH4052,UTR7934423902,0,0,0,0,0,0,0
TXN00018517,2026-01-08 06:14:35,USR19394,MCH1663,17935.31,UTR9244125738,4110,SUCCESS,TXN00018517,USR19394,MCH1663,UTR9244125738,0,0,0,0,0,0,0
TXN00004865,2026-02-05 01:25:11,USR68118,MCH5836,7849.44,UTR9367821289,,SUCCESS,TXN00004865,USR68118,MCH5836,UTR9367821289,0,0,1,0,0,0,0
TXN00001172,2026-02-27 05:50:13,USR99647,MCH9763,24529.84,UTR8114056531,,SUCCESS,TXN00001172,USR99647,MCH9763,UTR 8114056531,0,0,1,0,0,0,0
TXN00012697,2026-01-16 04:14:17,USR62436,MCH5983,3778.31,UTR9041161698,4110,SUCCESS,TXN00012697,USR62436,MCH5983,UTR9041161698,0,0,0,0,0,0,0
TXN00016823,2026-02-10 02:48:44,USR79682,MCH4727,0.510818,UTR3973139450,4110,SUCCESS,TXN00016823,USR79682,MCH4727,UTR3973139450,0,0,0,0,0,0,0
TXN00017559,2026-03-24 09:32:59,USR26670,MCH5396,17271.17,UTR4224647189,8120,SUCCESS,TXN00017559,USR26670,MCH5396,UTR4224647189,0,0,0,0,0,0,0
TXN00007122,2026-02-05 09:19:52,USR68580,MCH6266,3070.81,UTR5212618244,0110,SUCCESS,TXN00007122,USR68580,MCH6266,UTR5212618244,0,0,0,0,0,0,0
TXN00018776,2026-03-06 01:44:17,USR30562,MCH4763,18647.1,UTR2534336995,4110,SUCCESS,TXN00018776,USR30562,MCH4763,UTR2534336995,0,0,0,0,0,0,0
TXN00001903,2026-03-19 12:40:19,USR49932,MCH2527,19027.16,UTR4428940534,8120,FAILED,TXN00001903,USR49932,MCH2527,UTR4428940534,0,0,0,0,0,1,0
TXN00010679,2026-10-03 06:25:22,USR23346,MCH6236,4713.12,,9120,SUCCESS,TXN00010679,USR23346,MCH6236,,0,1,0,0,0,0,0
TXN00017832,2026-03-08 03:52:33,USR61971,MCH5172,-4599.7,UTR4657688592,4110,SUCCESS,TXN00017832,USR61971,MCH5172,UTR 4657688592,1,0,0,0,0,0,0
TXN00015760,2026-01-01 13:43:38,USR74952,MCH5194,411.31,UTR8741111900,4110,SUCCESS,TXN00015760,USR74952,MCH5194,UTR8741111900,0,0,0,0,0,0,0
TXN00005455,2026-03-18 21:07:36,USR89966,MCH7370,17603.75,UTR8090673876,9120,SUCCESS,TXN00005455,USR89966,MCH7370,UTR8090673876,0,0,0,0,0,0,0
TXN00001698,2026-03-03 19:25:37,USR13360,MCH8695,3387.81,UTR2263628909,9120,FAILED,TXN00001698,USR13360,MCH8695,UTR 2263628909,0,0,0,0,0,1,0
TXN00010717,2026-02-19 23:25:22,USR66063,MCH8415,7135.48,UTR6421279023,0110,SUCCESS,TXN00010717,USR66063,MCH8415,UTR6421279023,0,0,0,0,0,0,0
TXN00000509,2026-01-12 04:58:05,USR37149,MCH8293,23745.5,UTR5018709066,4110,SUCCESS,TXN00000509,USR37149,MCH8293,UTR5018709066,0,0,0,0,0,0,0
TXN00001928,2026-02-16 05:44:00,USR88843,MCH5503,12029.51,UTR6579357571,4110,FAILED,TXN00001928,USR88843,MCH5503,UTR6579357571,0,0,0,0,0,1,0
TXN00013552,2026-03-15 16:38:55,USR37033,MCH9892,13460.94,UTR6494063348,0110,SUCCESS,TXN00013552,USR37033,MCH9892,UTR6494063348,0,0,0,0,0,0,0
TXN00017636,2026-03-06 04:52:06,USR41465,MCH2788,11449.91,UTR8255372522,,FAILED,TXN00017636,USR41465,MCH2788,UTR8255372522,0,0,1,0,0,1,0
TXN00006979,2026-02-09 06:25:55,USR65468,MCH8344,19283.36,UTR0350380963,4110,SUCCESS,TXN00006979,USR65468,MCH8344,UTR0350380963,0,0,0,0,0,0,0
TXN00007657,2026-02-19 03:37:12,USR89121,MCH9988,17910.97,,1310,SUCCESS,TXN00007657,USR89121,MCH9988,,0,1,0,0,0,0,0
TXN00003014,2026-02-12 16:21:18,USR39559,MCH1215,8830.43,UTR2726297609,9120,SUCCESS,TXN00003014,USR39559,MCH1215,UTR2726297609,0,0,0,0,0,0,0
TXN00017548,2026-02-24 00:37:22,USR46903,MCH7341,12358.0,UTR4413212495,0110,SUCCESS,TXN00017548,USR46903,MCH7341,UTR4413212495,0,0,0,0,0,0,0
TXN00000754,2026-02-20 01:05:24,USR73254,MCH2931,8379.0,UTR9227962711,1310,SUCCESS,TXN00000754,USR73254,MCH2931,UTR9227962711,0,0,0,0,0,0,0
TXN00016608,2026-01-18 20:02:15,USR97508,MCH6156,24966.21,UTR7438268683,0110,SUCCESS,TXN00016608,USR97508,MCH6156,UTR7438268683,0,0,0,0,0,0,0
TXN00010423,2026-01-28 13:08:32,USR92720,MCH7558,0.1502964,UTR8025805851,,SUCCESS,TXN00010423,USR92720,MCH7558,UTR8025805851,0,0,1,0,0,0,0
TXN00013776,2026-03-27 01:28:25,USR59208,MCH8542,23442.68,UTR3224680912,9120,SUCCESS,TXN00013776,USR59208,MCH8542,UTR3224680912,0,0,0,0,0,0,0
TXN00002434,2026-03-02 04:17:38,USR90000,MCH3256,7217.0,UTR5782733625,8120,SUCCESS,TXN00002434,USR90000,MCH3256,UTR5782733625,0,0,0,0,0,0,0
TXN00008599,2026-03-20 11:34:17,USR39494,MCH2262,13017.81,UTR5592340018,4110,FAILED,TXN00008599,USR39494,MCH2262,UTR5592340018,0,0,0,0,0,1,0
TXN00007929,2026-02-19 13:25:19,USR45101,MCH9702,19315.34,,4110,FAILED,TXN00007929,USR45101,MCH9702,,0,1,0,0,0,1,0
TXN00005222,2026-02-23 23:27:58,USR99304,MCH3442,11863.0,UTR7289611246,4110,FAILED,TXN00005222,USR99304,MCH3442,UTR7289611246,0,0,0,0,0,1,0
TXN00003094,2026-02-11 20:08:04,USR84738,MCH3018,20996.64,UTR2942001735,1310,FAILED,TXN00003094,USR84738,MCH3018,UTR2942001735,0,0,0,0,0,1,0
TXN00014561,2026-01-24 02:43:45,USR34344,MCH6406,18039.71,UTR0383936067,1310,SUCCESS,TXN00014561,USR34344,MCH6406,UTR0383936067,0,0,0,0,0,0,0
TXN00001411,2026-03-02 10:50:31,USR42855,MCH8256,5153.97,UTR8333158484,4110,FAILED,TXN00001411,USR42855,MCH8256,UTR8333158484,0,0,0,0,0,1,0
TXN00001154,2026-01-25 09:48:46,USR53745,MCH4765,17006.72,UTR6979237831,4110,SUCCESS,TXN00001154,USR53745,MCH4765,UTR6979237831,0,0,0,0,0,0,0
TXN00016414,2026-01-15 08:21:10,USR54660,MCH7904,0.1946908,UTR1311976695,0110,SUCCESS,TXN00016414,USR54660,MCH7904,UTR 1311976695,0,0,0,0,0,0,0
TXN00018333,2026-03-31 15:51:26,USR58404,MCH8032,9102.18,UTR2588045683,0110,PENDING,TXN00018333,USR58404,MCH8032,UTR2588045683,0,0,0,0,0,0,1
TXN00018978,2026-02-15 16:46:32,USR71642,MCH6626,17828.85,UTR5540961699,0110,SUCCESS,TXN00018978,USR71642,MCH6626,UTR5540961699,0,0,0,0,0,0,0
TXN00009318,2026-02-03 22:44:37,USR30761,MCH2768,9253.52,UTR8169227475,0110,SUCCESS,TXN00009318,USR30761,MCH2768,UTR8169227475,0,0,0,0,0,0,0
TXN00004848,2026-03-04 17:41:04,USR64179,MCH4162,3538.56,UTR1936764247,9120,SUCCESS,TXN00004848,USR64179,MCH4162,UTR1936764247,0,0,0,0,0,0,0
TXN00010370,2026-02-01 11:31:19,USR35348,MCH9237,15161.86,UTR5231731954,8120,SUCCESS,TXN00010370,USR35348,MCH9237,UTR5231731954,0,0,0,0,0,0,0
TXN00004155,2026-01-27 01:25:59,USR38866,MCH5456,6369.49,UTR0107567070,8120,SUCCESS,TXN00004155,USR38866,MCH5456,UTR 0107567070,0,0,0,0,0,0,0
TXN00003777,2026-01-19 06:27:08,USR66335,MCH6193,20526.32,UTR1120145491,9120,SUCCESS,TXN00003777,USR66335,MCH6193,UTR1120145491,0,0,0,0,0,0,0
TXN00001045,2026-02-03 03:07:34,USR43545,MCH1105,22150.58,UTR1831569093,4110,FAILED,TXN00001045,USR43545,MCH1105,UTR1831569093,0,0,0,0,0,1,0
TXN00011643,2026-01-10 17:08:56,USR86591,MCH4128,10880.16,UTR3815039032,,SUCCESS,TXN00011643,USR86591,MCH4128,UTR3815039032,0,0,1,0,0,0,0
TXN00011232,2026-01-31 06:01:07,USR55444,MCH4538,0.1524624,UTR0925214857,,SUCCESS,TXN00011232,USR55444,MCH4538,UTR0925214857,0,0,1,0,0,0,0
TXN00014744,2026-02-17 10:34:17,USR66321,MCH7160,10691.5,UTR9738607564,9120,SUCCESS,TXN00014744,USR66321,MCH7160,UTR9738607564,0,0,0,0,0,0,0
TXN00002556,2026-02-06 09:36:35,USR20517,MCH5006,23878.33,UTR7076073899,1310,SUCCESS,TXN00002556,USR20517,MCH5006,UTR7076073899,0,0,0,0,0,0,0
TXN00001152,2026-01-27 07:16:51,USR47047,MCH3798,20926.96,,0110,FAILED,TXN00001152,USR47047,MCH3798,,0,1,0,0,0,1,0
TXN00012495,2026-02-03 03:22:00,USR22806,MCH5418,1863.57,UTR6973175028,4110,SUCCESS,TXN00012495,USR22806,MCH5418,UTR6973175028,0,0,0,0,0,0,0
TXN00009218,2026-01-28 14:39:16,USR15980,MCH2367,22771.0,UTR2197803418,4110,SUCCESS,TXN00009218,USR15980,MCH2367,UTR 2197803418,0,0,0,0,0,0,0
TXN00006623,2026-02-16 21:18:46,USR83988,MCH9851,12131.97,UTR1081787339,0110,SUCCESS,TXN00006623,USR83988,MCH9851,UTR1081787339,0,0,0,0,0,0,0
TXN00018596,2026-03-17 21:07:28,USR95748,MCH8473,23137.04,UTR4905277999,1310,SUCCESS,TXN00018596,USR95748,MCH8473,UTR4905277999,0,0,0,0,0,0,0
TXN00015352,2026-02-27 13:30:29,USR70324,MCH7338,12221.21,UTR6604626955,8120,SUCCESS,TXN00015352,USR70324,MCH7338,UTR6604626955,0,0,0,0,0,0,0
TXN00011294,2026-01-13 00:27:35,USR27743,MCH8459,0.1827037,,0110,SUCCESS,TXN00011294,USR27743,MCH8459,,0,1,0,0,0,0,0
TXN00014562,2026-03-31 15:41:57,USR41835,MCH6775,1559.0,UTR2823650994,9120,SUCCESS,TXN00014562,USR41835,MCH6775,UTR2823650994,0,0,0,0,0,0,0
TXN00009623,2026-01-07 08:18:43,USR36106,MCH6540,9747.54,UTR0395251185,0110,SUCCESS,TXN00009623,USR36106,MCH6540,UTR0395251185,0,0,0,0,0,0,0
TXN00012815,2026-02-06 03:50:22,USR49228,MCH5783,73.0,UTR8987096299,,SUCCESS,TXN00012815,USR49228,MCH5783,UTR 8987096299,0,0,1,0,0,0,0
TXN00014584,2026-01-23 05:37:55,USR89128,MCH8146,10479.33,,0110,SUCCESS,TXN00014584,USR89128,MCH8146,,0,1,0,0,0,0,0
TXN00007124,2026-01-31 17:06:34,USR73655,MCH1093,0.2198777,UTR5591517693,4110,SUCCESS,TXN00007124,USR73655,MCH1093,UTR5591517693,0,0,0,0,0,0,0
TXN00002144,2026-01-27 12:31:29,USR25247,MCH1401,7865.61,UTR9076178645,8120,SUCCESS,TXN00002144,USR25247,MCH1401,UTR9076178645,0,0,0,0,0,0,0
TXN00010162,2026-01-07 17:42:36,USR75274,MCH7804,15406.61,UTR5479490157,4110,SUCCESS,TXN00010162,USR75274,MCH7804,UTR5479490157,0,0,0,0,0,0,0
TXN00006019,2026-12-03 00:42:42,USR16933,MCH5969,13660.73,UTR0592830252,1310,SUCCESS,TXN00006019,USR16933,MCH5969,UTR0592830252,0,0,0,0,0,0,0
TXN00002614,2026-01-02 14:17:49,USR19225,MCH6070,18525.19,UTR1330941809,8120,SUCCESS,TXN00002614,USR19225,MCH6070,UTR1330941809,0,0,0,0,0,0,0
TXN00016578,2026-02-08 11:39:26,USR82832,MCH8580,21264.55,UTR5196926513,0110,SUCCESS,TXN00016578,USR82832,MCH8580,UTR5196926513,0,0,0,0,0,0,0
TXN00015584,2026-03-07 00:00:00,USR65673,MCH5142,13777.31,UTR5635998956,9120,FAILED,TXN00015584,USR65673,MCH5142,UTR5635998956,0,0,0,0,0,1,0
TXN00013903,2026-03-19 05:54:36,USR21093,MCH2717,-15468.74,UTR8528992067,9120,FAILED,TXN00013903,USR21093,MCH2717,UTR 8528992067,1,0,0,0,0,1,0
TXN00008950,2026-02-28 19:09:38,USR34715,MCH5264,0.1442821,UTR5430677090,9120,FAILED,TXN00008950,USR34715,MCH5264,UTR5430677090,0,0,0,0,0,1,0
TXN00000853,2026-01-27 15:51:30,USR93707,MCH7614,5255.54,UTR2679709930,1310,SUCCESS,TXN00000853,USR93707,MCH7614,UTR2679709930,0,0,0,0,0,0,0
TXN00001238,2026-03-02 01:01:09,USR45530,MCH8528,11835.52,UTR7799188004,9120,SUCCESS,TXN00001238,USR45530,MCH8528,UTR7799188004,0,0,0,0,0,0,0
TXN00008344,2026-01-16 01:14:07,USR43792,MCH4905,11699.28,UTR8038025964,,FAILED,TXN00008344,USR43792,MCH4905,UTR8038025964,0,0,1,0,0,1,0
TXN00017740,2026-04-02 09:52:27,USR38917,MCH4919,7597.09,UTR7557375743,0110,PENDING,TXN00017740,USR38917,MCH4919,UTR7557375743,0,0,0,0,0,0,1
TXN00015328,2026-03-05 10:03:20,USR29232,MCH1676,4224.02,UTR4657010118,0110,FAILED,TXN00015328,USR29232,MCH1676,UTR 4657010118,0,0,0,0,0,1,0
TXN00011702,2026-01-30 02:50:19,USR21239,MCH3312,12392.77,UTR6925416482,8120,SUCCESS,TXN00011702,USR21239,MCH3312,UTR6925416482,0,0,0,0,0,0,0
TXN00012876,2026-01-29 17:05:16,USR55458,MCH7451,10880.95,UTR5969590643,0110,SUCCESS,TXN00012876,USR55458,MCH7451,UTR5969590643,0,0,0,0,0,0,0
TXN00003378,2026-03-27 15:46:47,USR60299,MCH2816,4701.18,UTR2063409723,4110,SUCCESS,TXN00003378,USR60299,MCH2816,UTR2063409723,0,0,0,0,0,0,0
TXN00011670,2026-01-26 17:51:22,USR66093,MCH9535,538.88,UTR4697189815,9120,PENDING,TXN00011670,USR66093,MCH9535,UTR4697189815,0,0,0,0,0,0,1
TXN00019025,2026-02-22 07:53:06,USR27836,MCH9593,8652.2,,4110,SUCCESS,TXN00019025,USR27836,MCH9593,,0,1,0,0,0,0,0
TXN00008591,2026-03-21 13:36:32,USR38548,MCH4133,21185.4,UTR0411425467,8120,SUCCESS,TXN00008591,USR38548,MCH4133,UTR0411425467,0,0,0,0,0,0,0
TXN00017943,2026-03-27 03:53:37,USR93814,MCH6564,15454.38,UTR7950515088,8120,FAILED,TXN00017943,USR93814,MCH6564,UTR7950515088,0,0,0,0,0,1,0
TXN00000397,2026-03-18 05:29:02,USR43795,MCH8925,21462.0,UTR4008629335,8120,SUCCESS,TXN00000397,USR43795,MCH8925,UTR4008629335,0,0,0,0,0,0,0
TXN00009665,2026-03-21 00:33:39,USR20271,MCH7472,7643.05,UTR7550096696,0110,SUCCESS,TXN00009665,USR20271,MCH7472,UTR7550096696,0,0,0,0,0,0,0
TXN00014232,2026-03-22 01:25:00,USR20336,MCH7156,17625.37,UTR7385358988,0110,SUCCESS,TXN00014232,USR20336,MCH7156,UTR7385358988,0,0,0,0,0,0,0
TXN00011951,2026-01-31 19:05:35,USR38713,MCH8968,24834.39,UTR1966064580,8120,SUCCESS,TXN00011951,USR38713,MCH8968,UTR1966064580,0,0,0,0,0,0,0
TXN00005025,2026-01-04 10:24:11,USR58611,MCH7526,0.2325483,UTR0962009158,1310,SUCCESS,TXN00005025,USR58611,MCH7526,UTR0962009158,0,0,0,0,0,0,0
TXN00005640,2026-02-08 14:09:57,USR43295,MCH7481,1234.63,UTR6360653132,4110,SUCCESS,TXN00005640,USR43295,MCH7481,UTR 6360653132,0,0,0,0,0,0,0
TXN00007009,2026-03-16 07:13:05,USR37160,MCH1053,6038.7,UTR0027371647,1310,FAILED,TXN00007009,USR37160,MCH1053,UTR0027371647,0,0,0,0,0,1,0
TXN00017080,2026-03-25 04:56:54,USR31585,MCH9306,0.2290552,UTR2288558823,0110,SUCCESS,TXN00017080,USR31585,MCH9306,UTR 2288558823,0,0,0,0,0,0,0
TXN00000017,2026-10-02 23:08:56,USR84996,MCH1381,7613.0,UTR6777948378,1310,SUCCESS,TXN00000017,USR84996,MCH1381,UTR6777948378,0,0,0,0,0,0,0
TXN00011757,2026-02-12 06:31:45,USR78025,MCH6591,20257.04,UTR2678390060,1310,SUCCESS,TXN00011757,USR78025,MCH6591,UTR2678390060,0,0,0,0,0,0,0
TXN00005988,2026-02-16 18:31:54,USR71306,MCH9778,0.2330735,UTR9249161556,8120,SUCCESS,TXN00005988,USR71306,MCH9778,UTR9249161556,0,0,0,0,0,0,0
TXN00003444,2026-06-03 23:28:45,USR88790,MCH7473,24890.82,UTR7808753986,4110,SUCCESS,TXN00003444,USR88790,MCH7473,UTR7808753986,0,0,0,0,0,0,0
TXN00017072,2026-03-08 00:00:00,USR44102,MCH6049,13863.56,UTR3422331046,4110,SUCCESS,TXN00017072,USR44102,MCH6049,UTR3422331046,0,0,0,0,0,0,0
TXN00005489,2026-01-18 16:16:52,USR36033,MCH8556,15245.95,UTR8130159882,1310,SUCCESS,TXN00005489,USR36033,MCH8556,UTR8130159882,0,0,0,0,0,0,0
TXN00017229,2026-02-25 12:22:34,USR53983,MCH5179,13143.26,UTR5128205602,4110,SUCCESS,TXN00017229,USR53983,MCH5179,UTR5128205602,0,0,0,0,0,0,0
TXN00012021,2026-01-13 15:08:18,USR65293,MCH9880,10011.48,UTR7663127960,4110,SUCCESS,TXN00012021,USR65293,MCH9880,UTR7663127960,0,0,0,0,0,0,0
TXN00017516,2026-03-25 02:51:53,USR98847,MCH4443,23531.13,UTR7787787490,4110,SUCCESS,TXN00017516,USR98847,MCH4443,UTR7787787490,0,0,0,0,0,0,0
TXN00001085,2026-02-13 18:26:41,USR58424,MCH4325,23618.85,UTR6738690932,4110,SUCCESS,TXN00001085,USR58424,MCH4325,UTR6738690932,0,0,0,0,0,0,0
TXN00016911,2026-01-21 12:48:50,USR97828,MCH1517,23819.62,UTR2487110879,0110,SUCCESS,TXN00016911,USR97828,MCH1517,UTR2487110879,0,0,0,0,0,0,0
TXN00011282,2026-02-15 13:02:27,USR49270,MCH6664,6140.31,,4110,SUCCESS,TXN00011282,USR49270,MCH6664,,0,1,0,0,0,0,0
TXN00007822,2026-01-19 04:05:48,USR42366,MCH4768,9535.0,UTR2930484511,1310,SUCCESS,TXN00007822,USR42366,MCH4768,UTR2930484511,0,0,0,0,0,0,0
TXN00012994,2026-01-28 15:00:56,USR67883,MCH7269,2765.82,UTR5402778582,,SUCCESS,TXN00012994,USR67883,MCH7269,UTR5402778582,0,0,1,0,0,0,0
TXN00002121,2026-03-12 01:26:25,USR78679,MCH4955,20092.05,UTR4791787852,9120,SUCCESS,TXN00002121,USR78679,MCH4955,UTR4791787852,0,0,0,0,0,0,0
TXN00000670,2026-02-19 15:42:07,USR21923,MCH9325,7135.0,UTR7066348753,,SUCCESS,TXN00000670,USR21923,MCH9325,UTR7066348753,0,0,1,0,0,0,0
TXN00006185,2026-01-10 23:19:39,USR67855,MCH7885,559.33,UTR3320679295,8120,SUCCESS,TXN00006185,USR67855,MCH7885,UTR 3320679295,0,0,0,0,0,0,0
TXN00011271,2026-03-15 00:00:00,USR20032,MCH4607,3755.86,UTR7849142546,9120,SUCCESS,TXN00011271,USR20032,MCH4607,UTR7849142546,0,0,0,0,0,0,0
TXN00011381,2026-02-17 22:26:03,USR77104,MCH3696,10641.53,UTR3873920859,1310,SUCCESS,TXN00011381,USR77104,MCH3696,UTR3873920859,0,0,0,0,0,0,0
TXN00018865,2026-01-13 01:39:17,USR78885,MCH7908,18647.48,UTR0830096574,,FAILED,TXN00018865,USR78885,MCH7908,UTR0830096574,0,0,1,0,0,1,0
TXN00017366,2026-03-14 08:25:44,USR30949,MCH4626,24167.15,,9120,SUCCESS,TXN00017366,USR30949,MCH4626,,0,1,0,0,0,0,0
TXN00008645,2026-03-15 02:14:41,USR84883,MCH5530,13409.45,UTR1144326784,1310,SUCCESS,TXN00008645,USR84883,MCH5530,UTR1144326784,0,0,0,0,0,0,0
TXN00009007,2026-02-09 07:24:28,USR44559,MCH5983,7535.96,UTR8137603808,1310,SUCCESS,TXN00009007,USR44559,MCH5983,UTR8137603808,0,0,0,0,0,0,0
TXN00009339,2026-08-03 14:06:47,USR74617,MCH2052,-7771.92,UTR0331798430,1310,FAILED,TXN00009339,USR74617,MCH2052,UTR0331798430,1,0,0,0,0,1,0
TXN00015274,2026-10-01 21:33:20,USR63873,MCH1825,18810.25,,9120,SUCCESS,TXN00015274,USR63873,MCH1825,,0,1,0,0,0,0,0
TXN00019434,2026-01-28 21:23:26,USR64388,MCH5775,11107.0,UTR8248752836,4110,SUCCESS,TXN00019434,USR64388,MCH5775,UTR8248752836,0,0,0,0,0,0,0
TXN00011530,2026-04-01 11:50:31,USR13935,MCH3751,17252.33,UTR1399092750,4110,SUCCESS,TXN00011530,USR13935,MCH3751,UTR1399092750,0,0,0,0,0,0,0
TXN00013090,2026-01-30 14:31:32,USR32624,MCH5487,10039.12,UTR9750307440,4110,SUCCESS,TXN00013090,USR32624,MCH5487,UTR9750307440,0,0,0,0,0,0,0
TXN00018143,2026-03-16 01:54:30,USR13745,MCH1949,18171.63,UTR3844281766,9120,SUCCESS,TXN00018143,USR13745,MCH1949,UTR3844281766,0,0,0,0,0,0,0
TXN00007185,2026-03-29 23:50:25,USR73564,MCH3054,5710.23,UTR2755343728,4110,SUCCESS,TXN00007185,USR73564,MCH3054,UTR2755343728,0,0,0,0,0,0,0
TXN00004697,2026-03-02 19:06:14,USR50420,MCH4241,12642.96,UTR9564520145,4110,SUCCESS,TXN00004697,USR50420,MCH4241,UTR9564520145,0,0,0,0,0,0,0
TXN00006285,2026-01-28 10:45:16,USR85504,MCH6487,5195.71,UTR2533580540,9120,SUCCESS,TXN00006285,USR85504,MCH6487,UTR2533580540,0,0,0,0,0,0,0
TXN00001847,2026-01-23 22:10:56,USR42361,MCH3371,3046.32,UTR9758531913,,SUCCESS,TXN00001847,USR42361,MCH3371,UTR9758531913,0,0,1,0,0,0,0
TXN00002990,2026-02-25 13:10:34,USR62502,MCH9970,21567.39,,8120,SUCCESS,TXN00002990,USR62502,MCH9970,,0,1,0,0,0,0,0
TXN00003162,2026-01-30 01:15:59,USR49590,MCH8758,558.0,UTR7213644834,1310,SUCCESS,TXN00003162,USR49590,MCH8758,UTR7213644834,0,0,0,0,0,0,0
TXN00002705,2026-04-01 13:19:57,USR11572,MCH5230,19256.25,UTR8020619802,,SUCCESS,TXN00002705,USR11572,MCH5230,UTR8020619802,0,0,1,0,0,0,0
TXN00003034,2026-02-24 12:44:31,USR97771,MCH5274,2543.31,UTR3304384169,1310,SUCCESS,TXN00003034,USR97771,MCH5274,UTR3304384169,0,0,0,0,0,0,0
TXN00006008,2026-01-06 12:17:40,USR52339,MCH9617,1831.73,UTR3474537521,1310,SUCCESS,TXN00006008,USR52339,MCH9617,UTR3474537521,0,0,0,0,0,0,0
TXN00010781,2026-03-29 07:52:23,USR88287,MCH3469,0.2397651,UTR8932484967,9120,SUCCESS,TXN00010781,USR88287,MCH3469,UTR8932484967,0,0,0,0,0,0,0
TXN00014452,2026-01-19 09:40:39,USR63528,MCH6466,4244.97,UTR5408872923,4110,SUCCESS,TXN00014452,USR63528,MCH6466,UTR5408872923,0,0,0,0,0,0,0
TXN00004820,2026-01-14 13:49:40,USR35056,MCH7697,4988.5,,8120,SUCCESS,TXN00004820,USR35056,MCH7697,,0,1,0,0,0,0,0
TXN00008146,2026-01-11 17:08:56,USR10766,MCH9448,0.56485,UTR9339921919,1310,SUCCESS,TXN00008146,USR10766,MCH9448,UTR9339921919,0,0,0,0,0,0,0
TXN00018519,2026-02-25 00:00:00,USR51100,MCH6708,5822.51,UTR9753782104,0110,SUCCESS,TXN00018519,USR51100,MCH6708,UTR9753782104,0,0,0,0,0,0,0
TXN00005803,2026-09-03 01:00:49,USR84221,MCH8706,6800.22,UTR4048238318,0110,SUCCESS,TXN00005803,USR84221,MCH8706,UTR4048238318,0,0,0,0,0,0,0
TXN00011858,2026-01-02 23:17:30,USR63885,MCH2942,0.892634,UTR3174046440,1310,FAILED,TXN00011858,USR63885,MCH2942,UTR3174046440,0,0,0,0,0,1,0
TXN00005632,2026-03-03 23:05:31,USR99772,MCH5448,14565.05,UTR2255487536,0110,SUCCESS,TXN00005632,USR99772,MCH5448,UTR2255487536,0,0,0,0,0,0,0
TXN00014597,2026-03-19 19:31:05,USR27481,MCH1295,23400.0,UTR9905287604,9120,FAILED,TXN00014597,USR27481,MCH1295,UTR9905287604,0,0,0,0,0,1,0
TXN00006388,2026-10-02 22:43:30,USR78750,MCH8469,18568.47,UTR1414918336,9120,SUCCESS,TXN00006388,USR78750,MCH8469,UTR1414918336,0,0,0,0,0,0,0
TXN00013728,2026-02-28 13:51:34,USR95322,MCH8334,20193.41,UTR0553993267,4110,SUCCESS,TXN00013728,USR95322,MCH8334,UTR0553993267,0,0,0,0,0,0,0
TXN00017984,2026-03-08 13:23:34,USR25606,MCH1378,4677.34,UTR3346406931,9120,SUCCESS,TXN00017984,USR25606,MCH1378,UTR3346406931,0,0,0,0,0,0,0
TXN00002931,2026-03-30 10:06:48,USR45855,MCH8072,14770.04,UTR9581691274,4110,SUCCESS,TXN00002931,USR45855,MCH8072,UTR9581691274,0,0,0,0,0,0,0
TXN00016659,2026-01-24 08:01:17,USR40609,MCH7359,5395.37,UTR2008636134,4110,SUCCESS,TXN00016659,USR40609,MCH7359,UTR2008636134,0,0,0,0,0,0,0
TXN00007177,2026-01-04 00:41:16,USR82947,MCH9742,24792.24,UTR2328563758,,FAILED,TXN00007177,USR82947,MCH9742,UTR2328563758,0,0,1,0,0,1,0
TXN00005550,2026-02-26 00:00:00,USR61348,MCH7299,3400.0,UTR5442280689,8120,SUCCESS,TXN00005550,USR61348,MCH7299,UTR5442280689,0,0,0,0,0,0,0
TXN00005811,2026-06-02 03:50:59,USR87399,MCH2961,4171.8,UTR0493594178,8120,SUCCESS,TXN00005811,USR87399,MCH2961,UTR0493594178,0,0,0,0,0,0,0
TXN00002249,2026-01-19 19:49:42,USR42873,MCH3548,14978.0,UTR1742743258,4110,FAILED,TXN00002249,USR42873,MCH3548,UTR1742743258,0,0,0,0,0,1,0
TXN00018791,2026-02-02 15:26:43,USR72974,MCH2596,14874.68,UTR1297869644,8120,SUCCESS,TXN00018791,USR72974,MCH2596,UTR 1297869644,0,0,0,0,0,0,0
TXN00002686,2026-03-11 12:30:21,USR41558,MCH2722,0.493,UTR4886095461,1310,FAILED,TXN00002686,USR41558,MCH2722,UTR4886095461,0,0,0,0,0,1,0
TXN00006359,2026-03-24 17:18:03,USR16145,MCH7952,23625.98,,4110,SUCCESS,TXN00006359,USR16145,MCH7952,,0,1,0,0,0,0,0
TXN00012398,2026-02-28 06:53:43,USR60873,MCH5538,3914.97,UTR9670217748,4110,SUCCESS,TXN00012398,USR60873,MCH5538,UTR9670217748,0,0,0,0,0,0,0
TXN00017873,2026-02-20 23:57:57,USR23916,MCH7836,23822.21,UTR8308312868,8120,SUCCESS,TXN00017873,USR23916,MCH7836,UTR8308312868,0,0,0,0,0,0,0
TXN00000432,2026-01-19 01:00:12,USR14668,MCH8992,19040.15,UTR0542552650,8120,SUCCESS,TXN00000432,USR14668,MCH8992,UTR0542552650,0,0,0,0,0,0,0
TXN00000030,2026-03-10 02:12:20,USR58435,MCH6394,1170.8,UTR2438247361,1310,SUCCESS,TXN00000030,USR58435,MCH6394,UTR2438247361,0,0,0,0,0,0,0
TXN00014439,2026-03-06 11:29:08,USR99892,MCH9609,16384.26,UTR8884083337,0110,SUCCESS,TXN00014439,USR99892,MCH9609,UTR8884083337,0,0,0,0,0,0,0
TXN00006155,2026-02-11 16:35:49,USR89320,MCH7795,4692.0,UTR6775018407,4110,SUCCESS,TXN00006155,USR89320,MCH7795,UTR 6775018407,0,0,0,0,0,0,0
TXN00003928,2026-03-12 02:49:51,USR69388,MCH6658,16491.05,UTR6126566186,4110,SUCCESS,TXN00003928,USR69388,MCH6658,UTR6126566186,0,0,0,0,0,0,0
TXN00019607,2026-01-10 06:39:47,USR51203,MCH1961,0.2241015,,0110,SUCCESS,TXN00019607,USR51203,MCH1961,,0,1,0,0,0,0,0
TXN00000334,2026-02-11 00:00:00,USR65798,MCH5515,2910.66,UTR4249842785,9120,SUCCESS,TXN00000334,USR65798,MCH5515,UTR 4249842785,0,0,0,0,0,0,0
TXN00009777,2026-03-10 04:17:44,USR17157,MCH7640,13442.7,UTR3842826137,4110,SUCCESS,TXN00009777,USR17157,MCH7640,UTR3842826137,0,0,0,0,0,0,0
TXN00007068,2026-01-16 15:03:03,USR33819,MCH2407,12444.18,UTR4909800859,0110,SUCCESS,TXN00007068,USR33819,MCH2407,UTR4909800859,0,0,0,0,0,0,0
TXN00016173,2026-02-01 12:27:16,USR53075,MCH5518,21287.15,UTR4326959049,,PENDING,TXN00016173,USR53075,MCH5518,UTR4326959049,0,0,1,0,0,0,1
TXN00006216,2026-02-09 03:58:14,USR29649,MCH1697,0.2008123,UTR4966196189,,SUCCESS,TXN00006216,USR29649,MCH1697,UTR 4966196189,0,0,1,0,0,0,0
TXN00011545,2026-03-11 11:45:21,USR34839,MCH5468,11271.08,UTR7096027923,9120,SUCCESS,TXN00011545,USR34839,MCH5468,UTR7096027923,0,0,0,0,0,0,0
TXN00004698,2026-03-18 02:35:43,USR49298,MCH9120,12698.87,UTR4025638405,,SUCCESS,TXN00004698,USR49298,MCH9120,UTR4025638405,0,0,1,0,0,0,0
TXN00015424,2026-02-19 03:24:39,USR88871,MCH9648,17737.67,UTR9116334441,9120,SUCCESS,TXN00015424,USR88871,MCH9648,UTR9116334441,0,0,0,0,0,0,0
TXN00007232,2026-03-13 10:49:02,USR13595,MCH4950,0.1106542,UTR5072020262,4110,SUCCESS,TXN00007232,USR13595,MCH4950,UTR5072020262,0,0,0,0,0,0,0
TXN00005502,2026-03-14 08:46:33,USR39585,MCH2463,1289.0,UTR7015746448,,SUCCESS,TXN00005502,USR39585,MCH2463,UTR7015746448,0,0,1,0,0,0,0
TXN00000392,2026-01-01 05:01:20,USR20486,MCH5306,10321.32,UTR7217590187,8120,SUCCESS,TXN00000392,USR20486,MCH5306,UTR 7217590187,0,0,0,0,0,0,0
TXN00012023,2026-02-27 16:09:28,USR74378,MCH5878,21374.37,,,SUCCESS,TXN00012023,USR74378,MCH5878,,0,1,1,0,0,0,0
TXN00015383,2026-01-07 04:58:17,USR94372,MCH9616,344.99,UTR9826955602,1310,SUCCESS,TXN00015383,USR94372,MCH9616,UTR9826955602,0,0,0,0,0,0,0
TXN00001967,2026-01-07 09:03:02,USR22324,MCH5045,4620.06,UTR7055326700,4110,SUCCESS,TXN00001967,USR22324,MCH5045,UTR7055326700,0,0,0,0,0,0,0
TXN00014377,2026-03-16 03:17:29,USR58631,MCH5408,21098.69,UTR7819136091,,SUCCESS,TXN00014377,USR58631,MCH5408,UTR7819136091,0,0,1,0,0,0,0
TXN00012929,2026-03-27 00:00:00,USR33699,MCH1227,15803.46,UTR9644307347,,SUCCESS,TXN00012929,USR33699,MCH1227,UTR9644307347,0,0,1,0,0,0,0
TXN00011557,2026-02-25 13:20:47,USR15407,MCH4345,21524.65,UTR6791618693,0110,SUCCESS,TXN00011557,USR15407,MCH4345,UTR6791618693,0,0,0,0,0,0,0
TXN00005616,2026-01-06 07:00:19,USR26880,MCH7882,20972.6,UTR8921068145,9120,SUCCESS,TXN00005616,USR26880,MCH7882,UTR8921068145,0,0,0,0,0,0,0
TXN00003666,2026-03-26 16:24:08,USR41380,MCH1277,10960.0,UTR1752422650,4110,FAILED,TXN00003666,USR41380,MCH1277,UTR1752422650,0,0,0,0,0,1,0
TXN00007844,2026-01-18 11:10:20,USR93148,MCH5828,11622.59,UTR8806947867,,SUCCESS,TXN00007844,USR93148,MCH5828,UTR8806947867,0,0,1,0,0,0,0
TXN00012641,2026-03-02 10:59:18,USR65827,MCH7748,0.1010671,,4110,SUCCESS,TXN00012641,USR65827,MCH7748,,0,1,0,0,0,0,0
TXN00018765,2026-02-18 02:15:59,USR59429,MCH3744,22105.42,UTR2796217609,4110,SUCCESS,TXN00018765,USR59429,MCH3744,UTR2796217609,0,0,0,0,0,0,0
TXN00016459,2026-02-22 01:27:56,USR44167,MCH7334,-6152.64,,9120,SUCCESS,TXN00016459,USR44167,MCH7334,,1,1,0,0,0,0,0
TXN00002393,2026-01-08 00:00:00,USR24240,MCH1236,10768.93,UTR4318680778,8120,SUCCESS,TXN00002393,USR24240,MCH1236,UTR4318680778,0,0,0,0,0,0,0
TXN00011807,2026-03-04 13:18:48,USR65739,MCH6799,0.1815196,UTR9376520548,,SUCCESS,TXN00011807,USR65739,MCH6799,UTR9376520548,0,0,1,0,0,0,0
TXN00006621,2026-03-23 10:34:59,USR68051,MCH1867,2839.65,UTR6348714747,4110,SUCCESS,TXN00006621,USR68051,MCH1867,UTR 6348714747,0,0,0,0,0,0,0
TXN00010311,2026-03-07 20:02:09,USR28469,MCH9308,24410.57,UTR2290053595,8120,SUCCESS,TXN00010311,USR28469,MCH9308,UTR2290053595,0,0,0,0,0,0,0
TXN00017139,2026-03-05 22:50:23,USR82103,MCH6302,-20037.75,UTR9844460229,8120,SUCCESS,TXN00017139,USR82103,MCH6302,UTR9844460229,1,0,0,0,0,0,0
TXN00003768,2026-01-06 00:05:20,USR96546,MCH5104,10851.76,UTR3149264692,9120,SUCCESS,TXN00003768,USR96546,MCH5104,UTR3149264692,0,0,0,0,0,0,0
TXN00003897,2026-01-01 14:52:31,USR43413,MCH8434,3669.44,UTR1760482888,8120,SUCCESS,TXN00003897,USR43413,MCH8434,UTR1760482888,0,0,0,0,0,0,0
TXN00008641,2026-03-07 09:41:01,USR22484,MCH6292,20680.68,UTR0576078307,8120,SUCCESS,TXN00008641,USR22484,MCH6292,UTR0576078307,0,0,0,0,0,0,0
TXN00016048,2026-02-10 14:30:21,USR63847,MCH1920,3801.15,UTR5172775682,4110,SUCCESS,TXN00016048,USR63847,MCH1920,UTR5172775682,0,0,0,0,0,0,0
TXN00014620,2026-01-13 04:34:42,USR16125,MCH8539,12323.79,UTR7631328855,0110,PENDING,TXN00014620,USR16125,MCH8539,UTR7631328855,0,0,0,0,0,0,1
TXN00006339,2026-01-10 16:34:17,USR73932,MCH1843,11523.0,UTR8014718961,,SUCCESS,TXN00006339,USR73932,MCH1843,UTR8014718961,0,0,1,0,0,0,0
TXN00010678,2026-03-26 21:01:53,USR62860,MCH8273,0.1535793,UTR1646896379,4110,SUCCESS,TXN00010678,USR62860,MCH8273,UTR1646896379,0,0,0,0,0,0,0
TXN00004727,2026-03-29 00:00:00,USR82116,MCH8155,22875.89,UTR1314408066,0110,SUCCESS,TXN00004727,USR82116,MCH8155,UTR1314408066,0,0,0,0,0,0,0
TXN00018075,2026-02-10 10:04:40,USR13840,MCH4253,1602.45,UTR4695989802,4110,SUCCESS,TXN00018075,USR13840,MCH4253,UTR4695989802,0,0,0,0,0,0,0
TXN00016326,2026-02-22 21:06:29,USR76856,MCH6239,5871.0,UTR4345653555,1310,SUCCESS,TXN00016326,USR76856,MCH6239,UTR4345653555,0,0,0,0,0,0,0
TXN00009574,2026-03-11 05:10:27,USR13082,MCH4608,1292.85,UTR1101830472,,SUCCESS,TXN00009574,USR13082,MCH4608,UTR1101830472,0,0,1,0,0,0,0
TXN00007800,2026-03-08 00:00:00,USR94084,MCH6154,6594.2,UTR7282473766,9120,SUCCESS,TXN00007800,USR94084,MCH6154,UTR7282473766,0,0,0,0,0,0,0
TXN00018773,2026-01-20 23:23:09,USR32326,MCH2449,18730.13,UTR5372374884,0110,SUCCESS,TXN00018773,USR32326,MCH2449,UTR5372374884,0,0,0,0,0,0,0
TXN00007282,2026-01-08 13:22:28,USR11511,MCH7016,1348.88,UTR0026863120,,SUCCESS,TXN00007282,USR11511,MCH7016,UTR0026863120,0,0,1,0,0,0,0
TXN00018499,2026-02-28 09:34:20,USR49006,MCH5686,3257.57,UTR0828001295,1310,SUCCESS,TXN00018499,USR49006,MCH5686,UTR0828001295,0,0,0,0,0,0,0
TXN00005580,2026-03-28 17:22:04,USR30667,MCH3841,10983.88,UTR2469582753,0110,PENDING,TXN00005580,USR30667,MCH3841,UTR 2469582753,0,0,0,0,0,0,1
TXN00012005,2026-02-08 21:36:35,USR91531,MCH4058,13221.86,UTR7613836982,,FAILED,TXN00012005,USR91531,MCH4058,UTR7613836982,0,0,1,0,0,1,0
TXN00014647,2026-03-03 17:03:50,USR78848,MCH1497,-22032.43,UTR7965668530,1310,SUCCESS,TXN00014647,USR78848,MCH1497,UTR7965668530,1,0,0,0,0,0,0
TXN00011733,2026-03-03 22:28:34,USR51754,MCH9539,7676.0,,9120,SUCCESS,TXN00011733,USR51754,MCH9539,,0,1,0,0,0,0,0
TXN00018737,2026-03-12 09:09:52,USR73756,MCH3786,11357.0,UTR0857479014,0110,SUCCESS,TXN00018737,USR73756,MCH3786,UTR0857479014,0,0,0,0,0,0,0
TXN00017914,2026-03-08 13:59:34,USR55995,MCH4472,23020.96,UTR2440134522,8120,SUCCESS,TXN00017914,USR55995,MCH4472,UTR2440134522,0,0,0,0,0,0,0
TXN00006190,2026-01-17 05:11:06,USR81299,MCH9950,3649.26,UTR6672480076,,SUCCESS,TXN00006190,USR81299,MCH9950,UTR6672480076,0,0,1,0,0,0,0
TXN00008984,2026-01-02 10:59:08,USR23292,MCH9283,13840.16,UTR5052253227,4110,SUCCESS,TXN00008984,USR23292,MCH9283,UTR5052253227,0,0,0,0,0,0,0
TXN00013656,2026-02-09 21:57:03,USR30884,MCH8096,24302.0,UTR0608666924,8120,SUCCESS,TXN00013656,USR30884,MCH8096,UTR0608666924,0,0,0,0,0,0,0
TXN00006403,2026-02-27 08:32:52,USR14612,MCH2659,5095.74,UTR9428877066,4110,SUCCESS,TXN00006403,USR14612,MCH2659,UTR9428877066,0,0,0,0,0,0,0
TXN00018250,2026-09-03 22:15:10,USR69720,MCH6423,5298.0,UTR5297997341,9120,SUCCESS,TXN00018250,USR69720,MCH6423,UTR5297997341,0,0,0,0,0,0,0
TXN00019755,2026-03-27 23:22:16,USR80059,MCH7058,24587.5,UTR3951025117,4110,SUCCESS,TXN00019755,USR80059,MCH7058,UTR3951025117,0,0,0,0,0,0,0
TXN00009167,2026-03-20 09:30:19,USR44047,MCH1543,21350.17,UTR1571577215,4110,SUCCESS,TXN00009167,USR44047,MCH1543,UTR1571577215,0,0,0,0,0,0,0
TXN00005493,2026-03-20 12:39:24,USR92689,MCH8802,14211.03,UTR5433105706,1310,FAILED,TXN00005493,USR92689,MCH8802,UTR5433105706,0,0,0,0,0,1,0
TXN00010268,2026-02-04 00:00:00,USR24383,MCH5990,9954.85,UTR3469447651,4110,SUCCESS,TXN00010268,USR24383,MCH5990,UTR3469447651,0,0,0,0,0,0,0
TXN00019356,2026-03-03 14:29:07,USR27788,MCH5280,21102.97,UTR9667154533,8120,SUCCESS,TXN00019356,USR27788,MCH5280,UTR9667154533,0,0,0,0,0,0,0
TXN00002969,2026-03-02 15:08:31,USR77070,MCH7846,23677.8,UTR3481522252,4110,SUCCESS,TXN00002969,USR77070,MCH7846,UTR3481522252,0,0,0,0,0,0,0
TXN00010944,2026-03-30 00:00:00,USR52823,MCH4399,8007.0,UTR4396570614,4110,SUCCESS,TXN00010944,USR52823,MCH4399,UTR4396570614,0,0,0,0,0,0,0
TXN00010723,2026-11-01 18:34:14,USR48748,MCH5868,12730.0,UTR1634866317,0110,SUCCESS,TXN00010723,USR48748,MCH5868,UTR1634866317,0,0,0,0,0,0,0
TXN00011428,2026-03-28 15:30:25,USR46634,MCH3015,16846.05,UTR8077332392,,SUCCESS,TXN00011428,USR46634,MCH3015,UTR8077332392,0,0,1,0,0,0,0
TXN00000856,2026-03-11 06:40:48,USR39933,MCH8136,0.477529,UTR7958555923,4110,SUCCESS,TXN00000856,USR39933,MCH8136,UTR7958555923,0,0,0,0,0,0,0
TXN00001473,2026-01-07 18:40:09,USR22648,MCH6351,0.219641,UTR7845490396,,SUCCESS,TXN00001473,USR22648,MCH6351,UTR7845490396,0,0,1,0,0,0,0
TXN00011057,2026-02-23 23:08:24,USR96844,MCH8282,14988.49,UTR3524536685,,SUCCESS,TXN00011057,USR96844,MCH8282,UTR3524536685,0,0,1,0,0,0,0
TXN00014771,2026-02-28 18:46:02,USR38519,MCH2897,0.2148697,UTR1926128323,4110,SUCCESS,TXN00014771,USR38519,MCH2897,UTR1926128323,0,0,0,0,0,0,0
TXN00007418,2026-03-01 16:28:01,USR28017,MCH9725,4553.39,UTR4460584908,9120,SUCCESS,TXN00007418,USR28017,MCH9725,UTR4460584908,0,0,0,0,0,0,0
TXN00005920,2026-03-24 21:32:52,USR61214,MCH4587,14649.0,UTR9411082579,0110,SUCCESS,TXN00005920,USR61214,MCH4587,UTR9411082579,0,0,0,0,0,0,0
TXN00018138,2026-02-09 02:55:23,USR92429,MCH9870,22073.3,UTR6064760793,0110,FAILED,TXN00018138,USR92429,MCH9870,UTR6064760793,0,0,0,0,0,1,0
TXN00016110,2026-01-16 00:00:00,USR46057,MCH9228,3971.95,UTR7209875145,,SUCCESS,TXN00016110,USR46057,MCH9228,UTR7209875145,0,0,1,0,0,0,0
TXN00001236,2026-02-27 21:04:34,USR31402,MCH8645,9219.47,UTR4621285082,9120,SUCCESS,TXN00001236,USR31402,MCH8645,UTR4621285082,0,0,0,0,0,0,0
TXN00002223,2026-02-05 03:10:40,USR24602,MCH5014,2422.4,UTR2064521098,0110,SUCCESS,TXN00002223,USR24602,MCH5014,UTR2064521098,0,0,0,0,0,0,0
TXN00000330,2026-01-10 09:51:54,USR54510,MCH6555,6201.0,UTR9957431273,8120,SUCCESS,TXN00000330,USR54510,MCH6555,UTR9957431273,0,0,0,0,0,0,0
TXN00008595,2026-03-04 08:33:42,USR47876,MCH2482,18510.42,UTR5407063971,,SUCCESS,TXN00008595,USR47876,MCH2482,UTR5407063971,0,0,1,0,0,0,0
TXN00011675,2026-03-20 02:51:39,USR38035,MCH3828,931.96,UTR6549995850,0110,PENDING,TXN00011675,USR38035,MCH3828,UTR6549995850,0,0,0,0,0,0,1
TXN00012582,2026-01-02 21:44:09,USR89165,MCH7222,22877.77,UTR8731976277,4110,SUCCESS,TXN00012582,USR89165,MCH7222,UTR8731976277,0,0,0,0,0,0,0
TXN00003996,2026-02-21 06:42:00,USR32956,MCH9890,11058.0,UTR6559536826,8120,FAILED,TXN00003996,USR32956,MCH9890,UTR6559536826,0,0,0,0,0,1,0
TXN00011903,2026-03-29 21:20:14,USR75127,MCH4779,17032.5,UTR2254687089,8120,SUCCESS,TXN00011903,USR75127,MCH4779,UTR2254687089,0,0,0,0,0,0,0
TXN00010718,2026-03-30 08:27:47,USR58806,MCH6839,4893.61,UTR9300624740,4110,SUCCESS,TXN00010718,USR58806,MCH6839,UTR9300624740,0,0,0,0,0,0,0
TXN00007697,2026-03-18 13:42:06,USR60888,MCH3338,10366.6,UTR6455142525,8120,FAILED,TXN00007697,USR60888,MCH3338,UTR6455142525,0,0,0,0,0,1,0
TXN00018478,2026-03-24 20:36:59,USR32295,MCH9557,6555.13,UTR6429255737,8120,SUCCESS,TXN00018478,USR32295,MCH9557,UTR6429255737,0,0,0,0,0,0,0
TXN00006093,2026-03-26 02:50:34,USR29207,MCH5344,8474.94,,1310,SUCCESS,TXN00006093,USR29207,MCH5344,,0,1,0,0,0,0,0
TXN00012787,2026-02-18 09:20:06,USR58973,MCH5761,916.01,UTR9641368851,4110,SUCCESS,TXN00012787,USR58973,MCH5761,UTR 9641368851,0,0,0,0,0,0,0
TXN00011696,2026-01-08 10:38:04,USR14263,MCH6240,0.837808,UTR2867285799,8120,SUCCESS,TXN00011696,USR14263,MCH6240,UTR2867285799,0,0,0,0,0,0,0
TXN00016487,2026-01-11 16:40:58,USR56029,MCH4039,24157.24,UTR3266651016,9120,SUCCESS,TXN00016487,USR56029,MCH4039,UTR3266651016,0,0,0,0,0,0,0
TXN00004431,2026-02-26 23:49:12,USR41460,MCH6488,16941.87,UTR3350102192,8120,SUCCESS,TXN00004431,USR41460,MCH6488,UTR3350102192,0,0,0,0,0,0,0
TXN00019929,2026-02-08 04:19:52,USR62705,MCH1140,22721.59,UTR4934122075,1310,SUCCESS,TXN00019929,USR62705,MCH1140,UTR4934122075,0,0,0,0,0,0,0
TXN00010710,2026-03-08 11:23:07,USR64322,MCH8809,2913.36,UTR2894178286,,SUCCESS,TXN00010710,USR64322,MCH8809,UTR2894178286,0,0,1,0,0,0,0
TXN00013682,2026-01-19 16:30:50,USR94093,MCH8419,21239.45,UTR2766194192,9120,SUCCESS,TXN00013682,USR94093,MCH8419,UTR2766194192,0,0,0,0,0,0,0
TXN00011124,2026-03-21 10:43:56,USR83436,MCH9287,15859.0,UTR7773490426,4110,SUCCESS,TXN00011124,USR83436,MCH9287,UTR7773490426,0,0,0,0,0,0,0
TXN00015353,2026-01-18 13:59:08,USR76982,MCH1981,16109.0,UTR1943618396,4110,SUCCESS,TXN00015353,USR76982,MCH1981,UTR1943618396,0,0,0,0,0,0,0
TXN00001865,2026-01-09 21:36:52,USR85269,MCH4708,24617.0,UTR6502300226,0110,SUCCESS,TXN00001865,USR85269,MCH4708,UTR6502300226,0,0,0,0,0,0,0
TXN00002242,2026-01-17 07:46:39,USR37581,MCH5709,876.41,UTR8687453637,4110,SUCCESS,TXN00002242,USR37581,MCH5709,UTR8687453637,0,0,0,0,0,0,0
TXN00018413,2026-01-11 10:52:05,USR90528,MCH1557,23749.52,UTR0298956812,8120,SUCCESS,TXN00018413,USR90528,MCH1557,UTR0298956812,0,0,0,0,0,0,0
TXN00016509,2026-01-22 19:19:33,USR89429,MCH4510,5380.26,UTR1459897563,0110,SUCCESS,TXN00016509,USR89429,MCH4510,UTR1459897563,0,0,0,0,0,0,0
TXN00014056,2026-02-09 09:29:08,USR35988,MCH5428,21182.0,UTR8745126941,4110,PENDING,TXN00014056,USR35988,MCH5428,UTR8745126941,0,0,0,0,0,0,1
TXN00000118,2026-03-04 03:18:27,USR59716,MCH2815,4672.39,UTR5666133301,9120,SUCCESS,TXN00000118,USR59716,MCH2815,UTR5666133301,0,0,0,0,0,0,0
TXN00006921,2026-01-19 16:35:10,USR19823,MCH8527,23360.93,UTR1607572064,0110,SUCCESS,TXN00006921,USR19823,MCH8527,UTR 1607572064,0,0,0,0,0,0,0
TXN00009835,2026-02-23 14:22:11,USR50635,MCH6611,2980.13,UTR9553720902,9120,SUCCESS,TXN00009835,USR50635,MCH6611,UTR9553720902,0,0,0,0,0,0,0
TXN00008861,2026-02-03 04:25:10,USR17528,MCH6475,12648.5,UTR6013958881,,SUCCESS,TXN00008861,USR17528,MCH6475,UTR6013958881,0,0,1,0,0,0,0
TXN00011922,2026-05-02 05:30:49,USR30902,MCH3129,-5781.2,UTR5558653621,9120,SUCCESS,TXN00011922,USR30902,MCH3129,UTR5558653621,1,0,0,0,0,0,0
TXN00009313,2026-03-01 17:46:17,USR60998,MCH9964,17711.02,UTR1724842205,1310,SUCCESS,TXN00009313,USR60998,MCH9964,UTR1724842205,0,0,0,0,0,0,0
TXN00003597,2026-06-02 08:33:25,USR39454,MCH8540,5753.37,UTR1016122415,4110,SUCCESS,TXN00003597,USR39454,MCH8540,UTR1016122415,0,0,0,0,0,0,0
TXN00018163,2026-02-02 04:00:09,USR22348,MCH6678,20297.15,UTR1899449359,0110,SUCCESS,TXN00018163,USR22348,MCH6678,UTR1899449359,0,0,0,0,0,0,0
TXN00017335,2026-02-22 00:00:00,USR23462,MCH7319,-5024.09,UTR3988407834,9120,SUCCESS,TXN00017335,USR23462,MCH7319,UTR3988407834,1,0,0,0,0,0,0
TXN00010721,2026-03-28 05:08:18,USR40267,MCH8264,16972.61,UTR1623858734,8120,SUCCESS,TXN00010721,USR40267,MCH8264,UTR1623858734,0,0,0,0,0,0,0
TXN00013048,2026-03-08 21:31:40,USR97230,MCH5427,14017.45,UTR8585269228,1310,SUCCESS,TXN00013048,USR97230,MCH5427,UTR8585269228,0,0,0,0,0,0,0
TXN00000730,2026-01-30 12:04:47,USR17836,MCH1543,4099.76,UTR6106546154,4110,SUCCESS,TXN00000730,USR17836,MCH1543,UTR6106546154,0,0,0,0,0,0,0
TXN00011053,2026-03-30 18:43:51,USR70654,MCH6669,16368.99,UTR0060719195,,FAILED,TXN00011053,USR70654,MCH6669,UTR 0060719195,0,0,1,0,0,1,0
TXN00008519,2026-02-23 10:08:56,USR98806,MCH6298,-11438.34,UTR2741359496,9120,SUCCESS,TXN00008519,USR98806,MCH6298,UTR2741359496,1,0,0,0,0,0,0
TXN00014462,2026-02-04 14:52:59,USR48840,MCH2211,19337.72,UTR5779476998,,FAILED,TXN00014462,USR48840,MCH2211,UTR5779476998,0,0,1,0,0,1,0
TXN00018207,2026-01-25 00:01:54,USR16699,MCH5926,14301.17,UTR5075522285,,PENDING,TXN00018207,USR16699,MCH5926,UTR5075522285,0,0,1,0,0,0,1
TXN00016453,2026-02-23 08:03:11,USR10667,MCH4367,550.83,UTR9627317784,0110,SUCCESS,TXN00016453,USR10667,MCH4367,UTR9627317784,0,0,0,0,0,0,0
TXN00017650,2026-02-04 06:34:19,USR50681,MCH3172,24871.3,,9120,SUCCESS,TXN00017650,USR50681,MCH3172,,0,1,0,0,0,0,0
TXN00017118,2026-01-13 01:58:03,USR86586,MCH3341,7274.71,UTR7916168494,8120,SUCCESS,TXN00017118,USR86586,MCH3341,UTR7916168494,0,0,0,0,0,0,0
TXN00019368,2026-02-15 15:26:53,USR26301,MCH2581,1604.48,UTR4496040191,4110,SUCCESS,TXN00019368,USR26301,MCH2581,UTR4496040191,0,0,0,0,0,0,0
TXN00004966,2026-02-06 02:31:06,USR84442,MCH4623,5408.63,UTR9626371007,4110,SUCCESS,TXN00004966,USR84442,MCH4623,UTR9626371007,0,0,0,0,0,0,0
TXN00015941,2026-01-30 18:04:14,USR77108,MCH8380,10906.87,UTR6406342671,,SUCCESS,TXN00015941,USR77108,MCH8380,UTR6406342671,0,0,1,0,0,0,0
TXN00003464,2026-01-26 09:27:46,USR99526,MCH9556,-14986.56,UTR7356705217,,SUCCESS,TXN00003464,USR99526,MCH9556,UTR7356705217,1,0,1,0,0,0,0
TXN00001625,2026-01-24 09:10:26,USR23506,MCH8330,4390.82,UTR4042400358,8120,SUCCESS,TXN00001625,USR23506,MCH8330,UTR4042400358,0,0,0,0,0,0,0
TXN00010764,2026-01-27 21:47:43,USR93257,MCH8109,5679.49,UTR8681585948,4110,SUCCESS,TXN00010764,USR93257,MCH8109,UTR8681585948,0,0,0,0,0,0,0
TXN00007385,2026-03-02 12:11:18,USR29882,MCH6788,0.1718905,UTR4250679812,1310,FAILED,TXN00007385,USR29882,MCH6788,UTR 4250679812,0,0,0,0,0,1,0
TXN00014785,2026-01-09 23:05:17,USR14506,MCH7578,0.1112069,UTR4985328681,8120,SUCCESS,TXN00014785,USR14506,MCH7578,UTR4985328681,0,0,0,0,0,0,0
TXN00011768,2026-01-26 22:00:11,USR10440,MCH5971,1314.1,UTR8896203518,4110,SUCCESS,TXN00011768,USR10440,MCH5971,UTR8896203518,0,0,0,0,0,0,0
TXN00000052,2026-01-10 00:06:48,USR98079,MCH1377,0.1938057,UTR3508797323,1310,SUCCESS,TXN00000052,USR98079,MCH1377,UTR3508797323,0,0,0,0,0,0,0
TXN00001548,2026-02-09 19:19:09,USR49320,MCH8140,13760.16,UTR2837356558,,SUCCESS,TXN00001548,USR49320,MCH8140,UTR2837356558,0,0,1,0,0,0,0
TXN00015984,2026-02-05 07:12:20,USR58461,MCH1024,16097.07,UTR0104632451,1310,SUCCESS,TXN00015984,USR58461,MCH1024,UTR0104632451,0,0,0,0,0,0,0
TXN00017455,2026-03-11 14:16:16,USR10579,MCH9321,0.796922,UTR2241893072,0110,SUCCESS,TXN00017455,USR10579,MCH9321,UTR2241893072,0,0,0,0,0,0,0
TXN00008798,2026-03-06 02:08:43,USR90614,MCH1923,12674.18,UTR3192612891,1310,PENDING,TXN00008798,USR90614,MCH1923,UTR3192612891,0,0,0,0,0,0,1
TXN00014249,2026-01-28 22:52:59,USR31365,MCH4734,10639.63,UTR1999641497,0110,SUCCESS,TXN00014249,USR31365,MCH4734,UTR1999641497,0,0,0,0,0,0,0
TXN00004240,2026-03-22 17:01:37,USR53412,MCH3768,8290.49,UTR0169491468,,SUCCESS,TXN00004240,USR53412,MCH3768,UTR0169491468,0,0,1,0,0,0,0
TXN00005373,2026-02-04 10:45:16,USR18410,MCH4387,10800.86,,4110,SUCCESS,TXN00005373,USR18410,MCH4387,,0,1,0,0,0,0,0
TXN00019398,2026-01-26 13:00:23,USR35672,MCH5683,19229.0,UTR7182368760,4110,SUCCESS,TXN00019398,USR35672,MCH5683,UTR7182368760,0,0,0,0,0,0,0
TXN00006290,2026-01-20 06:52:48,USR81589,MCH8162,11310.86,UTR0745818603,4110,SUCCESS,TXN00006290,USR81589,MCH8162,UTR0745818603,0,0,0,0,0,0,0
TXN00015832,2026-01-16 13:33:18,USR14356,MCH2714,7484.01,UTR1487402738,8120,SUCCESS,TXN00015832,USR14356,MCH2714,UTR 1487402738,0,0,0,0,0,0,0
TXN00014356,2026-02-12 11:58:12,USR11435,MCH3208,10708.92,UTR5001199242,9120,SUCCESS,TXN00014356,USR11435,MCH3208,UTR5001199242,0,0,0,0,0,0,0
TXN00014410,2026-02-28 01:55:10,USR89295,MCH7985,10950.61,UTR6066833987,8120,SUCCESS,TXN00014410,USR89295,MCH7985,UTR6066833987,0,0,0,0,0,0,0
TXN00017289,2026-03-19 05:30:46,USR60457,MCH9798,17970.2,UTR9137220597,8120,FAILED,TXN00017289,USR60457,MCH9798,UTR9137220597,0,0,0,0,0,1,0
TXN00009181,2026-02-28 08:56:10,USR13318,MCH2855,10738.78,UTR7221702858,4110,SUCCESS,TXN00009181,USR13318,MCH2855,UTR 7221702858,0,0,0,0,0,0,0
TXN00014506,2026-03-31 18:21:56,USR42151,MCH2752,11715.55,UTR7901363201,8120,SUCCESS,TXN00014506,USR42151,MCH2752,UTR7901363201,0,0,0,0,0,0,0
TXN00013992,2026-03-20 02:37:52,USR96360,MCH4591,14835.55,UTR4851507783,1310,SUCCESS,TXN00013992,USR96360,MCH4591,UTR4851507783,0,0,0,0,0,0,0
TXN00015830,2026-03-29 11:28:37,USR11603,MCH7871,1833.27,UTR6878126407,1310,SUCCESS,TXN00015830,USR11603,MCH7871,UTR6878126407,0,0,0,0,0,0,0
TXN00012883,2026-03-26 19:30:38,USR45319,MCH3699,13828.86,UTR0287595513,4110,SUCCESS,TXN00012883,USR45319,MCH3699,UTR0287595513,0,0,0,0,0,0,0
TXN00006705,2026-02-10 12:47:38,USR74268,MCH7969,11489.06,UTR3999276358,4110,SUCCESS,TXN00006705,USR74268,MCH7969,UTR3999276358,0,0,0,0,0,0,0
TXN00005022,2026-01-15 13:43:21,USR38931,MCH8483,10890.55,UTR2190829855,9120,SUCCESS,TXN00005022,USR38931,MCH8483,UTR2190829855,0,0,0,0,0,0,0
TXN00004219,2026-03-21 06:34:12,USR63046,MCH5650,17235.87,UTR9508603760,,FAILED,TXN00004219,USR63046,MCH5650,UTR9508603760,0,0,1,0,0,1,0
TXN00011718,2026-03-27 12:38:16,USR46516,MCH5464,0.1738822,UTR5086000595,9120,SUCCESS,TXN00011718,USR46516,MCH5464,UTR5086000595,0,0,0,0,0,0,0
TXN00006129,2026-02-17 08:08:44,USR84792,MCH2854,3790.09,UTR6736514856,0110,SUCCESS,TXN00006129,USR84792,MCH2854,UTR6736514856,0,0,0,0,0,0,0
TXN00001782,2026-02-06 23:51:13,USR44520,MCH3568,22545.0,UTR6926330255,4110,FAILED,TXN00001782,USR44520,MCH3568,UTR6926330255,0,0,0,0,0,1,0
TXN00000891,2026-03-27 12:04:43,USR34905,MCH9870,18059.45,UTR0013957129,4110,SUCCESS,TXN00000891,USR34905,MCH9870,UTR0013957129,0,0,0,0,0,0,0
TXN00016891,2026-02-22 22:07:52,USR80054,MCH3781,15287.71,UTR0640006566,8120,PENDING,TXN00016891,USR80054,MCH3781,UTR 0640006566,0,0,0,0,0,0,1
TXN00012535,2026-03-09 00:30:00,USR11348,MCH8129,3744.3,UTR8645172117,0110,SUCCESS,TXN00012535,USR11348,MCH8129,UTR8645172117,0,0,0,0,0,0,0
TXN00016896,2026-01-21 17:25:17,USR47961,MCH4083,16549.11,UTR8323866817,9120,SUCCESS,TXN00016896,USR47961,MCH4083,UTR8323866817,0,0,0,0,0,0,0
TXN00019976,2026-03-12 17:30:29,USR26884,MCH7767,21715.71,UTR2238463953,,SUCCESS,TXN00019976,USR26884,MCH7767,UTR 2238463953,0,0,1,0,0,0,0
TXN00015475,2026-12-03 18:56:11,USR88829,MCH3681,0.1271936,UTR9538677803,4110,SUCCESS,TXN00015475,USR88829,MCH3681,UTR9538677803,0,0,0,0,0,0,0
TXN00004123,2026-01-11 00:41:23,USR52800,MCH5375,17448.84,UTR1332075706,4110,SUCCESS,TXN00004123,USR52800,MCH5375,UTR1332075706,0,0,0,0,0,0,0
TXN00009134,2026-03-06 00:49:01,USR70017,MCH2297,6721.24,UTR1454529762,4110,FAILED,TXN00009134,USR70017,MCH2297,UTR1454529762,0,0,0,0,0,1,0
TXN00007829,2026-02-03 07:28:21,USR60674,MCH9322,14021.76,UTR8251931907,0110,SUCCESS,TXN00007829,USR60674,MCH9322,UTR8251931907,0,0,0,0,0,0,0
TXN00005510,2026-01-09 14:44:47,USR75099,MCH9919,0.11605,UTR2568864918,8120,SUCCESS,TXN00005510,USR75099,MCH9919,UTR2568864918,0,0,0,0,0,0,0
TXN00014723,2026-02-27 02:51:33,USR71986,MCH6174,8870.65,UTR8224423132,,SUCCESS,TXN00014723,USR71986,MCH6174,UTR8224423132,0,0,1,0,0,0,0
TXN00011098,2026-02-10 12:02:44,USR24952,MCH8046,0.2065847,,0110,SUCCESS,TXN00011098,USR24952,MCH8046,,0,1,0,0,0,0,0
TXN00004257,2026-03-11 10:37:17,USR14010,MCH2356,24943.76,UTR0760590808,0110,SUCCESS,TXN00004257,USR14010,MCH2356,UTR0760590808,0,0,0,0,0,0,0
TXN00006651,2026-01-25 02:26:17,USR31831,MCH9670,2228.44,UTR1356037944,9120,SUCCESS,TXN00006651,USR31831,MCH9670,UTR1356037944,0,0,0,0,0,0,0
TXN00016691,2026-03-29 01:01:20,USR90735,MCH6116,17941.25,UTR2977066640,1310,SUCCESS,TXN00016691,USR90735,MCH6116,UTR2977066640,0,0,0,0,0,0,0
TXN00012069,2026-01-05 20:00:09,USR64104,MCH2880,21587.44,UTR1046359990,,SUCCESS,TXN00012069,USR64104,MCH2880,UTR1046359990,0,0,1,0,0,0,0
TXN00016026,2026-03-21 08:42:04,USR74730,MCH7147,12638.33,UTR1426723754,4110,SUCCESS,TXN00016026,USR74730,MCH7147,UTR1426723754,0,0,0,0,0,0,0
TXN00008763,2026-02-23 06:47:48,USR77733,MCH6941,13084.0,UTR6847748002,4110,FAILED,TXN00008763,USR77733,MCH6941,UTR6847748002,0,0,0,0,0,1,0
TXN00016343,2026-05-03 15:06:36,USR24575,MCH9041,0.1879541,UTR9941203298,8120,SUCCESS,TXN00016343,USR24575,MCH9041,UTR 9941203298,0,0,0,0,0,0,0
TXN00017204,2026-03-23 20:24:14,USR45182,MCH4197,9543.47,UTR8842537444,8120,SUCCESS,TXN00017204,USR45182,MCH4197,UTR8842537444,0,0,0,0,0,0,0
TXN00000491,2026-03-22 00:00:00,USR85148,MCH7278,11396.86,UTR9648439203,8120,PENDING,TXN00000491,USR85148,MCH7278,UTR9648439203,0,0,0,0,0,0,1
TXN00008428,2026-01-08 18:18:46,USR50563,MCH8211,-24646.6,UTR7220978345,4110,SUCCESS,TXN00008428,USR50563,MCH8211,UTR 7220978345,1,0,0,0,0,0,0
TXN00012458,2026-06-03 03:54:15,USR39764,MCH4254,11719.81,UTR1816568522,0110,SUCCESS,TXN00012458,USR39764,MCH4254,UTR1816568522,0,0,0,0,0,0,0
TXN00015421,2026-01-04 09:34:05,USR92285,MCH8122,8060.0,UTR2504701411,,SUCCESS,TXN00015421,USR92285,MCH8122,UTR2504701411,0,0,1,0,0,0,0
TXN00014734,2026-03-16 01:48:15,USR58080,MCH5489,16921.65,UTR4176838335,4110,FAILED,TXN00014734,USR58080,MCH5489,UTR4176838335,0,0,0,0,0,1,0
TXN00010503,2026-02-13 23:54:37,USR33356,MCH5116,18480.73,UTR7722333780,4110,SUCCESS,TXN00010503,USR33356,MCH5116,UTR7722333780,0,0,0,0,0,0,0
TXN00017672,2026-01-19 05:52:45,USR21319,MCH5884,17783.57,UTR6020433892,4110,SUCCESS,TXN00017672,USR21319,MCH5884,UTR 6020433892,0,0,0,0,0,0,0
TXN00001827,2026-02-10 16:38:10,USR34386,MCH8992,1058.36,UTR1230122457,0110,SUCCESS,TXN00001827,USR34386,MCH8992,UTR1230122457,0,0,0,0,0,0,0
TXN00014426,2026-02-01 09:55:37,USR55594,MCH4220,19236.78,UTR3753032091,4110,SUCCESS,TXN00014426,USR55594,MCH4220,UTR3753032091,0,0,0,0,0,0,0
TXN00014234,2026-02-28 17:23:57,USR36174,MCH7771,22368.91,UTR7101859022,,SUCCESS,TXN00014234,USR36174,MCH7771,UTR 7101859022,0,0,1,0,0,0,0
TXN00001527,2026-03-21 16:28:49,USR31710,MCH3845,7128.97,UTR7039677631,4110,SUCCESS,TXN00001527,USR31710,MCH3845,UTR7039677631,0,0,0,0,0,0,0
TXN00013686,2026-02-27 18:51:30,USR46124,MCH9632,4492.04,UTR1925823395,9120,SUCCESS,TXN00013686,USR46124,MCH9632,UTR1925823395,0,0,0,0,0,0,0
TXN00019313,2026-03-13 00:49:48,USR52702,MCH3772,5507.23,UTR0770483372,,SUCCESS,TXN00019313,USR52702,MCH3772,UTR0770483372,0,0,1,0,0,0,0
TXN00016977,2026-01-15 00:58:57,USR77740,MCH1183,6113.54,UTR0694769549,8120,SUCCESS,TXN00016977,USR77740,MCH1183,UTR0694769549,0,0,0,0,0,0,0
TXN00018047,2026-03-20 19:25:09,USR64897,MCH9951,21232.97,UTR7271359288,8120,FAILED,TXN00018047,USR64897,MCH9951,UTR7271359288,0,0,0,0,0,1,0
TXN00011352,2026-03-07 09:25:43,USR26159,MCH3966,0.11931,UTR0274593313,4110,PENDING,TXN00011352,USR26159,MCH3966,UTR0274593313,0,0,0,0,0,0,1
TXN00004169,2026-01-24 22:35:47,USR84473,MCH6822,7879.81,UTR5754580341,8120,PENDING,TXN00004169,USR84473,MCH6822,UTR5754580341,0,0,0,0,0,0,1
TXN00014064,2026-02-19 18:33:14,USR49094,MCH4994,11848.0,UTR1254714714,4110,SUCCESS,TXN00014064,USR49094,MCH4994,UTR1254714714,0,0,0,0,0,0,0
TXN00007148,2026-03-17 05:20:16,USR32560,MCH3406,5484.29,UTR4381914159,0110,SUCCESS,TXN00007148,USR32560,MCH3406,UTR4381914159,0,0,0,0,0,0,0
TXN00004986,2026-02-25 23:41:44,USR22594,MCH3309,3837.08,UTR6587923793,9120,SUCCESS,TXN00004986,USR22594,MCH3309,UTR 6587923793,0,0,0,0,0,0,0
TXN00015254,2026-02-26 00:52:27,USR74764,MCH1474,18948.58,UTR2689768217,4110,SUCCESS,TXN00015254,USR74764,MCH1474,UTR2689768217,0,0,0,0,0,0,0
TXN00016464,2026-02-26 09:44:38,USR10674,MCH8332,17436.98,UTR4813016786,8120,SUCCESS,TXN00016464,USR10674,MCH8332,UTR4813016786,0,0,0,0,0,0,0
TXN00014475,2026-03-05 21:09:42,USR57863,MCH1346,9768.99,UTR8365828311,8120,SUCCESS,TXN00014475,USR57863,MCH1346,UTR8365828311,0,0,0,0,0,0,0
TXN00004604,2026-03-07 22:52:55,USR18314,MCH6487,9262.1,UTR8889047239,9120,FAILED,TXN00004604,USR18314,MCH6487,UTR 8889047239,0,0,0,0,0,1,0
TXN00018757,2026-01-30 04:00:45,USR53231,MCH6050,-5599.64,UTR5389511737,1310,SUCCESS,TXN00018757,USR53231,MCH6050,UTR5389511737,1,0,0,0,0,0,0
TXN00012627,2026-01-02 20:19:08,USR33627,MCH3396,8975.45,UTR5025527260,0110,SUCCESS,TXN00012627,USR33627,MCH3396,UTR5025527260,0,0,0,0,0,0,0
TXN00003715,2026-02-23 23:13:33,USR80439,MCH6127,24752.82,UTR9691213635,9120,SUCCESS,TXN00003715,USR80439,MCH6127,UTR 9691213635,0,0,0,0,0,0,0
TXN00005962,2026-02-14 13:32:34,USR36557,MCH3038,23679.35,UTR0907098894,4110,FAILED,TXN00005962,USR36557,MCH3038,UTR0907098894,0,0,0,0,0,1,0
TXN00012286,2026-03-16 00:00:00,USR39712,MCH4350,19130.14,UTR3674083286,9120,SUCCESS,TXN00012286,USR39712,MCH4350,UTR3674083286,0,0,0,0,0,0,0
TXN00019851,2026-02-26 17:54:36,USR34878,MCH3431,9814.98,UTR3180018053,8120,SUCCESS,TXN00019851,USR34878,MCH3431,UTR3180018053,0,0,0,0,0,0,0
TXN00002505,2026-07-02 01:49:38,USR84289,MCH5075,5019.86,UTR3908774851,,SUCCESS,TXN00002505,USR84289,MCH5075,UTR 3908774851,0,0,1,0,0,0,0
TXN00003138,2026-02-18 13:15:57,USR11469,MCH3484,18450.56,UTR6520094647,9120,SUCCESS,TXN00003138,USR11469,MCH3484,UTR6520094647,0,0,0,0,0,0,0
TXN00001733,2026-03-18 08:42:27,USR21648,MCH1597,13180.77,UTR3714033289,8120,SUCCESS,TXN00001733,USR21648,MCH1597,UTR3714033289,0,0,0,0,0,0,0
TXN00014507,2026-03-16 21:30:25,USR87428,MCH9886,0.2213322,UTR1920576767,0110,FAILED,TXN00014507,USR87428,MCH9886,UTR1920576767,0,0,0,0,0,1,0
TXN00002624,2026-03-01 00:00:00,USR25987,MCH6340,22749.48,UTR0355891440,4110,SUCCESS,TXN00002624,USR25987,MCH6340,UTR0355891440,0,0,0,0,0,0,0
TXN00001541,2026-01-10 16:20:42,USR61088,MCH8087,17729.07,UTR6222275890,4110,SUCCESS,TXN00001541,USR61088,MCH8087,UTR 6222275890,0,0,0,0,0,0,0
TXN00012293,2026-03-16 14:09:36,USR33863,MCH3622,-24709.86,UTR3817421468,0110,SUCCESS,TXN00012293,USR33863,MCH3622,UTR3817421468,1,0,0,0,0,0,0
TXN00004307,2026-01-10 13:46:11,USR15299,MCH6580,11926.0,UTR5427906194,4110,SUCCESS,TXN00004307,USR15299,MCH6580,UTR5427906194,0,0,0,0,0,0,0
TXN00001372,2026-09-02 15:31:12,USR70874,MCH8066,0.453261,UTR5926729672,4110,SUCCESS,TXN00001372,USR70874,MCH8066,UTR5926729672,0,0,0,0,0,0,0
TXN00010286,2026-03-18 23:12:58,USR75251,MCH9283,2712.0,UTR4680092347,4110,SUCCESS,TXN00010286,USR75251,MCH9283,UTR4680092347,0,0,0,0,0,0,0
TXN00010688,2026-03-03 11:56:03,USR48375,MCH4427,1789.46,UTR6566446624,4110,SUCCESS,TXN00010688,USR48375,MCH4427,UTR 6566446624,0,0,0,0,0,0,0
TXN00013885,2026-02-11 00:00:00,USR49466,MCH5724,6345.0,,,SUCCESS,TXN00013885,USR49466,MCH5724,,0,1,1,0,0,0,0
TXN00015904,2026-03-21 16:09:30,USR39311,MCH8794,5539.54,UTR8881027893,8120,SUCCESS,TXN00015904,USR39311,MCH8794,UTR8881027893,0,0,0,0,0,0,0
TXN00013450,2026-02-05 23:16:56,USR94197,MCH1190,4717.99,UTR3212414376,4110,PENDING,TXN00013450,USR94197,MCH1190,UTR3212414376,0,0,0,0,0,0,1
TXN00013528,2026-01-25 13:20:55,USR30937,MCH2900,7058.24,UTR9102826150,1310,SUCCESS,TXN00013528,USR30937,MCH2900,UTR 9102826150,0,0,0,0,0,0,0
TXN00007422,2026-03-18 02:32:43,USR29836,MCH4988,17254.98,UTR9513673958,0110,SUCCESS,TXN00007422,USR29836,MCH4988,UTR9513673958,0,0,0,0,0,0,0
TXN00001935,2026-02-13 21:14:56,USR53488,MCH8516,16914.93,,4110,SUCCESS,TXN00001935,USR53488,MCH8516,,0,1,0,0,0,0,0
TXN00010131,2026-02-15 08:05:07,USR11353,MCH2150,24837.6,UTR9644299958,1310,SUCCESS,TXN00010131,USR11353,MCH2150,UTR 9644299958,0,0,0,0,0,0,0
TXN00016316,2026-02-22 18:30:30,USR92837,MCH6924,12562.34,UTR4637106420,,SUCCESS,TXN00016316,USR92837,MCH6924,UTR4637106420,0,0,1,0,0,0,0
TXN00009739,2026-01-30 02:26:02,USR84843,MCH7276,7801.32,UTR1668950085,4110,SUCCESS,TXN00009739,USR84843,MCH7276,UTR1668950085,0,0,0,0,0,0,0
TXN00011514,2026-02-22 11:31:25,USR64277,MCH7724,9546.0,UTR5860876167,0110,SUCCESS,TXN00011514,USR64277,MCH7724,UTR5860876167,0,0,0,0,0,0,0
TXN00012617,2026-03-01 08:53:14,USR79070,MCH4045,2051.78,,4110,SUCCESS,TXN00012617,USR79070,MCH4045,,0,1,0,0,0,0,0
TXN00017808,2026-01-20 18:21:54,USR73677,MCH8413,17677.85,UTR4188690184,4110,SUCCESS,TXN00017808,USR73677,MCH8413,UTR4188690184,0,0,0,0,0,0,0
TXN00007462,2026-03-09 15:26:46,USR53574,MCH6101,9188.27,UTR4501278007,4110,SUCCESS,TXN00007462,USR53574,MCH6101,UTR4501278007,0,0,0,0,0,0,0
TXN00002101,2026-01-14 21:48:00,USR50254,MCH5971,22878.1,UTR5590579098,9120,SUCCESS,TXN00002101,USR50254,MCH5971,UTR5590579098,0,0,0,0,0,0,0
TXN00015916,2026-01-18 14:11:57,USR38138,MCH1430,10210.75,UTR2125835152,4110,SUCCESS,TXN00015916,USR38138,MCH1430,UTR 2125835152,0,0,0,0,0,0,0
TXN00001686,2026-02-18 05:27:30,USR15225,MCH4432,0.2155174,UTR5059927758,,SUCCESS,TXN00001686,USR15225,MCH4432,UTR5059927758,0,0,1,0,0,0,0
TXN00004399,2026-01-01 10:22:09,USR61222,MCH6734,4255.48,UTR5915372073,0110,SUCCESS,TXN00004399,USR61222,MCH6734,UTR5915372073,0,0,0,0,0,0,0
TXN00008569,2026-01-25 21:05:29,USR85708,MCH1752,11209.54,UTR8949830190,8120,SUCCESS,TXN00008569,USR85708,MCH1752,UTR8949830190,0,0,0,0,0,0,0
TXN00002091,2026-01-27 12:45:58,USR60961,MCH6701,19392.54,UTR1204015232,4110,SUCCESS,TXN00002091,USR60961,MCH6701,UTR 1204015232,0,0,0,0,0,0,0
TXN00019354,2026-03-02 18:52:26,USR50745,MCH3234,0.996505,UTR5004565400,4110,SUCCESS,TXN00019354,USR50745,MCH3234,UTR 5004565400,0,0,0,0,0,0,0
TXN00018726,2026-03-30 13:13:43,USR12863,MCH3625,7202.98,,8120,FAILED,TXN00018726,USR12863,MCH3625,,0,1,0,0,0,1,0
TXN00001841,2026-01-04 04:14:04,USR51963,MCH6291,0.931045,UTR5267089772,9120,SUCCESS,TXN00001841,USR51963,MCH6291,UTR5267089772,0,0,0,0,0,0,0
TXN00005416,2026-03-01 15:02:15,USR48091,MCH5283,9663.33,,9120,SUCCESS,TXN00005416,USR48091,MCH5283,,0,1,0,0,0,0,0
TXN00018685,2026-01-08 09:58:24,USR36842,MCH8611,2838.0,UTR3803658678,,SUCCESS,TXN00018685,USR36842,MCH8611,UTR3803658678,0,0,1,0,0,0,0
TXN00014967,2026-02-05 00:00:00,USR49654,MCH7649,10797.0,UTR4232786110,4110,SUCCESS,TXN00014967,USR49654,MCH7649,UTR4232786110,0,0,0,0,0,0,0
TXN00012403,2026-03-20 17:45:13,USR97522,MCH3472,10286.57,UTR7784609808,1310,SUCCESS,TXN00012403,USR97522,MCH3472,UTR7784609808,0,0,0,0,0,0,0
TXN00013137,2026-02-19 00:11:06,USR44377,MCH5743,23446.05,,,SUCCESS,TXN00013137,USR44377,MCH5743,,0,1,1,0,0,0,0
TXN00014491,2026-11-03 04:19:04,USR51423,MCH5610,21752.5,UTR1589997884,4110,SUCCESS,TXN00014491,USR51423,MCH5610,UTR1589997884,0,0,0,0,0,0,0
TXN00015391,2026-03-05 00:00:00,USR77708,MCH8972,3748.45,,8120,FAILED,TXN00015391,USR77708,MCH8972,,0,1,0,0,0,1,0
TXN00007058,2026-03-29 17:24:56,USR49352,MCH8988,6181.67,UTR9643952525,8120,SUCCESS,TXN00007058,USR49352,MCH8988,UTR9643952525,0,0,0,0,0,0,0
TXN00007563,2026-03-20 02:18:59,USR20303,MCH9836,2843.54,UTR0370263583,8120,SUCCESS,TXN00007563,USR20303,MCH9836,UTR0370263583,0,0,0,0,0,0,0
TXN00019793,2026-01-03 14:43:23,USR36939,MCH1564,12436.39,UTR5872987246,0110,SUCCESS,TXN00019793,USR36939,MCH1564,UTR 5872987246,0,0,0,0,0,0,0
TXN00012209,2026-02-11 18:10:23,USR95489,MCH7933,8802.15,UTR9330874061,4110,SUCCESS,TXN00012209,USR95489,MCH7933,UTR 9330874061,0,0,0,0,0,0,0
TXN00003064,2026-02-19 23:23:44,USR76962,MCH5213,15594.98,UTR9407655001,0110,SUCCESS,TXN00003064,USR76962,MCH5213,UTR9407655001,0,0,0,0,0,0,0
TXN00001264,2026-01-16 05:58:10,USR77698,MCH3815,11385.95,UTR1291165164,9120,FAILED,TXN00001264,USR77698,MCH3815,UTR1291165164,0,0,0,0,0,1,0
TXN00013518,2026-03-17 22:46:51,USR35120,MCH2616,23196.78,UTR5471917617,1310,SUCCESS,TXN00013518,USR35120,MCH2616,UTR5471917617,0,0,0,0,0,0,0
TXN00015450,2026-02-28 20:29:00,USR13242,MCH5926,8979.0,UTR0743239727,0110,SUCCESS,TXN00015450,USR13242,MCH5926,UTR0743239727,0,0,0,0,0,0,0
TXN00011467,2026-01-11 11:44:37,USR34029,MCH4072,3343.65,UTR1977827225,0110,FAILED,TXN00011467,USR34029,MCH4072,UTR1977827225,0,0,0,0,0,1,0
TXN00007361,2026-03-27 07:04:27,USR97821,MCH4888,17615.3,UTR7250144713,0110,SUCCESS,TXN00007361,USR97821,MCH4888,UTR7250144713,0,0,0,0,0,0,0
TXN00005874,2026-03-23 06:17:49,USR19837,MCH8851,20750.19,UTR3211300889,,SUCCESS,TXN00005874,USR19837,MCH8851,UTR3211300889,0,0,1,0,0,0,0
TXN00002439,2026-01-14 08:33:01,USR98629,MCH8157,13539.78,UTR9487053594,4110,SUCCESS,TXN00002439,USR98629,MCH8157,UTR9487053594,0,0,0,0,0,0,0
TXN00016072,2026-02-18 22:06:03,USR20114,MCH5670,14301.76,UTR7129894210,9120,SUCCESS,TXN00016072,USR20114,MCH5670,UTR7129894210,0,0,0,0,0,0,0
TXN00013957,2026-03-25 19:19:40,USR11488,MCH6130,2003.29,UTR4759287361,4110,SUCCESS,TXN00013957,USR11488,MCH6130,UTR4759287361,0,0,0,0,0,0,0
TXN00011893,2026-03-18 03:29:20,USR47877,MCH3674,3107.24,,4110,SUCCESS,TXN00011893,USR47877,MCH3674,,0,1,0,0,0,0,0
TXN00002835,2026-03-10 08:31:37,USR46769,MCH6647,9951.94,UTR2526183482,4110,SUCCESS,TXN00002835,USR46769,MCH6647,UTR2526183482,0,0,0,0,0,0,0
TXN00006916,2026-02-17 06:20:13,USR50231,MCH6413,4327.21,UTR3870849453,9120,SUCCESS,TXN00006916,USR50231,MCH6413,UTR3870849453,0,0,0,0,0,0,0
TXN00001126,2026-03-11 02:42:46,USR36081,MCH6912,13775.93,UTR2317660657,1310,SUCCESS,TXN00001126,USR36081,MCH6912,UTR2317660657,0,0,0,0,0,0,0
TXN00019542,2026-01-23 06:23:16,USR37223,MCH5671,14297.02,UTR1896105562,4110,SUCCESS,TXN00019542,USR37223,MCH5671,UTR1896105562,0,0,0,0,0,0,0
TXN00017138,2026-03-27 09:37:59,USR70485,MCH5596,17475.58,UTR4342477679,9120,SUCCESS,TXN00017138,USR70485,MCH5596,UTR4342477679,0,0,0,0,0,0,0
TXN00005698,2026-02-08 07:57:39,USR83985,MCH2980,10142.74,UTR1623556473,0110,SUCCESS,TXN00005698,USR83985,MCH2980,UTR 1623556473,0,0,0,0,0,0,0
TXN00011131,2026-03-24 01:38:43,USR21721,MCH6812,19393.61,UTR5280113396,0110,SUCCESS,TXN00011131,USR21721,MCH6812,UTR5280113396,0,0,0,0,0,0,0
TXN00014679,2026-01-30 03:35:24,USR98268,MCH4867,10134.1,UTR1484619948,9120,SUCCESS,TXN00014679,USR98268,MCH4867,UTR1484619948,0,0,0,0,0,0,0
TXN00006297,2026-01-20 00:00:00,USR20434,MCH3500,8761.16,UTR5909475481,1310,SUCCESS,TXN00006297,USR20434,MCH3500,UTR5909475481,0,0,0,0,0,0,0
TXN00018864,2026-01-02 04:45:08,USR37690,MCH7121,3750.44,UTR9966081396,,SUCCESS,TXN00018864,USR37690,MCH7121,UTR9966081396,0,0,1,0,0,0,0
TXN00001901,2026-02-22 10:47:35,USR80568,MCH2286,13860.12,UTR4694828156,4110,SUCCESS,TXN00001901,USR80568,MCH2286,UTR4694828156,0,0,0,0,0,0,0
TXN00016864,2026-02-15 03:11:09,USR98737,MCH1406,10790.83,UTR9595926313,0110,SUCCESS,TXN00016864,USR98737,MCH1406,UTR 9595926313,0,0,0,0,0,0,0
TXN00010848,2026-06-03 15:33:19,USR52951,MCH2553,22228.42,UTR6032786526,4110,SUCCESS,TXN00010848,USR52951,MCH2553,UTR6032786526,0,0,0,0,0,0,0
TXN00016656,2026-01-20 14:03:19,USR65099,MCH1080,12790.96,,9120,SUCCESS,TXN00016656,USR65099,MCH1080,,0,1,0,0,0,0,0
TXN00018240,2026-01-03 02:27:59,USR38825,MCH1761,7879.59,UTR7314096537,,SUCCESS,TXN00018240,USR38825,MCH1761,UTR7314096537,0,0,1,0,0,0,0
TXN00015162,2026-01-15 03:54:12,USR62803,MCH5942,0.1323446,UTR0272131812,0110,SUCCESS,TXN00015162,USR62803,MCH5942,UTR0272131812,0,0,0,0,0,0,0
TXN00008547,2026-03-21 20:11:06,USR54146,MCH9219,20078.11,,1310,FAILED,TXN00008547,USR54146,MCH9219,,0,1,0,0,0,1,0
TXN00003913,2026-03-03 22:00:55,USR14757,MCH2258,169.41,UTR5987395244,9120,SUCCESS,TXN00003913,USR14757,MCH2258,UTR5987395244,0,0,0,0,0,0,0
TXN00001811,2026-04-01 14:42:37,USR94920,MCH2675,16510.96,UTR4309792651,4110,SUCCESS,TXN00001811,USR94920,MCH2675,UTR 4309792651,0,0,0,0,0,0,0
TXN00009812,2026-03-12 00:50:32,USR43996,MCH8869,20709.0,UTR7569444470,1310,SUCCESS,TXN00009812,USR43996,MCH8869,UTR7569444470,0,0,0,0,0,0,0
TXN00000662,2026-02-27 22:06:42,USR52601,MCH8256,24663.02,UTR9658404538,1310,SUCCESS,TXN00000662,USR52601,MCH8256,UTR9658404538,0,0,0,0,0,0,0
TXN00004624,2026-03-22 10:30:09,USR34922,MCH5735,17261.17,UTR5687248045,1310,FAILED,TXN00004624,USR34922,MCH5735,UTR5687248045,0,0,0,0,0,1,0
TXN00016833,2026-06-01 12:57:22,USR16389,MCH2884,14338.69,,1310,SUCCESS,TXN00016833,USR16389,MCH2884,,0,1,0,0,0,0,0
TXN00000048,2026-01-21 21:43:02,USR95865,MCH1859,13006.5,UTR7085227081,4110,SUCCESS,TXN00000048,USR95865,MCH1859,UTR7085227081,0,0,0,0,0,0,0
TXN00007892,2026-01-21 22:04:30,USR75842,MCH1399,12594.22,UTR3945328601,9120,SUCCESS,TXN00007892,USR75842,MCH1399,UTR3945328601,0,0,0,0,0,0,0
TXN00003111,2026-01-29 00:29:26,USR50619,MCH1045,15945.83,UTR7921061258,4110,SUCCESS,TXN00003111,USR50619,MCH1045,UTR7921061258,0,0,0,0,0,0,0
TXN00019320,2026-03-19 00:34:12,USR65361,MCH2003,24903.81,UTR3822273907,9120,SUCCESS,TXN00019320,USR65361,MCH2003,UTR 3822273907,0,0,0,0,0,0,0
TXN00010479,2026-03-19 08:14:33,USR42422,MCH7889,0.1218637,UTR5550433076,4110,SUCCESS,TXN00010479,USR42422,MCH7889,UTR5550433076,0,0,0,0,0,0,0
TXN00007408,2026-02-18 23:14:34,USR39098,MCH7598,24266.99,UTR6092035818,,SUCCESS,TXN00007408,USR39098,MCH7598,UTR6092035818,0,0,1,0,0,0,0
TXN00012238,2026-01-15 10:18:41,USR54659,MCH7324,-22456.75,UTR2727184361,4110,SUCCESS,TXN00012238,USR54659,MCH7324,UTR2727184361,1,0,0,0,0,0,0
TXN00002558,2026-01-03 17:40:54,USR82256,MCH3181,7496.15,UTR0899721067,0110,SUCCESS,TXN00002558,USR82256,MCH3181,UTR0899721067,0,0,0,0,0,0,0
TXN00011554,2026-02-23 18:24:36,USR80849,MCH9394,16981.0,UTR2264606820,1310,SUCCESS,TXN00011554,USR80849,MCH9394,UTR2264606820,0,0,0,0,0,0,0
TXN00015559,2026-02-27 04:03:59,USR45842,MCH3138,23000.82,UTR9608723270,8120,SUCCESS,TXN00015559,USR45842,MCH3138,UTR9608723270,0,0,0,0,0,0,0
TXN00000992,2026-02-15 03:36:27,USR23489,MCH3344,17370.46,UTR4758999579,,SUCCESS,TXN00000992,USR23489,MCH3344,UTR 4758999579,0,0,1,0,0,0,0
TXN00006884,2026-02-03 14:15:19,USR12243,MCH8217,11642.52,UTR0107600150,0110,SUCCESS,TXN00006884,USR12243,MCH8217,UTR0107600150,0,0,0,0,0,0,0
TXN00002151,2026-01-11 18:23:30,USR61107,MCH7564,8386.85,UTR5007870068,4110,SUCCESS,TXN00002151,USR61107,MCH7564,UTR5007870068,0,0,0,0,0,0,0
TXN00016298,2026-03-24 18:58:55,USR50558,MCH2920,22710.48,UTR6770939980,8120,SUCCESS,TXN00016298,USR50558,MCH2920,UTR6770939980,0,0,0,0,0,0,0
TXN00001029,2026-08-03 10:26:20,USR83831,MCH5706,7984.32,UTR5064499730,0110,SUCCESS,TXN00001029,USR83831,MCH5706,UTR5064499730,0,0,0,0,0,0,0
TXN00016153,2026-02-21 21:41:47,USR97525,MCH3747,14147.54,UTR2133882400,9120,SUCCESS,TXN00016153,USR97525,MCH3747,UTR2133882400,0,0,0,0,0,0,0
TXN00013443,2026-03-23 11:21:05,USR27778,MCH5096,22823.0,UTR0969102457,4110,SUCCESS,TXN00013443,USR27778,MCH5096,UTR0969102457,0,0,0,0,0,0,0
TXN00018511,2026-02-04 17:58:46,USR41927,MCH1396,13648.97,UTR7116746459,9120,SUCCESS,TXN00018511,USR41927,MCH1396,UTR7116746459,0,0,0,0,0,0,0
TXN00008356,2026-06-02 19:14:07,USR19007,MCH5177,7938.21,UTR7270122277,,SUCCESS,TXN00008356,USR19007,MCH5177,UTR7270122277,0,0,1,0,0,0,0
TXN00013275,2026-02-26 21:32:48,USR49292,MCH7860,17807.58,UTR0462057945,9120,FAILED,TXN00013275,USR49292,MCH7860,UTR0462057945,0,0,0,0,0,1,0
TXN00006930,2026-01-01 17:04:53,USR90511,MCH8384,15957.12,UTR4488306967,4110,SUCCESS,TXN00006930,USR90511,MCH8384,UTR4488306967,0,0,0,0,0,0,0
TXN00019656,2026-11-01 12:22:02,USR79042,MCH2788,-17119.94,UTR0548054153,,SUCCESS,TXN00019656,USR79042,MCH2788,UTR 0548054153,1,0,1,0,0,0,0
TXN00017609,2026-01-27 04:56:26,USR38921,MCH2388,-10547.82,UTR6900820108,9120,SUCCESS,TXN00017609,USR38921,MCH2388,UTR6900820108,1,0,0,0,0,0,0
TXN00004814,2026-03-12 21:02:40,USR89332,MCH6538,12799.39,UTR4031994433,8120,SUCCESS,TXN00004814,USR89332,MCH6538,UTR4031994433,0,0,0,0,0,0,0
TXN00001445,2026-02-14 19:15:05,USR84984,MCH3962,21704.87,UTR8168040061,4110,SUCCESS,TXN00001445,USR84984,MCH3962,UTR8168040061,0,0,0,0,0,0,0
TXN00000808,2026-02-24 02:50:58,USR86576,MCH9897,23139.96,UTR5653196424,4110,SUCCESS,TXN00000808,USR86576,MCH9897,UTR5653196424,0,0,0,0,0,0,0
TXN00018287,2026-03-05 00:00:00,USR20988,MCH3852,1178.96,UTR1104211593,9120,SUCCESS,TXN00018287,USR20988,MCH3852,UTR1104211593,0,0,0,0,0,0,0
TXN00017822,2026-03-02 09:38:26,USR40957,MCH8619,5880.0,UTR3590505174,8120,SUCCESS,TXN00017822,USR40957,MCH8619,UTR3590505174,0,0,0,0,0,0,0
TXN00002907,2026-03-21 22:31:11,USR11430,MCH5306,24327.22,UTR9245913720,1310,SUCCESS,TXN00002907,USR11430,MCH5306,UTR9245913720,0,0,0,0,0,0,0
TXN00016371,2026-01-09 05:36:30,USR18707,MCH4101,0.1470644,UTR7083291128,,SUCCESS,TXN00016371,USR18707,MCH4101,UTR7083291128,0,0,1,0,0,0,0
TXN00014692,2026-06-02 10:09:20,USR19887,MCH5277,4777.9,UTR7140996160,0110,SUCCESS,TXN00014692,USR19887,MCH5277,UTR7140996160,0,0,0,0,0,0,0
TXN00004979,2026-03-20 08:41:51,USR92424,MCH5721,33.58,UTR4121171967,,SUCCESS,TXN00004979,USR92424,MCH5721,UTR4121171967,0,0,1,0,0,0,0
TXN00000827,2026-03-11 20:01:47,USR73602,MCH1535,8665.19,UTR6296296858,1310,PENDING,TXN00000827,USR73602,MCH1535,UTR6296296858,0,0,0,0,0,0,1
TXN00017146,2026-10-02 06:21:34,USR70770,MCH2600,16750.57,UTR4605753769,9120,FAILED,TXN00017146,USR70770,MCH2600,UTR4605753769,0,0,0,0,0,1,0
TXN00016630,2026-02-11 04:30:31,USR50116,MCH1158,6797.26,UTR4286783076,9120,SUCCESS,TXN00016630,USR50116,MCH1158,UTR4286783076,0,0,0,0,0,0,0
TXN00005669,2026-03-09 14:53:41,USR79181,MCH9112,1414.79,UTR5346982421,1310,SUCCESS,TXN00005669,USR79181,MCH9112,UTR5346982421,0,0,0,0,0,0,0
TXN00015035,2026-03-29 00:00:00,USR30035,MCH1834,15230.95,UTR4030454175,,SUCCESS,TXN00015035,USR30035,MCH1834,UTR 4030454175,0,0,1,0,0,0,0
TXN00015648,2026-01-08 00:00:00,USR45959,MCH5831,20517.43,UTR1584169881,8120,SUCCESS,TXN00015648,USR45959,MCH5831,UTR1584169881,0,0,0,0,0,0,0
TXN00009448,2026-02-16 20:41:12,USR96466,MCH5688,0.1790442,UTR0005375955,4110,FAILED,TXN00009448,USR96466,MCH5688,UTR0005375955,0,0,0,0,0,1,0
TXN00003436,2026-03-29 02:15:40,USR77729,MCH9906,9736.87,,9120,SUCCESS,TXN00003436,USR77729,MCH9906,,0,1,0,0,0,0,0
TXN00001268,2026-08-01 06:54:49,USR25775,MCH6008,0.1200367,UTR9620203145,9120,SUCCESS,TXN00001268,USR25775,MCH6008,UTR9620203145,0,0,0,0,0,0,0
TXN00000294,2026-02-23 18:43:50,USR52875,MCH9995,9011.16,UTR5842476576,1310,FAILED,TXN00000294,USR52875,MCH9995,UTR5842476576,0,0,0,0,0,1,0
TXN00008396,2026-03-26 19:23:08,USR80804,MCH1234,17606.0,UTR6871638063,4110,SUCCESS,TXN00008396,USR80804,MCH1234,UTR6871638063,0,0,0,0,0,0,0
TXN00018182,2026-01-22 16:53:39,USR20311,MCH3924,2698.39,UTR2553705024,9120,SUCCESS,TXN00018182,USR20311,MCH3924,UTR2553705024,0,0,0,0,0,0,0
TXN00005699,2026-03-29 15:37:24,USR86132,MCH5057,24602.4,UTR6416609781,,SUCCESS,TXN00005699,USR86132,MCH5057,UTR6416609781,0,0,1,0,0,0,0
TXN00017922,2026-01-22 09:13:57,USR50418,MCH3088,0.2352451,,,SUCCESS,TXN00017922,USR50418,MCH3088,,0,1,1,0,0,0,0
TXN00004501,2026-02-10 08:29:20,USR44782,MCH9431,14986.49,UTR3216180130,0110,SUCCESS,TXN00004501,USR44782,MCH9431,UTR3216180130,0,0,0,0,0,0,0
TXN00004028,2026-03-11 04:44:16,USR75949,MCH3134,3916.36,UTR7917596853,0110,SUCCESS,TXN00004028,USR75949,MCH3134,UTR7917596853,0,0,0,0,0,0,0
TXN00008847,2026-01-27 18:50:34,USR35423,MCH4953,23328.5,UTR1652513138,1310,FAILED,TXN00008847,USR35423,MCH4953,UTR1652513138,0,0,0,0,0,1,0
TXN00007674,2026-09-03 09:35:03,USR72700,MCH5673,13200.02,UTR7245550534,,SUCCESS,TXN00007674,USR72700,MCH5673,UTR7245550534,0,0,1,0,0,0,0
TXN00014185,2026-01-06 13:52:32,USR61346,MCH1647,-14051.83,UTR8462402597,4110,SUCCESS,TXN00014185,USR61346,MCH1647,UTR8462402597,1,0,0,0,0,0,0
TXN00004264,2026-02-16 12:41:52,USR74469,MCH1614,9688.0,,9120,SUCCESS,TXN00004264,USR74469,MCH1614,,0,1,0,0,0,0,0
TXN00005394,2026-02-24 16:08:19,USR30787,MCH1205,14581.81,UTR2657008372,4110,PENDING,TXN00005394,USR30787,MCH1205,UTR2657008372,0,0,0,0,0,0,1
TXN00014547,2026-01-24 00:00:00,USR52240,MCH4991,13126.68,UTR1894143898,4110,SUCCESS,TXN00014547,USR52240,MCH4991,UTR1894143898,0,0,0,0,0,0,0
TXN00009377,2026-03-23 01:56:14,USR56365,MCH9189,17386.02,UTR0713245331,8120,SUCCESS,TXN00009377,USR56365,MCH9189,UTR 0713245331,0,0,0,0,0,0,0
TXN00015453,2026-01-21 08:57:41,USR66003,MCH6473,24716.53,UTR7362983126,4110,SUCCESS,TXN00015453,USR66003,MCH6473,UTR7362983126,0,0,0,0,0,0,0
TXN00002533,2026-01-27 11:38:59,USR57869,MCH3338,7372.54,UTR7194494841,8120,FAILED,TXN00002533,USR57869,MCH3338,UTR 7194494841,0,0,0,0,0,1,0
TXN00005636,2026-03-23 22:07:28,USR37899,MCH7269,1434.49,UTR9261975378,4110,PENDING,TXN00005636,USR37899,MCH7269,UTR9261975378,0,0,0,0,0,0,1
TXN00007802,2026-01-17 23:18:51,USR31804,MCH8185,3085.07,UTR4020731228,0110,SUCCESS,TXN00007802,USR31804,MCH8185,UTR4020731228,0,0,0,0,0,0,0
TXN00001412,2026-03-15 10:38:25,USR34199,MCH6958,-2806.87,UTR8995551845,9120,SUCCESS,TXN00001412,USR34199,MCH6958,UTR8995551845,1,0,0,0,0,0,0
TXN00015189,2026-03-20 15:55:35,USR13067,MCH7892,5360.76,,,SUCCESS,TXN00015189,USR13067,MCH7892,,0,1,1,0,0,0,0
TXN00012455,2026-02-10 02:24:17,USR88454,MCH5530,7520.16,UTR5909712367,,SUCCESS,TXN00012455,USR88454,MCH5530,UTR5909712367,0,0,1,0,0,0,0
TXN00018370,2026-03-06 14:10:13,USR36623,MCH8929,0.2099805,UTR8041195394,9120,SUCCESS,TXN00018370,USR36623,MCH8929,UTR8041195394,0,0,0,0,0,0,0
TXN00002279,2026-02-26 06:15:30,USR81712,MCH3864,15856.26,UTR2187474468,8120,SUCCESS,TXN00002279,USR81712,MCH3864,UTR2187474468,0,0,0,0,0,0,0
TXN00010566,2026-01-20 15:11:07,USR50238,MCH1531,17630.78,UTR0358593332,1310,SUCCESS,TXN00010566,USR50238,MCH1531,UTR0358593332,0,0,0,0,0,0,0
TXN00008835,2026-02-08 04:41:16,USR46306,MCH8306,23590.0,UTR5831576068,4110,SUCCESS,TXN00008835,USR46306,MCH8306,UTR5831576068,0,0,0,0,0,0,0
TXN00019930,2026-02-06 15:11:41,USR32347,MCH6576,0.2375471,UTR5882702007,8120,SUCCESS,TXN00019930,USR32347,MCH6576,UTR5882702007,0,0,0,0,0,0,0
TXN00008824,2026-02-24 10:29:47,USR35727,MCH1233,1817.99,UTR1162612959,4110,SUCCESS,TXN00008824,USR35727,MCH1233,UTR1162612959,0,0,0,0,0,0,0
TXN00018744,2026-02-12 17:55:14,USR20322,MCH2848,24875.83,UTR0840958322,4110,FAILED,TXN00018744,USR20322,MCH2848,UTR0840958322,0,0,0,0,0,1,0
TXN00002658,2026-03-13 03:52:34,USR20427,MCH2905,0.212602,UTR7763682782,,SUCCESS,TXN00002658,USR20427,MCH2905,UTR7763682782,0,0,1,0,0,0,0
TXN00011202,2026-02-18 20:58:01,USR42157,MCH7633,0.974675,UTR0100413098,8120,SUCCESS,TXN00011202,USR42157,MCH7633,UTR0100413098,0,0,0,0,0,0,0
TXN00004140,2026-01-09 05:21:51,USR30097,MCH2393,0.1391889,UTR5525783869,4110,SUCCESS,TXN00004140,USR30097,MCH2393,UTR5525783869,0,0,0,0,0,0,0
TXN00001920,2026-06-01 02:05:54,USR19307,MCH6074,10321.42,UTR9633582409,4110,SUCCESS,TXN00001920,USR19307,MCH6074,UTR9633582409,0,0,0,0,0,0,0
TXN00002520,2026-03-26 20:50:24,USR35838,MCH1070,18070.45,,4110,SUCCESS,TXN00002520,USR35838,MCH1070,,0,1,0,0,0,0,0
TXN00019272,2026-02-28 02:21:12,USR94548,MCH7382,24784.57,UTR7953628693,4110,SUCCESS,TXN00019272,USR94548,MCH7382,UTR7953628693,0,0,0,0,0,0,0
TXN00001330,2026-08-01 19:26:35,USR32890,MCH8647,0.1245991,UTR7804616649,0110,FAILED,TXN00001330,USR32890,MCH8647,UTR 7804616649,0,0,0,0,0,1,0
TXN00005382,2026-03-13 00:00:00,USR91143,MCH8726,12617.53,UTR4149502930,9120,FAILED,TXN00005382,USR91143,MCH8726,UTR4149502930,0,0,0,0,0,1,0
TXN00008465,2026-01-25 03:39:35,USR97406,MCH3352,0.2489015,UTR0336560808,0110,FAILED,TXN00008465,USR97406,MCH3352,UTR 0336560808,0,0,0,0,0,1,0
TXN00005966,2026-01-30 08:02:56,USR71235,MCH6678,0.2243933,UTR1674686110,8120,FAILED,TXN00005966,USR71235,MCH6678,UTR1674686110,0,0,0,0,0,1,0
TXN00003788,2026-03-30 01:32:22,USR29884,MCH5955,11604.9,UTR4777969953,0110,SUCCESS,TXN00003788,USR29884,MCH5955,UTR4777969953,0,0,0,0,0,0,0
TXN00009641,2026-11-03 08:22:36,USR84620,MCH1722,12094.99,UTR9131998994,0110,SUCCESS,TXN00009641,USR84620,MCH1722,UTR9131998994,0,0,0,0,0,0,0
TXN00015906,2026-01-20 00:00:00,USR23242,MCH4185,3274.29,UTR9557015774,,SUCCESS,TXN00015906,USR23242,MCH4185,UTR9557015774,0,0,1,0,0,0,0
TXN00018768,2026-02-07 03:29:42,USR85891,MCH9857,8457.68,UTR1498277612,0110,SUCCESS,TXN00018768,USR85891,MCH9857,UTR1498277612,0,0,0,0,0,0,0
TXN00005030,2026-03-13 21:52:35,USR87004,MCH1665,3041.36,UTR0653157491,4110,SUCCESS,TXN00005030,USR87004,MCH1665,UTR0653157491,0,0,0,0,0,0,0
TXN00008872,2026-03-26 17:32:30,USR90098,MCH2113,3358.03,UTR3511109344,0110,SUCCESS,TXN00008872,USR90098,MCH2113,UTR3511109344,0,0,0,0,0,0,0
TXN00015573,2026-10-01 14:50:27,USR87527,MCH2736,21959.61,,4110,SUCCESS,TXN00015573,USR87527,MCH2736,,0,1,0,0,0,0,0
TXN00014646,2026-02-13 12:32:51,USR87462,MCH2301,8363.24,UTR8968462426,9120,SUCCESS,TXN00014646,USR87462,MCH2301,UTR8968462426,0,0,0,0,0,0,0
TXN00013399,2026-03-09 04:06:57,USR69350,MCH1301,1156.0,UTR0702554649,8120,SUCCESS,TXN00013399,USR69350,MCH1301,UTR0702554649,0,0,0,0,0,0,0
TXN00006830,2026-01-04 21:04:05,USR90938,MCH7250,10130.98,UTR5681010873,8120,SUCCESS,TXN00006830,USR90938,MCH7250,UTR5681010873,0,0,0,0,0,0,0
TXN00014387,2026-04-01 08:15:44,USR61435,MCH5448,20364.55,UTR4214402918,,SUCCESS,TXN00014387,USR61435,MCH5448,UTR4214402918,0,0,1,0,0,0,0
TXN00016887,2026-01-12 02:23:59,USR95313,MCH1208,24318.02,UTR4491139385,4110,SUCCESS,TXN00016887,USR95313,MCH1208,UTR4491139385,0,0,0,0,0,0,0
TXN00010110,2026-01-12 19:47:29,USR80723,MCH8887,4198.86,UTR3770911785,4110,SUCCESS,TXN00010110,USR80723,MCH8887,UTR3770911785,0,0,0,0,0,0,0
TXN00000941,2026-03-04 09:42:54,USR74566,MCH1186,6858.64,UTR5193860899,4110,SUCCESS,TXN00000941,USR74566,MCH1186,UTR5193860899,0,0,0,0,0,0,0
TXN00001821,2026-02-14 01:03:59,USR64332,MCH1711,0.515012,UTR7483841307,4110,SUCCESS,TXN00001821,USR64332,MCH1711,UTR7483841307,0,0,0,0,0,0,0
TXN00017150,2026-03-29 09:35:17,USR78124,MCH6354,3691.06,UTR9863857895,4110,SUCCESS,TXN00017150,USR78124,MCH6354,UTR9863857895,0,0,0,0,0,0,0
TXN00002287,2026-03-02 15:14:28,USR80028,MCH6128,24288.6,UTR9590529735,4110,SUCCESS,TXN00002287,USR80028,MCH6128,UTR9590529735,0,0,0,0,0,0,0
TXN00005068,2026-01-01 18:34:10,USR65981,MCH6245,8414.72,UTR9980791087,1310,FAILED,TXN00005068,USR65981,MCH6245,UTR9980791087,0,0,0,0,0,1,0
TXN00013909,2026-02-26 00:00:00,USR10579,MCH8202,21404.69,UTR7470729624,1310,SUCCESS,TXN00013909,USR10579,MCH8202,UTR7470729624,0,0,0,0,0,0,0
TXN00013299,2026-02-23 19:05:20,USR68803,MCH7408,8747.84,UTR2843040008,1310,PENDING,TXN00013299,USR68803,MCH7408,UTR2843040008,0,0,0,0,0,0,1
TXN00019768,2026-08-02 18:40:57,USR88946,MCH6203,2516.98,UTR4840844661,4110,SUCCESS,TXN00019768,USR88946,MCH6203,UTR4840844661,0,0,0,0,0,0,0
TXN00015687,2026-10-03 05:09:26,USR33947,MCH2081,23251.37,UTR2298883286,9120,SUCCESS,TXN00015687,USR33947,MCH2081,UTR 2298883286,0,0,0,0,0,0,0
TXN00018729,2026-02-20 14:00:22,USR82247,MCH4123,5478.83,UTR6282453570,4110,SUCCESS,TXN00018729,USR82247,MCH4123,UTR6282453570,0,0,0,0,0,0,0
TXN00008826,2026-03-11 04:10:24,USR98228,MCH1710,7552.85,,9120,SUCCESS,TXN00008826,USR98228,MCH1710,,0,1,0,0,0,0,0
TXN00016696,2026-03-20 09:35:53,USR62136,MCH5001,16598.61,UTR3347303179,0110,SUCCESS,TXN00016696,USR62136,MCH5001,UTR3347303179,0,0,0,0,0,0,0
TXN00000232,2026-03-31 13:25:37,USR62527,MCH5498,0.125709,UTR5343440885,4110,SUCCESS,TXN00000232,USR62527,MCH5498,UTR 5343440885,0,0,0,0,0,0,0
TXN00006012,2026-03-20 15:30:15,USR48537,MCH1672,20447.37,UTR3622797507,,SUCCESS,TXN00006012,USR48537,MCH1672,UTR 3622797507,0,0,1,0,0,0,0
TXN00009201,2026-01-15 02:44:48,USR24611,MCH3687,23641.29,UTR5611876900,,SUCCESS,TXN00009201,USR24611,MCH3687,UTR5611876900,0,0,1,0,0,0,0
TXN00015062,2026-03-06 15:44:08,USR39199,MCH5895,3798.75,UTR5706152197,4110,SUCCESS,TXN00015062,USR39199,MCH5895,UTR5706152197,0,0,0,0,0,0,0
TXN00019752,2026-03-26 10:39:44,USR45066,MCH2576,3962.67,UTR4624437948,,SUCCESS,TXN00019752,USR45066,MCH2576,UTR4624437948,0,0,1,0,0,0,0
TXN00010144,2026-03-16 18:30:31,USR68745,MCH1706,9945.82,UTR5194447940,4110,SUCCESS,TXN00010144,USR68745,MCH1706,UTR5194447940,0,0,0,0,0,0,0
TXN00019662,2026-03-16 21:02:23,USR40496,MCH7093,0.189887,UTR1236619255,8120,SUCCESS,TXN00019662,USR40496,MCH7093,UTR1236619255,0,0,0,0,0,0,0
TXN00013285,2026-01-31 21:46:39,USR45038,MCH4210,13942.38,UTR0462075804,4110,SUCCESS,TXN00013285,USR45038,MCH4210,UTR0462075804,0,0,0,0,0,0,0
TXN00001220,2026-02-26 00:33:24,USR23224,MCH9282,6838.76,UTR3993814475,,FAILED,TXN00001220,USR23224,MCH9282,UTR3993814475,0,0,1,0,0,1,0
TXN00008815,2026-02-17 01:20:40,USR37711,MCH8903,0.1636898,UTR8772271692,8120,SUCCESS,TXN00008815,USR37711,MCH8903,UTR8772271692,0,0,0,0,0,0,0
TXN00003899,2026-01-14 08:22:42,USR39957,MCH3514,13512.01,UTR0154056501,,SUCCESS,TXN00003899,USR39957,MCH3514,UTR0154056501,0,0,1,0,0,0,0
TXN00006549,2026-03-11 13:56:03,USR28771,MCH2363,3619.47,UTR7385126814,0110,SUCCESS,TXN00006549,USR28771,MCH2363,UTR7385126814,0,0,0,0,0,0,0
TXN00010438,2026-02-10 00:06:09,USR30323,MCH1502,12523.37,UTR5723002791,4110,SUCCESS,TXN00010438,USR30323,MCH1502,UTR5723002791,0,0,0,0,0,0,0
TXN00015859,2026-02-07 18:04:57,USR51292,MCH8615,609.66,UTR1885042379,9120,FAILED,TXN00015859,USR51292,MCH8615,UTR1885042379,0,0,0,0,0,1,0
TXN00005868,2026-01-03 00:00:00,USR18205,MCH6383,5833.14,UTR2662755699,4110,SUCCESS,TXN00005868,USR18205,MCH6383,UTR2662755699,0,0,0,0,0,0,0
TXN00012071,2026-03-02 00:03:13,USR76880,MCH8179,11599.88,UTR4779430629,4110,SUCCESS,TXN00012071,USR76880,MCH8179,UTR4779430629,0,0,0,0,0,0,0
TXN00018758,2026-03-22 07:27:59,USR88421,MCH3534,6884.17,UTR7605006362,,SUCCESS,TXN00018758,USR88421,MCH3534,UTR7605006362,0,0,1,0,0,0,0
TXN00016727,2026-01-16 15:16:00,USR62208,MCH9478,814.0,UTR1805551433,9120,SUCCESS,TXN00016727,USR62208,MCH9478,UTR 1805551433,0,0,0,0,0,0,0
TXN00012467,2026-03-16 15:04:36,USR65423,MCH6651,5449.0,UTR9703122589,,SUCCESS,TXN00012467,USR65423,MCH6651,UTR9703122589,0,0,1,0,0,0,0
TXN00001564,2026-03-24 18:05:57,USR31004,MCH4110,0.68774,UTR8005815992,4110,SUCCESS,TXN00001564,USR31004,MCH4110,UTR8005815992,0,0,0,0,0,0,0
TXN00001997,2026-11-02 18:08:08,USR80151,MCH7652,23916.0,UTR7285802521,4110,SUCCESS,TXN00001997,USR80151,MCH7652,UTR7285802521,0,0,0,0,0,0,0
TXN00010458,2026-01-23 21:04:43,USR52646,MCH2641,9264.3,UTR9877331721,1310,SUCCESS,TXN00010458,USR52646,MCH2641,UTR9877331721,0,0,0,0,0,0,0
TXN00006966,2026-03-19 02:39:16,USR14244,MCH2879,3170.0,UTR2894888937,4110,SUCCESS,TXN00006966,USR14244,MCH2879,UTR2894888937,0,0,0,0,0,0,0
TXN00018398,2026-12-01 02:44:35,USR98230,MCH4043,8835.8,UTR3888813647,9120,FAILED,TXN00018398,USR98230,MCH4043,UTR3888813647,0,0,0,0,0,1,0
TXN00014943,2026-03-26 18:25:04,USR10897,MCH9042,3119.34,UTR3073664450,,FAILED,TXN00014943,USR10897,MCH9042,UTR3073664450,0,0,1,0,0,1,0
TXN00006111,2026-03-26 00:00:00,USR61558,MCH8060,24412.48,UTR9283127878,4110,SUCCESS,TXN00006111,USR61558,MCH8060,UTR9283127878,0,0,0,0,0,0,0
TXN00018659,2026-03-11 21:19:05,USR57638,MCH4188,-14973.35,UTR0069703045,9120,SUCCESS,TXN00018659,USR57638,MCH4188,UTR0069703045,1,0,0,0,0,0,0
TXN00015343,2026-02-26 23:27:38,USR89622,MCH5041,6823.97,UTR3113148195,4110,SUCCESS,TXN00015343,USR89622,MCH5041,UTR3113148195,0,0,0,0,0,0,0
TXN00017295,2026-01-08 09:49:17,USR35025,MCH8278,14030.61,UTR7439217137,4110,FAILED,TXN00017295,USR35025,MCH8278,UTR7439217137,0,0,0,0,0,1,0
TXN00000144,2026-02-18 11:17:35,USR92709,MCH5404,0.752895,UTR6853268271,9120,SUCCESS,TXN00000144,USR92709,MCH5404,UTR6853268271,0,0,0,0,0,0,0
TXN00010401,2026-01-13 22:46:36,USR66648,MCH5995,4303.01,UTR9289298017,0110,FAILED,TXN00010401,USR66648,MCH5995,UTR9289298017,0,0,0,0,0,1,0
TXN00012339,2026-03-19 19:45:55,USR91231,MCH5704,19832.81,UTR3551929558,1310,SUCCESS,TXN00012339,USR91231,MCH5704,UTR3551929558,0,0,0,0,0,0,0
TXN00016017,2026-03-03 02:58:40,USR93072,MCH5865,24683.02,UTR8782324308,8120,PENDING,TXN00016017,USR93072,MCH5865,UTR8782324308,0,0,0,0,0,0,1
TXN00005163,2026-02-13 23:00:08,USR86205,MCH5541,8160.99,UTR7354286542,8120,SUCCESS,TXN00005163,USR86205,MCH5541,UTR 7354286542,0,0,0,0,0,0,0
TXN00004668,2026-03-24 12:53:28,USR82299,MCH1083,20972.96,UTR6112098702,4110,SUCCESS,TXN00004668,USR82299,MCH1083,UTR6112098702,0,0,0,0,0,0,0
TXN00016188,2026-03-26 06:32:40,USR84407,MCH5177,22739.37,UTR8454629024,1310,SUCCESS,TXN00016188,USR84407,MCH5177,UTR8454629024,0,0,0,0,0,0,0
TXN00003846,2026-02-26 16:53:34,USR78673,MCH9407,16414.0,UTR9232106228,8120,SUCCESS,TXN00003846,USR78673,MCH9407,UTR9232106228,0,0,0,0,0,0,0
TXN00005882,2026-03-10 09:54:57,USR18679,MCH9291,15673.8,UTR9379022231,4110,SUCCESS,TXN00005882,USR18679,MCH9291,UTR9379022231,0,0,0,0,0,0,0
TXN00012880,2026-03-08 02:32:37,USR40210,MCH5798,5139.39,UTR1371037334,9120,SUCCESS,TXN00012880,USR40210,MCH5798,UTR1371037334,0,0,0,0,0,0,0
TXN00005407,2026-01-23 14:03:06,USR70550,MCH9248,24165.89,UTR7594402393,,SUCCESS,TXN00005407,USR70550,MCH9248,UTR 7594402393,0,0,1,0,0,0,0
TXN00008559,2026-02-14 16:44:21,USR29203,MCH6822,19303.07,UTR2474531775,8120,SUCCESS,TXN00008559,USR29203,MCH6822,UTR2474531775,0,0,0,0,0,0,0
TXN00007428,2026-02-16 19:42:10,USR65694,MCH1613,7747.7,UTR6318804767,4110,SUCCESS,TXN00007428,USR65694,MCH1613,UTR 6318804767,0,0,0,0,0,0,0
TXN00012593,2026-01-05 22:39:26,USR43734,MCH5758,0.969762,UTR5490544586,8120,PENDING,TXN00012593,USR43734,MCH5758,UTR5490544586,0,0,0,0,0,0,1
TXN00012974,2026-02-25 13:52:15,USR18230,MCH6063,8086.51,UTR1538081024,4110,SUCCESS,TXN00012974,USR18230,MCH6063,UTR1538081024,0,0,0,0,0,0,0
TXN00014593,2026-03-30 00:36:20,USR43957,MCH7284,20480.27,UTR9209939543,4110,SUCCESS,TXN00014593,USR43957,MCH7284,UTR9209939543,0,0,0,0,0,0,0
TXN00002010,2026-02-11 10:25:55,USR29510,MCH2006,12194.4,UTR8631878367,9120,SUCCESS,TXN00002010,USR29510,MCH2006,UTR8631878367,0,0,0,0,0,0,0
TXN00011794,2026-01-04 14:13:29,USR79721,MCH2226,4580.52,UTR8901173742,4110,SUCCESS,TXN00011794,USR79721,MCH2226,UTR8901173742,0,0,0,0,0,0,0
TXN00005950,2026-03-01 01:32:38,USR44445,MCH3097,20637.74,UTR4171653631,0110,SUCCESS,TXN00005950,USR44445,MCH3097,UTR4171653631,0,0,0,0,0,0,0
TXN00006789,2026-03-30 11:55:01,USR35733,MCH5352,21266.0,UTR4791302860,4110,SUCCESS,TXN00006789,USR35733,MCH5352,UTR4791302860,0,0,0,0,0,0,0
TXN00009736,2026-03-08 04:02:57,USR30669,MCH9695,0.1511927,UTR9011663851,8120,SUCCESS,TXN00009736,USR30669,MCH9695,UTR9011663851,0,0,0,0,0,0,0
TXN00013012,2026-03-21 21:21:45,USR43341,MCH9195,15936.25,UTR9533206022,9120,FAILED,TXN00013012,USR43341,MCH9195,UTR9533206022,0,0,0,0,0,1,0
TXN00014094,2026-02-10 13:16:59,USR14471,MCH9840,24222.85,UTR0247429519,,SUCCESS,TXN00014094,USR14471,MCH9840,UTR0247429519,0,0,1,0,0,0,0
TXN00011542,2026-02-11 19:33:35,USR90653,MCH9360,3046.56,UTR4722052147,1310,SUCCESS,TXN00011542,USR90653,MCH9360,UTR4722052147,0,0,0,0,0,0,0
TXN00002306,2026-01-31 03:18:09,USR39428,MCH1759,9931.41,UTR6999322567,0110,SUCCESS,TXN00002306,USR39428,MCH1759,UTR6999322567,0,0,0,0,0,0,0
TXN00002601,2026-01-24 03:36:15,USR19753,MCH1306,15742.65,UTR9614554430,0110,SUCCESS,TXN00002601,USR19753,MCH1306,UTR9614554430,0,0,0,0,0,0,0
TXN00008235,2026-01-05 02:18:01,USR33281,MCH6838,2431.96,UTR7205308962,9120,SUCCESS,TXN00008235,USR33281,MCH6838,UTR7205308962,0,0,0,0,0,0,0
TXN00015902,2026-01-25 00:22:38,USR50205,MCH7475,5827.16,UTR9945761175,1310,SUCCESS,TXN00015902,USR50205,MCH7475,UTR9945761175,0,0,0,0,0,0,0
TXN00014215,2026-02-16 02:19:03,USR76268,MCH8881,9725.99,UTR5040144420,8120,SUCCESS,TXN00014215,USR76268,MCH8881,UTR5040144420,0,0,0,0,0,0,0
TXN00005089,2026-03-19 06:45:10,USR35905,MCH7553,14424.43,UTR8704980417,0110,SUCCESS,TXN00005089,USR35905,MCH7553,UTR8704980417,0,0,0,0,0,0,0
TXN00019103,2026-02-19 00:47:44,USR71270,MCH9708,0.1493058,UTR5785188303,4110,SUCCESS,TXN00019103,USR71270,MCH9708,UTR 5785188303,0,0,0,0,0,0,0
TXN00000207,2026-01-01 07:33:43,USR67541,MCH2406,2545.77,UTR8795677880,9120,SUCCESS,TXN00000207,USR67541,MCH2406,UTR8795677880,0,0,0,0,0,0,0
TXN00016406,2026-03-18 14:10:04,USR88365,MCH2563,22399.4,UTR1562589741,4110,FAILED,TXN00016406,USR88365,MCH2563,UTR1562589741,0,0,0,0,0,1,0
TXN00002005,2026-02-08 17:06:31,USR85233,MCH7490,0.680602,UTR8797975249,0110,SUCCESS,TXN00002005,USR85233,MCH7490,UTR8797975249,0,0,0,0,0,0,0
TXN00007274,2026-02-06 13:40:49,USR78412,MCH5492,595.59,UTR4131012225,9120,SUCCESS,TXN00007274,USR78412,MCH5492,UTR4131012225,0,0,0,0,0,0,0
TXN00017079,2026-03-29 22:51:35,USR30937,MCH3462,18484.85,UTR0207126395,4110,SUCCESS,TXN00017079,USR30937,MCH3462,UTR0207126395,0,0,0,0,0,0,0
TXN00015556,2026-12-03 17:07:33,USR22960,MCH1069,20120.38,UTR9567998652,,SUCCESS,TXN00015556,USR22960,MCH1069,UTR9567998652,0,0,1,0,0,0,0
TXN00008310,2026-03-08 22:04:07,USR52890,MCH3048,12718.39,UTR1371833479,,SUCCESS,TXN00008310,USR52890,MCH3048,UTR1371833479,0,0,1,0,0,0,0
TXN00005849,2026-02-20 03:32:07,USR41536,MCH1586,8007.2,UTR4334734340,,PENDING,TXN00005849,USR41536,MCH1586,UTR4334734340,0,0,1,0,0,0,1
TXN00018997,2026-03-17 19:34:03,USR46381,MCH5696,5694.18,UTR3069631405,9120,FAILED,TXN00018997,USR46381,MCH5696,UTR 3069631405,0,0,0,0,0,1,0
TXN00013281,2026-02-07 09:13:42,USR38730,MCH1687,19291.03,UTR4818645415,4110,SUCCESS,TXN00013281,USR38730,MCH1687,UTR4818645415,0,0,0,0,0,0,0
TXN00014895,2026-01-03 21:07:41,USR98902,MCH5905,1896.19,,,SUCCESS,TXN00014895,USR98902,MCH5905,,0,1,1,0,0,0,0
TXN00018786,2026-01-03 12:33:57,USR68503,MCH4621,16274.45,UTR0930224477,4110,SUCCESS,TXN00018786,USR68503,MCH4621,UTR0930224477,0,0,0,0,0,0,0
TXN00005996,2026-01-26 08:30:59,USR38606,MCH5497,17114.04,UTR6789467615,8120,SUCCESS,TXN00005996,USR38606,MCH5497,UTR6789467615,0,0,0,0,0,0,0
TXN00016527,2026-02-26 11:14:33,USR42279,MCH5625,10984.0,UTR9958885564,,SUCCESS,TXN00016527,USR42279,MCH5625,UTR9958885564,0,0,1,0,0,0,0
TXN00017592,2026-03-26 06:37:16,USR14027,MCH6466,19872.81,UTR4164617260,4110,SUCCESS,TXN00017592,USR14027,MCH6466,UTR4164617260,0,0,0,0,0,0,0
TXN00009524,2026-01-10 22:33:06,USR34297,MCH5800,16796.9,UTR2333363862,4110,SUCCESS,TXN00009524,USR34297,MCH5800,UTR2333363862,0,0,0,0,0,0,0
TXN00016025,2026-05-03 12:45:28,USR60889,MCH2600,20227.37,UTR3744192204,8120,FAILED,TXN00016025,USR60889,MCH2600,UTR 3744192204,0,0,0,0,0,1,0
TXN00013073,2026-02-24 06:37:35,USR73210,MCH6647,4534.76,UTR0503593947,,SUCCESS,TXN00013073,USR73210,MCH6647,UTR0503593947,0,0,1,0,0,0,0
TXN00013913,2026-03-12 14:43:42,USR16510,MCH3776,0.1450967,UTR9554163695,0110,SUCCESS,TXN00013913,USR16510,MCH3776,UTR 9554163695,0,0,0,0,0,0,0
TXN00016360,2026-01-10 21:03:45,USR53976,MCH8796,21088.63,UTR4325084465,9120,SUCCESS,TXN00016360,USR53976,MCH8796,UTR4325084465,0,0,0,0,0,0,0
TXN00012369,2026-03-05 12:04:49,USR80542,MCH8162,7046.03,UTR3407571414,,SUCCESS,TXN00012369,USR80542,MCH8162,UTR3407571414,0,0,1,0,0,0,0
TXN00000602,2026-03-13 12:19:10,USR33412,MCH6015,6971.97,UTR6581715852,,SUCCESS,TXN00000602,USR33412,MCH6015,UTR6581715852,0,0,1,0,0,0,0
TXN00013996,2026-02-07 02:59:19,USR10364,MCH7982,0.1061421,UTR8997235428,4110,SUCCESS,TXN00013996,USR10364,MCH7982,UTR8997235428,0,0,0,0,0,0,0
TXN00015322,2026-03-25 23:21:11,USR16170,MCH2652,18656.3,UTR0490305738,0110,SUCCESS,TXN00015322,USR16170,MCH2652,UTR0490305738,0,0,0,0,0,0,0
TXN00013267,2026-03-22 08:46:38,USR12591,MCH7924,545.78,UTR6947840118,4110,SUCCESS,TXN00013267,USR12591,MCH7924,UTR6947840118,0,0,0,0,0,0,0
TXN00012754,2026-03-31 23:12:33,USR30980,MCH4149,1369.71,UTR3687845513,4110,SUCCESS,TXN00012754,USR30980,MCH4149,UTR3687845513,0,0,0,0,0,0,0
TXN00009108,2026-01-12 23:52:44,USR44825,MCH2303,0.2028265,UTR2761587914,1310,SUCCESS,TXN00009108,USR44825,MCH2303,UTR2761587914,0,0,0,0,0,0,0
TXN00001594,2026-01-10 18:11:55,USR50784,MCH2865,2611.7,UTR5203006007,4110,SUCCESS,TXN00001594,USR50784,MCH2865,UTR5203006007,0,0,0,0,0,0,0
TXN00000327,2026-02-09 00:00:00,USR49575,MCH2572,13863.31,UTR6870465344,1310,SUCCESS,TXN00000327,USR49575,MCH2572,UTR6870465344,0,0,0,0,0,0,0
TXN00013250,2026-01-06 17:16:44,USR37319,MCH1988,12097.17,UTR6073474876,4110,SUCCESS,TXN00013250,USR37319,MCH1988,UTR6073474876,0,0,0,0,0,0,0
TXN00015626,2026-02-18 18:16:44,USR37362,MCH6184,8105.24,UTR3206722795,4110,FAILED,TXN00015626,USR37362,MCH6184,UTR3206722795,0,0,0,0,0,1,0
TXN00009973,2026-03-10 00:55:25,USR31370,MCH6510,23925.22,UTR9353097498,8120,SUCCESS,TXN00009973,USR31370,MCH6510,UTR9353097498,0,0,0,0,0,0,0
TXN00005864,2026-03-24 15:39:42,USR66917,MCH6755,10572.94,UTR5662955681,0110,SUCCESS,TXN00005864,USR66917,MCH6755,UTR5662955681,0,0,0,0,0,0,0
TXN00016761,2026-03-20 03:08:54,USR33761,MCH6910,1565.64,UTR5540720182,9120,SUCCESS,TXN00016761,USR33761,MCH6910,UTR5540720182,0,0,0,0,0,0,0
TXN00001982,2026-02-28 18:44:48,USR10610,MCH7989,20068.06,UTR1379128091,0110,SUCCESS,TXN00001982,USR10610,MCH7989,UTR1379128091,0,0,0,0,0,0,0
TXN00003618,2026-02-08 03:53:34,USR21120,MCH6411,21129.57,UTR4659117907,1310,SUCCESS,TXN00003618,USR21120,MCH6411,UTR4659117907,0,0,0,0,0,0,0
TXN00002726,2026-03-28 20:39:23,USR81554,MCH8403,-7579.86,UTR7177892626,0110,SUCCESS,TXN00002726,USR81554,MCH8403,UTR7177892626,1,0,0,0,0,0,0
TXN00019591,2026-01-08 10:19:15,USR19193,MCH3793,18803.59,UTR9160069412,4110,SUCCESS,TXN00019591,USR19193,MCH3793,UTR9160069412,0,0,0,0,0,0,0
TXN00002651,2026-03-14 13:22:25,USR98625,MCH9693,5230.0,UTR2989385379,9120,SUCCESS,TXN00002651,USR98625,MCH9693,UTR2989385379,0,0,0,0,0,0,0
TXN00001667,2026-02-25 19:24:31,USR78022,MCH6531,0.522068,UTR6091204978,0110,FAILED,TXN00001667,USR78022,MCH6531,UTR6091204978,0,0,0,0,0,1,0
TXN00016162,2026-01-09 01:58:39,USR21590,MCH4648,0.1504573,,4110,FAILED,TXN00016162,USR21590,MCH4648,,0,1,0,0,0,1,0
TXN00005238,2026-01-13 16:35:18,USR20830,MCH1754,16536.95,UTR4322567611,4110,SUCCESS,TXN00005238,USR20830,MCH1754,UTR4322567611,0,0,0,0,0,0,0
TXN00010342,2026-03-21 16:27:39,USR87864,MCH7792,14145.47,,8120,FAILED,TXN00010342,USR87864,MCH7792,,0,1,0,0,0,1,0
TXN00009548,2026-02-15 16:53:36,USR50470,MCH7347,845.62,UTR7515829506,9120,SUCCESS,TXN00009548,USR50470,MCH7347,UTR7515829506,0,0,0,0,0,0,0
TXN00002260,2026-01-10 23:33:06,USR76269,MCH2083,10870.55,,1310,SUCCESS,TXN00002260,USR76269,MCH2083,,0,1,0,0,0,0,0
TXN00019610,2026-03-18 22:56:18,USR81777,MCH2166,14960.34,UTR2138137407,1310,SUCCESS,TXN00019610,USR81777,MCH2166,UTR2138137407,0,0,0,0,0,0,0
TXN00004339,2026-01-14 18:07:37,USR22598,MCH2776,0.958655,UTR8595932362,1310,SUCCESS,TXN00004339,USR22598,MCH2776,UTR8595932362,0,0,0,0,0,0,0
TXN00005451,2026-01-14 00:00:00,USR46101,MCH5282,7250.3,UTR5447326035,1310,SUCCESS,TXN00005451,USR46101,MCH5282,UTR5447326035,0,0,0,0,0,0,0
TXN00013807,2026-01-08 03:48:21,USR58423,MCH9102,9905.0,UTR9974345852,4110,SUCCESS,TXN00013807,USR58423,MCH9102,UTR9974345852,0,0,0,0,0,0,0
TXN00003045,2026-05-01 21:55:07,USR74417,MCH8110,18449.75,UTR6124860662,0110,SUCCESS,TXN00003045,USR74417,MCH8110,UTR6124860662,0,0,0,0,0,0,0
TXN00010760,2026-01-26 22:59:20,USR11037,MCH4432,17750.29,UTR4583167063,4110,SUCCESS,TXN00010760,USR11037,MCH4432,UTR4583167063,0,0,0,0,0,0,0
TXN00006799,2026-02-28 13:59:36,USR89783,MCH9029,2460.13,UTR5811996773,0110,PENDING,TXN00006799,USR89783,MCH9029,UTR5811996773,0,0,0,0,0,0,1
TXN00017804,2026-02-18 01:50:00,USR94887,MCH7496,5666.19,,4110,SUCCESS,TXN00017804,USR94887,MCH7496,,0,1,0,0,0,0,0
TXN00000363,2026-03-31 15:21:53,USR60330,MCH2668,11462.0,UTR7835048715,4110,SUCCESS,TXN00000363,USR60330,MCH2668,UTR7835048715,0,0,0,0,0,0,0
TXN00012142,2026-01-21 14:30:10,USR65020,MCH4250,24021.78,UTR7368838533,9120,SUCCESS,TXN00012142,USR65020,MCH4250,UTR7368838533,0,0,0,0,0,0,0
TXN00002253,2026-02-04 02:07:18,USR36299,MCH2906,16733.31,UTR6347074403,4110,SUCCESS,TXN00002253,USR36299,MCH2906,UTR6347074403,0,0,0,0,0,0,0
TXN00017189,2026-01-31 21:17:05,USR28431,MCH3793,0.3133,UTR0334221013,9120,SUCCESS,TXN00017189,USR28431,MCH3793,UTR0334221013,0,0,0,0,0,0,0
TXN00012718,2026-03-25 10:41:27,USR24828,MCH2344,18596.75,UTR0167164866,0110,SUCCESS,TXN00012718,USR24828,MCH2344,UTR0167164866,0,0,0,0,0,0,0
TXN00006449,2026-02-20 09:35:23,USR76874,MCH1342,0.15994,UTR6750271314,4110,SUCCESS,TXN00006449,USR76874,MCH1342,UTR6750271314,0,0,0,0,0,0,0
TXN00016416,2026-02-13 08:52:32,USR69168,MCH8988,10067.35,UTR3845062133,,SUCCESS,TXN00016416,USR69168,MCH8988,UTR3845062133,0,0,1,0,0,0,0
TXN00008674,2026-01-14 02:16:17,USR53845,MCH8628,5362.26,UTR5921695312,1310,SUCCESS,TXN00008674,USR53845,MCH8628,UTR5921695312,0,0,0,0,0,0,0
TXN00010889,2026-03-19 03:13:10,USR36140,MCH9253,20482.57,UTR6817952164,0110,SUCCESS,TXN00010889,USR36140,MCH9253,UTR6817952164,0,0,0,0,0,0,0
TXN00008000,2026-02-23 05:56:35,USR40832,MCH5783,2621.0,UTR3647987294,,SUCCESS,TXN00008000,USR40832,MCH5783,UTR3647987294,0,0,1,0,0,0,0
TXN00018900,2026-03-16 08:51:19,USR85811,MCH8939,11929.43,UTR2140064213,0110,SUCCESS,TXN00018900,USR85811,MCH8939,UTR2140064213,0,0,0,0,0,0,0
TXN00003745,2026-01-06 14:16:24,USR24166,MCH8589,181.88,UTR1590159516,9120,SUCCESS,TXN00003745,USR24166,MCH8589,UTR1590159516,0,0,0,0,0,0,0
TXN00002440,2026-01-16 01:02:54,USR22722,MCH3624,3862.08,UTR4847892877,1310,FAILED,TXN00002440,USR22722,MCH3624,UTR4847892877,0,0,0,0,0,1,0
TXN00011456,2026-02-04 13:46:00,USR71029,MCH6270,2526.33,UTR1933743052,9120,FAILED,TXN00011456,USR71029,MCH6270,UTR 1933743052,0,0,0,0,0,1,0
TXN00015330,2026-05-02 15:55:29,USR82723,MCH9702,12209.02,UTR9932796082,8120,SUCCESS,TXN00015330,USR82723,MCH9702,UTR9932796082,0,0,0,0,0,0,0
TXN00017684,2026-03-15 20:03:55,USR37324,MCH8977,2981.39,UTR8791177313,4110,SUCCESS,TXN00017684,USR37324,MCH8977,UTR8791177313,0,0,0,0,0,0,0
TXN00002324,2026-02-26 08:15:55,USR99506,MCH8846,7741.22,UTR5652385683,8120,SUCCESS,TXN00002324,USR99506,MCH8846,UTR5652385683,0,0,0,0,0,0,0
TXN00009321,2026-03-03 21:29:27,USR15056,MCH2035,0.524943,UTR8446184286,4110,SUCCESS,TXN00009321,USR15056,MCH2035,UTR8446184286,0,0,0,0,0,0,0
TXN00009677,2026-01-17 19:19:06,USR46922,MCH5418,23701.85,UTR6276391528,1310,SUCCESS,TXN00009677,USR46922,MCH5418,UTR 6276391528,0,0,0,0,0,0,0
TXN00013244,2026-01-09 16:50:58,USR78597,MCH5009,17553.87,UTR4401576929,8120,SUCCESS,TXN00013244,USR78597,MCH5009,UTR4401576929,0,0,0,0,0,0,0
TXN00015146,2026-01-01 21:24:38,USR81910,MCH1688,24986.48,UTR6056505760,4110,SUCCESS,TXN00015146,USR81910,MCH1688,UTR6056505760,0,0,0,0,0,0,0
TXN00017846,2026-01-18 00:00:00,USR77486,MCH6814,0.632296,UTR6613199760,,SUCCESS,TXN00017846,USR77486,MCH6814,UTR6613199760,0,0,1,0,0,0,0
TXN00016559,2026-02-02 18:03:07,USR19540,MCH4816,20391.52,UTR4779579541,0110,SUCCESS,TXN00016559,USR19540,MCH4816,UTR4779579541,0,0,0,0,0,0,0
TXN00000911,2026-03-29 04:03:07,USR72691,MCH8744,14761.47,UTR7855668322,8120,SUCCESS,TXN00000911,USR72691,MCH8744,UTR 7855668322,0,0,0,0,0,0,0
TXN00003866,2026-03-21 18:26:52,USR38564,MCH1185,8878.89,UTR2820682644,4110,SUCCESS,TXN00003866,USR38564,MCH1185,UTR 2820682644,0,0,0,0,0,0,0
TXN00015021,2026-03-11 13:57:07,USR11588,MCH7784,6817.0,UTR3465082474,9120,SUCCESS,TXN00015021,USR11588,MCH7784,UTR 3465082474,0,0,0,0,0,0,0
TXN00012179,2026-02-24 07:52:12,USR60469,MCH8169,12124.6,UTR0073355434,4110,SUCCESS,TXN00012179,USR60469,MCH8169,UTR0073355434,0,0,0,0,0,0,0
TXN00007466,2026-01-13 23:58:12,USR46492,MCH4357,9594.53,UTR9349537859,8120,SUCCESS,TXN00007466,USR46492,MCH4357,UTR9349537859,0,0,0,0,0,0,0
TXN00009981,2026-02-03 06:53:37,USR67586,MCH8080,8854.1,UTR1778198589,4110,SUCCESS,TXN00009981,USR67586,MCH8080,UTR1778198589,0,0,0,0,0,0,0
TXN00012430,2026-01-08 16:30:36,USR52067,MCH7888,16151.45,UTR1817452508,,SUCCESS,TXN00012430,USR52067,MCH7888,UTR1817452508,0,0,1,0,0,0,0
TXN00012725,2026-02-11 19:25:06,USR41675,MCH2062,17458.84,UTR4339784735,1310,SUCCESS,TXN00012725,USR41675,MCH2062,UTR 4339784735,0,0,0,0,0,0,0
TXN00006977,2026-02-13 19:11:56,USR69175,MCH5020,18719.0,UTR3929345128,,SUCCESS,TXN00006977,USR69175,MCH5020,UTR3929345128,0,0,1,0,0,0,0
TXN00005563,2026-01-31 22:39:51,USR85370,MCH7240,6596.15,UTR5456760959,0110,SUCCESS,TXN00005563,USR85370,MCH7240,UTR5456760959,0,0,0,0,0,0,0
TXN00005225,2026-01-25 06:11:55,USR13926,MCH5840,10006.0,UTR8593363466,0110,SUCCESS,TXN00005225,USR13926,MCH5840,UTR8593363466,0,0,0,0,0,0,0
TXN00011108,2026-01-27 21:57:45,USR85554,MCH2038,13313.0,UTR8397861859,4110,SUCCESS,TXN00011108,USR85554,MCH2038,UTR8397861859,0,0,0,0,0,0,0
TXN00000075,2026-03-25 15:55:21,USR89761,MCH5748,17674.0,UTR3113068883,8120,SUCCESS,TXN00000075,USR89761,MCH5748,UTR3113068883,0,0,0,0,0,0,0
TXN00015059,2026-01-22 09:30:48,USR75308,MCH6370,5915.79,UTR9802911036,,SUCCESS,TXN00015059,USR75308,MCH6370,UTR9802911036,0,0,1,0,0,0,0
TXN00016184,2026-01-25 20:29:36,USR13609,MCH2063,0.701794,UTR8785098723,,SUCCESS,TXN00016184,USR13609,MCH2063,UTR8785098723,0,0,1,0,0,0,0
TXN00018835,2026-03-31 18:36:59,USR99746,MCH1703,0.1354141,UTR6104982066,4110,SUCCESS,TXN00018835,USR99746,MCH1703,UTR6104982066,0,0,0,0,0,0,0
TXN00000847,2026-03-16 08:28:30,USR95196,MCH4916,2142.89,UTR2015385295,8120,SUCCESS,TXN00000847,USR95196,MCH4916,UTR2015385295,0,0,0,0,0,0,0
TXN00007964,2026-01-26 23:15:21,USR15869,MCH1387,11716.85,UTR8609445101,4110,SUCCESS,TXN00007964,USR15869,MCH1387,UTR8609445101,0,0,0,0,0,0,0
TXN00011414,2026-02-12 12:44:59,USR18889,MCH2564,2478.0,UTR2361097477,4110,SUCCESS,TXN00011414,USR18889,MCH2564,UTR 2361097477,0,0,0,0,0,0,0
TXN00004113,2026-01-10 00:00:00,USR78300,MCH2519,1744.16,UTR0242857691,8120,SUCCESS,TXN00004113,USR78300,MCH2519,UTR0242857691,0,0,0,0,0,0,0
TXN00016355,2026-01-11 21:55:52,USR47219,MCH5994,12886.23,UTR5792398720,8120,SUCCESS,TXN00016355,USR47219,MCH5994,UTR5792398720,0,0,0,0,0,0,0
TXN00011404,2026-02-16 04:24:26,USR34417,MCH7036,10536.0,UTR2248359356,4110,SUCCESS,TXN00011404,USR34417,MCH7036,UTR2248359356,0,0,0,0,0,0,0
TXN00016854,2026-02-14 21:11:13,USR86253,MCH7958,23869.89,UTR4247963147,0110,SUCCESS,TXN00016854,USR86253,MCH7958,UTR4247963147,0,0,0,0,0,0,0
TXN00013052,2026-03-21 23:37:14,USR17514,MCH3031,10189.3,UTR5703450523,8120,SUCCESS,TXN00013052,USR17514,MCH3031,UTR5703450523,0,0,0,0,0,0,0
TXN00018223,2026-03-21 15:22:11,USR66543,MCH9656,20794.71,UTR1266832960,4110,SUCCESS,TXN00018223,USR66543,MCH9656,UTR1266832960,0,0,0,0,0,0,0
TXN00002083,2026-01-03 13:10:33,USR74286,MCH6901,11603.65,UTR9482838358,1310,SUCCESS,TXN00002083,USR74286,MCH6901,UTR9482838358,0,0,0,0,0,0,0
TXN00012575,2026-03-29 14:46:48,USR58564,MCH1201,14865.9,UTR4133622548,,SUCCESS,TXN00012575,USR58564,MCH1201,UTR4133622548,0,0,1,0,0,0,0
TXN00009776,2026-02-11 21:58:12,USR84261,MCH6269,11627.0,UTR1631578104,0110,PENDING,TXN00009776,USR84261,MCH6269,UTR1631578104,0,0,0,0,0,0,1
TXN00006560,2026-03-02 03:25:11,USR78103,MCH4790,23879.83,UTR8561107858,,SUCCESS,TXN00006560,USR78103,MCH4790,UTR8561107858,0,0,1,0,0,0,0
TXN00019753,2026-01-12 00:51:27,USR64841,MCH5195,1321.0,UTR3357086879,9120,SUCCESS,TXN00019753,USR64841,MCH5195,UTR3357086879,0,0,0,0,0,0,0
TXN00007630,2026-01-02 11:48:23,USR84869,MCH7595,0.1876922,UTR3892303562,4110,SUCCESS,TXN00007630,USR84869,MCH7595,UTR3892303562,0,0,0,0,0,0,0
TXN00018917,2026-05-03 13:19:49,USR39479,MCH1485,8868.69,UTR0974436660,,SUCCESS,TXN00018917,USR39479,MCH1485,UTR0974436660,0,0,1,0,0,0,0
TXN00011616,2026-01-02 21:55:56,USR90874,MCH5859,19647.0,UTR8169542684,1310,SUCCESS,TXN00011616,USR90874,MCH5859,UTR8169542684,0,0,0,0,0,0,0
TXN00011851,2026-01-09 18:17:41,USR18967,MCH6964,7205.56,UTR8190081987,4110,FAILED,TXN00011851,USR18967,MCH6964,UTR8190081987,0,0,0,0,0,1,0
TXN00007096,2026-02-26 08:53:09,USR67253,MCH3911,14816.0,UTR6998192860,4110,SUCCESS,TXN00007096,USR67253,MCH3911,UTR6998192860,0,0,0,0,0,0,0
TXN00019506,2026-03-02 17:01:23,USR53815,MCH4395,34.96,UTR3477762932,4110,FAILED,TXN00019506,USR53815,MCH4395,UTR3477762932,0,0,0,0,0,1,0
TXN00003224,2026-01-15 16:51:37,USR47554,MCH5886,488.03,UTR5557797627,8120,SUCCESS,TXN00003224,USR47554,MCH5886,UTR5557797627,0,0,0,0,0,0,0
TXN00012812,2026-01-17 15:04:08,USR34401,MCH6613,14816.24,UTR2594144064,,SUCCESS,TXN00012812,USR34401,MCH6613,UTR2594144064,0,0,1,0,0,0,0
TXN00007120,2026-02-24 21:49:54,USR25267,MCH3759,14301.72,UTR2925546351,1310,SUCCESS,TXN00007120,USR25267,MCH3759,UTR2925546351,0,0,0,0,0,0,0
TXN00006900,2026-12-01 00:10:50,USR75084,MCH2292,10550.14,,9120,SUCCESS,TXN00006900,USR75084,MCH2292,,0,1,0,0,0,0,0
TXN00015337,2026-03-04 06:35:31,USR46031,MCH5217,838.01,UTR7683375197,4110,SUCCESS,TXN00015337,USR46031,MCH5217,UTR7683375197,0,0,0,0,0,0,0
TXN00015224,2026-03-15 13:36:07,USR71081,MCH3515,23980.25,UTR3372234917,1310,SUCCESS,TXN00015224,USR71081,MCH3515,UTR3372234917,0,0,0,0,0,0,0
TXN00014962,2026-01-28 03:12:23,USR52610,MCH7206,0.1922068,UTR3609573499,0110,SUCCESS,TXN00014962,USR52610,MCH7206,UTR3609573499,0,0,0,0,0,0,0
TXN00002373,2026-03-18 00:00:00,USR79459,MCH7414,0.173154,UTR3787211847,,SUCCESS,TXN00002373,USR79459,MCH7414,UTR3787211847,0,0,1,0,0,0,0
TXN00008493,2026-03-05 20:09:37,USR14193,MCH4312,-11721.6,UTR5251404391,9120,SUCCESS,TXN00008493,USR14193,MCH4312,UTR5251404391,1,0,0,0,0,0,0
TXN00013976,2026-02-13 03:46:20,USR44212,MCH1449,4889.72,UTR8111645500,,FAILED,TXN00013976,USR44212,MCH1449,UTR 8111645500,0,0,1,0,0,1,0
TXN00015282,2026-03-23 17:12:36,USR62244,MCH1052,21202.22,UTR4111221867,9120,SUCCESS,TXN00015282,USR62244,MCH1052,UTR4111221867,0,0,0,0,0,0,0
TXN00012344,2026-01-06 09:24:21,USR28617,MCH2369,16551.32,UTR3213859588,4110,SUCCESS,TXN00012344,USR28617,MCH2369,UTR3213859588,0,0,0,0,0,0,0
TXN00009591,2026-02-15 11:09:43,USR70852,MCH5112,12760.22,UTR5518687318,4110,SUCCESS,TXN00009591,USR70852,MCH5112,UTR 5518687318,0,0,0,0,0,0,0
TXN00016828,2026-03-27 00:08:52,USR15909,MCH2448,793.12,UTR7524950502,8120,SUCCESS,TXN00016828,USR15909,MCH2448,UTR7524950502,0,0,0,0,0,0,0
TXN00004499,2026-03-08 11:27:31,USR43310,MCH3028,6540.71,UTR3743972080,0110,SUCCESS,TXN00004499,USR43310,MCH3028,UTR3743972080,0,0,0,0,0,0,0
TXN00019166,2026-02-04 11:06:40,USR40211,MCH5201,19604.53,UTR8027875492,9120,SUCCESS,TXN00019166,USR40211,MCH5201,UTR8027875492,0,0,0,0,0,0,0
TXN00016997,2026-07-03 10:24:23,USR54125,MCH9011,13406.05,,0110,SUCCESS,TXN00016997,USR54125,MCH9011,,0,1,0,0,0,0,0
TXN00017099,2026-02-13 02:50:08,USR60210,MCH5101,8356.68,UTR8530548194,0110,SUCCESS,TXN00017099,USR60210,MCH5101,UTR8530548194,0,0,0,0,0,0,0
TXN00018695,2026-03-30 20:20:22,USR99679,MCH1233,11613.73,UTR0233642549,1310,SUCCESS,TXN00018695,USR99679,MCH1233,UTR0233642549,0,0,0,0,0,0,0
TXN00000179,2026-02-10 23:42:14,USR86915,MCH5213,23419.0,UTR7078116923,,SUCCESS,TXN00000179,USR86915,MCH5213,UTR 7078116923,0,0,1,0,0,0,0
TXN00003803,2026-02-28 16:21:27,USR90495,MCH4511,20470.32,UTR4997542972,4110,SUCCESS,TXN00003803,USR90495,MCH4511,UTR4997542972,0,0,0,0,0,0,0
TXN00004189,2026-02-12 17:47:37,USR90844,MCH7797,17338.62,UTR7838366455,1310,SUCCESS,TXN00004189,USR90844,MCH7797,UTR7838366455,0,0,0,0,0,0,0
TXN00018157,2026-01-10 00:00:00,USR49308,MCH5498,17850.15,UTR0384049843,0110,SUCCESS,TXN00018157,USR49308,MCH5498,UTR0384049843,0,0,0,0,0,0,0
TXN00010158,2026-03-20 21:57:47,USR40562,MCH2175,0.580244,UTR7239671002,0110,SUCCESS,TXN00010158,USR40562,MCH2175,UTR7239671002,0,0,0,0,0,0,0
TXN00013726,2026-02-15 14:04:10,USR60002,MCH6365,23854.3,UTR0918659090,4110,PENDING,TXN00013726,USR60002,MCH6365,UTR0918659090,0,0,0,0,0,0,1
TXN00015673,2026-03-28 05:22:39,USR38597,MCH2683,4952.21,UTR5672968643,4110,SUCCESS,TXN00015673,USR38597,MCH2683,UTR5672968643,0,0,0,0,0,0,0
TXN00017176,2026-02-08 00:00:00,USR51504,MCH9504,17998.76,UTR3001353302,4110,SUCCESS,TXN00017176,USR51504,MCH9504,UTR3001353302,0,0,0,0,0,0,0
TXN00004463,2026-01-14 09:15:14,USR90276,MCH3448,24913.19,UTR0816216240,4110,SUCCESS,TXN00004463,USR90276,MCH3448,UTR0816216240,0,0,0,0,0,0,0
TXN00007132,2026-03-11 03:32:39,USR44431,MCH3492,11527.11,,9120,SUCCESS,TXN00007132,USR44431,MCH3492,,0,1,0,0,0,0,0
TXN00000689,2026-03-07 02:40:39,USR18495,MCH8916,19239.63,UTR8345360848,1310,SUCCESS,TXN00000689,USR18495,MCH8916,UTR8345360848,0,0,0,0,0,0,0
TXN00004633,2026-03-03 09:36:12,USR83067,MCH7029,20061.88,UTR0304432766,8120,SUCCESS,TXN00004633,USR83067,MCH7029,UTR0304432766,0,0,0,0,0,0,0
TXN00005246,2026-01-09 03:49:33,USR17503,MCH9368,14555.93,UTR9767460704,9120,SUCCESS,TXN00005246,USR17503,MCH9368,UTR9767460704,0,0,0,0,0,0,0
TXN00012165,2026-03-14 15:31:47,USR25527,MCH8279,8602.12,UTR9888324452,4110,PENDING,TXN00012165,USR25527,MCH8279,UTR9888324452,0,0,0,0,0,0,1
TXN00002932,2026-03-26 00:00:00,USR69761,MCH8573,16528.75,UTR9053220321,,SUCCESS,TXN00002932,USR69761,MCH8573,UTR9053220321,0,0,1,0,0,0,0
TXN00019746,2026-02-20 11:32:44,USR11135,MCH3001,17412.07,UTR0615416887,8120,SUCCESS,TXN00019746,USR11135,MCH3001,UTR0615416887,0,0,0,0,0,0,0
TXN00004569,2026-03-20 17:04:27,USR93757,MCH2549,3461.75,UTR4673819703,,PENDING,TXN00004569,USR93757,MCH2549,UTR4673819703,0,0,1,0,0,0,1
TXN00008179,2026-01-31 06:01:34,USR87623,MCH4702,1017.73,UTR3960604447,9120,SUCCESS,TXN00008179,USR87623,MCH4702,UTR3960604447,0,0,0,0,0,0,0
TXN00015128,2026-01-19 10:24:01,USR51943,MCH5503,11712.84,UTR8707020916,9120,SUCCESS,TXN00015128,USR51943,MCH5503,UTR8707020916,0,0,0,0,0,0,0
TXN00017177,2026-03-22 10:39:40,USR18392,MCH9675,10644.1,UTR7007182139,0110,SUCCESS,TXN00017177,USR18392,MCH9675,UTR 7007182139,0,0,0,0,0,0,0
TXN00016155,2026-01-01 03:15:43,USR33792,MCH2733,14616.81,UTR7450922966,4110,SUCCESS,TXN00016155,USR33792,MCH2733,UTR 7450922966,0,0,0,0,0,0,0
TXN00002152,2026-01-28 12:00:43,USR39933,MCH4418,4352.0,UTR1461857032,8120,SUCCESS,TXN00002152,USR39933,MCH4418,UTR1461857032,0,0,0,0,0,0,0
TXN00013704,2026-02-13 04:02:59,USR12038,MCH8078,12490.12,UTR7177713113,,FAILED,TXN00013704,USR12038,MCH8078,UTR7177713113,0,0,1,0,0,1,0
TXN00018775,2026-01-18 21:44:44,USR77313,MCH3306,7811.46,,4110,SUCCESS,TXN00018775,USR77313,MCH3306,,0,1,0,0,0,0,0
TXN00006236,2026-03-04 04:03:22,USR62244,MCH7622,0.2108019,UTR9270357516,1310,FAILED,TXN00006236,USR62244,MCH7622,UTR9270357516,0,0,0,0,0,1,0
TXN00010431,2026-01-13 07:40:50,USR66892,MCH7285,3827.23,UTR1170410630,1310,SUCCESS,TXN00010431,USR66892,MCH7285,UTR1170410630,0,0,0,0,0,0,0
TXN00006225,2026-02-27 06:05:02,USR77648,MCH9721,2654.07,UTR3398912274,0110,SUCCESS,TXN00006225,USR77648,MCH9721,UTR3398912274,0,0,0,0,0,0,0
TXN00011833,2026-03-12 07:35:18,USR96789,MCH3362,19293.99,UTR5171423495,4110,SUCCESS,TXN00011833,USR96789,MCH3362,UTR5171423495,0,0,0,0,0,0,0
TXN00017145,2026-03-30 06:54:37,USR84348,MCH2052,21233.0,UTR9396866210,9120,SUCCESS,TXN00017145,USR84348,MCH2052,UTR9396866210,0,0,0,0,0,0,0
TXN00005346,2026-01-28 06:37:14,USR18456,MCH7002,0.1344313,UTR1161462584,4110,SUCCESS,TXN00005346,USR18456,MCH7002,UTR1161462584,0,0,0,0,0,0,0
TXN00003669,2026-03-13 21:35:08,USR55680,MCH4579,634.04,UTR8709260581,8120,SUCCESS,TXN00003669,USR55680,MCH4579,UTR8709260581,0,0,0,0,0,0,0
TXN00016873,2026-03-16 14:04:28,USR10322,MCH8055,408.48,UTR6392630398,0110,SUCCESS,TXN00016873,USR10322,MCH8055,UTR6392630398,0,0,0,0,0,0,0
TXN00017469,2026-01-21 14:24:14,USR31878,MCH6226,24638.13,UTR7064609370,0110,SUCCESS,TXN00017469,USR31878,MCH6226,UTR7064609370,0,0,0,0,0,0,0
TXN00007089,2026-01-29 05:16:11,USR89555,MCH2620,7753.08,UTR5825419405,1310,SUCCESS,TXN00007089,USR89555,MCH2620,UTR5825419405,0,0,0,0,0,0,0
TXN00003172,2026-01-30 02:33:45,USR32882,MCH8755,6513.31,UTR7898295707,,SUCCESS,TXN00003172,USR32882,MCH8755,UTR7898295707,0,0,1,0,0,0,0
TXN00001590,2026-03-15 19:47:23,USR11411,MCH2877,17942.77,UTR8741597029,8120,SUCCESS,TXN00001590,USR11411,MCH2877,UTR8741597029,0,0,0,0,0,0,0
TXN00016723,2026-03-05 12:26:36,USR24497,MCH1817,15519.72,UTR2565894762,4110,SUCCESS,TXN00016723,USR24497,MCH1817,UTR2565894762,0,0,0,0,0,0,0
TXN00011894,2026-01-15 01:40:06,USR10147,MCH3275,12485.3,UTR5080506799,1310,FAILED,TXN00011894,USR10147,MCH3275,UTR5080506799,0,0,0,0,0,1,0
TXN00011052,2026-03-04 00:31:33,USR86520,MCH1418,0.33432,UTR0634803286,8120,SUCCESS,TXN00011052,USR86520,MCH1418,UTR0634803286,0,0,0,0,0,0,0
TXN00015095,2026-03-04 08:12:23,USR35062,MCH1918,14825.0,UTR2229412028,1310,SUCCESS,TXN00015095,USR35062,MCH1918,UTR2229412028,0,0,0,0,0,0,0
TXN00019605,2026-03-31 05:21:57,USR87538,MCH4615,24956.31,UTR5574228428,4110,SUCCESS,TXN00019605,USR87538,MCH4615,UTR5574228428,0,0,0,0,0,0,0
TXN00006986,2026-02-21 00:00:00,USR98744,MCH2650,7587.17,,8120,SUCCESS,TXN00006986,USR98744,MCH2650,,0,1,0,0,0,0,0
TXN00006689,2026-01-18 06:20:01,USR34483,MCH6473,13591.68,UTR6548820011,9120,SUCCESS,TXN00006689,USR34483,MCH6473,UTR 6548820011,0,0,0,0,0,0,0
TXN00015522,2026-01-25 00:42:41,USR60957,MCH2264,24743.18,,0110,SUCCESS,TXN00015522,USR60957,MCH2264,,0,1,0,0,0,0,0
TXN00006235,2026-03-27 02:29:45,USR10085,MCH8082,9473.8,UTR0359990827,,PENDING,TXN00006235,USR10085,MCH8082,UTR0359990827,0,0,1,0,0,0,1
TXN00003953,2026-01-26 22:54:42,USR40965,MCH3991,24367.52,UTR3821182818,4110,SUCCESS,TXN00003953,USR40965,MCH3991,UTR3821182818,0,0,0,0,0,0,0
TXN00009567,2026-02-13 06:52:25,USR28970,MCH8613,15524.61,UTR3981741112,9120,SUCCESS,TXN00009567,USR28970,MCH8613,UTR3981741112,0,0,0,0,0,0,0
TXN00017172,2026-02-07 23:56:25,USR30455,MCH7628,5967.43,UTR9388463763,,SUCCESS,TXN00017172,USR30455,MCH7628,UTR9388463763,0,0,1,0,0,0,0
TXN00014745,2026-03-03 15:36:36,USR30958,MCH3452,2843.82,UTR6977474751,9120,SUCCESS,TXN00014745,USR30958,MCH3452,UTR6977474751,0,0,0,0,0,0,0
TXN00017240,2026-01-19 02:42:18,USR58558,MCH8985,23836.14,UTR5000571436,9120,SUCCESS,TXN00017240,USR58558,MCH8985,UTR5000571436,0,0,0,0,0,0,0
TXN00013780,2026-02-18 03:36:08,USR15508,MCH3624,17432.0,UTR8963139800,0110,SUCCESS,TXN00013780,USR15508,MCH3624,UTR8963139800,0,0,0,0,0,0,0
TXN00017991,2026-03-02 13:32:52,USR11787,MCH8202,0.74114,UTR8216768628,9120,SUCCESS,TXN00017991,USR11787,MCH8202,UTR8216768628,0,0,0,0,0,0,0
TXN00009657,2026-01-24 15:50:28,USR31115,MCH2309,23624.24,UTR8071927145,4110,FAILED,TXN00009657,USR31115,MCH2309,UTR8071927145,0,0,0,0,0,1,0
TXN00009570,2026-01-31 08:02:22,USR25866,MCH5277,20619.83,UTR3698605842,1310,SUCCESS,TXN00009570,USR25866,MCH5277,UTR3698605842,0,0,0,0,0,0,0
TXN00010107,2026-01-22 01:14:17,USR35212,MCH7313,6537.39,UTR5453722462,8120,SUCCESS,TXN00010107,USR35212,MCH7313,UTR5453722462,0,0,0,0,0,0,0
TXN00017082,2026-01-09 12:10:11,USR85727,MCH7302,16074.16,UTR2256448958,0110,SUCCESS,TXN00017082,USR85727,MCH7302,UTR2256448958,0,0,0,0,0,0,0
TXN00002311,2026-02-05 19:13:15,USR19689,MCH1401,12690.22,UTR2105503397,0110,SUCCESS,TXN00002311,USR19689,MCH1401,UTR 2105503397,0,0,0,0,0,0,0
TXN00001461,2026-02-14 08:23:22,USR46609,MCH1900,9852.67,UTR8806539823,4110,SUCCESS,TXN00001461,USR46609,MCH1900,UTR8806539823,0,0,0,0,0,0,0
TXN00015668,2026-02-16 13:40:45,USR60296,MCH8877,814.59,UTR5565777112,,SUCCESS,TXN00015668,USR60296,MCH8877,UTR5565777112,0,0,1,0,0,0,0
TXN00000978,2026-01-04 00:18:18,USR54883,MCH7872,1295.13,UTR4091754133,0110,FAILED,TXN00000978,USR54883,MCH7872,UTR4091754133,0,0,0,0,0,1,0
TXN00019367,2026-01-26 18:09:40,USR68419,MCH1446,23953.26,UTR8787207372,9120,FAILED,TXN00019367,USR68419,MCH1446,UTR8787207372,0,0,0,0,0,1,0
TXN00009702,2026-03-21 00:54:46,USR85801,MCH9254,5382.97,UTR1975605324,8120,SUCCESS,TXN00009702,USR85801,MCH9254,UTR1975605324,0,0,0,0,0,0,0
TXN00002957,2026-01-30 09:37:56,USR52452,MCH3581,18227.24,UTR6642187535,9120,SUCCESS,TXN00002957,USR52452,MCH3581,UTR6642187535,0,0,0,0,0,0,0
TXN00015752,2026-01-04 10:33:21,USR11058,MCH3989,20648.08,UTR0416885054,8120,SUCCESS,TXN00015752,USR11058,MCH3989,UTR0416885054,0,0,0,0,0,0,0
TXN00016567,2026-01-16 03:14:37,USR49489,MCH7157,13102.55,UTR0831851748,1310,SUCCESS,TXN00016567,USR49489,MCH7157,UTR0831851748,0,0,0,0,0,0,0
TXN00010266,2026-03-03 05:26:39,USR23629,MCH3852,0.10589,UTR1245484930,,SUCCESS,TXN00010266,USR23629,MCH3852,UTR1245484930,0,0,1,0,0,0,0
TXN00014095,2026-01-21 08:22:04,USR83054,MCH5309,17368.24,UTR2230734580,4110,FAILED,TXN00014095,USR83054,MCH5309,UTR2230734580,0,0,0,0,0,1,0
TXN00011812,2026-03-17 22:44:12,USR15325,MCH6806,23522.18,,9120,SUCCESS,TXN00011812,USR15325,MCH6806,,0,1,0,0,0,0,0
TXN00006919,2026-03-29 05:08:52,USR13544,MCH1518,15387.54,UTR4721567586,1310,SUCCESS,TXN00006919,USR13544,MCH1518,UTR4721567586,0,0,0,0,0,0,0
TXN00016732,2026-03-05 05:51:36,USR54307,MCH4625,1324.15,UTR2642011321,8120,SUCCESS,TXN00016732,USR54307,MCH4625,UTR2642011321,0,0,0,0,0,0,0
TXN00017357,2026-02-16 18:09:02,USR71606,MCH6402,7005.44,UTR5453386263,1310,SUCCESS,TXN00017357,USR71606,MCH6402,UTR5453386263,0,0,0,0,0,0,0
TXN00009841,2026-01-19 00:55:28,USR37251,MCH6240,0.2147607,UTR4188401472,4110,SUCCESS,TXN00009841,USR37251,MCH6240,UTR4188401472,0,0,0,0,0,0,0
TXN00001835,2026-01-10 14:44:13,USR57706,MCH7820,20296.13,UTR0935267108,4110,SUCCESS,TXN00001835,USR57706,MCH7820,UTR0935267108,0,0,0,0,0,0,0
TXN00005337,2026-01-18 11:00:04,USR70296,MCH9576,8378.61,UTR1914459512,4110,SUCCESS,TXN00005337,USR70296,MCH9576,UTR 1914459512,0,0,0,0,0,0,0
TXN00010957,2026-01-12 08:20:27,USR65686,MCH4646,0.1009522,UTR1212712883,,SUCCESS,TXN00010957,USR65686,MCH4646,UTR1212712883,0,0,1,0,0,0,0
TXN00010762,2026-03-08 01:02:35,USR40921,MCH4659,10202.42,UTR3320121269,4110,SUCCESS,TXN00010762,USR40921,MCH4659,UTR3320121269,0,0,0,0,0,0,0
TXN00019947,2026-03-03 12:47:27,USR55254,MCH1584,6995.4,UTR9336670490,1310,SUCCESS,TXN00019947,USR55254,MCH1584,UTR9336670490,0,0,0,0,0,0,0
TXN00019712,2026-03-26 14:34:27,USR10349,MCH1637,3044.34,UTR4737347825,8120,SUCCESS,TXN00019712,USR10349,MCH1637,UTR4737347825,0,0,0,0,0,0,0
TXN00001816,2026-01-23 19:07:25,USR41939,MCH6518,-24196.82,UTR5360798972,9120,SUCCESS,TXN00001816,USR41939,MCH6518,UTR 5360798972,1,0,0,0,0,0,0
TXN00006572,2026-03-29 01:52:30,USR31634,MCH8247,0.15656,UTR9089429074,4110,FAILED,TXN00006572,USR31634,MCH8247,UTR9089429074,0,0,0,0,0,1,0
TXN00014338,2026-01-02 01:01:11,USR41287,MCH7140,24690.02,UTR8346957008,9120,FAILED,TXN00014338,USR41287,MCH7140,UTR 8346957008,0,0,0,0,0,1,0
TXN00019063,2026-02-05 03:14:39,USR82449,MCH7396,22457.76,UTR3672072402,1310,SUCCESS,TXN00019063,USR82449,MCH7396,UTR3672072402,0,0,0,0,0,0,0
TXN00019840,2026-01-22 22:41:12,USR20990,MCH8165,22214.9,UTR0028834436,9120,FAILED,TXN00019840,USR20990,MCH8165,UTR0028834436,0,0,0,0,0,1,0
TXN00004926,2026-03-04 10:39:31,USR60407,MCH7367,6434.0,UTR4880023108,4110,SUCCESS,TXN00004926,USR60407,MCH7367,UTR4880023108,0,0,0,0,0,0,0
TXN00017168,2026-02-25 13:17:36,USR41852,MCH6995,24298.13,UTR4357463195,4110,SUCCESS,TXN00017168,USR41852,MCH6995,UTR 4357463195,0,0,0,0,0,0,0
TXN00006318,2026-03-23 02:13:55,USR99972,MCH4043,14433.9,UTR0065836543,4110,SUCCESS,TXN00006318,USR99972,MCH4043,UTR0065836543,0,0,0,0,0,0,0
TXN00007272,2026-02-25 08:34:10,USR69151,MCH8833,24098.26,UTR3827797640,4110,SUCCESS,TXN00007272,USR69151,MCH8833,UTR 3827797640,0,0,0,0,0,0,0
TXN00013104,2026-01-30 15:05:00,USR32557,MCH4020,19358.77,UTR7802882506,,PENDING,TXN00013104,USR32557,MCH4020,UTR7802882506,0,0,1,0,0,0,1
TXN00008523,2026-02-04 00:00:00,USR11599,MCH6239,3927.51,UTR6333718559,8120,SUCCESS,TXN00008523,USR11599,MCH6239,UTR6333718559,0,0,0,0,0,0,0
TXN00019777,2026-07-03 16:47:09,USR98790,MCH4062,9744.0,UTR8742424998,0110,SUCCESS,TXN00019777,USR98790,MCH4062,UTR8742424998,0,0,0,0,0,0,0
TXN00001158,2026-01-19 16:45:14,USR84095,MCH9758,22022.96,UTR5440065102,4110,SUCCESS,TXN00001158,USR84095,MCH9758,UTR5440065102,0,0,0,0,0,0,0
TXN00014021,2026-02-04 23:24:46,USR19508,MCH4608,20487.76,UTR8537616155,4110,SUCCESS,TXN00014021,USR19508,MCH4608,UTR8537616155,0,0,0,0,0,0,0
TXN00010626,2026-03-29 05:04:42,USR62456,MCH9745,16344.0,UTR5323930533,0110,SUCCESS,TXN00010626,USR62456,MCH9745,UTR5323930533,0,0,0,0,0,0,0
TXN00008474,2026-01-11 05:51:57,USR30697,MCH2261,4285.85,UTR5903566767,4110,SUCCESS,TXN00008474,USR30697,MCH2261,UTR5903566767,0,0,0,0,0,0,0
TXN00012024,2026-03-08 13:55:16,USR63717,MCH3889,24356.32,UTR7242327014,4110,SUCCESS,TXN00012024,USR63717,MCH3889,UTR7242327014,0,0,0,0,0,0,0
TXN00002367,2026-02-09 16:30:06,USR57652,MCH5414,0.308385,UTR8552428426,4110,SUCCESS,TXN00002367,USR57652,MCH5414,UTR8552428426,0,0,0,0,0,0,0
TXN00015054,2026-02-01 16:48:07,USR49210,MCH1782,22258.83,UTR0928164222,,SUCCESS,TXN00015054,USR49210,MCH1782,UTR 0928164222,0,0,1,0,0,0,0
TXN00015547,2026-02-06 14:50:13,USR77321,MCH2574,0.1609441,UTR1347863054,0110,PENDING,TXN00015547,USR77321,MCH2574,UTR1347863054,0,0,0,0,0,0,1
TXN00011739,2026-03-30 00:00:00,USR32042,MCH6401,17854.22,UTR5404860588,0110,SUCCESS,TXN00011739,USR32042,MCH6401,UTR5404860588,0,0,0,0,0,0,0
TXN00003925,2026-01-02 03:36:53,USR20388,MCH8563,24758.4,UTR3871782052,0110,SUCCESS,TXN00003925,USR20388,MCH8563,UTR3871782052,0,0,0,0,0,0,0
TXN00003774,2026-01-04 20:09:08,USR91836,MCH3699,0.1832767,UTR8588882006,1310,SUCCESS,TXN00003774,USR91836,MCH3699,UTR8588882006,0,0,0,0,0,0,0
TXN00009397,2026-01-15 11:54:20,USR17264,MCH2230,241.0,UTR2634313596,9120,SUCCESS,TXN00009397,USR17264,MCH2230,UTR2634313596,0,0,0,0,0,0,0
TXN00010324,2026-02-17 11:12:26,USR90181,MCH1806,0.72549,,0110,SUCCESS,TXN00010324,USR90181,MCH1806,,0,1,0,0,0,0,0
TXN00017211,2026-01-16 10:37:14,USR37854,MCH3485,18772.23,UTR4075778219,0110,PENDING,TXN00017211,USR37854,MCH3485,UTR4075778219,0,0,0,0,0,0,1
TXN00013072,2026-01-16 05:27:46,USR62153,MCH6899,21560.89,UTR5872722373,4110,SUCCESS,TXN00013072,USR62153,MCH6899,UTR5872722373,0,0,0,0,0,0,0
TXN00006451,2026-03-08 19:43:09,USR97728,MCH3174,21028.99,UTR7952417752,1310,SUCCESS,TXN00006451,USR97728,MCH3174,UTR7952417752,0,0,0,0,0,0,0
TXN00009429,2026-02-13 21:01:05,USR62336,MCH3861,10815.59,UTR9752638353,4110,SUCCESS,TXN00009429,USR62336,MCH3861,UTR9752638353,0,0,0,0,0,0,0
TXN00008063,2026-02-16 18:19:47,USR52458,MCH1847,23716.87,UTR0818218085,8120,SUCCESS,TXN00008063,USR52458,MCH1847,UTR0818218085,0,0,0,0,0,0,0
TXN00014112,2026-03-23 00:00:00,USR89300,MCH2391,15072.22,UTR7313172624,9120,SUCCESS,TXN00014112,USR89300,MCH2391,UTR7313172624,0,0,0,0,0,0,0
TXN00010049,2026-03-01 06:32:04,USR40894,MCH1096,18931.19,UTR5028681621,,SUCCESS,TXN00010049,USR40894,MCH1096,UTR5028681621,0,0,1,0,0,0,0
TXN00004347,2026-02-16 21:17:56,USR97164,MCH1764,19997.0,UTR2389706081,8120,FAILED,TXN00004347,USR97164,MCH1764,UTR2389706081,0,0,0,0,0,1,0
TXN00013586,2026-03-02 17:02:32,USR79533,MCH7237,544.51,UTR7699447255,4110,SUCCESS,TXN00013586,USR79533,MCH7237,UTR7699447255,0,0,0,0,0,0,0
TXN00017801,2026-03-27 09:26:52,USR72176,MCH1446,24287.0,UTR0506792439,4110,SUCCESS,TXN00017801,USR72176,MCH1446,UTR0506792439,0,0,0,0,0,0,0
TXN00016205,2026-03-21 07:23:29,USR36885,MCH6051,24880.0,UTR3460002958,4110,SUCCESS,TXN00016205,USR36885,MCH6051,UTR3460002958,0,0,0,0,0,0,0
TXN00014186,2026-02-05 19:01:19,USR52165,MCH8708,10840.0,UTR1941667379,9120,FAILED,TXN00014186,USR52165,MCH8708,UTR1941667379,0,0,0,0,0,1,0
TXN00004224,2026-02-24 17:52:00,USR23958,MCH4922,20250.01,UTR9885915132,4110,FAILED,TXN00004224,USR23958,MCH4922,UTR9885915132,0,0,0,0,0,1,0
TXN00008592,2026-03-30 02:59:27,USR96797,MCH8112,248.38,UTR5120494531,4110,SUCCESS,TXN00008592,USR96797,MCH8112,UTR5120494531,0,0,0,0,0,0,0
TXN00018852,2026-01-04 17:57:32,USR64860,MCH1338,1444.14,UTR6765133806,1310,SUCCESS,TXN00018852,USR64860,MCH1338,UTR6765133806,0,0,0,0,0,0,0
TXN00013788,2026-02-15 07:06:33,USR79833,MCH9165,2128.14,UTR0600783087,,SUCCESS,TXN00013788,USR79833,MCH9165,UTR0600783087,0,0,1,0,0,0,0
TXN00008013,2026-03-05 13:52:14,USR65199,MCH4443,15920.96,,,SUCCESS,TXN00008013,USR65199,MCH4443,,0,1,1,0,0,0,0
TXN00016601,2026-03-14 03:37:46,USR13268,MCH8336,10080.96,UTR5236951440,4110,PENDING,TXN00016601,USR13268,MCH8336,UTR5236951440,0,0,0,0,0,0,1
TXN00006891,2026-03-02 07:20:30,USR95872,MCH5536,11519.96,UTR3978869740,9120,SUCCESS,TXN00006891,USR95872,MCH5536,UTR3978869740,0,0,0,0,0,0,0
TXN00006473,2026-03-04 11:13:39,USR10820,MCH8014,16191.52,UTR4315855703,9120,SUCCESS,TXN00006473,USR10820,MCH8014,UTR4315855703,0,0,0,0,0,0,0
TXN00018521,2026-03-24 20:05:20,USR41940,MCH9621,1783.41,UTR1828272712,0110,FAILED,TXN00018521,USR41940,MCH9621,UTR1828272712,0,0,0,0,0,1,0
TXN00015413,2026-01-21 00:33:01,USR52297,MCH9923,22074.98,UTR4700926623,4110,SUCCESS,TXN00015413,USR52297,MCH9923,UTR4700926623,0,0,0,0,0,0,0
TXN00000121,2026-01-22 07:44:25,USR46564,MCH3527,20188.0,UTR5030471059,1310,SUCCESS,TXN00000121,USR46564,MCH3527,UTR5030471059,0,0,0,0,0,0,0
TXN00005155,2026-03-31 21:50:02,USR12625,MCH3024,0.169132,UTR6720899897,4110,SUCCESS,TXN00005155,USR12625,MCH3024,UTR6720899897,0,0,0,0,0,0,0
TXN00000952,2026-02-14 03:31:34,USR79755,MCH8804,16629.27,UTR3619928859,0110,PENDING,TXN00000952,USR79755,MCH8804,UTR3619928859,0,0,0,0,0,0,1
TXN00016179,2026-02-04 12:20:08,USR61069,MCH5610,14099.8,UTR1631211987,0110,FAILED,TXN00016179,USR61069,MCH5610,UTR1631211987,0,0,0,0,0,1,0
TXN00014292,2026-01-29 08:09:07,USR19624,MCH9702,325.94,UTR7032263391,,SUCCESS,TXN00014292,USR19624,MCH9702,UTR7032263391,0,0,1,0,0,0,0
TXN00000082,2026-06-03 04:51:18,USR50784,MCH6925,15586.22,UTR9229597737,8120,SUCCESS,TXN00000082,USR50784,MCH6925,UTR9229597737,0,0,0,0,0,0,0
TXN00013942,2026-02-15 23:56:11,USR27353,MCH8170,6978.15,UTR6158337860,4110,FAILED,TXN00013942,USR27353,MCH8170,UTR6158337860,0,0,0,0,0,1,0
TXN00017362,2026-02-23 13:04:53,USR78329,MCH9921,5656.56,UTR4583908987,4110,SUCCESS,TXN00017362,USR78329,MCH9921,UTR4583908987,0,0,0,0,0,0,0
TXN00013184,2026-01-19 16:23:12,USR62425,MCH2726,4686.75,UTR7407651702,4110,SUCCESS,TXN00013184,USR62425,MCH2726,UTR 7407651702,0,0,0,0,0,0,0
TXN00019628,2026-01-26 15:47:37,USR94257,MCH6954,16858.51,UTR9654906466,1310,SUCCESS,TXN00019628,USR94257,MCH6954,UTR9654906466,0,0,0,0,0,0,0
TXN00016798,2026-03-31 17:27:02,USR25626,MCH5596,4201.93,UTR0778058394,,SUCCESS,TXN00016798,USR25626,MCH5596,UTR0778058394,0,0,1,0,0,0,0
TXN00002855,2026-03-08 05:00:37,USR76972,MCH3623,2554.0,UTR0545092581,4110,SUCCESS,TXN00002855,USR76972,MCH3623,UTR0545092581,0,0,0,0,0,0,0
TXN00009586,2026-10-01 00:30:37,USR16545,MCH2248,20107.03,UTR8695308994,8120,FAILED,TXN00009586,USR16545,MCH2248,UTR8695308994,0,0,0,0,0,1,0
TXN00001838,2026-01-03 18:34:25,USR58526,MCH3302,8463.3,UTR9449043264,4110,SUCCESS,TXN00001838,USR58526,MCH3302,UTR9449043264,0,0,0,0,0,0,0
TXN00000539,2026-01-01 08:15:43,USR83093,MCH5458,11269.1,UTR7013151689,,SUCCESS,TXN00000539,USR83093,MCH5458,UTR 7013151689,0,0,1,0,0,0,0
TXN00010989,2026-01-19 21:06:05,USR89900,MCH6115,21752.68,UTR0448671324,4110,SUCCESS,TXN00010989,USR89900,MCH6115,UTR 0448671324,0,0,0,0,0,0,0
TXN00017233,2026-03-13 06:44:17,USR89506,MCH7670,18220.44,UTR5049581569,9120,SUCCESS,TXN00017233,USR89506,MCH7670,UTR5049581569,0,0,0,0,0,0,0
TXN00011987,2026-03-20 23:25:29,USR52611,MCH3099,6899.39,UTR8272379023,1310,PENDING,TXN00011987,USR52611,MCH3099,UTR8272379023,0,0,0,0,0,0,1
TXN00001647,2026-02-12 21:18:17,USR56748,MCH6679,3202.0,UTR0318226743,9120,SUCCESS,TXN00001647,USR56748,MCH6679,UTR0318226743,0,0,0,0,0,0,0
TXN00017241,2026-01-24 06:35:32,USR64959,MCH2691,1982.88,UTR5969844138,,FAILED,TXN00017241,USR64959,MCH2691,UTR5969844138,0,0,1,0,0,1,0
TXN00006353,2026-01-10 05:21:44,USR19766,MCH6776,947.84,UTR9392710787,,SUCCESS,TXN00006353,USR19766,MCH6776,UTR9392710787,0,0,1,0,0,0,0
TXN00017785,2026-01-07 09:26:07,USR89254,MCH4808,5907.03,UTR4975925719,8120,SUCCESS,TXN00017785,USR89254,MCH4808,UTR 4975925719,0,0,0,0,0,0,0
TXN00003684,2026-03-21 04:55:11,USR28255,MCH2161,5930.96,UTR5034154820,4110,SUCCESS,TXN00003684,USR28255,MCH2161,UTR 5034154820,0,0,0,0,0,0,0
TXN00002054,2026-02-26 02:38:51,USR96462,MCH1598,23643.0,UTR0082629278,0110,FAILED,TXN00002054,USR96462,MCH1598,UTR0082629278,0,0,0,0,0,1,0
TXN00005872,2026-03-22 20:52:02,USR76047,MCH5297,0.592564,UTR4049720218,4110,SUCCESS,TXN00005872,USR76047,MCH5297,UTR4049720218,0,0,0,0,0,0,0
TXN00011222,2026-02-14 17:01:21,USR95283,MCH9466,10042.07,UTR9188633708,0110,SUCCESS,TXN00011222,USR95283,MCH9466,UTR9188633708,0,0,0,0,0,0,0
TXN00009734,2026-01-19 23:56:10,USR23075,MCH1416,19575.52,UTR8516477113,4110,SUCCESS,TXN00009734,USR23075,MCH1416,UTR8516477113,0,0,0,0,0,0,0
TXN00001991,2026-03-27 05:12:13,USR32595,MCH4955,19140.0,UTR5370278610,,SUCCESS,TXN00001991,USR32595,MCH4955,UTR5370278610,0,0,1,0,0,0,0
TXN00014497,2026-01-17 15:31:43,USR84983,MCH2930,19154.34,UTR1550287252,4110,SUCCESS,TXN00014497,USR84983,MCH2930,UTR 1550287252,0,0,0,0,0,0,0
TXN00014390,2026-02-21 16:20:46,USR91694,MCH6471,7608.72,UTR0564514128,,FAILED,TXN00014390,USR91694,MCH6471,UTR0564514128,0,0,1,0,0,1,0
TXN00017039,2026-03-26 06:01:22,USR22892,MCH5025,24433.23,UTR5148954617,0110,SUCCESS,TXN00017039,USR22892,MCH5025,UTR5148954617,0,0,0,0,0,0,0
TXN00009290,2026-03-12 19:07:24,USR47660,MCH7434,5545.31,UTR3016725535,9120,SUCCESS,TXN00009290,USR47660,MCH7434,UTR3016725535,0,0,0,0,0,0,0
TXN00019775,2026-03-31 12:20:46,USR78487,MCH9179,17753.47,UTR6289429890,,SUCCESS,TXN00019775,USR78487,MCH9179,UTR6289429890,0,0,1,0,0,0,0
TXN00011038,2026-01-14 22:42:13,USR53069,MCH5359,0.637313,UTR9074380363,4110,SUCCESS,TXN00011038,USR53069,MCH5359,UTR9074380363,0,0,0,0,0,0,0
TXN00002317,2026-03-25 00:58:40,USR60600,MCH6198,0.687554,,8120,SUCCESS,TXN00002317,USR60600,MCH6198,,0,1,0,0,0,0,0
TXN00004134,2026-02-07 09:40:09,USR14739,MCH6322,15846.45,UTR4621826498,,SUCCESS,TXN00004134,USR14739,MCH6322,UTR4621826498,0,0,1,0,0,0,0
TXN00004345,2026-01-21 02:02:08,USR61562,MCH1346,14704.13,UTR4884706501,,SUCCESS,TXN00004345,USR61562,MCH1346,UTR4884706501,0,0,1,0,0,0,0
TXN00006938,2026-03-25 23:28:53,USR31804,MCH7667,19159.94,UTR5639845778,9120,SUCCESS,TXN00006938,USR31804,MCH7667,UTR5639845778,0,0,0,0,0,0,0
TXN00005050,2026-01-18 09:54:09,USR72391,MCH7655,12987.62,UTR1027711268,1310,SUCCESS,TXN00005050,USR72391,MCH7655,UTR1027711268,0,0,0,0,0,0,0
TXN00008105,2026-02-09 23:24:50,USR25507,MCH7775,20031.28,UTR2597664194,4110,SUCCESS,TXN00008105,USR25507,MCH7775,UTR2597664194,0,0,0,0,0,0,0
TXN00015505,2026-02-06 03:09:15,USR82088,MCH5402,16573.45,UTR9095926091,,SUCCESS,TXN00015505,USR82088,MCH5402,UTR9095926091,0,0,1,0,0,0,0
TXN00004898,2026-10-02 08:01:36,USR46612,MCH3518,7456.45,UTR0289250649,1310,SUCCESS,TXN00004898,USR46612,MCH3518,UTR0289250649,0,0,0,0,0,0,0
TXN00000471,2026-01-01 21:42:23,USR49581,MCH9180,313.74,UTR3399169129,0110,SUCCESS,TXN00000471,USR49581,MCH9180,UTR3399169129,0,0,0,0,0,0,0
TXN00010199,2026-04-01 16:09:48,USR86226,MCH7368,5044.52,UTR3069052667,4110,FAILED,TXN00010199,USR86226,MCH7368,UTR3069052667,0,0,0,0,0,1,0
TXN00005046,2026-02-18 17:50:24,USR80371,MCH4121,15065.7,UTR0177366533,8120,SUCCESS,TXN00005046,USR80371,MCH4121,UTR0177366533,0,0,0,0,0,0,0
TXN00013919,2026-03-01 00:00:00,USR90863,MCH3302,0.2313399,UTR6982330199,4110,SUCCESS,TXN00013919,USR90863,MCH3302,UTR6982330199,0,0,0,0,0,0,0
TXN00009997,2026-03-03 21:39:23,USR88737,MCH2759,22438.75,UTR1833623139,4110,SUCCESS,TXN00009997,USR88737,MCH2759,UTR1833623139,0,0,0,0,0,0,0
TXN00014023,2026-02-23 00:19:58,USR35450,MCH5012,8774.05,UTR0031469586,4110,SUCCESS,TXN00014023,USR35450,MCH5012,UTR0031469586,0,0,0,0,0,0,0
TXN00009273,2026-03-18 12:36:13,USR96412,MCH5771,16595.97,UTR9100368050,4110,SUCCESS,TXN00009273,USR96412,MCH5771,UTR9100368050,0,0,0,0,0,0,0
TXN00013640,2026-03-01 07:07:27,USR64036,MCH3438,17210.23,UTR1821924238,1310,SUCCESS,TXN00013640,USR64036,MCH3438,UTR1821924238,0,0,0,0,0,0,0
TXN00015825,2026-01-13 23:29:51,USR19450,MCH3712,2100.75,UTR2389515810,9120,SUCCESS,TXN00015825,USR19450,MCH3712,UTR2389515810,0,0,0,0,0,0,0
TXN00013947,2026-03-31 10:31:01,USR66987,MCH4659,1961.96,UTR6718473883,1310,SUCCESS,TXN00013947,USR66987,MCH4659,UTR6718473883,0,0,0,0,0,0,0
TXN00019330,2026-03-03 05:27:37,USR99534,MCH7255,0.716705,,1310,FAILED,TXN00019330,USR99534,MCH7255,,0,1,0,0,0,1,0
TXN00010684,2026-02-05 23:08:32,USR36647,MCH9249,18293.83,UTR1981257687,0110,SUCCESS,TXN00010684,USR36647,MCH9249,UTR1981257687,0,0,0,0,0,0,0
TXN00006580,2026-09-02 17:31:48,USR33680,MCH3423,14227.35,UTR1248078087,0110,SUCCESS,TXN00006580,USR33680,MCH3423,UTR1248078087,0,0,0,0,0,0,0
TXN00012162,2026-03-19 21:22:28,USR34443,MCH8331,0.1570828,UTR2467065800,8120,SUCCESS,TXN00012162,USR34443,MCH8331,UTR2467065800,0,0,0,0,0,0,0
TXN00003097,2026-01-26 16:15:59,USR38094,MCH3187,24425.4,UTR9881958821,,SUCCESS,TXN00003097,USR38094,MCH3187,UTR9881958821,0,0,1,0,0,0,0
TXN00005982,2026-02-27 15:35:25,USR65299,MCH6364,434.06,UTR6077794579,1310,SUCCESS,TXN00005982,USR65299,MCH6364,UTR6077794579,0,0,0,0,0,0,0
TXN00019338,2026-01-31 13:33:37,USR67008,MCH3522,15971.38,UTR4806519638,,SUCCESS,TXN00019338,USR67008,MCH3522,UTR4806519638,0,0,1,0,0,0,0
TXN00006728,2026-03-18 06:25:21,USR74087,MCH2101,2251.63,UTR8179910206,8120,SUCCESS,TXN00006728,USR74087,MCH2101,UTR8179910206,0,0,0,0,0,0,0
TXN00012966,2026-02-04 09:58:57,USR45203,MCH7593,5936.33,UTR2396424849,8120,SUCCESS,TXN00012966,USR45203,MCH7593,UTR2396424849,0,0,0,0,0,0,0
TXN00000767,2026-01-20 08:00:22,USR68284,MCH2852,0.1906384,UTR1614321339,,FAILED,TXN00000767,USR68284,MCH2852,UTR1614321339,0,0,1,0,0,1,0
TXN00015490,2026-03-07 16:25:08,USR53440,MCH6867,17181.19,UTR6423463662,9120,SUCCESS,TXN00015490,USR53440,MCH6867,UTR6423463662,0,0,0,0,0,0,0
TXN00003532,2026-02-19 01:52:12,USR27460,MCH8170,19959.35,UTR6879375726,4110,PENDING,TXN00003532,USR27460,MCH8170,UTR6879375726,0,0,0,0,0,0,1
TXN00004049,2026-08-03 22:12:35,USR38255,MCH2817,21265.86,UTR1266845224,9120,SUCCESS,TXN00004049,USR38255,MCH2817,UTR1266845224,0,0,0,0,0,0,0
TXN00012051,2026-02-25 09:06:22,USR81536,MCH5748,6951.32,UTR4635592257,0110,SUCCESS,TXN00012051,USR81536,MCH5748,UTR4635592257,0,0,0,0,0,0,0
TXN00006970,2026-02-25 19:45:33,USR12209,MCH2163,11775.7,UTR9264175196,1310,SUCCESS,TXN00006970,USR12209,MCH2163,UTR9264175196,0,0,0,0,0,0,0
TXN00006981,2026-01-31 17:16:31,USR91645,MCH4442,4861.28,UTR4045294608,0110,SUCCESS,TXN00006981,USR91645,MCH4442,UTR4045294608,0,0,0,0,0,0,0
TXN00003964,2026-01-30 02:59:29,USR70625,MCH9875,14585.48,UTR5028636784,4110,SUCCESS,TXN00003964,USR70625,MCH9875,UTR5028636784,0,0,0,0,0,0,0
TXN00013732,2026-01-01 18:49:55,USR53779,MCH3771,7960.13,UTR3989268366,0110,SUCCESS,TXN00013732,USR53779,MCH3771,UTR 3989268366,0,0,0,0,0,0,0
TXN00004815,2026-02-07 06:51:33,USR75231,MCH1725,19238.37,UTR8185338624,1310,FAILED,TXN00004815,USR75231,MCH1725,UTR 8185338624,0,0,0,0,0,1,0
TXN00013419,2026-02-22 05:56:13,USR14360,MCH7352,21976.02,UTR3776778382,4110,SUCCESS,TXN00013419,USR14360,MCH7352,UTR3776778382,0,0,0,0,0,0,0
TXN00011066,2026-03-22 19:21:41,USR89748,MCH9185,2286.2,UTR7766460433,0110,PENDING,TXN00011066,USR89748,MCH9185,UTR7766460433,0,0,0,0,0,0,1
TXN00001934,2026-01-11 14:06:51,USR25663,MCH9246,15091.16,UTR8231603226,,SUCCESS,TXN00001934,USR25663,MCH9246,UTR8231603226,0,0,1,0,0,0,0
TXN00015008,2026-03-13 06:59:28,USR16358,MCH9845,14139.43,UTR5961951246,9120,FAILED,TXN00015008,USR16358,MCH9845,UTR5961951246,0,0,0,0,0,1,0
TXN00008223,2026-01-10 02:56:36,USR62336,MCH6194,2449.49,UTR2555847391,,SUCCESS,TXN00008223,USR62336,MCH6194,UTR2555847391,0,0,1,0,0,0,0
TXN00012620,2026-03-21 07:01:25,USR33714,MCH1001,15764.24,UTR5364461995,8120,FAILED,TXN00012620,USR33714,MCH1001,UTR5364461995,0,0,0,0,0,1,0
TXN00010201,2026-02-07 21:53:35,USR40486,MCH3956,13036.48,UTR3867320348,4110,FAILED,TXN00010201,USR40486,MCH3956,UTR3867320348,0,0,0,0,0,1,0
TXN00005211,2026-02-19 00:00:00,USR29375,MCH6682,23692.68,UTR2594675906,8120,SUCCESS,TXN00005211,USR29375,MCH6682,UTR2594675906,0,0,0,0,0,0,0
TXN00016906,2026-03-18 15:48:22,USR35665,MCH5901,24161.21,UTR6971468549,4110,SUCCESS,TXN00016906,USR35665,MCH5901,UTR6971468549,0,0,0,0,0,0,0
TXN00001441,2026-01-22 19:35:25,USR31218,MCH6576,24248.1,UTR8645404517,9120,SUCCESS,TXN00001441,USR31218,MCH6576,UTR8645404517,0,0,0,0,0,0,0
TXN00013213,2026-01-09 05:14:38,USR29216,MCH5261,4752.19,UTR2893056767,8120,SUCCESS,TXN00013213,USR29216,MCH5261,UTR2893056767,0,0,0,0,0,0,0
TXN00006453,2026-02-03 00:36:04,USR80955,MCH1310,10764.28,UTR8926774233,8120,FAILED,TXN00006453,USR80955,MCH1310,UTR8926774233,0,0,0,0,0,1,0
TXN00018125,2026-02-06 05:24:43,USR84336,MCH4115,9141.99,UTR2989609739,4110,SUCCESS,TXN00018125,USR84336,MCH4115,UTR2989609739,0,0,0,0,0,0,0
TXN00008444,2026-03-01 21:33:31,USR53061,MCH1137,0.1041126,UTR2195207721,1310,SUCCESS,TXN00008444,USR53061,MCH1137,UTR2195207721,0,0,0,0,0,0,0
TXN00016005,2026-02-28 17:05:07,USR45493,MCH2369,24364.0,UTR3109892716,4110,SUCCESS,TXN00016005,USR45493,MCH2369,UTR3109892716,0,0,0,0,0,0,0
TXN00003030,2026-01-13 16:42:25,USR76879,MCH8688,15810.73,UTR1425821428,4110,SUCCESS,TXN00003030,USR76879,MCH8688,UTR1425821428,0,0,0,0,0,0,0
TXN00019905,2026-01-15 05:21:01,USR90721,MCH1326,0.220018,UTR8468543063,,SUCCESS,TXN00019905,USR90721,MCH1326,UTR8468543063,0,0,1,0,0,0,0
TXN00006191,2026-01-07 08:07:47,USR62645,MCH6738,17438.82,UTR3730010637,9120,SUCCESS,TXN00006191,USR62645,MCH6738,UTR3730010637,0,0,0,0,0,0,0
TXN00012963,2026-01-26 05:16:35,USR30753,MCH2769,20597.77,UTR3924987108,4110,SUCCESS,TXN00012963,USR30753,MCH2769,UTR3924987108,0,0,0,0,0,0,0
TXN00015401,2026-02-28 00:00:00,USR23719,MCH8831,15574.5,UTR4183990959,,SUCCESS,TXN00015401,USR23719,MCH8831,UTR4183990959,0,0,1,0,0,0,0
TXN00012758,2026-03-23 17:03:47,USR39125,MCH9694,21865.67,UTR3148922232,1310,SUCCESS,TXN00012758,USR39125,MCH9694,UTR3148922232,0,0,0,0,0,0,0
TXN00010676,2026-03-16 22:30:21,USR61167,MCH3557,19297.42,UTR0062101511,0110,SUCCESS,TXN00010676,USR61167,MCH3557,UTR0062101511,0,0,0,0,0,0,0
TXN00019017,2026-01-22 19:18:42,USR38284,MCH9762,240.46,UTR7848638984,0110,SUCCESS,TXN00019017,USR38284,MCH9762,UTR7848638984,0,0,0,0,0,0,0
TXN00004237,2026-02-12 13:40:26,USR62409,MCH4309,1431.47,UTR2739262248,1310,SUCCESS,TXN00004237,USR62409,MCH4309,UTR2739262248,0,0,0,0,0,0,0
TXN00015845,2026-03-11 08:29:18,USR52787,MCH4163,1146.49,UTR0397399361,8120,SUCCESS,TXN00015845,USR52787,MCH4163,UTR0397399361,0,0,0,0,0,0,0
TXN00009667,2026-02-27 09:03:37,USR90488,MCH8416,0.119747,UTR6988230595,8120,SUCCESS,TXN00009667,USR90488,MCH8416,UTR6988230595,0,0,0,0,0,0,0
TXN00016832,2026-03-04 12:19:06,USR86682,MCH8684,0.73438,UTR7398180827,1310,SUCCESS,TXN00016832,USR86682,MCH8684,UTR7398180827,0,0,0,0,0,0,0
TXN00009221,2026-03-09 03:20:36,USR29920,MCH9282,2334.83,UTR2396779618,4110,SUCCESS,TXN00009221,USR29920,MCH9282,UTR2396779618,0,0,0,0,0,0,0
TXN00015755,2026-03-01 23:27:31,USR86436,MCH3493,22738.0,UTR1745493189,0110,SUCCESS,TXN00015755,USR86436,MCH3493,UTR1745493189,0,0,0,0,0,0,0
TXN00013937,2026-02-21 00:26:49,USR52126,MCH9852,0.1697994,UTR7802172162,,SUCCESS,TXN00013937,USR52126,MCH9852,UTR7802172162,0,0,1,0,0,0,0
TXN00010067,2026-01-24 11:25:39,USR23574,MCH9226,17033.42,UTR8496687276,4110,SUCCESS,TXN00010067,USR23574,MCH9226,UTR8496687276,0,0,0,0,0,0,0
TXN00004149,2026-03-08 12:54:07,USR35733,MCH5253,18226.19,UTR3113707583,0110,SUCCESS,TXN00004149,USR35733,MCH5253,UTR3113707583,0,0,0,0,0,0,0
TXN00002584,2026-01-02 20:16:56,USR82401,MCH6318,11239.0,UTR3782088442,4110,SUCCESS,TXN00002584,USR82401,MCH6318,UTR3782088442,0,0,0,0,0,0,0
TXN00010951,2026-02-16 12:06:25,USR16553,MCH5608,4296.35,UTR3531036707,,SUCCESS,TXN00010951,USR16553,MCH5608,UTR3531036707,0,0,1,0,0,0,0
TXN00012220,2026-01-31 09:22:00,USR16675,MCH6937,8216.0,UTR3598615757,9120,SUCCESS,TXN00012220,USR16675,MCH6937,UTR3598615757,0,0,0,0,0,0,0
TXN00003417,2026-12-03 23:37:52,USR26827,MCH4492,7826.32,UTR4179506434,4110,FAILED,TXN00003417,USR26827,MCH4492,UTR4179506434,0,0,0,0,0,1,0
TXN00014884,2026-03-26 07:25:48,USR13211,MCH8916,11671.19,UTR8670856629,9120,SUCCESS,TXN00014884,USR13211,MCH8916,UTR8670856629,0,0,0,0,0,0,0
TXN00006873,2026-03-15 01:48:53,USR54191,MCH4227,15503.83,UTR0608385629,9120,SUCCESS,TXN00006873,USR54191,MCH4227,UTR0608385629,0,0,0,0,0,0,0
TXN00011513,2026-03-25 11:10:54,USR61239,MCH1151,21372.0,UTR9223055091,4110,SUCCESS,TXN00011513,USR61239,MCH1151,UTR9223055091,0,0,0,0,0,0,0
TXN00000244,2026-03-20 07:55:17,USR27025,MCH9634,9260.27,UTR4559546508,4110,SUCCESS,TXN00000244,USR27025,MCH9634,UTR4559546508,0,0,0,0,0,0,0
TXN00013557,2026-01-05 13:26:08,USR21416,MCH5164,4730.96,UTR7544001120,,SUCCESS,TXN00013557,USR21416,MCH5164,UTR7544001120,0,0,1,0,0,0,0
TXN00010681,2026-01-18 22:57:17,USR88176,MCH5420,11903.41,,4110,SUCCESS,TXN00010681,USR88176,MCH5420,,0,1,0,0,0,0,0
TXN00018570,2026-03-20 09:34:56,USR87661,MCH5268,12681.02,UTR2449008558,1310,SUCCESS,TXN00018570,USR87661,MCH5268,UTR2449008558,0,0,0,0,0,0,0
TXN00019983,2026-01-19 00:00:00,USR89961,MCH2534,21244.33,UTR5493634839,4110,SUCCESS,TXN00019983,USR89961,MCH2534,UTR5493634839,0,0,0,0,0,0,0
TXN00004003,2026-03-09 05:08:50,USR18791,MCH3381,19006.42,UTR0201861441,8120,SUCCESS,TXN00004003,USR18791,MCH3381,UTR0201861441,0,0,0,0,0,0,0
TXN00011471,2026-02-18 06:43:54,USR75012,MCH8047,1474.19,UTR5736872231,8120,SUCCESS,TXN00011471,USR75012,MCH8047,UTR5736872231,0,0,0,0,0,0,0
TXN00016257,2026-02-14 04:16:59,USR48270,MCH5431,18416.56,UTR6852389029,9120,SUCCESS,TXN00016257,USR48270,MCH5431,UTR6852389029,0,0,0,0,0,0,0
TXN00011884,2026-01-11 23:13:08,USR22006,MCH7109,13.94,UTR9213753020,4110,PENDING,TXN00011884,USR22006,MCH7109,UTR9213753020,0,0,0,0,0,0,1
TXN00014525,2026-02-26 19:14:05,USR70323,MCH8089,12405.79,UTR0303888357,8120,FAILED,TXN00014525,USR70323,MCH8089,UTR0303888357,0,0,0,0,0,1,0
TXN00000365,2026-02-13 00:34:10,USR69597,MCH7726,23537.21,UTR4570457295,4110,SUCCESS,TXN00000365,USR69597,MCH7726,UTR4570457295,0,0,0,0,0,0,0
TXN00017578,2026-02-12 07:12:49,USR74597,MCH6246,1431.62,UTR7807465118,4110,SUCCESS,TXN00017578,USR74597,MCH6246,UTR7807465118,0,0,0,0,0,0,0
TXN00004427,2026-02-27 23:02:34,USR53850,MCH5225,0.593073,UTR6283079291,4110,SUCCESS,TXN00004427,USR53850,MCH5225,UTR6283079291,0,0,0,0,0,0,0
TXN00016437,2026-02-17 23:35:04,USR63096,MCH6959,17392.67,UTR6303181645,0110,SUCCESS,TXN00016437,USR63096,MCH6959,UTR6303181645,0,0,0,0,0,0,0
TXN00019115,2026-01-02 12:08:46,USR17314,MCH9451,9004.1,UTR2324829519,,SUCCESS,TXN00019115,USR17314,MCH9451,UTR2324829519,0,0,1,0,0,0,0
TXN00003687,2026-02-25 22:26:03,USR99912,MCH6993,23229.33,UTR6455653643,4110,SUCCESS,TXN00003687,USR99912,MCH6993,UTR6455653643,0,0,0,0,0,0,0
TXN00006812,2026-02-19 21:20:59,USR63754,MCH9798,1311.29,UTR6809113682,8120,SUCCESS,TXN00006812,USR63754,MCH9798,UTR6809113682,0,0,0,0,0,0,0
TXN00015685,2026-03-11 08:06:48,USR30702,MCH3704,19038.58,UTR6279391150,4110,SUCCESS,TXN00015685,USR30702,MCH3704,UTR6279391150,0,0,0,0,0,0,0
TXN00011175,2026-01-30 05:32:57,USR26124,MCH5213,23510.63,UTR9731780266,8120,SUCCESS,TXN00011175,USR26124,MCH5213,UTR9731780266,0,0,0,0,0,0,0
TXN00006229,2026-02-05 14:13:11,USR15004,MCH5642,19519.25,UTR7975750969,,SUCCESS,TXN00006229,USR15004,MCH5642,UTR 7975750969,0,0,1,0,0,0,0
TXN00008082,2026-02-03 09:18:35,USR48561,MCH7113,0.355469,UTR4580482878,0110,SUCCESS,TXN00008082,USR48561,MCH7113,UTR 4580482878,0,0,0,0,0,0,0
TXN00003002,2026-02-16 21:20:34,USR30848,MCH1868,19919.07,UTR2459399365,4110,SUCCESS,TXN00003002,USR30848,MCH1868,UTR2459399365,0,0,0,0,0,0,0
TXN00005793,2026-03-02 00:00:00,USR96148,MCH1375,24136.56,UTR1651628916,9120,SUCCESS,TXN00005793,USR96148,MCH1375,UTR1651628916,0,0,0,0,0,0,0
TXN00015277,2026-03-25 08:17:19,USR12995,MCH2626,10183.05,UTR2026396769,0110,SUCCESS,TXN00015277,USR12995,MCH2626,UTR2026396769,0,0,0,0,0,0,0
TXN00005252,2026-01-08 06:43:58,USR51005,MCH7499,24167.99,,9120,PENDING,TXN00005252,USR51005,MCH7499,,0,1,0,0,0,0,1
TXN00005278,2026-02-18 04:03:29,USR91481,MCH2683,8324.91,UTR5373711842,8120,SUCCESS,TXN00005278,USR91481,MCH2683,UTR 5373711842,0,0,0,0,0,0,0
TXN00008850,2026-02-03 18:12:06,USR75973,MCH7900,1131.58,UTR9156603642,4110,SUCCESS,TXN00008850,USR75973,MCH7900,UTR9156603642,0,0,0,0,0,0,0
TXN00000591,2026-03-31 21:11:09,USR27261,MCH5322,3479.29,UTR1170577987,4110,SUCCESS,TXN00000591,USR27261,MCH5322,UTR1170577987,0,0,0,0,0,0,0
TXN00003591,2026-01-14 03:34:19,USR35245,MCH9805,23786.61,UTR3785625512,8120,SUCCESS,TXN00003591,USR35245,MCH9805,UTR3785625512,0,0,0,0,0,0,0
TXN00000308,2026-02-02 01:57:15,USR89760,MCH5727,8080.68,UTR5039831618,1310,SUCCESS,TXN00000308,USR89760,MCH5727,UTR5039831618,0,0,0,0,0,0,0
TXN00017443,2026-01-21 21:24:55,USR93620,MCH2173,22413.17,UTR9409600584,0110,SUCCESS,TXN00017443,USR93620,MCH2173,UTR9409600584,0,0,0,0,0,0,0
TXN00003373,2026-01-04 14:54:40,USR51894,MCH5115,6623.23,UTR7752935103,1310,SUCCESS,TXN00003373,USR51894,MCH5115,UTR7752935103,0,0,0,0,0,0,0
TXN00001908,2026-01-03 12:04:19,USR63364,MCH2816,9204.84,,,SUCCESS,TXN00001908,USR63364,MCH2816,,0,1,1,0,0,0,0
TXN00011229,2026-02-01 16:29:48,USR84461,MCH5620,6683.85,UTR5934974918,8120,FAILED,TXN00011229,USR84461,MCH5620,UTR 5934974918,0,0,0,0,0,1,0
TXN00001701,2026-01-25 08:00:09,USR33689,MCH4964,24145.9,UTR7170328050,4110,SUCCESS,TXN00001701,USR33689,MCH4964,UTR7170328050,0,0,0,0,0,0,0
TXN00004484,2026-03-02 03:19:47,USR70757,MCH1113,14261.47,UTR9137664125,4110,SUCCESS,TXN00004484,USR70757,MCH1113,UTR9137664125,0,0,0,0,0,0,0
TXN00014392,2026-02-12 22:04:12,USR66411,MCH6594,20841.85,UTR5426833374,9120,FAILED,TXN00014392,USR66411,MCH6594,UTR5426833374,0,0,0,0,0,1,0
TXN00006457,2026-03-12 13:13:18,USR65307,MCH2567,15389.57,UTR5650231431,0110,SUCCESS,TXN00006457,USR65307,MCH2567,UTR5650231431,0,0,0,0,0,0,0
TXN00004564,2026-12-01 09:31:45,USR22793,MCH2315,1240.03,UTR2049310383,1310,SUCCESS,TXN00004564,USR22793,MCH2315,UTR2049310383,0,0,0,0,0,0,0
TXN00011251,2026-01-13 11:55:35,USR30762,MCH8001,13848.81,UTR2139094218,9120,SUCCESS,TXN00011251,USR30762,MCH8001,UTR2139094218,0,0,0,0,0,0,0
TXN00009444,2026-02-13 02:04:06,USR84537,MCH4202,9503.71,,4110,SUCCESS,TXN00009444,USR84537,MCH4202,,0,1,0,0,0,0,0
TXN00004357,2026-01-30 03:39:57,USR64784,MCH3690,5519.99,UTR6297491572,1310,SUCCESS,TXN00004357,USR64784,MCH3690,UTR6297491572,0,0,0,0,0,0,0
TXN00018142,2026-03-20 09:34:01,USR83692,MCH3963,7739.6,UTR8161484590,4110,SUCCESS,TXN00018142,USR83692,MCH3963,UTR8161484590,0,0,0,0,0,0,0
TXN00018251,2026-02-23 01:51:32,USR36187,MCH9836,0.431299,UTR6842302927,4110,SUCCESS,TXN00018251,USR36187,MCH9836,UTR6842302927,0,0,0,0,0,0,0
TXN00018751,2026-03-23 04:46:44,USR96680,MCH8296,0.127476,UTR1948913784,1310,SUCCESS,TXN00018751,USR96680,MCH8296,UTR1948913784,0,0,0,0,0,0,0
TXN00003865,2026-03-16 02:45:33,USR37149,MCH2393,2655.8,UTR3440669308,4110,SUCCESS,TXN00003865,USR37149,MCH2393,UTR3440669308,0,0,0,0,0,0,0
TXN00012673,2026-03-11 01:38:51,USR13878,MCH7321,14575.91,UTR5239196734,1310,SUCCESS,TXN00012673,USR13878,MCH7321,UTR5239196734,0,0,0,0,0,0,0
TXN00000997,2026-01-17 06:58:37,USR84843,MCH7210,22933.67,UTR8056136741,4110,SUCCESS,TXN00000997,USR84843,MCH7210,UTR8056136741,0,0,0,0,0,0,0
TXN00014513,2026-03-15 22:55:39,USR17420,MCH6852,2594.84,UTR1165426361,1310,SUCCESS,TXN00014513,USR17420,MCH6852,UTR1165426361,0,0,0,0,0,0,0
TXN00014341,2026-03-10 20:19:18,USR58623,MCH7810,8121.22,UTR1864094782,8120,SUCCESS,TXN00014341,USR58623,MCH7810,UTR1864094782,0,0,0,0,0,0,0
TXN00018465,2026-02-18 04:10:21,USR59451,MCH2373,9356.24,UTR8188665120,9120,SUCCESS,TXN00018465,USR59451,MCH2373,UTR8188665120,0,0,0,0,0,0,0
TXN00002718,2026-01-13 02:02:52,USR69085,MCH5533,24355.12,UTR6575720644,,SUCCESS,TXN00002718,USR69085,MCH5533,UTR6575720644,0,0,1,0,0,0,0
TXN00015116,2026-02-05 16:53:21,USR18741,MCH9403,20681.4,UTR8103299560,9120,SUCCESS,TXN00015116,USR18741,MCH9403,UTR8103299560,0,0,0,0,0,0,0
TXN00005534,2026-03-13 03:02:44,USR11719,MCH6043,-19877.34,UTR3139761053,,SUCCESS,TXN00005534,USR11719,MCH6043,UTR3139761053,1,0,1,0,0,0,0
TXN00006204,2026-03-08 16:18:49,USR20222,MCH1716,16259.87,UTR0639639477,4110,SUCCESS,TXN00006204,USR20222,MCH1716,UTR0639639477,0,0,0,0,0,0,0
TXN00008491,2026-02-19 00:01:09,USR90954,MCH7797,20259.48,UTR0332965472,,FAILED,TXN00008491,USR90954,MCH7797,UTR0332965472,0,0,1,0,0,1,0
TXN00004822,2026-01-27 00:00:00,USR26802,MCH2149,7231.32,UTR3963208296,,SUCCESS,TXN00004822,USR26802,MCH2149,UTR3963208296,0,0,1,0,0,0,0
TXN00013367,2026-01-12 22:33:25,USR69904,MCH5589,4114.95,UTR6395061068,9120,SUCCESS,TXN00013367,USR69904,MCH5589,UTR6395061068,0,0,0,0,0,0,0
TXN00001998,2026-02-13 20:11:57,USR38622,MCH6444,1733.26,UTR0362043251,4110,SUCCESS,TXN00001998,USR38622,MCH6444,UTR0362043251,0,0,0,0,0,0,0
TXN00007861,2026-01-15 03:50:25,USR97821,MCH7998,1392.76,UTR3025306173,8120,SUCCESS,TXN00007861,USR97821,MCH7998,UTR3025306173,0,0,0,0,0,0,0
TXN00018942,2026-01-05 08:14:08,USR52293,MCH8089,2388.15,UTR7299840294,9120,SUCCESS,TXN00018942,USR52293,MCH8089,UTR7299840294,0,0,0,0,0,0,0
TXN00003471,2026-01-12 11:29:01,USR31552,MCH9852,488.43,UTR5730256988,9120,SUCCESS,TXN00003471,USR31552,MCH9852,UTR 5730256988,0,0,0,0,0,0,0
TXN00000116,2026-01-27 05:01:26,USR50696,MCH9790,21787.8,UTR5239316763,1310,SUCCESS,TXN00000116,USR50696,MCH9790,UTR5239316763,0,0,0,0,0,0,0
TXN00013469,2026-03-20 11:44:32,USR71699,MCH2792,5881.36,UTR1745770573,8120,SUCCESS,TXN00013469,USR71699,MCH2792,UTR1745770573,0,0,0,0,0,0,0
TXN00014502,2026-03-03 00:00:00,USR43509,MCH5306,22556.48,UTR2458433888,4110,SUCCESS,TXN00014502,USR43509,MCH5306,UTR2458433888,0,0,0,0,0,0,0
TXN00009328,2026-01-25 16:50:08,USR23077,MCH9751,5208.53,UTR1066758780,1310,SUCCESS,TXN00009328,USR23077,MCH9751,UTR 1066758780,0,0,0,0,0,0,0
TXN00015527,2026-01-11 16:17:44,USR85012,MCH7395,0.1994116,UTR6916941453,9120,SUCCESS,TXN00015527,USR85012,MCH7395,UTR6916941453,0,0,0,0,0,0,0
TXN00007077,2026-07-03 03:29:30,USR88139,MCH7423,14353.64,UTR6530609186,1310,SUCCESS,TXN00007077,USR88139,MCH7423,UTR6530609186,0,0,0,0,0,0,0
TXN00011750,2026-01-24 08:06:42,USR37280,MCH6569,2866.14,UTR7421831562,1310,PENDING,TXN00011750,USR37280,MCH6569,UTR7421831562,0,0,0,0,0,0,1
TXN00002020,2026-01-09 20:34:08,USR55751,MCH5450,16598.1,UTR7990914494,1310,SUCCESS,TXN00002020,USR55751,MCH5450,UTR 7990914494,0,0,0,0,0,0,0
TXN00008031,2026-02-04 15:30:01,USR33904,MCH3260,8843.4,UTR9139236049,9120,PENDING,TXN00008031,USR33904,MCH3260,UTR9139236049,0,0,0,0,0,0,1
TXN00015104,2026-01-12 05:34:37,USR70271,MCH8171,14017.11,UTR1640283954,4110,SUCCESS,TXN00015104,USR70271,MCH8171,UTR1640283954,0,0,0,0,0,0,0
TXN00013620,2026-02-26 05:00:54,USR23494,MCH9653,848.64,UTR6295533526,1310,SUCCESS,TXN00013620,USR23494,MCH9653,UTR6295533526,0,0,0,0,0,0,0
TXN00004181,2026-02-08 10:01:44,USR31706,MCH3136,10073.57,UTR6752141784,,SUCCESS,TXN00004181,USR31706,MCH3136,UTR6752141784,0,0,1,0,0,0,0
TXN00006251,2026-01-12 05:48:35,USR53499,MCH5785,11601.0,UTR1130832801,1310,SUCCESS,TXN00006251,USR53499,MCH5785,UTR1130832801,0,0,0,0,0,0,0
TXN00011714,2026-03-07 04:50:55,USR26758,MCH3749,10227.0,UTR6358832377,9120,SUCCESS,TXN00011714,USR26758,MCH3749,UTR 6358832377,0,0,0,0,0,0,0
TXN00012805,2026-01-24 19:37:40,USR97176,MCH9856,20428.95,UTR1432611154,4110,SUCCESS,TXN00012805,USR97176,MCH9856,UTR1432611154,0,0,0,0,0,0,0
TXN00010216,2026-02-09 05:11:05,USR59411,MCH8993,19603.7,UTR2533350588,,SUCCESS,TXN00010216,USR59411,MCH8993,UTR2533350588,0,0,1,0,0,0,0
TXN00009076,2026-01-18 10:53:51,USR12900,MCH9093,18522.09,UTR0215323794,4110,SUCCESS,TXN00009076,USR12900,MCH9093,UTR0215323794,0,0,0,0,0,0,0
TXN00011687,2026-01-07 12:44:59,USR77000,MCH2834,1479.31,UTR3718424222,0110,SUCCESS,TXN00011687,USR77000,MCH2834,UTR 3718424222,0,0,0,0,0,0,0
TXN00010941,2026-03-19 15:08:51,USR68349,MCH9423,15561.66,UTR9472206380,0110,SUCCESS,TXN00010941,USR68349,MCH9423,UTR9472206380,0,0,0,0,0,0,0
TXN00008651,2026-02-11 22:28:59,USR56683,MCH6134,4931.87,UTR1394110224,9120,SUCCESS,TXN00008651,USR56683,MCH6134,UTR1394110224,0,0,0,0,0,0,0
TXN00000550,2026-02-11 12:34:57,USR79761,MCH4686,19310.24,UTR3171691736,1310,FAILED,TXN00000550,USR79761,MCH4686,UTR 3171691736,0,0,0,0,0,1,0
TXN00003663,2026-02-28 00:56:23,USR39863,MCH2240,1265.57,UTR0146010323,4110,SUCCESS,TXN00003663,USR39863,MCH2240,UTR0146010323,0,0,0,0,0,0,0
TXN00010766,2026-01-07 03:39:39,USR96495,MCH1991,15773.19,UTR5837187564,,FAILED,TXN00010766,USR96495,MCH1991,UTR5837187564,0,0,1,0,0,1,0
TXN00006800,2026-01-20 01:48:22,USR25095,MCH9136,13175.16,UTR9358463408,0110,SUCCESS,TXN00006800,USR25095,MCH9136,UTR9358463408,0,0,0,0,0,0,0
TXN00006052,2026-03-23 14:49:48,USR32494,MCH9368,23757.48,UTR7480598326,4110,SUCCESS,TXN00006052,USR32494,MCH9368,UTR7480598326,0,0,0,0,0,0,0
TXN00007315,2026-02-28 10:48:32,USR88630,MCH4894,1669.47,UTR9858914133,4110,SUCCESS,TXN00007315,USR88630,MCH4894,UTR9858914133,0,0,0,0,0,0,0
TXN00013472,2026-01-23 17:51:38,USR64356,MCH3458,14902.58,UTR6230388830,9120,SUCCESS,TXN00013472,USR64356,MCH3458,UTR6230388830,0,0,0,0,0,0,0
TXN00013522,2026-03-07 19:48:17,USR76711,MCH2856,6091.81,UTR6045784890,8120,SUCCESS,TXN00013522,USR76711,MCH2856,UTR6045784890,0,0,0,0,0,0,0
TXN00013054,2026-01-15 00:21:03,USR53718,MCH6772,14484.71,UTR6663050119,9120,SUCCESS,TXN00013054,USR53718,MCH6772,UTR6663050119,0,0,0,0,0,0,0
TXN00015883,2026-01-29 02:30:22,USR27103,MCH9400,7859.12,UTR8607159086,,SUCCESS,TXN00015883,USR27103,MCH9400,UTR8607159086,0,0,1,0,0,0,0
TXN00002401,2026-03-09 19:34:34,USR36137,MCH3394,8521.7,UTR2895955232,,SUCCESS,TXN00002401,USR36137,MCH3394,UTR2895955232,0,0,1,0,0,0,0
TXN00010641,2026-03-19 11:30:56,USR10071,MCH1139,14301.02,UTR2005188368,1310,PENDING,TXN00010641,USR10071,MCH1139,UTR2005188368,0,0,0,0,0,0,1
TXN00015665,2026-02-19 09:18:56,USR16887,MCH5289,17375.23,UTR3083487372,1310,SUCCESS,TXN00015665,USR16887,MCH5289,UTR3083487372,0,0,0,0,0,0,0
TXN00003901,2026-03-03 05:38:28,USR58050,MCH8524,10788.23,UTR2127451873,4110,SUCCESS,TXN00003901,USR58050,MCH8524,UTR2127451873,0,0,0,0,0,0,0
TXN00000573,2026-03-25 13:34:56,USR71260,MCH3973,9919.6,UTR6520592539,0110,SUCCESS,TXN00000573,USR71260,MCH3973,UTR6520592539,0,0,0,0,0,0,0
TXN00005737,2026-03-20 09:14:49,USR84548,MCH5606,0.1572206,UTR7469189240,4110,SUCCESS,TXN00005737,USR84548,MCH5606,UTR7469189240,0,0,0,0,0,0,0
TXN00011521,2026-03-30 19:57:45,USR81264,MCH4451,17149.5,UTR2128570710,1310,SUCCESS,TXN00011521,USR81264,MCH4451,UTR2128570710,0,0,0,0,0,0,0
TXN00003283,2026-02-16 14:01:22,USR61950,MCH9714,21375.8,UTR5195785333,8120,PENDING,TXN00003283,USR61950,MCH9714,UTR5195785333,0,0,0,0,0,0,1
TXN00001195,2026-01-13 06:15:09,USR12473,MCH1725,1153.09,UTR5326853428,1310,SUCCESS,TXN00001195,USR12473,MCH1725,UTR5326853428,0,0,0,0,0,0,0
TXN00014381,2026-01-15 21:40:21,USR58059,MCH8756,23392.0,UTR0065476436,4110,SUCCESS,TXN00014381,USR58059,MCH8756,UTR0065476436,0,0,0,0,0,0,0
TXN00017024,2026-03-02 19:05:53,USR96390,MCH5804,554.51,UTR6841377938,9120,SUCCESS,TXN00017024,USR96390,MCH5804,UTR6841377938,0,0,0,0,0,0,0
TXN00010828,2026-01-29 07:17:00,USR82834,MCH4037,23119.44,UTR8655791055,8120,FAILED,TXN00010828,USR82834,MCH4037,UTR8655791055,0,0,0,0,0,1,0
TXN00019921,2026-02-15 19:06:54,USR75989,MCH4580,8480.88,UTR9859102812,4110,SUCCESS,TXN00019921,USR75989,MCH4580,UTR9859102812,0,0,0,0,0,0,0
TXN00007641,2026-03-30 20:07:31,USR41787,MCH8004,11256.0,UTR9417931568,1310,SUCCESS,TXN00007641,USR41787,MCH8004,UTR9417931568,0,0,0,0,0,0,0
TXN00010639,2026-02-16 12:46:42,USR23680,MCH4350,18772.78,UTR8363620990,4110,SUCCESS,TXN00010639,USR23680,MCH4350,UTR8363620990,0,0,0,0,0,0,0
TXN00013688,2026-01-07 13:23:24,USR19864,MCH1224,24596.31,UTR6637277655,8120,SUCCESS,TXN00013688,USR19864,MCH1224,UTR6637277655,0,0,0,0,0,0,0
TXN00017611,2026-01-17 12:55:03,USR47882,MCH5500,1142.83,,1310,SUCCESS,TXN00017611,USR47882,MCH5500,,0,1,0,0,0,0,0
TXN00000801,2026-01-22 05:56:12,USR93461,MCH1425,17683.89,UTR6739075239,9120,SUCCESS,TXN00000801,USR93461,MCH1425,UTR6739075239,0,0,0,0,0,0,0
TXN00008406,2026-03-23 04:43:08,USR57199,MCH6752,5240.0,UTR1397309245,1310,SUCCESS,TXN00008406,USR57199,MCH6752,UTR1397309245,0,0,0,0,0,0,0
TXN00007517,2026-02-10 02:53:29,USR61710,MCH8870,7138.26,UTR5986368838,8120,SUCCESS,TXN00007517,USR61710,MCH8870,UTR5986368838,0,0,0,0,0,0,0
TXN00016739,2026-02-02 21:58:31,USR32821,MCH5889,20827.91,UTR4282578030,1310,PENDING,TXN00016739,USR32821,MCH5889,UTR4282578030,0,0,0,0,0,0,1
TXN00001948,2026-03-04 11:05:32,USR22564,MCH3050,0.369484,UTR2501655337,1310,SUCCESS,TXN00001948,USR22564,MCH3050,UTR2501655337,0,0,0,0,0,0,0
TXN00000271,2026-01-21 13:31:32,USR99746,MCH5897,20235.94,UTR1346745214,8120,SUCCESS,TXN00000271,USR99746,MCH5897,UTR 1346745214,0,0,0,0,0,0,0
TXN00006130,2026-02-02 00:00:00,USR28185,MCH4308,7124.02,UTR8406124737,1310,SUCCESS,TXN00006130,USR28185,MCH4308,UTR8406124737,0,0,0,0,0,0,0
TXN00004918,2026-02-01 17:23:00,USR72960,MCH9554,9308.34,UTR3358744506,9120,FAILED,TXN00004918,USR72960,MCH9554,UTR3358744506,0,0,0,0,0,1,0
TXN00006511,2026-03-14 08:31:57,USR78785,MCH7780,0.13178,UTR3564194400,4110,SUCCESS,TXN00006511,USR78785,MCH7780,UTR3564194400,0,0,0,0,0,0,0
TXN00017173,2026-01-19 00:00:00,USR17353,MCH7119,-114.89,UTR5686727002,8120,SUCCESS,TXN00017173,USR17353,MCH7119,UTR5686727002,1,0,0,0,0,0,0
TXN00011897,2026-03-11 11:38:05,USR28446,MCH9828,1685.03,UTR5883563755,9120,SUCCESS,TXN00011897,USR28446,MCH9828,UTR5883563755,0,0,0,0,0,0,0
TXN00014927,2026-02-11 16:41:58,USR75439,MCH2484,23395.64,UTR8501004756,1310,SUCCESS,TXN00014927,USR75439,MCH2484,UTR8501004756,0,0,0,0,0,0,0
TXN00008732,2026-01-09 07:57:43,USR78738,MCH6664,18585.89,UTR7263275687,9120,SUCCESS,TXN00008732,USR78738,MCH6664,UTR7263275687,0,0,0,0,0,0,0
TXN00000158,2026-03-14 12:40:06,USR37190,MCH6402,19042.87,UTR1750237422,4110,SUCCESS,TXN00000158,USR37190,MCH6402,UTR1750237422,0,0,0,0,0,0,0
TXN00013897,2026-03-18 15:52:22,USR52909,MCH9580,14922.5,UTR1569948899,4110,SUCCESS,TXN00013897,USR52909,MCH9580,UTR1569948899,0,0,0,0,0,0,0
TXN00000618,2026-02-07 03:23:12,USR93389,MCH9532,6929.17,UTR2244540430,9120,PENDING,TXN00000618,USR93389,MCH9532,UTR2244540430,0,0,0,0,0,0,1
TXN00009158,2026-03-02 10:40:14,USR30502,MCH8621,15127.7,,,FAILED,TXN00009158,USR30502,MCH8621,,0,1,1,0,0,1,0
TXN00004480,2026-01-19 03:58:16,USR92187,MCH4818,14394.08,UTR1163048963,4110,SUCCESS,TXN00004480,USR92187,MCH4818,UTR1163048963,0,0,0,0,0,0,0
TXN00004453,2026-01-30 15:35:13,USR29373,MCH7687,20816.97,UTR3553925241,4110,SUCCESS,TXN00004453,USR29373,MCH7687,UTR3553925241,0,0,0,0,0,0,0
TXN00000563,2026-02-26 13:20:44,USR55259,MCH4740,3418.0,UTR1274999108,0110,SUCCESS,TXN00000563,USR55259,MCH4740,UTR1274999108,0,0,0,0,0,0,0
TXN00008335,2026-03-26 05:47:55,USR28514,MCH2299,19647.35,UTR2946771811,4110,SUCCESS,TXN00008335,USR28514,MCH2299,UTR 2946771811,0,0,0,0,0,0,0
TXN00019754,2026-01-04 19:01:15,USR51717,MCH4404,14482.34,UTR8668237828,1310,SUCCESS,TXN00019754,USR51717,MCH4404,UTR 8668237828,0,0,0,0,0,0,0
TXN00016669,2026-01-05 15:57:43,USR68216,MCH3567,17961.82,UTR1918229628,8120,FAILED,TXN00016669,USR68216,MCH3567,UTR1918229628,0,0,0,0,0,1,0
TXN00008078,2026-03-21 03:58:21,USR66347,MCH6568,14634.02,UTR8177408319,4110,SUCCESS,TXN00008078,USR66347,MCH6568,UTR8177408319,0,0,0,0,0,0,0
TXN00006817,2026-01-28 02:22:43,USR25095,MCH3034,5896.79,UTR3338113066,4110,SUCCESS,TXN00006817,USR25095,MCH3034,UTR3338113066,0,0,0,0,0,0,0
TXN00018442,2026-03-06 22:05:11,USR99449,MCH6645,3855.04,UTR0058248609,4110,SUCCESS,TXN00018442,USR99449,MCH6645,UTR0058248609,0,0,0,0,0,0,0
TXN00015120,2026-02-06 21:55:07,USR78508,MCH5743,14928.13,,4110,SUCCESS,TXN00015120,USR78508,MCH5743,,0,1,0,0,0,0,0
TXN00019423,2026-02-04 16:10:05,USR29323,MCH6478,21911.45,UTR3496329660,1310,FAILED,TXN00019423,USR29323,MCH6478,UTR3496329660,0,0,0,0,0,1,0
TXN00006545,2026-03-16 12:12:35,USR18246,MCH8575,12375.7,UTR7484302762,8120,SUCCESS,TXN00006545,USR18246,MCH8575,UTR7484302762,0,0,0,0,0,0,0
TXN00014479,2026-03-02 13:48:51,USR36089,MCH4534,6561.48,UTR2432198149,0110,SUCCESS,TXN00014479,USR36089,MCH4534,UTR2432198149,0,0,0,0,0,0,0
TXN00014164,2026-02-23 16:21:58,USR87144,MCH5844,1748.85,UTR5253073987,,SUCCESS,TXN00014164,USR87144,MCH5844,UTR5253073987,0,0,1,0,0,0,0
TXN00002767,2026-03-26 11:20:00,USR54212,MCH1638,0.132462,UTR4710831781,,SUCCESS,TXN00002767,USR54212,MCH1638,UTR4710831781,0,0,1,0,0,0,0
TXN00012227,2026-03-16 03:29:33,USR93379,MCH6245,8393.56,UTR6114405977,4110,SUCCESS,TXN00012227,USR93379,MCH6245,UTR6114405977,0,0,0,0,0,0,0
TXN00002629,2026-01-19 04:28:22,USR34323,MCH8289,12350.41,UTR8277404495,0110,SUCCESS,TXN00002629,USR34323,MCH8289,UTR8277404495,0,0,0,0,0,0,0
TXN00018434,2026-02-21 07:33:46,USR67035,MCH8989,0.1914268,UTR3862761269,8120,SUCCESS,TXN00018434,USR67035,MCH8989,UTR3862761269,0,0,0,0,0,0,0
TXN00016676,2026-01-28 10:02:41,USR19058,MCH4353,10587.25,UTR4751008090,0110,SUCCESS,TXN00016676,USR19058,MCH4353,UTR4751008090,0,0,0,0,0,0,0
TXN00010037,2026-03-07 21:00:15,USR20001,MCH6469,22342.28,UTR6620553387,,PENDING,TXN00010037,USR20001,MCH6469,UTR6620553387,0,0,1,0,0,0,1
TXN00019801,2026-01-21 10:46:24,USR81792,MCH2624,23663.24,UTR8447855593,,SUCCESS,TXN00019801,USR81792,MCH2624,UTR8447855593,0,0,1,0,0,0,0
TXN00012556,2026-03-05 02:00:12,USR79338,MCH8280,13279.77,UTR5013713644,,PENDING,TXN00012556,USR79338,MCH8280,UTR5013713644,0,0,1,0,0,0,1
TXN00010183,2026-01-11 00:40:35,USR85065,MCH5983,0.970358,UTR7370516217,4110,SUCCESS,TXN00010183,USR85065,MCH5983,UTR7370516217,0,0,0,0,0,0,0
TXN00009730,2026-02-07 20:43:31,USR94219,MCH1912,0.315027,UTR5556275522,9120,SUCCESS,TXN00009730,USR94219,MCH1912,UTR5556275522,0,0,0,0,0,0,0
TXN00017596,2026-03-18 05:03:07,USR62602,MCH2981,17700.0,UTR8742698286,9120,SUCCESS,TXN00017596,USR62602,MCH2981,UTR8742698286,0,0,0,0,0,0,0
TXN00013660,2026-03-18 10:56:57,USR31706,MCH8047,1772.65,UTR5634568618,1310,FAILED,TXN00013660,USR31706,MCH8047,UTR5634568618,0,0,0,0,0,1,0
TXN00008426,2026-03-28 09:18:29,USR74668,MCH6080,7738.61,UTR2890538287,4110,SUCCESS,TXN00008426,USR74668,MCH6080,UTR2890538287,0,0,0,0,0,0,0
TXN00000872,2026-01-21 18:32:46,USR17336,MCH3900,6775.91,UTR0837692585,8120,SUCCESS,TXN00000872,USR17336,MCH3900,UTR0837692585,0,0,0,0,0,0,0
TXN00014684,2026-12-03 13:12:47,USR29732,MCH2600,2764.72,UTR0353616980,,SUCCESS,TXN00014684,USR29732,MCH2600,UTR0353616980,0,0,1,0,0,0,0
TXN00000382,2026-02-09 11:00:48,USR72068,MCH1834,17421.46,UTR6074742855,4110,SUCCESS,TXN00000382,USR72068,MCH1834,UTR 6074742855,0,0,0,0,0,0,0
TXN00017112,2026-02-23 13:17:34,USR88286,MCH2229,15771.0,UTR6430058944,9120,SUCCESS,TXN00017112,USR88286,MCH2229,UTR6430058944,0,0,0,0,0,0,0
TXN00001890,2026-02-01 00:00:00,USR43031,MCH7199,24795.0,UTR7920313855,4110,SUCCESS,TXN00001890,USR43031,MCH7199,UTR7920313855,0,0,0,0,0,0,0
TXN00011310,2026-02-26 06:55:06,USR98661,MCH7379,1707.48,UTR9711063234,1310,SUCCESS,TXN00011310,USR98661,MCH7379,UTR9711063234,0,0,0,0,0,0,0
TXN00009925,2026-03-18 05:13:58,USR71400,MCH8954,13302.45,UTR0020100744,8120,SUCCESS,TXN00009925,USR71400,MCH8954,UTR0020100744,0,0,0,0,0,0,0
TXN00009139,2026-01-15 00:57:34,USR13930,MCH3853,12037.04,,,SUCCESS,TXN00009139,USR13930,MCH3853,,0,1,1,0,0,0,0
TXN00016755,2026-01-08 06:45:31,USR91341,MCH6942,0.1705081,UTR8795083334,,SUCCESS,TXN00016755,USR91341,MCH6942,UTR8795083334,0,0,1,0,0,0,0
TXN00010492,2026-03-04 14:38:04,USR87780,MCH9013,235.05,UTR6090766841,,SUCCESS,TXN00010492,USR87780,MCH9013,UTR6090766841,0,0,1,0,0,0,0
TXN00015874,2026-07-03 20:34:39,USR26872,MCH9549,13377.27,UTR4472660673,0110,SUCCESS,TXN00015874,USR26872,MCH9549,UTR4472660673,0,0,0,0,0,0,0
TXN00009430,2026-03-22 12:46:33,USR40046,MCH8513,20718.39,UTR5404239528,9120,SUCCESS,TXN00009430,USR40046,MCH8513,UTR5404239528,0,0,0,0,0,0,0
TXN00019761,2026-02-20 22:22:52,USR80512,MCH2720,17872.0,UTR6219238691,0110,SUCCESS,TXN00019761,USR80512,MCH2720,UTR6219238691,0,0,0,0,0,0,0
TXN00016596,2026-01-27 09:24:15,USR39099,MCH3177,0.132906,UTR2474883741,4110,SUCCESS,TXN00016596,USR39099,MCH3177,UTR2474883741,0,0,0,0,0,0,0
TXN00001003,2026-03-17 12:23:11,USR61935,MCH4712,21824.92,UTR3596560523,4110,SUCCESS,TXN00001003,USR61935,MCH4712,UTR3596560523,0,0,0,0,0,0,0
TXN00007599,2026-03-20 01:14:45,USR79514,MCH6705,24935.6,UTR8560638457,4110,PENDING,TXN00007599,USR79514,MCH6705,UTR8560638457,0,0,0,0,0,0,1
TXN00010425,2026-03-09 07:58:49,USR62755,MCH9447,19526.0,UTR0141792067,,SUCCESS,TXN00010425,USR62755,MCH9447,UTR0141792067,0,0,1,0,0,0,0
TXN00013799,2026-02-06 11:56:16,USR29250,MCH8544,22717.0,UTR1135086541,1310,SUCCESS,TXN00013799,USR29250,MCH8544,UTR1135086541,0,0,0,0,0,0,0
TXN00009710,2026-06-03 02:17:43,USR12251,MCH8687,13877.2,UTR2076938437,0110,SUCCESS,TXN00009710,USR12251,MCH8687,UTR2076938437,0,0,0,0,0,0,0
TXN00001252,2026-03-02 07:05:54,USR68564,MCH9472,-12043.24,,4110,SUCCESS,TXN00001252,USR68564,MCH9472,,1,1,0,0,0,0,0
TXN00014725,2026-02-09 16:32:38,USR17031,MCH2147,22888.76,,4110,SUCCESS,TXN00014725,USR17031,MCH2147,,0,1,0,0,0,0,0
TXN00010149,2026-08-01 04:25:32,USR62069,MCH5110,21450.22,UTR3761615284,9120,SUCCESS,TXN00010149,USR62069,MCH5110,UTR 3761615284,0,0,0,0,0,0,0
TXN00018658,2026-03-26 18:50:00,USR58792,MCH6539,-18981.47,UTR1417175804,0110,SUCCESS,TXN00018658,USR58792,MCH6539,UTR1417175804,1,0,0,0,0,0,0
TXN00001193,2026-01-29 08:43:39,USR91748,MCH2567,8653.62,UTR6356626281,9120,SUCCESS,TXN00001193,USR91748,MCH2567,UTR6356626281,0,0,0,0,0,0,0
TXN00019516,2026-03-01 01:12:28,USR72416,MCH5390,17063.33,UTR1872367733,,SUCCESS,TXN00019516,USR72416,MCH5390,UTR1872367733,0,0,1,0,0,0,0
TXN00007047,2026-01-01 11:43:13,USR17062,MCH6526,18240.74,UTR8065899849,8120,SUCCESS,TXN00007047,USR17062,MCH6526,UTR8065899849,0,0,0,0,0,0,0
TXN00002576,2026-03-15 16:13:40,USR58076,MCH4251,16015.5,UTR0934215168,,SUCCESS,TXN00002576,USR58076,MCH4251,UTR0934215168,0,0,1,0,0,0,0
TXN00012129,2026-02-26 14:15:45,USR39536,MCH8925,16759.89,UTR6924267822,0110,SUCCESS,TXN00012129,USR39536,MCH8925,UTR6924267822,0,0,0,0,0,0,0
TXN00003491,2026-01-22 10:36:57,USR67185,MCH4973,2123.29,UTR0471179578,,SUCCESS,TXN00003491,USR67185,MCH4973,UTR0471179578,0,0,1,0,0,0,0
TXN00016845,2026-02-06 11:43:40,USR73860,MCH1814,15839.0,UTR5411471303,4110,SUCCESS,TXN00016845,USR73860,MCH1814,UTR5411471303,0,0,0,0,0,0,0
TXN00011150,2026-02-04 13:30:12,USR41605,MCH1766,21358.15,UTR3325164365,,SUCCESS,TXN00011150,USR41605,MCH1766,UTR3325164365,0,0,1,0,0,0,0
TXN00018827,2026-02-25 04:14:31,USR96888,MCH5580,17642.02,UTR3783104401,4110,SUCCESS,TXN00018827,USR96888,MCH5580,UTR3783104401,0,0,0,0,0,0,0
TXN00007112,2026-02-13 18:04:52,USR65779,MCH2377,-22957.94,UTR0503277353,0110,PENDING,TXN00007112,USR65779,MCH2377,UTR0503277353,1,0,0,0,0,0,1
TXN00007503,2026-02-26 20:00:41,USR82240,MCH9013,3135.97,UTR4943656687,,FAILED,TXN00007503,USR82240,MCH9013,UTR4943656687,0,0,1,0,0,1,0
TXN00011153,2026-01-29 07:37:35,USR11367,MCH1333,9202.0,UTR5559042281,0110,SUCCESS,TXN00011153,USR11367,MCH1333,UTR5559042281,0,0,0,0,0,0,0
TXN00003202,2026-02-16 15:31:36,USR96063,MCH4905,12583.28,UTR1610111106,,SUCCESS,TXN00003202,USR96063,MCH4905,UTR1610111106,0,0,1,0,0,0,0
TXN00014013,2026-01-08 14:07:25,USR42493,MCH2484,6365.96,UTR8100187956,4110,FAILED,TXN00014013,USR42493,MCH2484,UTR8100187956,0,0,0,0,0,1,0
TXN00013714,2026-12-02 07:35:59,USR17447,MCH2253,3060.0,UTR2926251312,4110,SUCCESS,TXN00013714,USR17447,MCH2253,UTR2926251312,0,0,0,0,0,0,0
TXN00012405,2026-03-01 14:24:56,USR53253,MCH5020,24967.48,UTR8145499158,0110,SUCCESS,TXN00012405,USR53253,MCH5020,UTR8145499158,0,0,0,0,0,0,0
TXN00019424,2026-02-22 18:14:41,USR74189,MCH7931,3130.0,UTR1813751375,0110,SUCCESS,TXN00019424,USR74189,MCH7931,UTR1813751375,0,0,0,0,0,0,0
TXN00013482,2026-01-21 07:12:23,USR13154,MCH7937,0.21244,UTR7025535420,,SUCCESS,TXN00013482,USR13154,MCH7937,UTR7025535420,0,0,1,0,0,0,0
TXN00011635,2026-02-06 16:11:32,USR49335,MCH1591,7998.0,UTR9551193942,1310,FAILED,TXN00011635,USR49335,MCH1591,UTR9551193942,0,0,0,0,0,1,0
TXN00002695,2026-03-28 00:02:28,USR18076,MCH9504,24087.85,UTR5081706507,4110,SUCCESS,TXN00002695,USR18076,MCH9504,UTR5081706507,0,0,0,0,0,0,0
TXN00016477,2026-02-05 02:50:38,USR80293,MCH9498,2064.22,UTR8495814842,4110,SUCCESS,TXN00016477,USR80293,MCH9498,UTR8495814842,0,0,0,0,0,0,0
TXN00000468,2026-01-31 16:44:46,USR20323,MCH1683,21716.29,UTR6147663199,4110,FAILED,TXN00000468,USR20323,MCH1683,UTR 6147663199,0,0,0,0,0,1,0
TXN00010412,2026-02-17 06:42:59,USR60510,MCH4894,0.1963222,UTR0689085156,1310,SUCCESS,TXN00010412,USR60510,MCH4894,UTR0689085156,0,0,0,0,0,0,0
TXN00019095,2026-03-19 06:28:43,USR74879,MCH7879,14432.6,UTR3231273402,0110,SUCCESS,TXN00019095,USR74879,MCH7879,UTR3231273402,0,0,0,0,0,0,0
TXN00015963,2026-01-02 01:16:59,USR91931,MCH1310,14349.95,UTR9222917162,,SUCCESS,TXN00015963,USR91931,MCH1310,UTR9222917162,0,0,1,0,0,0,0
TXN00012314,2026-03-22 15:40:10,USR34408,MCH5791,7853.85,UTR0417961123,0110,FAILED,TXN00012314,USR34408,MCH5791,UTR0417961123,0,0,0,0,0,1,0
TXN00000711,2026-03-09 16:36:48,USR10902,MCH4705,19008.09,UTR3658672022,4110,SUCCESS,TXN00000711,USR10902,MCH4705,UTR 3658672022,0,0,0,0,0,0,0
TXN00005197,2026-03-10 10:04:52,USR44228,MCH6091,18466.27,UTR8237679406,9120,SUCCESS,TXN00005197,USR44228,MCH6091,UTR8237679406,0,0,0,0,0,0,0
TXN00001518,2026-03-14 07:17:19,USR57534,MCH6458,22452.0,UTR9537728886,0110,SUCCESS,TXN00001518,USR57534,MCH6458,UTR9537728886,0,0,0,0,0,0,0
TXN00000114,2026-02-14 21:08:39,USR35046,MCH9610,0.2020493,UTR2252584568,9120,SUCCESS,TXN00000114,USR35046,MCH9610,UTR2252584568,0,0,0,0,0,0,0
TXN00011676,2026-01-22 22:21:08,USR70766,MCH8443,-5502.82,UTR9565758151,4110,PENDING,TXN00011676,USR70766,MCH8443,UTR9565758151,1,0,0,0,0,0,1
TXN00013985,2026-02-02 15:48:29,USR58499,MCH9063,23998.81,UTR1278691073,9120,SUCCESS,TXN00013985,USR58499,MCH9063,UTR1278691073,0,0,0,0,0,0,0
TXN00014329,2026-02-14 20:18:51,USR62597,MCH9130,7428.33,UTR1336227238,4110,PENDING,TXN00014329,USR62597,MCH9130,UTR1336227238,0,0,0,0,0,0,1
TXN00015531,2026-01-07 09:41:47,USR95236,MCH5665,2196.12,UTR5590863538,9120,FAILED,TXN00015531,USR95236,MCH5665,UTR5590863538,0,0,0,0,0,1,0
TXN00015512,2026-01-16 22:14:53,USR66735,MCH3636,19455.36,,9120,SUCCESS,TXN00015512,USR66735,MCH3636,,0,1,0,0,0,0,0
TXN00018980,2026-03-02 09:10:12,USR62421,MCH5279,25.28,UTR5893234304,1310,PENDING,TXN00018980,USR62421,MCH5279,UTR5893234304,0,0,0,0,0,0,1
TXN00011742,2026-03-12 13:08:08,USR36122,MCH9953,0.1095556,UTR5730347112,4110,SUCCESS,TXN00011742,USR36122,MCH9953,UTR5730347112,0,0,0,0,0,0,0
TXN00017567,2026-01-03 20:14:47,USR70116,MCH9954,16540.3,UTR9042746436,1310,PENDING,TXN00017567,USR70116,MCH9954,UTR9042746436,0,0,0,0,0,0,1
TXN00014914,2026-02-20 17:07:39,USR27355,MCH1891,15129.03,UTR1116891646,8120,SUCCESS,TXN00014914,USR27355,MCH1891,UTR1116891646,0,0,0,0,0,0,0
TXN00019286,2026-01-20 17:21:09,USR12149,MCH1015,19253.28,UTR0138018123,8120,SUCCESS,TXN00019286,USR12149,MCH1015,UTR0138018123,0,0,0,0,0,0,0
TXN00009344,2026-02-25 05:40:59,USR80009,MCH2272,19045.95,UTR7577163827,4110,SUCCESS,TXN00009344,USR80009,MCH2272,UTR7577163827,0,0,0,0,0,0,0
TXN00012775,2026-01-12 11:05:53,USR31784,MCH6504,11701.27,UTR1684202848,4110,FAILED,TXN00012775,USR31784,MCH6504,UTR1684202848,0,0,0,0,0,1,0
TXN00014492,2026-02-22 01:23:36,USR65475,MCH2600,18659.19,UTR0967138035,,SUCCESS,TXN00014492,USR65475,MCH2600,UTR0967138035,0,0,1,0,0,0,0
TXN00002132,2026-03-01 23:40:02,USR51983,MCH6961,325.06,UTR8522180200,4110,SUCCESS,TXN00002132,USR51983,MCH6961,UTR8522180200,0,0,0,0,0,0,0
TXN00016255,2026-02-11 09:34:20,USR15184,MCH5324,1300.53,UTR2896226086,,FAILED,TXN00016255,USR15184,MCH5324,UTR2896226086,0,0,1,0,0,1,0
TXN00012027,2026-02-01 00:15:14,USR31388,MCH8571,18730.4,UTR9790937334,1310,SUCCESS,TXN00012027,USR31388,MCH8571,UTR9790937334,0,0,0,0,0,0,0
TXN00008649,2026-01-09 17:54:30,USR98705,MCH9102,17967.91,UTR4030266772,4110,SUCCESS,TXN00008649,USR98705,MCH9102,UTR4030266772,0,0,0,0,0,0,0
TXN00001793,2026-02-24 12:10:26,USR84725,MCH5092,12810.0,,4110,SUCCESS,TXN00001793,USR84725,MCH5092,,0,1,0,0,0,0,0
TXN00017757,2026-03-13 01:41:14,USR98392,MCH8695,18124.51,UTR5140265409,1310,SUCCESS,TXN00017757,USR98392,MCH8695,UTR5140265409,0,0,0,0,0,0,0
TXN00005750,2026-03-26 19:19:26,USR32953,MCH2826,17170.1,UTR9032840498,,SUCCESS,TXN00005750,USR32953,MCH2826,UTR9032840498,0,0,1,0,0,0,0
TXN00001258,2026-01-21 04:10:51,USR87360,MCH8697,-12294.95,UTR2961600449,8120,SUCCESS,TXN00001258,USR87360,MCH8697,UTR2961600449,1,0,0,0,0,0,0
TXN00002636,2026-02-21 01:48:26,USR37553,MCH4661,16662.97,UTR0088474065,1310,SUCCESS,TXN00002636,USR37553,MCH4661,UTR 0088474065,0,0,0,0,0,0,0
TXN00015803,2026-03-20 19:02:03,USR98000,MCH9171,0.1422251,UTR2404192834,9120,SUCCESS,TXN00015803,USR98000,MCH9171,UTR2404192834,0,0,0,0,0,0,0
TXN00011317,2026-03-12 17:39:14,USR87591,MCH1513,15057.0,UTR9222584594,0110,SUCCESS,TXN00011317,USR87591,MCH1513,UTR9222584594,0,0,0,0,0,0,0
TXN00007541,2026-01-23 00:00:00,USR87116,MCH7715,4804.91,UTR8470361881,,SUCCESS,TXN00007541,USR87116,MCH7715,UTR8470361881,0,0,1,0,0,0,0
TXN00004984,2026-01-26 12:43:01,USR83927,MCH2459,20979.1,UTR3671837489,9120,SUCCESS,TXN00004984,USR83927,MCH2459,UTR3671837489,0,0,0,0,0,0,0
TXN00009327,2026-01-28 08:14:16,USR61960,MCH7280,0.1887915,UTR9556624494,4110,SUCCESS,TXN00009327,USR61960,MCH7280,UTR9556624494,0,0,0,0,0,0,0
TXN00002407,2026-01-09 05:24:34,USR60369,MCH4656,9121.2,UTR1028830645,8120,SUCCESS,TXN00002407,USR60369,MCH4656,UTR1028830645,0,0,0,0,0,0,0
TXN00012169,2026-01-25 15:03:48,USR90124,MCH7357,13839.47,UTR4046455821,4110,SUCCESS,TXN00012169,USR90124,MCH7357,UTR4046455821,0,0,0,0,0,0,0
TXN00002524,2026-11-03 01:41:03,USR20888,MCH5753,8974.3,UTR3900026844,4110,SUCCESS,TXN00002524,USR20888,MCH5753,UTR3900026844,0,0,0,0,0,0,0
TXN00000702,2026-11-03 21:08:56,USR75564,MCH9456,1305.07,,4110,SUCCESS,TXN00000702,USR75564,MCH9456,,0,1,0,0,0,0,0
TXN00004737,2026-01-23 17:35:40,USR23164,MCH9661,12814.7,UTR9756549192,,SUCCESS,TXN00004737,USR23164,MCH9661,UTR9756549192,0,0,1,0,0,0,0
TXN00017004,2026-03-22 19:53:26,USR19587,MCH9639,-11238.91,UTR8174473293,,SUCCESS,TXN00017004,USR19587,MCH9639,UTR8174473293,1,0,1,0,0,0,0
TXN00001778,2026-03-14 17:19:24,USR21867,MCH6885,10946.0,UTR4254277677,4110,SUCCESS,TXN00001778,USR21867,MCH6885,UTR4254277677,0,0,0,0,0,0,0
TXN00014382,2026-12-02 18:48:27,USR40312,MCH7395,14657.15,UTR3687420670,4110,SUCCESS,TXN00014382,USR40312,MCH7395,UTR3687420670,0,0,0,0,0,0,0
TXN00018608,2026-03-01 01:03:58,USR20607,MCH5196,4286.0,UTR0201276566,1310,SUCCESS,TXN00018608,USR20607,MCH5196,UTR0201276566,0,0,0,0,0,0,0
TXN00015705,2026-03-27 15:02:49,USR18329,MCH1028,5284.29,UTR8500572286,4110,SUCCESS,TXN00015705,USR18329,MCH1028,UTR8500572286,0,0,0,0,0,0,0
TXN00019826,2026-02-22 05:00:18,USR18298,MCH4141,16814.14,UTR7871347976,8120,FAILED,TXN00019826,USR18298,MCH4141,UTR7871347976,0,0,0,0,0,1,0
TXN00005179,2026-02-09 11:14:34,USR80651,MCH3434,13464.0,UTR7812007680,8120,SUCCESS,TXN00005179,USR80651,MCH3434,UTR7812007680,0,0,0,0,0,0,0
TXN00007051,2026-02-22 03:39:17,USR20447,MCH2399,21957.53,UTR9373041899,1310,SUCCESS,TXN00007051,USR20447,MCH2399,UTR9373041899,0,0,0,0,0,0,0
TXN00012712,2026-01-26 07:43:36,USR34056,MCH4554,4198.68,UTR2350162679,4110,SUCCESS,TXN00012712,USR34056,MCH4554,UTR2350162679,0,0,0,0,0,0,0
TXN00016180,2026-01-22 06:57:30,USR24081,MCH5288,3945.0,UTR8181894124,4110,SUCCESS,TXN00016180,USR24081,MCH5288,UTR 8181894124,0,0,0,0,0,0,0
TXN00001053,2026-02-05 03:57:33,USR83147,MCH6456,23477.3,UTR1739170185,4110,SUCCESS,TXN00001053,USR83147,MCH6456,UTR1739170185,0,0,0,0,0,0,0
TXN00014820,2026-01-09 15:05:24,USR83712,MCH1704,13057.16,UTR3926300870,9120,SUCCESS,TXN00014820,USR83712,MCH1704,UTR3926300870,0,0,0,0,0,0,0
TXN00007460,2026-03-15 22:30:54,USR22372,MCH5589,6434.83,UTR6166761890,,FAILED,TXN00007460,USR22372,MCH5589,UTR6166761890,0,0,1,0,0,1,0
TXN00008579,2026-01-08 11:53:33,USR81661,MCH3754,8619.2,UTR2229067696,1310,SUCCESS,TXN00008579,USR81661,MCH3754,UTR2229067696,0,0,0,0,0,0,0
TXN00011193,2026-02-17 01:53:47,USR28331,MCH9682,5176.6,UTR4240818042,4110,SUCCESS,TXN00011193,USR28331,MCH9682,UTR4240818042,0,0,0,0,0,0,0
TXN00019430,2026-03-27 12:38:04,USR16392,MCH4240,16748.27,UTR5268687586,9120,SUCCESS,TXN00019430,USR16392,MCH4240,UTR 5268687586,0,0,0,0,0,0,0
TXN00019061,2026-03-27 11:04:37,USR32045,MCH6009,15755.0,UTR5593902179,8120,SUCCESS,TXN00019061,USR32045,MCH6009,UTR5593902179,0,0,0,0,0,0,0
TXN00015986,2026-01-30 13:12:09,USR93831,MCH1016,0.829151,UTR5518634308,8120,SUCCESS,TXN00015986,USR93831,MCH1016,UTR5518634308,0,0,0,0,0,0,0
TXN00012146,2026-02-11 02:20:21,USR63104,MCH8481,0.1621595,UTR3649516493,4110,SUCCESS,TXN00012146,USR63104,MCH8481,UTR3649516493,0,0,0,0,0,0,0
TXN00012014,2026-01-25 05:37:06,USR50517,MCH7200,21191.81,UTR3302197035,9120,SUCCESS,TXN00012014,USR50517,MCH7200,UTR3302197035,0,0,0,0,0,0,0
TXN00017038,2026-03-21 12:31:42,USR22353,MCH6000,3534.0,UTR7969547211,4110,SUCCESS,TXN00017038,USR22353,MCH6000,UTR7969547211,0,0,0,0,0,0,0
TXN00001629,2026-01-14 00:00:00,USR57520,MCH4453,2425.94,UTR2240504814,4110,SUCCESS,TXN00001629,USR57520,MCH4453,UTR2240504814,0,0,0,0,0,0,0
TXN00016884,2026-03-10 04:27:22,USR40714,MCH9060,14779.09,UTR4511099178,,SUCCESS,TXN00016884,USR40714,MCH9060,UTR4511099178,0,0,1,0,0,0,0
TXN00013489,2026-03-26 11:03:06,USR49673,MCH8303,0.594048,UTR9651975002,1310,SUCCESS,TXN00013489,USR49673,MCH8303,UTR9651975002,0,0,0,0,0,0,0
TXN00001671,2026-01-03 03:07:22,USR88861,MCH7962,9521.78,UTR0599338620,4110,SUCCESS,TXN00001671,USR88861,MCH7962,UTR0599338620,0,0,0,0,0,0,0
TXN00004995,2026-03-25 10:27:12,USR56777,MCH2691,1720.33,UTR9025321139,,SUCCESS,TXN00004995,USR56777,MCH2691,UTR9025321139,0,0,1,0,0,0,0
TXN00016530,2026-03-23 07:22:12,USR13893,MCH7557,24032.37,UTR1716832495,8120,SUCCESS,TXN00016530,USR13893,MCH7557,UTR1716832495,0,0,0,0,0,0,0
TXN00018241,2026-01-18 22:38:00,USR69474,MCH2715,14821.02,UTR4311982276,0110,SUCCESS,TXN00018241,USR69474,MCH2715,UTR4311982276,0,0,0,0,0,0,0
TXN00017388,2026-01-31 06:02:45,USR29654,MCH7802,11904.82,UTR8705250797,4110,FAILED,TXN00017388,USR29654,MCH7802,UTR 8705250797,0,0,0,0,0,1,0
TXN00004403,2026-01-28 00:35:25,USR16411,MCH6035,6154.0,UTR8693887038,8120,SUCCESS,TXN00004403,USR16411,MCH6035,UTR8693887038,0,0,0,0,0,0,0
TXN00013057,2026-02-17 01:34:58,USR57091,MCH3538,6871.57,UTR9213101408,,SUCCESS,TXN00013057,USR57091,MCH3538,UTR9213101408,0,0,1,0,0,0,0
TXN00019005,2026-02-06 18:45:37,USR73367,MCH4208,19003.58,UTR0629607076,,SUCCESS,TXN00019005,USR73367,MCH4208,UTR0629607076,0,0,1,0,0,0,0
TXN00013001,2026-01-14 14:09:25,USR71097,MCH6455,24358.0,UTR8112187591,8120,SUCCESS,TXN00013001,USR71097,MCH6455,UTR8112187591,0,0,0,0,0,0,0
TXN00016429,2026-01-09 18:45:24,USR21327,MCH9841,11103.9,UTR1099305510,4110,SUCCESS,TXN00016429,USR21327,MCH9841,UTR1099305510,0,0,0,0,0,0,0
TXN00017533,2026-01-02 13:55:01,USR89594,MCH7200,-11709.76,UTR9587958688,4110,SUCCESS,TXN00017533,USR89594,MCH7200,UTR9587958688,1,0,0,0,0,0,0
TXN00007933,2026-02-13 09:25:21,USR95026,MCH8535,14922.11,UTR1326817706,4110,SUCCESS,TXN00007933,USR95026,MCH8535,UTR1326817706,0,0,0,0,0,0,0
TXN00014940,2026-03-01 07:17:17,USR66485,MCH1627,0.1902317,UTR9995513507,0110,SUCCESS,TXN00014940,USR66485,MCH1627,UTR 9995513507,0,0,0,0,0,0,0
TXN00016919,2026-03-03 17:15:31,USR55167,MCH3698,23941.84,UTR4415150105,,SUCCESS,TXN00016919,USR55167,MCH3698,UTR4415150105,0,0,1,0,0,0,0
TXN00011213,2026-03-24 03:29:07,USR66387,MCH5314,16531.65,UTR5064931472,4110,SUCCESS,TXN00011213,USR66387,MCH5314,UTR5064931472,0,0,0,0,0,0,0
TXN00002272,2026-03-17 00:51:59,USR42214,MCH6624,9618.94,UTR4647875958,4110,SUCCESS,TXN00002272,USR42214,MCH6624,UTR4647875958,0,0,0,0,0,0,0
TXN00001654,2026-01-25 06:46:15,USR74877,MCH5263,9010.0,,4110,SUCCESS,TXN00001654,USR74877,MCH5263,,0,1,0,0,0,0,0
TXN00019049,2026-03-19 13:49:07,USR40761,MCH9515,10226.2,UTR6028477978,4110,SUCCESS,TXN00019049,USR40761,MCH9515,UTR 6028477978,0,0,0,0,0,0,0
TXN00016284,2026-01-09 02:47:30,USR60090,MCH3823,11600.05,UTR3542192101,4110,SUCCESS,TXN00016284,USR60090,MCH3823,UTR3542192101,0,0,0,0,0,0,0
TXN00008181,2026-03-19 14:52:56,USR28057,MCH6307,-179.64,UTR5861320990,1310,SUCCESS,TXN00008181,USR28057,MCH6307,UTR5861320990,1,0,0,0,0,0,0
TXN00016004,2026-02-21 08:20:16,USR67872,MCH5929,742.05,UTR0377956156,4110,SUCCESS,TXN00016004,USR67872,MCH5929,UTR0377956156,0,0,0,0,0,0,0
TXN00010180,2026-02-12 00:00:00,USR13640,MCH6110,18192.56,UTR4272122944,,SUCCESS,TXN00010180,USR13640,MCH6110,UTR4272122944,0,0,1,0,0,0,0
TXN00001570,2026-03-02 20:32:52,USR61249,MCH1621,11300.0,UTR4727953229,,FAILED,TXN00001570,USR61249,MCH1621,UTR4727953229,0,0,1,0,0,1,0
TXN00005987,2026-01-11 11:54:06,USR27348,MCH2386,14175.79,UTR2929079576,1310,SUCCESS,TXN00005987,USR27348,MCH2386,UTR2929079576,0,0,0,0,0,0,0
TXN00009324,2026-04-03 04:44:55,USR74407,MCH1453,10723.84,UTR6338323396,9120,PENDING,TXN00009324,USR74407,MCH1453,UTR6338323396,0,0,0,0,0,0,1
TXN00010048,2026-02-11 22:08:02,USR15500,MCH4903,33.57,UTR7376269380,4110,SUCCESS,TXN00010048,USR15500,MCH4903,UTR7376269380,0,0,0,0,0,0,0
TXN00018713,2026-02-22 13:35:53,USR44331,MCH1113,24185.0,UTR5358702268,4110,FAILED,TXN00018713,USR44331,MCH1113,UTR5358702268,0,0,0,0,0,1,0
TXN00012471,2026-03-13 21:31:39,USR14807,MCH8944,17640.51,UTR7118618512,1310,SUCCESS,TXN00012471,USR14807,MCH8944,UTR7118618512,0,0,0,0,0,0,0
TXN00004031,2026-01-08 11:16:38,USR14773,MCH4735,16785.06,UTR8635495518,,PENDING,TXN00004031,USR14773,MCH4735,UTR8635495518,0,0,1,0,0,0,1
TXN00010614,2026-03-26 17:18:06,USR61707,MCH1594,8713.38,UTR0405763202,9120,SUCCESS,TXN00010614,USR61707,MCH1594,UTR0405763202,0,0,0,0,0,0,0
TXN00003841,2026-03-13 23:14:35,USR45615,MCH3585,13293.99,UTR5580365581,1310,FAILED,TXN00003841,USR45615,MCH3585,UTR5580365581,0,0,0,0,0,1,0
TXN00001113,2026-02-20 03:49:43,USR28411,MCH3929,5603.2,UTR8608877892,,SUCCESS,TXN00001113,USR28411,MCH3929,UTR8608877892,0,0,1,0,0,0,0
TXN00010019,2026-03-31 13:29:09,USR88485,MCH6918,2529.17,UTR1052030629,9120,SUCCESS,TXN00010019,USR88485,MCH6918,UTR1052030629,0,0,0,0,0,0,0
TXN00007514,2026-02-08 14:08:07,USR52788,MCH2041,2830.33,UTR6299741061,4110,FAILED,TXN00007514,USR52788,MCH2041,UTR6299741061,0,0,0,0,0,1,0
TXN00001705,2026-03-16 12:20:11,USR22950,MCH7201,10993.4,,1310,SUCCESS,TXN00001705,USR22950,MCH7201,,0,1,0,0,0,0,0
TXN00003470,2026-03-06 20:03:15,USR23308,MCH9573,4252.0,UTR1609040453,0110,SUCCESS,TXN00003470,USR23308,MCH9573,UTR1609040453,0,0,0,0,0,0,0
TXN00003063,2026-02-18 09:02:34,USR59060,MCH7187,14980.0,UTR3918084659,,SUCCESS,TXN00003063,USR59060,MCH7187,UTR3918084659,0,0,1,0,0,0,0
TXN00000202,2026-01-11 19:56:07,USR31331,MCH1999,2113.0,UTR5578226573,4110,SUCCESS,TXN00000202,USR31331,MCH1999,UTR5578226573,0,0,0,0,0,0,0
TXN00001989,2026-03-05 13:35:30,USR59130,MCH9010,10926.9,UTR7729585149,0110,SUCCESS,TXN00001989,USR59130,MCH9010,UTR 7729585149,0,0,0,0,0,0,0
TXN00003710,2026-03-30 12:07:47,USR61331,MCH5689,24084.37,UTR3250047950,8120,SUCCESS,TXN00003710,USR61331,MCH5689,UTR3250047950,0,0,0,0,0,0,0
TXN00016099,2026-02-19 10:42:16,USR22506,MCH4551,11803.73,UTR4599920762,0110,SUCCESS,TXN00016099,USR22506,MCH4551,UTR4599920762,0,0,0,0,0,0,0
TXN00009738,2026-01-31 17:43:34,USR11045,MCH7714,468.71,UTR3958461857,0110,SUCCESS,TXN00009738,USR11045,MCH7714,UTR3958461857,0,0,0,0,0,0,0
TXN00002233,2026-01-08 15:15:39,USR58614,MCH9961,0.2257335,UTR7290474865,1310,SUCCESS,TXN00002233,USR58614,MCH9961,UTR7290474865,0,0,0,0,0,0,0
TXN00015228,2026-02-21 05:58:00,USR44011,MCH1094,8728.06,UTR7703519955,8120,SUCCESS,TXN00015228,USR44011,MCH1094,UTR7703519955,0,0,0,0,0,0,0
TXN00000578,2026-08-03 05:19:50,USR31854,MCH2119,0.2316542,UTR4263914069,4110,SUCCESS,TXN00000578,USR31854,MCH2119,UTR4263914069,0,0,0,0,0,0,0
TXN00005595,2026-01-19 10:41:43,USR43442,MCH3571,9007.9,UTR2112290564,1310,FAILED,TXN00005595,USR43442,MCH3571,UTR 2112290564,0,0,0,0,0,1,0
TXN00003656,2026-01-24 08:47:35,USR42976,MCH4667,5119.0,UTR2736596297,4110,SUCCESS,TXN00003656,USR42976,MCH4667,UTR2736596297,0,0,0,0,0,0,0
TXN00004631,2026-01-14 19:17:02,USR96117,MCH6935,-3007.62,UTR8047127478,9120,SUCCESS,TXN00004631,USR96117,MCH6935,UTR 8047127478,1,0,0,0,0,0,0
TXN00007656,2026-02-09 12:41:32,USR53778,MCH5239,18835.29,UTR5951526337,,SUCCESS,TXN00007656,USR53778,MCH5239,UTR5951526337,0,0,1,0,0,0,0
TXN00011026,2026-03-20 05:21:13,USR48999,MCH3416,14166.0,UTR2785657388,8120,FAILED,TXN00011026,USR48999,MCH3416,UTR2785657388,0,0,0,0,0,1,0
TXN00004314,2026-02-26 08:42:20,USR20793,MCH1504,21879.59,UTR3803417486,4110,SUCCESS,TXN00004314,USR20793,MCH1504,UTR3803417486,0,0,0,0,0,0,0
TXN00001741,2026-03-22 15:08:29,USR23277,MCH8836,20690.0,UTR6589140437,,SUCCESS,TXN00001741,USR23277,MCH8836,UTR6589140437,0,0,1,0,0,0,0
TXN00019657,2026-02-13 21:51:58,USR94135,MCH3215,11224.03,UTR6274850089,8120,SUCCESS,TXN00019657,USR94135,MCH3215,UTR6274850089,0,0,0,0,0,0,0
TXN00003050,2026-02-10 00:00:00,USR58249,MCH8434,6614.0,UTR8799362117,,FAILED,TXN00003050,USR58249,MCH8434,UTR8799362117,0,0,1,0,0,1,0
TXN00016387,2026-08-03 17:12:01,USR57616,MCH3178,1028.92,UTR4052312466,4110,SUCCESS,TXN00016387,USR57616,MCH3178,UTR4052312466,0,0,0,0,0,0,0
TXN00018759,2026-09-01 04:53:01,USR39236,MCH7699,14673.3,UTR7923041978,4110,SUCCESS,TXN00018759,USR39236,MCH7699,UTR7923041978,0,0,0,0,0,0,0
TXN00018862,2026-03-16 21:52:27,USR21623,MCH6409,14488.3,UTR5296528450,4110,SUCCESS,TXN00018862,USR21623,MCH6409,UTR5296528450,0,0,0,0,0,0,0
TXN00018071,2026-03-16 12:46:41,USR77840,MCH9351,20771.51,UTR3942697592,1310,SUCCESS,TXN00018071,USR77840,MCH9351,UTR3942697592,0,0,0,0,0,0,0
TXN00004342,2026-02-03 07:24:11,USR39332,MCH4095,1218.58,UTR6131763778,8120,SUCCESS,TXN00004342,USR39332,MCH4095,UTR6131763778,0,0,0,0,0,0,0
TXN00016807,2026-02-08 00:00:00,USR37514,MCH8066,10982.37,UTR8388024309,,SUCCESS,TXN00016807,USR37514,MCH8066,UTR8388024309,0,0,1,0,0,0,0
TXN00009435,2026-01-17 23:48:33,USR60609,MCH8743,7444.34,,8120,SUCCESS,TXN00009435,USR60609,MCH8743,,0,1,0,0,0,0,0
TXN00014531,2026-01-23 13:35:26,USR93522,MCH4404,13097.12,UTR5244859288,4110,FAILED,TXN00014531,USR93522,MCH4404,UTR5244859288,0,0,0,0,0,1,0
TXN00013662,2026-02-03 14:02:39,USR64344,MCH6301,6249.53,UTR8849688646,0110,SUCCESS,TXN00013662,USR64344,MCH6301,UTR8849688646,0,0,0,0,0,0,0
TXN00014538,2026-03-01 20:11:47,USR86118,MCH5913,5994.22,UTR2801777128,4110,SUCCESS,TXN00014538,USR86118,MCH5913,UTR2801777128,0,0,0,0,0,0,0
TXN00001751,2026-02-02 21:15:49,USR36496,MCH5075,13387.4,UTR5515583212,4110,SUCCESS,TXN00001751,USR36496,MCH5075,UTR5515583212,0,0,0,0,0,0,0
TXN00016507,2026-01-21 11:03:13,USR35245,MCH2201,14806.76,UTR5626232332,1310,SUCCESS,TXN00016507,USR35245,MCH2201,UTR5626232332,0,0,0,0,0,0,0
TXN00005786,2026-03-01 00:00:00,USR96840,MCH8326,22740.02,UTR9911376105,9120,SUCCESS,TXN00005786,USR96840,MCH8326,UTR9911376105,0,0,0,0,0,0,0
TXN00005992,2026-04-03 04:41:38,USR55215,MCH4076,13554.96,UTR6654824441,9120,SUCCESS,TXN00005992,USR55215,MCH4076,UTR6654824441,0,0,0,0,0,0,0
TXN00006645,2026-02-07 08:19:44,USR49740,MCH8711,6699.03,UTR6994261680,0110,SUCCESS,TXN00006645,USR49740,MCH8711,UTR6994261680,0,0,0,0,0,0,0
TXN00007202,2026-03-13 04:32:32,USR88003,MCH9796,0.339657,UTR5703656047,,SUCCESS,TXN00007202,USR88003,MCH9796,UTR5703656047,0,0,1,0,0,0,0
TXN00018040,2026-01-08 20:05:11,USR46790,MCH9273,16560.0,UTR6682732952,4110,SUCCESS,TXN00018040,USR46790,MCH9273,UTR6682732952,0,0,0,0,0,0,0
TXN00004343,2026-02-14 05:00:06,USR47184,MCH8739,20513.98,UTR9129577404,,SUCCESS,TXN00004343,USR47184,MCH8739,UTR 9129577404,0,0,1,0,0,0,0
TXN00002247,2026-02-21 12:23:55,USR30016,MCH4659,1600.39,UTR6399811097,4110,SUCCESS,TXN00002247,USR30016,MCH4659,UTR6399811097,0,0,0,0,0,0,0
TXN00010139,2026-02-11 10:56:36,USR19354,MCH7822,14183.0,UTR8912323127,0110,FAILED,TXN00010139,USR19354,MCH7822,UTR 8912323127,0,0,0,0,0,1,0
TXN00003884,2026-03-28 08:22:10,USR12867,MCH5317,5518.95,UTR8253966636,4110,FAILED,TXN00003884,USR12867,MCH5317,UTR8253966636,0,0,0,0,0,1,0
TXN00009153,2026-01-12 09:55:14,USR68541,MCH9074,3378.3,UTR3605308460,9120,SUCCESS,TXN00009153,USR68541,MCH9074,UTR3605308460,0,0,0,0,0,0,0
TXN00000546,2026-03-13 23:11:35,USR29893,MCH6075,8960.49,UTR7223312164,4110,SUCCESS,TXN00000546,USR29893,MCH6075,UTR7223312164,0,0,0,0,0,0,0
TXN00007768,2026-06-02 00:57:02,USR66260,MCH4340,9456.84,UTR3949093125,4110,SUCCESS,TXN00007768,USR66260,MCH4340,UTR3949093125,0,0,0,0,0,0,0
TXN00001064,2026-03-05 03:40:32,USR31026,MCH4746,10449.99,UTR9039828009,1310,SUCCESS,TXN00001064,USR31026,MCH4746,UTR9039828009,0,0,0,0,0,0,0
TXN00002106,2026-01-14 18:35:30,USR94008,MCH9115,7925.87,UTR9102171483,0110,SUCCESS,TXN00002106,USR94008,MCH9115,UTR9102171483,0,0,0,0,0,0,0
TXN00018632,2026-03-01 18:34:33,USR66070,MCH1534,7603.5,UTR3610625230,9120,FAILED,TXN00018632,USR66070,MCH1534,UTR 3610625230,0,0,0,0,0,1,0
TXN00010304,2026-12-01 11:23:45,USR26947,MCH7306,24947.9,UTR0946732013,1310,SUCCESS,TXN00010304,USR26947,MCH7306,UTR 0946732013,0,0,0,0,0,0,0
TXN00019194,2026-02-05 21:52:07,USR71949,MCH9966,6791.51,UTR2845506140,8120,SUCCESS,TXN00019194,USR71949,MCH9966,UTR2845506140,0,0,0,0,0,0,0
TXN00014580,2026-03-20 21:45:10,USR41705,MCH5397,0.549967,UTR4778224961,4110,SUCCESS,TXN00014580,USR41705,MCH5397,UTR4778224961,0,0,0,0,0,0,0
TXN00005916,2026-01-03 15:57:51,USR67756,MCH3135,0.211448,UTR3610510117,9120,FAILED,TXN00005916,USR67756,MCH3135,UTR3610510117,0,0,0,0,0,1,0
TXN00008748,2026-11-01 19:17:47,USR80193,MCH8314,2604.95,UTR2944359234,4110,SUCCESS,TXN00008748,USR80193,MCH8314,UTR2944359234,0,0,0,0,0,0,0
TXN00006940,2026-02-11 04:28:46,USR91189,MCH7186,7758.0,UTR9343151571,1310,FAILED,TXN00006940,USR91189,MCH7186,UTR9343151571,0,0,0,0,0,1,0
TXN00011561,2026-03-24 22:46:59,USR95863,MCH2761,10358.0,UTR6745649171,,SUCCESS,TXN00011561,USR95863,MCH2761,UTR6745649171,0,0,1,0,0,0,0
TXN00018118,2026-03-01 17:32:23,USR16702,MCH1341,22879.37,UTR1403815325,9120,SUCCESS,TXN00018118,USR16702,MCH1341,UTR1403815325,0,0,0,0,0,0,0
TXN00001347,2026-01-03 00:00:00,USR52083,MCH9547,8654.92,UTR2317706014,9120,SUCCESS,TXN00001347,USR52083,MCH9547,UTR2317706014,0,0,0,0,0,0,0
TXN00017166,2026-02-02 12:48:58,USR99212,MCH5885,24274.89,,,SUCCESS,TXN00017166,USR99212,MCH5885,,0,1,1,0,0,0,0
TXN00017821,2026-03-10 00:12:58,USR63630,MCH2784,20435.0,UTR7385931401,4110,SUCCESS,TXN00017821,USR63630,MCH2784,UTR7385931401,0,0,0,0,0,0,0
TXN00018699,2026-03-11 05:43:20,USR97941,MCH6246,6491.55,UTR8108081915,,SUCCESS,TXN00018699,USR97941,MCH6246,UTR8108081915,0,0,1,0,0,0,0
TXN00003510,2026-01-22 04:56:09,USR34483,MCH8873,1569.23,,1310,SUCCESS,TXN00003510,USR34483,MCH8873,,0,1,0,0,0,0,0
TXN00018274,2026-03-01 17:10:34,USR25535,MCH4558,19557.9,UTR7530548341,,FAILED,TXN00018274,USR25535,MCH4558,UTR7530548341,0,0,1,0,0,1,0
TXN00006385,2026-03-24 14:12:30,USR38110,MCH8066,11495.77,UTR5785326564,0110,SUCCESS,TXN00006385,USR38110,MCH8066,UTR 5785326564,0,0,0,0,0,0,0
TXN00017887,2026-03-13 08:14:35,USR48847,MCH2534,7956.22,UTR9049325322,8120,SUCCESS,TXN00017887,USR48847,MCH2534,UTR9049325322,0,0,0,0,0,0,0
TXN00013965,2026-02-25 11:23:22,USR40609,MCH4811,19233.09,UTR7423818900,0110,PENDING,TXN00013965,USR40609,MCH4811,UTR7423818900,0,0,0,0,0,0,1
TXN00001925,2026-12-01 00:49:19,USR31129,MCH6917,19857.0,UTR5660884342,0110,SUCCESS,TXN00001925,USR31129,MCH6917,UTR5660884342,0,0,0,0,0,0,0
TXN00006520,2026-01-01 00:23:43,USR39109,MCH6338,3900.76,UTR3263088227,8120,SUCCESS,TXN00006520,USR39109,MCH6338,UTR3263088227,0,0,0,0,0,0,0
TXN00006081,2026-03-18 12:23:01,USR66189,MCH1631,11188.1,UTR3540650332,4110,SUCCESS,TXN00006081,USR66189,MCH1631,UTR3540650332,0,0,0,0,0,0,0
TXN00000877,2026-02-22 16:22:32,USR42072,MCH9189,17902.0,UTR7546907340,4110,FAILED,TXN00000877,USR42072,MCH9189,UTR7546907340,0,0,0,0,0,1,0
TXN00019239,2026-01-03 18:09:59,USR65957,MCH1069,22868.13,UTR9770626443,9120,SUCCESS,TXN00019239,USR65957,MCH1069,UTR9770626443,0,0,0,0,0,0,0
TXN00005931,2026-03-05 06:18:30,USR55160,MCH8211,1974.88,UTR8170574117,,SUCCESS,TXN00005931,USR55160,MCH8211,UTR 8170574117,0,0,1,0,0,0,0
TXN00011482,2026-03-07 20:06:17,USR64947,MCH4676,9734.18,UTR8915035125,,FAILED,TXN00011482,USR64947,MCH4676,UTR8915035125,0,0,1,0,0,1,0
TXN00018466,2026-01-19 11:03:03,USR78254,MCH9552,20262.14,UTR1576190702,9120,SUCCESS,TXN00018466,USR78254,MCH9552,UTR1576190702,0,0,0,0,0,0,0
TXN00016263,2026-02-21 00:00:00,USR53139,MCH2233,23087.67,UTR5289039442,,SUCCESS,TXN00016263,USR53139,MCH2233,UTR5289039442,0,0,1,0,0,0,0
TXN00016538,2026-01-08 16:04:03,USR79548,MCH9283,9572.2,UTR2612743671,4110,SUCCESS,TXN00016538,USR79548,MCH9283,UTR2612743671,0,0,0,0,0,0,0
TXN00018355,2026-02-27 04:07:29,USR34222,MCH9462,1587.62,,9120,SUCCESS,TXN00018355,USR34222,MCH9462,,0,1,0,0,0,0,0
TXN00017845,2026-01-03 00:31:48,USR77465,MCH5732,24760.04,UTR9866702008,8120,SUCCESS,TXN00017845,USR77465,MCH5732,UTR9866702008,0,0,0,0,0,0,0
TXN00000182,2026-02-07 00:00:00,USR83894,MCH5394,0.28457,UTR1083051105,8120,SUCCESS,TXN00000182,USR83894,MCH5394,UTR1083051105,0,0,0,0,0,0,0
TXN00018883,2026-03-03 00:00:00,USR55620,MCH5676,15748.95,UTR0924170912,1310,SUCCESS,TXN00018883,USR55620,MCH5676,UTR0924170912,0,0,0,0,0,0,0
TXN00008101,2026-01-01 16:49:08,USR82800,MCH6688,20407.53,UTR1880303675,,SUCCESS,TXN00008101,USR82800,MCH6688,UTR1880303675,0,0,1,0,0,0,0
TXN00012414,2026-02-15 00:05:28,USR25530,MCH9844,24301.33,UTR1611891755,8120,FAILED,TXN00012414,USR25530,MCH9844,UTR1611891755,0,0,0,0,0,1,0
TXN00018528,2026-01-06 11:59:59,USR50698,MCH4657,4782.31,UTR0563999655,4110,FAILED,TXN00018528,USR50698,MCH4657,UTR0563999655,0,0,0,0,0,1,0
TXN00018553,2026-02-02 00:02:42,USR64438,MCH7571,12664.09,UTR4721285001,4110,SUCCESS,TXN00018553,USR64438,MCH7571,UTR4721285001,0,0,0,0,0,0,0
TXN00019456,2026-03-20 03:08:11,USR19429,MCH4655,6053.46,UTR6630388940,0110,SUCCESS,TXN00019456,USR19429,MCH4655,UTR6630388940,0,0,0,0,0,0,0
TXN00007969,2026-03-28 04:28:18,USR33033,MCH3119,10514.18,UTR4366639765,,SUCCESS,TXN00007969,USR33033,MCH3119,UTR4366639765,0,0,1,0,0,0,0
TXN00006021,2026-03-05 15:11:38,USR69210,MCH9221,10455.0,UTR6717571035,8120,SUCCESS,TXN00006021,USR69210,MCH9221,UTR6717571035,0,0,0,0,0,0,0
TXN00005186,2026-01-30 22:24:32,USR81259,MCH2519,23533.95,UTR4766764861,8120,SUCCESS,TXN00005186,USR81259,MCH2519,UTR4766764861,0,0,0,0,0,0,0
TXN00004033,2026-01-16 18:32:11,USR19622,MCH8493,2039.93,UTR9653091022,0110,SUCCESS,TXN00004033,USR19622,MCH8493,UTR9653091022,0,0,0,0,0,0,0
TXN00017632,2026-02-21 00:00:00,USR93043,MCH4245,0.1242697,UTR8594853972,4110,SUCCESS,TXN00017632,USR93043,MCH4245,UTR8594853972,0,0,0,0,0,0,0
TXN00001157,2026-03-12 00:42:51,USR19902,MCH8885,3973.54,UTR7246530572,9120,SUCCESS,TXN00001157,USR19902,MCH8885,UTR7246530572,0,0,0,0,0,0,0
TXN00016109,2026-01-01 08:23:23,USR60672,MCH5155,1170.76,UTR2026502119,0110,SUCCESS,TXN00016109,USR60672,MCH5155,UTR2026502119,0,0,0,0,0,0,0
TXN00000707,2026-06-03 17:58:23,USR30875,MCH9208,8065.62,UTR1306550833,4110,SUCCESS,TXN00000707,USR30875,MCH9208,UTR1306550833,0,0,0,0,0,0,0
TXN00006542,2026-02-14 02:58:06,USR23875,MCH7983,20126.12,UTR1488585337,9120,SUCCESS,TXN00006542,USR23875,MCH7983,UTR1488585337,0,0,0,0,0,0,0
TXN00010610,2026-01-02 09:47:47,USR31845,MCH7860,21720.24,UTR4318056037,4110,SUCCESS,TXN00010610,USR31845,MCH7860,UTR4318056037,0,0,0,0,0,0,0
TXN00008456,2026-01-10 19:52:17,USR58621,MCH2016,3548.87,UTR5486045559,,FAILED,TXN00008456,USR58621,MCH2016,UTR 5486045559,0,0,1,0,0,1,0
TXN00006816,2026-02-11 14:29:44,USR17012,MCH8695,3281.0,UTR2682814177,8120,SUCCESS,TXN00006816,USR17012,MCH8695,UTR2682814177,0,0,0,0,0,0,0
TXN00006186,2026-07-02 05:44:14,USR22014,MCH1590,20069.41,,4110,SUCCESS,TXN00006186,USR22014,MCH1590,,0,1,0,0,0,0,0
TXN00013033,2026-03-07 17:06:38,USR40733,MCH5039,10519.24,UTR9881477383,9120,SUCCESS,TXN00013033,USR40733,MCH5039,UTR9881477383,0,0,0,0,0,0,0
TXN00014163,2026-03-07 12:35:50,USR37394,MCH4457,17817.99,UTR8414618678,0110,SUCCESS,TXN00014163,USR37394,MCH4457,UTR8414618678,0,0,0,0,0,0,0
TXN00019131,2026-01-03 07:45:51,USR85747,MCH4865,6015.24,,8120,SUCCESS,TXN00019131,USR85747,MCH4865,,0,1,0,0,0,0,0
TXN00014272,2026-11-02 22:48:41,USR10918,MCH6566,10564.57,UTR9413897382,0110,SUCCESS,TXN00014272,USR10918,MCH6566,UTR9413897382,0,0,0,0,0,0,0
TXN00009263,2026-01-11 14:41:33,USR34443,MCH8329,-17187.87,UTR9215128463,4110,SUCCESS,TXN00009263,USR34443,MCH8329,UTR9215128463,1,0,0,0,0,0,0
TXN00011148,2026-03-03 18:33:47,USR25972,MCH5027,8675.53,UTR7035892663,0110,PENDING,TXN00011148,USR25972,MCH5027,UTR7035892663,0,0,0,0,0,0,1
TXN00007726,2026-01-22 05:17:45,USR65704,MCH8597,3501.62,,1310,SUCCESS,TXN00007726,USR65704,MCH8597,,0,1,0,0,0,0,0
TXN00005925,2026-01-22 11:47:07,USR62850,MCH7546,6144.0,,4110,SUCCESS,TXN00005925,USR62850,MCH7546,,0,1,0,0,0,0,0
TXN00013426,2026-02-22 07:08:38,USR65680,MCH2916,19924.82,UTR6478422133,9120,FAILED,TXN00013426,USR65680,MCH2916,UTR6478422133,0,0,0,0,0,1,0
TXN00005355,2026-01-16 11:57:09,USR82848,MCH3090,13337.76,UTR4597237957,4110,SUCCESS,TXN00005355,USR82848,MCH3090,UTR4597237957,0,0,0,0,0,0,0
TXN00002930,2026-02-18 19:45:27,USR24122,MCH1608,9836.0,UTR7703176508,4110,SUCCESS,TXN00002930,USR24122,MCH1608,UTR7703176508,0,0,0,0,0,0,0
TXN00015737,2026-01-29 12:00:34,USR29505,MCH6286,-6434.47,UTR8394335068,9120,SUCCESS,TXN00015737,USR29505,MCH6286,UTR8394335068,1,0,0,0,0,0,0
TXN00002516,2026-01-25 06:32:58,USR61592,MCH8141,23160.3,UTR5979572937,1310,FAILED,TXN00002516,USR61592,MCH8141,UTR5979572937,0,0,0,0,0,1,0
TXN00011926,2026-01-12 20:24:21,USR28283,MCH3187,21773.59,UTR2886290205,0110,SUCCESS,TXN00011926,USR28283,MCH3187,UTR2886290205,0,0,0,0,0,0,0
TXN00015590,2026-03-24 11:46:53,USR86695,MCH7670,805.73,,8120,SUCCESS,TXN00015590,USR86695,MCH7670,,0,1,0,0,0,0,0
TXN00015253,2026-01-16 21:26:08,USR51996,MCH9248,4925.19,UTR9873038814,8120,SUCCESS,TXN00015253,USR51996,MCH9248,UTR9873038814,0,0,0,0,0,0,0
TXN00004361,2026-01-12 04:10:05,USR52809,MCH9435,1499.08,UTR1726230332,9120,SUCCESS,TXN00004361,USR52809,MCH9435,UTR1726230332,0,0,0,0,0,0,0
TXN00002168,2026-01-21 12:12:39,USR36853,MCH9863,3165.36,UTR6654385785,9120,SUCCESS,TXN00002168,USR36853,MCH9863,UTR6654385785,0,0,0,0,0,0,0
TXN00010376,2026-02-01 05:21:31,USR52174,MCH5530,12342.57,UTR2681055528,9120,SUCCESS,TXN00010376,USR52174,MCH5530,UTR2681055528,0,0,0,0,0,0,0
TXN00002455,2026-02-02 16:43:04,USR57571,MCH2323,14515.89,UTR1525530959,,SUCCESS,TXN00002455,USR57571,MCH2323,UTR 1525530959,0,0,1,0,0,0,0
TXN00000060,2026-03-20 08:44:42,USR62844,MCH5539,8140.0,UTR9020796387,0110,SUCCESS,TXN00000060,USR62844,MCH5539,UTR9020796387,0,0,0,0,0,0,0
TXN00010822,2026-02-03 15:52:12,USR80263,MCH1402,1389.89,UTR1632001954,4110,SUCCESS,TXN00010822,USR80263,MCH1402,UTR1632001954,0,0,0,0,0,0,0
TXN00000535,2026-02-11 00:00:00,USR53090,MCH2744,19227.0,UTR1388926915,4110,SUCCESS,TXN00000535,USR53090,MCH2744,UTR1388926915,0,0,0,0,0,0,0
TXN00005936,2026-03-17 18:14:21,USR91971,MCH3949,18318.0,UTR3203391093,8120,SUCCESS,TXN00005936,USR91971,MCH3949,UTR3203391093,0,0,0,0,0,0,0
TXN00011201,2026-01-16 00:08:20,USR84494,MCH7199,5686.46,UTR1106262688,,SUCCESS,TXN00011201,USR84494,MCH7199,UTR1106262688,0,0,1,0,0,0,0
TXN00007944,2026-03-04 04:39:39,USR24775,MCH6018,0.410637,UTR7288472700,0110,SUCCESS,TXN00007944,USR24775,MCH6018,UTR7288472700,0,0,0,0,0,0,0
TXN00005691,2026-02-16 02:25:15,USR58570,MCH4537,0.582965,UTR2933595288,4110,FAILED,TXN00005691,USR58570,MCH4537,UTR2933595288,0,0,0,0,0,1,0
TXN00018150,2026-01-06 07:26:36,USR24409,MCH5139,16506.38,UTR9687431871,9120,SUCCESS,TXN00018150,USR24409,MCH5139,UTR 9687431871,0,0,0,0,0,0,0
TXN00003847,2026-02-26 05:30:02,USR54864,MCH3524,24279.06,UTR3136614966,4110,SUCCESS,TXN00003847,USR54864,MCH3524,UTR 3136614966,0,0,0,0,0,0,0
TXN00006039,2026-01-22 14:08:37,USR31165,MCH1672,3178.78,UTR0837618096,4110,SUCCESS,TXN00006039,USR31165,MCH1672,UTR0837618096,0,0,0,0,0,0,0
TXN00012416,2026-01-22 18:29:39,USR75361,MCH6178,0.253712,UTR2112735653,9120,SUCCESS,TXN00012416,USR75361,MCH6178,UTR2112735653,0,0,0,0,0,0,0
TXN00001125,2026-03-04 17:03:46,USR53648,MCH9013,16384.5,UTR1163711011,8120,SUCCESS,TXN00001125,USR53648,MCH9013,UTR 1163711011,0,0,0,0,0,0,0
TXN00007404,2026-01-20 15:30:22,USR26391,MCH2722,10118.94,UTR6790582257,4110,SUCCESS,TXN00007404,USR26391,MCH2722,UTR6790582257,0,0,0,0,0,0,0
TXN00000412,2026-01-06 16:16:33,USR88555,MCH6062,23752.0,UTR3661600372,,SUCCESS,TXN00000412,USR88555,MCH6062,UTR3661600372,0,0,1,0,0,0,0
TXN00013767,2026-02-24 23:06:05,USR42758,MCH9728,2173.82,UTR1980439730,1310,SUCCESS,TXN00013767,USR42758,MCH9728,UTR1980439730,0,0,0,0,0,0,0
TXN00018031,2026-01-09 08:24:09,USR57433,MCH7363,12699.35,UTR9992025553,9120,SUCCESS,TXN00018031,USR57433,MCH7363,UTR9992025553,0,0,0,0,0,0,0
TXN00002482,2026-01-28 15:55:48,USR24858,MCH4119,21928.49,UTR5997693870,0110,SUCCESS,TXN00002482,USR24858,MCH4119,UTR5997693870,0,0,0,0,0,0,0
TXN00002232,2026-02-20 20:55:16,USR90651,MCH9688,1213.09,UTR3813909759,4110,SUCCESS,TXN00002232,USR90651,MCH9688,UTR 3813909759,0,0,0,0,0,0,0
TXN00000512,2026-03-14 01:57:22,USR96142,MCH6782,10461.89,UTR5207540329,9120,SUCCESS,TXN00000512,USR96142,MCH6782,UTR5207540329,0,0,0,0,0,0,0
TXN00018915,2026-01-23 14:09:58,USR53634,MCH3163,17359.68,UTR4154442079,1310,SUCCESS,TXN00018915,USR53634,MCH3163,UTR4154442079,0,0,0,0,0,0,0
TXN00006450,2026-02-20 18:55:07,USR54208,MCH6468,13796.68,,0110,FAILED,TXN00006450,USR54208,MCH6468,,0,1,0,0,0,1,0
TXN00018684,2026-01-08 10:57:57,USR65608,MCH5015,2297.88,UTR0681003954,4110,SUCCESS,TXN00018684,USR65608,MCH5015,UTR 0681003954,0,0,0,0,0,0,0
TXN00010278,2026-01-19 17:56:19,USR27506,MCH9435,20756.27,UTR3052003900,4110,SUCCESS,TXN00010278,USR27506,MCH9435,UTR3052003900,0,0,0,0,0,0,0
TXN00010391,2026-01-17 07:35:12,USR90733,MCH3255,22160.55,,4110,SUCCESS,TXN00010391,USR90733,MCH3255,,0,1,0,0,0,0,0
TXN00008364,2026-03-17 08:14:58,USR41713,MCH5759,11339.73,UTR8677838497,9120,SUCCESS,TXN00008364,USR41713,MCH5759,UTR8677838497,0,0,0,0,0,0,0
TXN00014440,2026-01-17 07:11:43,USR58627,MCH5195,8514.53,UTR3565160354,0110,SUCCESS,TXN00014440,USR58627,MCH5195,UTR3565160354,0,0,0,0,0,0,0
TXN00013251,2026-03-01 15:49:53,USR42900,MCH9673,-18223.57,UTR7819437122,8120,SUCCESS,TXN00013251,USR42900,MCH9673,UTR7819437122,1,0,0,0,0,0,0
TXN00014206,2026-01-21 01:07:57,USR49319,MCH6541,16071.5,UTR5315182357,8120,SUCCESS,TXN00014206,USR49319,MCH6541,UTR5315182357,0,0,0,0,0,0,0
TXN00010393,2026-02-05 21:59:35,USR96505,MCH3728,16163.58,UTR9694146010,8120,SUCCESS,TXN00010393,USR96505,MCH3728,UTR9694146010,0,0,0,0,0,0,0
TXN00013669,2026-03-27 10:24:16,USR52762,MCH4666,22401.0,UTR9551476754,4110,SUCCESS,TXN00013669,USR52762,MCH4666,UTR9551476754,0,0,0,0,0,0,0
TXN00010282,2026-01-24 03:42:38,USR60890,MCH9848,9374.53,UTR9752945118,4110,SUCCESS,TXN00010282,USR60890,MCH9848,UTR9752945118,0,0,0,0,0,0,0
TXN00019774,2026-03-11 21:35:19,USR85672,MCH4277,24712.69,UTR1639465915,9120,SUCCESS,TXN00019774,USR85672,MCH4277,UTR1639465915,0,0,0,0,0,0,0
TXN00009053,2026-01-30 13:39:45,USR36131,MCH7833,0.102922,UTR4694022204,9120,SUCCESS,TXN00009053,USR36131,MCH7833,UTR4694022204,0,0,0,0,0,0,0
TXN00004110,2026-02-04 22:40:06,USR76782,MCH4782,14426.26,UTR6799995897,4110,SUCCESS,TXN00004110,USR76782,MCH4782,UTR6799995897,0,0,0,0,0,0,0
TXN00003164,2026-02-02 15:48:25,USR44435,MCH4762,12570.75,UTR4465040450,,SUCCESS,TXN00003164,USR44435,MCH4762,UTR4465040450,0,0,1,0,0,0,0
TXN00006798,2026-03-13 16:42:47,USR22180,MCH2851,7827.99,UTR0490693724,4110,SUCCESS,TXN00006798,USR22180,MCH2851,UTR 0490693724,0,0,0,0,0,0,0
TXN00015959,2026-02-04 01:56:47,USR96752,MCH9704,13448.89,UTR5240697822,8120,PENDING,TXN00015959,USR96752,MCH9704,UTR5240697822,0,0,0,0,0,0,1
TXN00014325,2026-03-04 00:00:00,USR10778,MCH4450,24672.72,UTR7281021497,,SUCCESS,TXN00014325,USR10778,MCH4450,UTR 7281021497,0,0,1,0,0,0,0
TXN00007961,2026-03-05 09:37:50,USR31991,MCH3174,21973.24,UTR0806564823,0110,SUCCESS,TXN00007961,USR31991,MCH3174,UTR0806564823,0,0,0,0,0,0,0
TXN00016542,2026-02-25 06:17:34,USR67236,MCH4431,11271.0,UTR7231363351,9120,SUCCESS,TXN00016542,USR67236,MCH4431,UTR7231363351,0,0,0,0,0,0,0
TXN00018307,2026-01-21 11:09:11,USR28722,MCH9667,12606.73,UTR5313552417,9120,SUCCESS,TXN00018307,USR28722,MCH9667,UTR5313552417,0,0,0,0,0,0,0
TXN00006611,2026-02-27 05:12:22,USR33809,MCH7826,21739.83,UTR8097122805,,SUCCESS,TXN00006611,USR33809,MCH7826,UTR8097122805,0,0,1,0,0,0,0
TXN00010141,2026-03-29 17:03:17,USR51054,MCH7903,806.1,UTR6165112609,4110,FAILED,TXN00010141,USR51054,MCH7903,UTR6165112609,0,0,0,0,0,1,0
TXN00011945,2026-03-25 10:35:10,USR24997,MCH8064,23116.07,UTR3686988054,,SUCCESS,TXN00011945,USR24997,MCH8064,UTR3686988054,0,0,1,0,0,0,0
TXN00011451,2026-03-15 10:18:48,USR93137,MCH2882,4365.22,UTR0242677132,0110,SUCCESS,TXN00011451,USR93137,MCH2882,UTR0242677132,0,0,0,0,0,0,0
TXN00012159,2026-02-04 09:34:57,USR96050,MCH8078,9798.45,UTR5429106828,,SUCCESS,TXN00012159,USR96050,MCH8078,UTR5429106828,0,0,1,0,0,0,0
TXN00002974,2026-03-23 19:14:13,USR18899,MCH9370,18364.0,UTR1482083226,1310,SUCCESS,TXN00002974,USR18899,MCH9370,UTR1482083226,0,0,0,0,0,0,0
TXN00015073,2026-02-17 18:20:49,USR96227,MCH1399,15364.39,UTR6309594555,,SUCCESS,TXN00015073,USR96227,MCH1399,UTR6309594555,0,0,1,0,0,0,0
TXN00011854,2026-01-12 20:55:32,USR52459,MCH5117,18944.0,UTR3271320532,8120,SUCCESS,TXN00011854,USR52459,MCH5117,UTR3271320532,0,0,0,0,0,0,0
TXN00006575,2026-01-14 00:00:00,USR77984,MCH3380,1956.2,UTR6097139117,9120,PENDING,TXN00006575,USR77984,MCH3380,UTR6097139117,0,0,0,0,0,0,1
TXN00008401,2026-01-19 14:29:56,USR68394,MCH1110,12481.0,UTR8581444341,4110,SUCCESS,TXN00008401,USR68394,MCH1110,UTR8581444341,0,0,0,0,0,0,0
TXN00016790,2026-02-14 17:36:16,USR27173,MCH6628,23887.22,UTR0746984710,9120,SUCCESS,TXN00016790,USR27173,MCH6628,UTR0746984710,0,0,0,0,0,0,0
TXN00015061,2026-01-26 00:19:04,USR93775,MCH6380,431.4,UTR6477413101,9120,SUCCESS,TXN00015061,USR93775,MCH6380,UTR6477413101,0,0,0,0,0,0,0
TXN00019727,2026-02-14 19:04:29,USR56838,MCH6441,3171.0,UTR1995200127,9120,FAILED,TXN00019727,USR56838,MCH6441,UTR1995200127,0,0,0,0,0,1,0
TXN00005535,2026-02-10 17:51:46,USR42032,MCH5637,0.409223,UTR5342594803,4110,SUCCESS,TXN00005535,USR42032,MCH5637,UTR5342594803,0,0,0,0,0,0,0
TXN00003336,2026-06-01 02:18:47,USR13080,MCH6638,18751.95,UTR1936887029,4110,PENDING,TXN00003336,USR13080,MCH6638,UTR1936887029,0,0,0,0,0,0,1
TXN00016370,2026-03-31 07:27:39,USR60926,MCH3944,1427.0,UTR7235565462,8120,SUCCESS,TXN00016370,USR60926,MCH3944,UTR7235565462,0,0,0,0,0,0,0
TXN00010193,2026-03-29 01:01:31,USR15510,MCH6693,474.08,UTR4679653301,8120,SUCCESS,TXN00010193,USR15510,MCH6693,UTR4679653301,0,0,0,0,0,0,0
TXN00004577,2026-03-03 10:27:44,USR45396,MCH3093,10272.96,UTR4780466413,,SUCCESS,TXN00004577,USR45396,MCH3093,UTR4780466413,0,0,1,0,0,0,0
TXN00007304,2026-01-17 01:53:22,USR21993,MCH5629,22194.91,UTR0667313976,0110,SUCCESS,TXN00007304,USR21993,MCH5629,UTR0667313976,0,0,0,0,0,0,0
TXN00000431,2026-03-24 15:46:18,USR93359,MCH5938,3583.36,UTR5661703664,,FAILED,TXN00000431,USR93359,MCH5938,UTR 5661703664,0,0,1,0,0,1,0
TXN00000494,2026-01-30 08:54:57,USR67271,MCH1547,-4711.15,UTR7858980350,9120,SUCCESS,TXN00000494,USR67271,MCH1547,UTR 7858980350,1,0,0,0,0,0,0
TXN00000646,2026-03-04 06:45:38,USR64823,MCH7258,22264.28,UTR5157312490,8120,SUCCESS,TXN00000646,USR64823,MCH7258,UTR5157312490,0,0,0,0,0,0,0
TXN00006980,2026-12-02 01:01:17,USR50404,MCH6258,979.94,UTR4343389079,4110,FAILED,TXN00006980,USR50404,MCH6258,UTR 4343389079,0,0,0,0,0,1,0
TXN00015459,2026-01-24 00:29:01,USR27657,MCH1898,16992.0,UTR9931979583,4110,SUCCESS,TXN00015459,USR27657,MCH1898,UTR9931979583,0,0,0,0,0,0,0
TXN00005752,2026-03-18 08:47:44,USR24202,MCH3402,19965.91,UTR1112635682,0110,SUCCESS,TXN00005752,USR24202,MCH3402,UTR 1112635682,0,0,0,0,0,0,0
TXN00008945,2026-01-03 13:02:46,USR61316,MCH1539,7593.3,UTR6939932423,8120,SUCCESS,TXN00008945,USR61316,MCH1539,UTR6939932423,0,0,0,0,0,0,0
TXN00004686,2026-02-24 23:12:24,USR43853,MCH4239,9834.11,,4110,SUCCESS,TXN00004686,USR43853,MCH4239,,0,1,0,0,0,0,0
TXN00001706,2026-03-06 00:00:15,USR48309,MCH9112,2650.56,UTR9436402365,0110,SUCCESS,TXN00001706,USR48309,MCH9112,UTR9436402365,0,0,0,0,0,0,0
TXN00000219,2026-03-02 17:03:18,USR54286,MCH6002,-16244.33,UTR9590998779,,SUCCESS,TXN00000219,USR54286,MCH6002,UTR9590998779,1,0,1,0,0,0,0
TXN00000601,2026-01-18 09:56:26,USR47925,MCH6458,4231.69,UTR5537591487,9120,FAILED,TXN00000601,USR47925,MCH6458,UTR5537591487,0,0,0,0,0,1,0
TXN00002727,2026-02-07 12:56:51,USR34941,MCH7602,1651.71,UTR9388499009,8120,SUCCESS,TXN00002727,USR34941,MCH7602,UTR9388499009,0,0,0,0,0,0,0
TXN00007953,2026-03-30 01:38:00,USR37536,MCH2789,15079.32,UTR4459745240,8120,SUCCESS,TXN00007953,USR37536,MCH2789,UTR4459745240,0,0,0,0,0,0,0
TXN00007244,2026-01-23 17:18:10,USR84915,MCH5530,13303.01,UTR3748030561,9120,PENDING,TXN00007244,USR84915,MCH5530,UTR3748030561,0,0,0,0,0,0,1
TXN00016294,2026-02-22 15:48:50,USR27725,MCH2497,21121.69,,,SUCCESS,TXN00016294,USR27725,MCH2497,,0,1,1,0,0,0,0
TXN00019324,2026-01-02 18:14:05,USR60378,MCH2720,0.6671,UTR8908778942,9120,SUCCESS,TXN00019324,USR60378,MCH2720,UTR8908778942,0,0,0,0,0,0,0
TXN00004978,2026-02-02 12:37:56,USR36144,MCH1793,5157.44,UTR9584934144,,SUCCESS,TXN00004978,USR36144,MCH1793,UTR9584934144,0,0,1,0,0,0,0
TXN00010440,2026-01-17 22:43:42,USR76301,MCH7272,8617.0,UTR6663677021,4110,SUCCESS,TXN00010440,USR76301,MCH7272,UTR6663677021,0,0,0,0,0,0,0
TXN00018653,2026-02-22 01:28:39,USR60027,MCH9025,23913.15,UTR7163852698,0110,SUCCESS,TXN00018653,USR60027,MCH9025,UTR7163852698,0,0,0,0,0,0,0
TXN00010143,2026-03-16 17:57:05,USR99374,MCH5940,0.2311632,UTR9260017215,9120,SUCCESS,TXN00010143,USR99374,MCH5940,UTR9260017215,0,0,0,0,0,0,0
TXN00009493,2026-03-16 09:19:45,USR27819,MCH3900,8718.46,UTR8808037744,8120,SUCCESS,TXN00009493,USR27819,MCH3900,UTR8808037744,0,0,0,0,0,0,0
TXN00013028,2026-02-16 05:45:00,USR93105,MCH1342,0.502927,UTR8150570866,0110,SUCCESS,TXN00013028,USR93105,MCH1342,UTR8150570866,0,0,0,0,0,0,0
TXN00005136,2026-02-26 00:00:00,USR86758,MCH6897,9430.88,UTR6812646044,0110,SUCCESS,TXN00005136,USR86758,MCH6897,UTR6812646044,0,0,0,0,0,0,0
TXN00012654,2026-12-02 12:52:18,USR24944,MCH8269,11381.74,UTR2094174712,0110,SUCCESS,TXN00012654,USR24944,MCH8269,UTR2094174712,0,0,0,0,0,0,0
TXN00007298,2026-02-28 15:54:49,USR59840,MCH1054,12191.82,UTR0049661952,0110,SUCCESS,TXN00007298,USR59840,MCH1054,UTR0049661952,0,0,0,0,0,0,0
TXN00006827,2026-02-15 06:37:50,USR33685,MCH7976,4939.0,UTR8232363627,9120,SUCCESS,TXN00006827,USR33685,MCH7976,UTR8232363627,0,0,0,0,0,0,0
TXN00001558,2026-09-03 06:07:07,USR18757,MCH6873,10281.6,UTR5584146828,9120,SUCCESS,TXN00001558,USR18757,MCH6873,UTR5584146828,0,0,0,0,0,0,0
TXN00005408,2026-02-28 09:58:33,USR15344,MCH7804,0.1109154,UTR5415135585,,FAILED,TXN00005408,USR15344,MCH7804,UTR5415135585,0,0,1,0,0,1,0
TXN00004691,2026-03-28 19:31:52,USR64005,MCH5577,9234.71,UTR7102462322,8120,SUCCESS,TXN00004691,USR64005,MCH5577,UTR7102462322,0,0,0,0,0,0,0
TXN00004533,2026-03-17 06:08:39,USR40780,MCH2570,6178.96,UTR1815570938,9120,SUCCESS,TXN00004533,USR40780,MCH2570,UTR1815570938,0,0,0,0,0,0,0
TXN00019717,2026-03-15 07:21:57,USR46965,MCH8288,617.0,UTR8037165165,8120,PENDING,TXN00019717,USR46965,MCH8288,UTR8037165165,0,0,0,0,0,0,1
TXN00012149,2026-01-25 21:02:56,USR55523,MCH3544,3243.78,UTR6312807557,8120,SUCCESS,TXN00012149,USR55523,MCH3544,UTR 6312807557,0,0,0,0,0,0,0
TXN00006767,2026-01-05 13:28:15,USR37531,MCH2836,24377.43,UTR6834644861,4110,SUCCESS,TXN00006767,USR37531,MCH2836,UTR6834644861,0,0,0,0,0,0,0
TXN00007174,2026-03-24 11:40:54,USR64339,MCH2676,18745.65,UTR7814763867,4110,FAILED,TXN00007174,USR64339,MCH2676,UTR7814763867,0,0,0,0,0,1,0
TXN00015881,2026-02-12 04:03:31,USR40422,MCH6334,841.81,UTR4266843618,4110,SUCCESS,TXN00015881,USR40422,MCH6334,UTR4266843618,0,0,0,0,0,0,0
TXN00003916,2026-03-30 14:51:54,USR16288,MCH6168,9884.93,UTR8184388114,0110,SUCCESS,TXN00003916,USR16288,MCH6168,UTR8184388114,0,0,0,0,0,0,0
TXN00016859,2026-02-15 11:39:28,USR59385,MCH5164,20676.98,UTR9521785172,4110,SUCCESS,TXN00016859,USR59385,MCH5164,UTR9521785172,0,0,0,0,0,0,0
TXN00010450,2026-03-02 21:27:44,USR39334,MCH8181,24844.39,UTR7838089518,9120,SUCCESS,TXN00010450,USR39334,MCH8181,UTR7838089518,0,0,0,0,0,0,0
TXN00008587,2026-03-29 06:52:40,USR75661,MCH6929,0.2184065,UTR8297803433,1310,SUCCESS,TXN00008587,USR75661,MCH6929,UTR8297803433,0,0,0,0,0,0,0
TXN00018429,2026-01-20 12:48:47,USR52239,MCH4645,0.937994,UTR1100355103,1310,SUCCESS,TXN00018429,USR52239,MCH4645,UTR1100355103,0,0,0,0,0,0,0
TXN00000405,2026-03-06 06:16:18,USR46924,MCH7574,8008.04,UTR5759815882,9120,SUCCESS,TXN00000405,USR46924,MCH7574,UTR5759815882,0,0,0,0,0,0,0
TXN00016635,2026-01-08 13:18:25,USR85486,MCH1304,-9896.48,UTR4930845995,9120,SUCCESS,TXN00016635,USR85486,MCH1304,UTR4930845995,1,0,0,0,0,0,0
TXN00003981,2026-03-03 19:43:50,USR61616,MCH5494,20810.76,UTR0835191657,4110,SUCCESS,TXN00003981,USR61616,MCH5494,UTR0835191657,0,0,0,0,0,0,0
TXN00012964,2026-03-02 20:59:29,USR96487,MCH3084,4994.57,UTR9764945970,4110,SUCCESS,TXN00012964,USR96487,MCH3084,UTR9764945970,0,0,0,0,0,0,0
TXN00002495,2026-03-23 00:00:00,USR86831,MCH7808,12786.77,UTR7144243249,9120,SUCCESS,TXN00002495,USR86831,MCH7808,UTR7144243249,0,0,0,0,0,0,0
TXN00009563,2026-03-03 02:46:22,USR53892,MCH6900,17270.62,UTR0414839639,1310,SUCCESS,TXN00009563,USR53892,MCH6900,UTR0414839639,0,0,0,0,0,0,0
TXN00012056,2026-02-24 05:28:09,USR48463,MCH2118,12751.75,UTR9849231620,4110,SUCCESS,TXN00012056,USR48463,MCH2118,UTR9849231620,0,0,0,0,0,0,0
TXN00002275,2026-02-15 01:05:20,USR47723,MCH3444,23763.77,UTR7000312203,,FAILED,TXN00002275,USR47723,MCH3444,UTR7000312203,0,0,1,0,0,1,0
TXN00009625,2026-01-11 00:00:00,USR87183,MCH7958,9667.22,UTR3958812761,4110,SUCCESS,TXN00009625,USR87183,MCH7958,UTR3958812761,0,0,0,0,0,0,0
TXN00013305,2026-02-23 20:33:43,USR80263,MCH3904,15398.66,UTR3522979686,1310,SUCCESS,TXN00013305,USR80263,MCH3904,UTR 3522979686,0,0,0,0,0,0,0
TXN00010271,2026-03-27 22:41:54,USR44359,MCH6322,9611.01,UTR1789540021,8120,SUCCESS,TXN00010271,USR44359,MCH6322,UTR1789540021,0,0,0,0,0,0,0
TXN00001828,2026-02-27 00:36:07,USR77970,MCH9637,24212.53,UTR0683325734,4110,SUCCESS,TXN00001828,USR77970,MCH9637,UTR0683325734,0,0,0,0,0,0,0
TXN00001904,2026-01-17 22:36:27,USR53323,MCH4244,892.43,UTR7248027423,8120,SUCCESS,TXN00001904,USR53323,MCH4244,UTR7248027423,0,0,0,0,0,0,0
TXN00015629,2026-02-11 12:45:53,USR82578,MCH5265,22095.6,UTR9256108595,1310,SUCCESS,TXN00015629,USR82578,MCH5265,UTR9256108595,0,0,0,0,0,0,0
TXN00014553,2026-02-18 10:07:00,USR83343,MCH2299,0.1902258,UTR3814588260,4110,PENDING,TXN00014553,USR83343,MCH2299,UTR3814588260,0,0,0,0,0,0,1
TXN00010358,2026-03-01 18:31:06,USR65344,MCH6402,9429.98,UTR6534641870,4110,SUCCESS,TXN00010358,USR65344,MCH6402,UTR6534641870,0,0,0,0,0,0,0
TXN00012601,2026-02-10 08:37:06,USR69012,MCH5046,6942.0,UTR2290885650,9120,SUCCESS,TXN00012601,USR69012,MCH5046,UTR2290885650,0,0,0,0,0,0,0
TXN00008348,2026-01-26 13:38:53,USR56110,MCH4054,830.31,UTR8786656943,0110,FAILED,TXN00008348,USR56110,MCH4054,UTR 8786656943,0,0,0,0,0,1,0
TXN00008469,2026-02-24 05:13:15,USR51123,MCH5519,7380.33,UTR5678392076,1310,SUCCESS,TXN00008469,USR51123,MCH5519,UTR5678392076,0,0,0,0,0,0,0
TXN00009454,2026-03-31 16:13:46,USR19439,MCH5070,4731.36,UTR4008630589,0110,SUCCESS,TXN00009454,USR19439,MCH5070,UTR4008630589,0,0,0,0,0,0,0
TXN00007183,2026-02-27 06:53:03,USR29456,MCH5107,0.195043,UTR2594458311,9120,SUCCESS,TXN00007183,USR29456,MCH5107,UTR2594458311,0,0,0,0,0,0,0
TXN00008619,2026-03-05 09:05:08,USR51039,MCH5434,384.81,UTR9726497593,4110,SUCCESS,TXN00008619,USR51039,MCH5434,UTR9726497593,0,0,0,0,0,0,0
TXN00010802,2026-01-08 11:18:00,USR88110,MCH4318,0.2093263,UTR8869592782,9120,SUCCESS,TXN00010802,USR88110,MCH4318,UTR8869592782,0,0,0,0,0,0,0
TXN00018399,2026-01-04 15:11:27,USR71302,MCH6616,20676.15,UTR8215429069,0110,SUCCESS,TXN00018399,USR71302,MCH6616,UTR8215429069,0,0,0,0,0,0,0
TXN00003562,2026-02-14 21:25:10,USR93020,MCH1997,0.2056131,,4110,FAILED,TXN00003562,USR93020,MCH1997,,0,1,0,0,0,1,0
TXN00012972,2026-02-13 00:00:00,USR31786,MCH6810,23156.0,UTR5160034116,4110,SUCCESS,TXN00012972,USR31786,MCH6810,UTR5160034116,0,0,0,0,0,0,0
TXN00010691,2026-03-02 21:43:35,USR44217,MCH7194,18138.05,UTR5185936752,,SUCCESS,TXN00010691,USR44217,MCH7194,UTR5185936752,0,0,1,0,0,0,0
TXN00003369,2026-02-21 22:59:42,USR99013,MCH8433,0.478126,UTR9428462088,4110,SUCCESS,TXN00003369,USR99013,MCH8433,UTR9428462088,0,0,0,0,0,0,0
TXN00005284,2026-02-04 08:44:51,USR76472,MCH1564,0.2227959,UTR5854889399,8120,SUCCESS,TXN00005284,USR76472,MCH1564,UTR5854889399,0,0,0,0,0,0,0
TXN00017071,2026-08-03 20:26:21,USR63835,MCH4826,8856.35,UTR4306655880,9120,SUCCESS,TXN00017071,USR63835,MCH4826,UTR4306655880,0,0,0,0,0,0,0
TXN00015758,2026-06-01 13:58:37,USR41963,MCH2289,6677.43,UTR8103744831,0110,SUCCESS,TXN00015758,USR41963,MCH2289,UTR8103744831,0,0,0,0,0,0,0
TXN00000660,2026-01-04 17:08:44,USR63578,MCH2823,14273.75,UTR0976141859,0110,SUCCESS,TXN00000660,USR63578,MCH2823,UTR0976141859,0,0,0,0,0,0,0
TXN00011527,2026-02-06 00:00:00,USR72363,MCH8567,2773.37,UTR9241252674,8120,FAILED,TXN00011527,USR72363,MCH8567,UTR9241252674,0,0,0,0,0,1,0
TXN00012388,2026-02-05 16:14:11,USR39967,MCH7716,-11288.89,,8120,SUCCESS,TXN00012388,USR39967,MCH7716,,1,1,0,0,0,0,0
TXN00015429,2026-02-11 01:46:51,USR67397,MCH5493,21613.28,UTR7400784030,9120,SUCCESS,TXN00015429,USR67397,MCH5493,UTR7400784030,0,0,0,0,0,0,0
TXN00004360,2026-03-11 00:14:06,USR97327,MCH1575,4629.11,UTR0655170639,,SUCCESS,TXN00004360,USR97327,MCH1575,UTR0655170639,0,0,1,0,0,0,0
TXN00015688,2026-02-21 21:04:01,USR73696,MCH7213,2956.48,UTR0561711664,9120,SUCCESS,TXN00015688,USR73696,MCH7213,UTR0561711664,0,0,0,0,0,0,0
TXN00003451,2026-01-01 15:54:55,USR73195,MCH6428,11374.56,UTR0364459208,4110,SUCCESS,TXN00003451,USR73195,MCH6428,UTR 0364459208,0,0,0,0,0,0,0
TXN00014945,2026-03-20 06:44:44,USR60648,MCH2144,3447.43,UTR6934199593,0110,SUCCESS,TXN00014945,USR60648,MCH2144,UTR6934199593,0,0,0,0,0,0,0
TXN00012597,2026-03-03 04:57:41,USR99366,MCH2689,17389.94,UTR7890836544,4110,PENDING,TXN00012597,USR99366,MCH2689,UTR7890836544,0,0,0,0,0,0,1
TXN00007850,2026-03-21 01:12:06,USR72150,MCH9066,350.86,UTR8657488258,,SUCCESS,TXN00007850,USR72150,MCH9066,UTR8657488258,0,0,1,0,0,0,0
TXN00015053,2026-01-16 13:22:30,USR74506,MCH1071,2108.9,UTR4703899329,4110,SUCCESS,TXN00015053,USR74506,MCH1071,UTR4703899329,0,0,0,0,0,0,0
TXN00014244,2026-02-14 22:09:30,USR82554,MCH3949,10839.84,UTR0550485184,9120,SUCCESS,TXN00014244,USR82554,MCH3949,UTR0550485184,0,0,0,0,0,0,0
TXN00010098,2026-01-04 07:19:23,USR33088,MCH2734,18023.2,UTR7639551281,4110,SUCCESS,TXN00010098,USR33088,MCH2734,UTR7639551281,0,0,0,0,0,0,0
TXN00007562,2026-01-01 00:00:00,USR72191,MCH2737,16598.15,UTR2497935583,8120,SUCCESS,TXN00007562,USR72191,MCH2737,UTR2497935583,0,0,0,0,0,0,0
TXN00000295,2026-01-23 08:12:22,USR47118,MCH3273,3185.24,UTR9764185318,4110,SUCCESS,TXN00000295,USR47118,MCH3273,UTR9764185318,0,0,0,0,0,0,0
TXN00000322,2026-02-15 21:24:11,USR28098,MCH7067,17867.75,UTR0034956356,4110,SUCCESS,TXN00000322,USR28098,MCH7067,UTR0034956356,0,0,0,0,0,0,0
TXN00010936,2026-01-29 03:20:46,USR99688,MCH2689,4809.13,UTR8959521103,9120,SUCCESS,TXN00010936,USR99688,MCH2689,UTR8959521103,0,0,0,0,0,0,0
TXN00010433,2026-01-14 21:25:07,USR49938,MCH2917,-16047.97,UTR5825043827,,SUCCESS,TXN00010433,USR49938,MCH2917,UTR5825043827,1,0,1,0,0,0,0
TXN00003387,2026-01-19 02:08:15,USR13581,MCH6725,0.609248,UTR4821696773,4110,SUCCESS,TXN00003387,USR13581,MCH6725,UTR4821696773,0,0,0,0,0,0,0
TXN00001502,2026-02-22 18:17:01,USR76965,MCH9367,11984.76,UTR8884250812,4110,SUCCESS,TXN00001502,USR76965,MCH9367,UTR8884250812,0,0,0,0,0,0,0
TXN00015089,2026-03-11 15:45:45,USR53532,MCH3294,14888.38,UTR4951461342,8120,FAILED,TXN00015089,USR53532,MCH3294,UTR4951461342,0,0,0,0,0,1,0
TXN00001310,2026-03-18 22:57:30,USR33246,MCH5718,20372.48,UTR8220431126,4110,SUCCESS,TXN00001310,USR33246,MCH5718,UTR8220431126,0,0,0,0,0,0,0
TXN00002788,2026-03-24 09:32:34,USR23895,MCH4125,4931.17,UTR2345772441,8120,PENDING,TXN00002788,USR23895,MCH4125,UTR2345772441,0,0,0,0,0,0,1
TXN00019150,2026-01-29 11:39:09,USR40635,MCH5423,23072.6,UTR3747168641,4110,FAILED,TXN00019150,USR40635,MCH5423,UTR3747168641,0,0,0,0,0,1,0
TXN00015133,2026-03-16 21:12:53,USR46235,MCH4487,22779.28,UTR2362946095,,SUCCESS,TXN00015133,USR46235,MCH4487,UTR2362946095,0,0,1,0,0,0,0
TXN00009124,2026-02-06 18:23:06,USR49452,MCH5012,0.2237772,UTR7982292248,4110,FAILED,TXN00009124,USR49452,MCH5012,UTR7982292248,0,0,0,0,0,1,0
TXN00014789,2026-07-02 07:35:42,USR51101,MCH6342,2192.31,UTR7357883392,9120,SUCCESS,TXN00014789,USR51101,MCH6342,UTR7357883392,0,0,0,0,0,0,0
TXN00016588,2026-03-31 05:46:30,USR94090,MCH6065,6779.0,UTR2195554371,4110,SUCCESS,TXN00016588,USR94090,MCH6065,UTR2195554371,0,0,0,0,0,0,0
TXN00006134,2026-03-03 14:29:23,USR69863,MCH1809,1946.32,UTR3750140002,4110,SUCCESS,TXN00006134,USR69863,MCH1809,UTR3750140002,0,0,0,0,0,0,0
TXN00017930,2026-03-13 22:41:02,USR10571,MCH8136,21343.86,UTR2262935896,9120,FAILED,TXN00017930,USR10571,MCH8136,UTR2262935896,0,0,0,0,0,1,0
TXN00013918,2026-03-06 10:04:19,USR29240,MCH4044,18414.99,UTR3141874538,1310,SUCCESS,TXN00013918,USR29240,MCH4044,UTR3141874538,0,0,0,0,0,0,0
TXN00019232,2026-12-03 23:19:05,USR89793,MCH4885,0.466727,UTR7613049211,4110,SUCCESS,TXN00019232,USR89793,MCH4885,UTR7613049211,0,0,0,0,0,0,0
TXN00012933,2026-01-28 13:35:59,USR40025,MCH7656,13347.68,UTR1197086839,4110,SUCCESS,TXN00012933,USR40025,MCH7656,UTR1197086839,0,0,0,0,0,0,0
TXN00012203,2026-03-26 15:09:38,USR41549,MCH2961,3270.03,UTR8393562885,4110,FAILED,TXN00012203,USR41549,MCH2961,UTR 8393562885,0,0,0,0,0,1,0
TXN00003116,2026-03-16 05:11:26,USR37047,MCH7559,21937.98,UTR8593134109,0110,SUCCESS,TXN00003116,USR37047,MCH7559,UTR8593134109,0,0,0,0,0,0,0
TXN00016376,2026-01-18 06:55:40,USR54188,MCH6917,5056.5,UTR1273924707,9120,FAILED,TXN00016376,USR54188,MCH6917,UTR1273924707,0,0,0,0,0,1,0
TXN00011759,2026-01-31 22:30:56,USR42593,MCH8079,22743.86,,1310,SUCCESS,TXN00011759,USR42593,MCH8079,,0,1,0,0,0,0,0
TXN00013845,2026-03-22 17:24:32,USR83882,MCH9055,10662.76,UTR1470748065,8120,SUCCESS,TXN00013845,USR83882,MCH9055,UTR1470748065,0,0,0,0,0,0,0
TXN00005896,2026-06-02 03:54:37,USR69393,MCH1682,6153.01,UTR9275239112,,FAILED,TXN00005896,USR69393,MCH1682,UTR9275239112,0,0,1,0,0,1,0
TXN00007786,2026-03-14 00:00:00,USR80420,MCH7953,12236.0,UTR2176043350,1310,SUCCESS,TXN00007786,USR80420,MCH7953,UTR2176043350,0,0,0,0,0,0,0
TXN00019213,2026-02-24 18:31:16,USR91293,MCH1713,16072.22,UTR2432603828,4110,SUCCESS,TXN00019213,USR91293,MCH1713,UTR2432603828,0,0,0,0,0,0,0
TXN00002793,2026-01-04 09:05:14,USR47921,MCH1223,14242.8,UTR0982046623,9120,SUCCESS,TXN00002793,USR47921,MCH1223,UTR0982046623,0,0,0,0,0,0,0
TXN00008942,2026-01-11 08:47:43,USR14741,MCH3503,9758.0,UTR2855811309,1310,SUCCESS,TXN00008942,USR14741,MCH3503,UTR2855811309,0,0,0,0,0,0,0
TXN00010835,2026-03-23 01:34:07,USR33716,MCH3930,12672.21,UTR3608776902,4110,SUCCESS,TXN00010835,USR33716,MCH3930,UTR3608776902,0,0,0,0,0,0,0
TXN00008395,2026-01-18 08:15:30,USR28074,MCH1390,19706.11,UTR9922805153,1310,SUCCESS,TXN00008395,USR28074,MCH1390,UTR9922805153,0,0,0,0,0,0,0
TXN00007230,2026-03-26 16:21:43,USR97209,MCH1848,10589.72,UTR2454023822,4110,PENDING,TXN00007230,USR97209,MCH1848,UTR2454023822,0,0,0,0,0,0,1
TXN00005049,2026-01-06 02:44:06,USR15789,MCH8440,8367.72,,4110,SUCCESS,TXN00005049,USR15789,MCH8440,,0,1,0,0,0,0,0
TXN00008229,2026-08-03 03:52:32,USR70208,MCH3623,14737.4,UTR0957831777,9120,SUCCESS,TXN00008229,USR70208,MCH3623,UTR0957831777,0,0,0,0,0,0,0
TXN00010283,2026-02-17 11:59:40,USR33286,MCH1054,23138.98,UTR2700883580,4110,SUCCESS,TXN00010283,USR33286,MCH1054,UTR2700883580,0,0,0,0,0,0,0
TXN00018488,2026-02-25 06:13:16,USR16229,MCH7953,7650.38,UTR6333212729,0110,FAILED,TXN00018488,USR16229,MCH7953,UTR6333212729,0,0,0,0,0,1,0
TXN00010656,2026-01-13 21:14:28,USR91114,MCH4644,23364.61,UTR2222226346,4110,SUCCESS,TXN00010656,USR91114,MCH4644,UTR2222226346,0,0,0,0,0,0,0
TXN00001614,2026-03-08 04:42:36,USR43482,MCH3885,8115.1,UTR0009144964,,FAILED,TXN00001614,USR43482,MCH3885,UTR0009144964,0,0,1,0,0,1,0
TXN00016382,2026-03-07 23:11:39,USR50879,MCH9578,15001.0,UTR6472802945,1310,SUCCESS,TXN00016382,USR50879,MCH9578,UTR6472802945,0,0,0,0,0,0,0
TXN00001750,2026-03-26 12:10:18,USR60160,MCH5621,3436.37,UTR1833324520,9120,SUCCESS,TXN00001750,USR60160,MCH5621,UTR1833324520,0,0,0,0,0,0,0
TXN00012892,2026-01-28 03:56:10,USR61487,MCH4619,12946.03,UTR3107185032,9120,SUCCESS,TXN00012892,USR61487,MCH4619,UTR 3107185032,0,0,0,0,0,0,0
TXN00000631,2026-03-19 05:17:21,USR33281,MCH1949,17836.61,UTR9170450332,1310,SUCCESS,TXN00000631,USR33281,MCH1949,UTR9170450332,0,0,0,0,0,0,0
TXN00014129,2026-02-25 02:33:04,USR97697,MCH4671,16425.76,UTR8209123167,,SUCCESS,TXN00014129,USR97697,MCH4671,UTR8209123167,0,0,1,0,0,0,0
TXN00003810,2026-01-02 05:25:02,USR38963,MCH2428,1328.6,UTR2218226519,0110,SUCCESS,TXN00003810,USR38963,MCH2428,UTR2218226519,0,0,0,0,0,0,0
TXN00008354,2026-03-03 00:00:00,USR99732,MCH1101,13714.54,UTR9751339898,,SUCCESS,TXN00008354,USR99732,MCH1101,UTR9751339898,0,0,1,0,0,0,0
TXN00006067,2026-03-30 14:34:11,USR81239,MCH7096,12167.2,UTR6712897480,9120,PENDING,TXN00006067,USR81239,MCH7096,UTR6712897480,0,0,0,0,0,0,1
TXN00012374,2026-03-19 18:41:57,USR81018,MCH9961,7127.16,UTR6167698426,9120,SUCCESS,TXN00012374,USR81018,MCH9961,UTR6167698426,0,0,0,0,0,0,0
TXN00000788,2026-01-24 00:00:00,USR93085,MCH6932,10027.28,UTR9509315965,0110,SUCCESS,TXN00000788,USR93085,MCH6932,UTR9509315965,0,0,0,0,0,0,0
TXN00003734,2026-02-15 23:22:43,USR46318,MCH5839,12542.93,UTR8059646782,4110,SUCCESS,TXN00003734,USR46318,MCH5839,UTR8059646782,0,0,0,0,0,0,0
TXN00016325,2026-01-10 23:34:37,USR72447,MCH3733,22651.0,UTR8972546781,4110,SUCCESS,TXN00016325,USR72447,MCH3733,UTR8972546781,0,0,0,0,0,0,0
TXN00019433,2026-03-16 04:06:04,USR52932,MCH3385,8193.63,UTR8973915796,4110,SUCCESS,TXN00019433,USR52932,MCH3385,UTR8973915796,0,0,0,0,0,0,0
TXN00004392,2026-03-01 14:58:22,USR49655,MCH3624,13536.34,UTR7966747949,0110,SUCCESS,TXN00004392,USR49655,MCH3624,UTR7966747949,0,0,0,0,0,0,0
TXN00011610,2026-07-01 08:37:35,USR45598,MCH4060,9649.06,UTR9913906007,4110,SUCCESS,TXN00011610,USR45598,MCH4060,UTR9913906007,0,0,0,0,0,0,0
TXN00006212,2026-01-17 00:12:23,USR79756,MCH4557,3092.0,UTR1161384497,4110,SUCCESS,TXN00006212,USR79756,MCH4557,UTR1161384497,0,0,0,0,0,0,0
TXN00019400,2026-02-06 22:08:25,USR77128,MCH9804,9302.51,UTR1902553834,0110,SUCCESS,TXN00019400,USR77128,MCH9804,UTR1902553834,0,0,0,0,0,0,0
TXN00014678,2026-03-31 11:19:34,USR37976,MCH4491,19128.43,UTR2077775349,9120,SUCCESS,TXN00014678,USR37976,MCH4491,UTR2077775349,0,0,0,0,0,0,0
TXN00008902,2026-02-20 20:33:18,USR18766,MCH6342,22815.48,UTR2777543725,4110,SUCCESS,TXN00008902,USR18766,MCH6342,UTR2777543725,0,0,0,0,0,0,0
TXN00004666,2026-03-09 16:48:03,USR74794,MCH7980,17737.63,UTR8635639231,0110,SUCCESS,TXN00004666,USR74794,MCH7980,UTR8635639231,0,0,0,0,0,0,0
TXN00001969,2026-01-27 16:50:01,USR43786,MCH4747,8369.0,UTR3551469209,9120,FAILED,TXN00001969,USR43786,MCH4747,UTR3551469209,0,0,0,0,0,1,0
TXN00010913,2026-01-16 18:52:47,USR88757,MCH3864,5069.53,UTR9922768494,4110,SUCCESS,TXN00010913,USR88757,MCH3864,UTR9922768494,0,0,0,0,0,0,0
TXN00012463,2026-02-04 12:16:34,USR48367,MCH3789,24753.0,UTR4159262581,9120,SUCCESS,TXN00012463,USR48367,MCH3789,UTR4159262581,0,0,0,0,0,0,0
TXN00019990,2026-02-12 22:07:20,USR53408,MCH8134,23720.53,UTR6710432815,8120,PENDING,TXN00019990,USR53408,MCH8134,UTR6710432815,0,0,0,0,0,0,1
TXN00000351,2026-01-25 03:24:40,USR20831,MCH1307,12583.38,UTR2449906609,0110,SUCCESS,TXN00000351,USR20831,MCH1307,UTR2449906609,0,0,0,0,0,0,0
TXN00004759,2026-03-25 12:44:17,USR24010,MCH1738,11523.73,UTR8518190988,9120,SUCCESS,TXN00004759,USR24010,MCH1738,UTR8518190988,0,0,0,0,0,0,0
TXN00000966,2026-01-02 21:09:58,USR51839,MCH9142,8898.26,UTR6879116663,4110,SUCCESS,TXN00000966,USR51839,MCH9142,UTR6879116663,0,0,0,0,0,0,0
TXN00010846,2026-02-17 04:48:28,USR25159,MCH4942,21384.31,UTR9466835631,4110,SUCCESS,TXN00010846,USR25159,MCH4942,UTR9466835631,0,0,0,0,0,0,0
TXN00010017,2026-03-14 10:39:24,USR30388,MCH3583,183.87,UTR5406213589,1310,SUCCESS,TXN00010017,USR30388,MCH3583,UTR5406213589,0,0,0,0,0,0,0
TXN00004274,2026-02-22 18:47:06,USR31613,MCH2246,11940.63,UTR0998889235,9120,SUCCESS,TXN00004274,USR31613,MCH2246,UTR 0998889235,0,0,0,0,0,0,0
TXN00004132,2026-02-01 11:58:38,USR66807,MCH7023,5455.11,UTR0742119682,,PENDING,TXN00004132,USR66807,MCH7023,UTR0742119682,0,0,1,0,0,0,1
TXN00017192,2026-12-02 11:13:10,USR36274,MCH8656,17930.82,UTR5834013186,8120,SUCCESS,TXN00017192,USR36274,MCH8656,UTR 5834013186,0,0,0,0,0,0,0
TXN00017087,2026-03-05 01:44:06,USR50216,MCH6803,19863.09,UTR2164415759,8120,SUCCESS,TXN00017087,USR50216,MCH6803,UTR2164415759,0,0,0,0,0,0,0
TXN00014359,2026-03-21 15:43:57,USR15741,MCH2401,21911.97,UTR4907022958,,SUCCESS,TXN00014359,USR15741,MCH2401,UTR4907022958,0,0,1,0,0,0,0
TXN00005741,2026-02-24 00:25:21,USR84100,MCH8075,22275.44,UTR9312919714,,SUCCESS,TXN00005741,USR84100,MCH8075,UTR9312919714,0,0,1,0,0,0,0
TXN00000841,2026-01-26 03:57:36,USR37057,MCH7425,337.23,UTR1499679250,8120,SUCCESS,TXN00000841,USR37057,MCH7425,UTR1499679250,0,0,0,0,0,0,0
TXN00000521,2026-01-20 18:24:58,USR39009,MCH1745,14857.0,UTR6050557807,4110,SUCCESS,TXN00000521,USR39009,MCH1745,UTR6050557807,0,0,0,0,0,0,0
TXN00007258,2026-01-04 20:59:04,USR87024,MCH4035,1106.59,UTR8922515798,8120,SUCCESS,TXN00007258,USR87024,MCH4035,UTR8922515798,0,0,0,0,0,0,0
TXN00011689,2026-03-19 18:53:52,USR67451,MCH5404,8227.84,UTR7229703998,9120,SUCCESS,TXN00011689,USR67451,MCH5404,UTR7229703998,0,0,0,0,0,0,0
TXN00019790,2026-08-03 12:13:16,USR33306,MCH9991,0.1528966,UTR9004101932,,SUCCESS,TXN00019790,USR33306,MCH9991,UTR9004101932,0,0,1,0,0,0,0
TXN00004448,2026-03-07 06:07:48,USR23709,MCH1405,19980.96,UTR2633180982,4110,SUCCESS,TXN00004448,USR23709,MCH1405,UTR2633180982,0,0,0,0,0,0,0
TXN00006957,2026-03-01 07:20:54,USR51869,MCH5912,13523.73,UTR7825366272,9120,SUCCESS,TXN00006957,USR51869,MCH5912,UTR7825366272,0,0,0,0,0,0,0
TXN00003574,2026-02-26 03:33:46,USR19514,MCH1684,-24736.38,UTR0124297500,8120,SUCCESS,TXN00003574,USR19514,MCH1684,UTR0124297500,1,0,0,0,0,0,0
TXN00019804,2026-03-11 22:01:30,USR35700,MCH2218,14932.14,UTR6666766103,4110,SUCCESS,TXN00019804,USR35700,MCH2218,UTR6666766103,0,0,0,0,0,0,0
TXN00014809,2026-03-28 02:02:46,USR30571,MCH6380,16802.98,UTR6790071013,1310,FAILED,TXN00014809,USR30571,MCH6380,UTR6790071013,0,0,0,0,0,1,0
TXN00002431,2026-01-30 23:42:36,USR27112,MCH8359,15077.54,UTR1713693595,9120,SUCCESS,TXN00002431,USR27112,MCH8359,UTR1713693595,0,0,0,0,0,0,0
TXN00003439,2026-02-11 12:37:14,USR69208,MCH9921,23205.27,UTR9757524715,4110,SUCCESS,TXN00003439,USR69208,MCH9921,UTR9757524715,0,0,0,0,0,0,0
TXN00008630,2026-04-01 23:57:41,USR86298,MCH4863,0.1717203,UTR3714580556,0110,SUCCESS,TXN00008630,USR86298,MCH4863,UTR3714580556,0,0,0,0,0,0,0
TXN00003708,2026-03-27 00:00:00,USR59151,MCH9420,0.694384,UTR6637346849,1310,PENDING,TXN00003708,USR59151,MCH9420,UTR6637346849,0,0,0,0,0,0,1
TXN00012877,2026-10-02 17:03:07,USR83967,MCH4459,15585.0,UTR0961468795,,FAILED,TXN00012877,USR83967,MCH4459,UTR0961468795,0,0,1,0,0,1,0
TXN00012308,2026-03-23 06:17:53,USR97704,MCH8769,0.2396768,UTR0546999692,9120,PENDING,TXN00012308,USR97704,MCH8769,UTR0546999692,0,0,0,0,0,0,1
TXN00004465,2026-02-07 06:06:32,USR35776,MCH6815,-16889.65,UTR5921811514,,SUCCESS,TXN00004465,USR35776,MCH6815,UTR5921811514,1,0,1,0,0,0,0
TXN00011969,2026-03-23 16:03:10,USR36280,MCH1292,6451.0,UTR7735067652,4110,FAILED,TXN00011969,USR36280,MCH1292,UTR7735067652,0,0,0,0,0,1,0
TXN00000860,2026-02-02 14:34:53,USR14304,MCH5584,1652.06,UTR4703691513,0110,SUCCESS,TXN00000860,USR14304,MCH5584,UTR4703691513,0,0,0,0,0,0,0
TXN00017869,2026-03-08 00:37:21,USR41698,MCH3382,12859.56,UTR0548179467,0110,SUCCESS,TXN00017869,USR41698,MCH3382,UTR0548179467,0,0,0,0,0,0,0
TXN00009890,2026-01-08 13:56:38,USR31231,MCH5699,7405.2,UTR3728948063,,SUCCESS,TXN00009890,USR31231,MCH5699,UTR3728948063,0,0,1,0,0,0,0
TXN00005567,2026-02-03 04:28:15,USR48304,MCH8407,17420.26,UTR6185599090,4110,SUCCESS,TXN00005567,USR48304,MCH8407,UTR6185599090,0,0,0,0,0,0,0
TXN00006360,2026-01-14 10:28:56,USR36102,MCH5278,16843.51,UTR3630655572,4110,SUCCESS,TXN00006360,USR36102,MCH5278,UTR3630655572,0,0,0,0,0,0,0
TXN00000855,2026-01-08 12:32:57,USR78697,MCH8615,5136.44,UTR3685526203,0110,FAILED,TXN00000855,USR78697,MCH8615,UTR 3685526203,0,0,0,0,0,1,0
TXN00009268,2026-01-09 12:17:07,USR55084,MCH5250,7010.55,UTR9640920803,,SUCCESS,TXN00009268,USR55084,MCH5250,UTR9640920803,0,0,1,0,0,0,0
TXN00002638,2026-02-19 06:09:33,USR20408,MCH6004,19028.33,UTR7146864873,0110,SUCCESS,TXN00002638,USR20408,MCH6004,UTR7146864873,0,0,0,0,0,0,0
TXN00008964,2026-01-14 00:26:40,USR32143,MCH8502,-301.01,UTR7416323055,1310,FAILED,TXN00008964,USR32143,MCH8502,UTR7416323055,1,0,0,0,0,1,0
TXN00018477,2026-02-24 05:51:32,USR17246,MCH2003,14159.12,UTR7952847482,8120,SUCCESS,TXN00018477,USR17246,MCH2003,UTR7952847482,0,0,0,0,0,0,0
TXN00005433,2026-03-31 01:17:13,USR59449,MCH4794,16925.04,UTR0469643229,0110,SUCCESS,TXN00005433,USR59449,MCH4794,UTR0469643229,0,0,0,0,0,0,0
TXN00014298,2026-03-12 03:20:09,USR45690,MCH6744,-122.0,UTR6011311528,,SUCCESS,TXN00014298,USR45690,MCH6744,UTR 6011311528,1,0,1,0,0,0,0
TXN00000831,2026-03-22 00:00:00,USR73183,MCH8403,5622.87,UTR1287550054,4110,FAILED,TXN00000831,USR73183,MCH8403,UTR1287550054,0,0,0,0,0,1,0
TXN00003804,2026-03-10 07:53:58,USR45353,MCH8084,24589.34,UTR3961028655,,SUCCESS,TXN00003804,USR45353,MCH8084,UTR3961028655,0,0,1,0,0,0,0
TXN00011829,2026-03-27 23:52:32,USR78601,MCH6762,4126.88,UTR9045500014,4110,SUCCESS,TXN00011829,USR78601,MCH6762,UTR9045500014,0,0,0,0,0,0,0
TXN00013945,2026-02-08 22:16:19,USR90333,MCH3020,5975.83,UTR0594343188,4110,SUCCESS,TXN00013945,USR90333,MCH3020,UTR0594343188,0,0,0,0,0,0,0
TXN00018323,2026-02-14 14:40:12,USR50445,MCH7361,19496.23,UTR8018269411,4110,SUCCESS,TXN00018323,USR50445,MCH7361,UTR8018269411,0,0,0,0,0,0,0
TXN00003242,2026-01-21 03:08:28,USR63346,MCH8277,10729.32,UTR3305085193,4110,SUCCESS,TXN00003242,USR63346,MCH8277,UTR 3305085193,0,0,0,0,0,0,0
TXN00013284,2026-01-06 21:16:57,USR44944,MCH8717,0.589079,,0110,FAILED,TXN00013284,USR44944,MCH8717,,0,1,0,0,0,1,0
TXN00012891,2026-03-22 07:03:28,USR88439,MCH9584,16501.51,UTR0134020933,0110,SUCCESS,TXN00012891,USR88439,MCH9584,UTR0134020933,0,0,0,0,0,0,0
TXN00013834,2026-02-23 20:05:24,USR32830,MCH3350,24822.66,UTR4097168144,4110,SUCCESS,TXN00013834,USR32830,MCH3350,UTR4097168144,0,0,0,0,0,0,0
TXN00001458,2026-02-16 20:18:19,USR81549,MCH4127,16916.07,UTR0158710679,1310,SUCCESS,TXN00001458,USR81549,MCH4127,UTR0158710679,0,0,0,0,0,0,0
TXN00004787,2026-02-21 12:10:25,USR34582,MCH9944,21898.86,UTR0151187604,,SUCCESS,TXN00004787,USR34582,MCH9944,UTR0151187604,0,0,1,0,0,0,0
TXN00003004,2026-03-20 03:03:33,USR44177,MCH5238,15625.6,,9120,SUCCESS,TXN00003004,USR44177,MCH5238,,0,1,0,0,0,0,0
TXN00010645,2026-02-13 22:15:53,USR82816,MCH4970,5369.31,UTR6785316566,1310,SUCCESS,TXN00010645,USR82816,MCH4970,UTR6785316566,0,0,0,0,0,0,0
TXN00004836,2026-03-24 05:48:58,USR99662,MCH7571,2195.29,UTR3530974544,,SUCCESS,TXN00004836,USR99662,MCH7571,UTR3530974544,0,0,1,0,0,0,0
TXN00016728,2026-02-18 16:51:32,USR88689,MCH6929,1202.87,UTR4097885145,9120,SUCCESS,TXN00016728,USR88689,MCH6929,UTR4097885145,0,0,0,0,0,0,0
TXN00002819,2026-03-05 00:00:00,USR26794,MCH4086,235.87,UTR5886072899,,SUCCESS,TXN00002819,USR26794,MCH4086,UTR5886072899,0,0,1,0,0,0,0
TXN00000706,2026-01-31 00:41:07,USR53418,MCH2687,24749.11,UTR4249682750,4110,PENDING,TXN00000706,USR53418,MCH2687,UTR4249682750,0,0,0,0,0,0,1
TXN00019681,2026-02-17 13:20:36,USR30390,MCH2169,21121.95,UTR2247960010,0110,SUCCESS,TXN00019681,USR30390,MCH2169,UTR2247960010,0,0,0,0,0,0,0
TXN00017990,2026-01-29 03:14:25,USR15485,MCH4580,0.83244,UTR6741275528,4110,SUCCESS,TXN00017990,USR15485,MCH4580,UTR6741275528,0,0,0,0,0,0,0
TXN00018928,2026-03-11 15:33:52,USR46497,MCH1235,12360.96,UTR9821572175,8120,SUCCESS,TXN00018928,USR46497,MCH1235,UTR9821572175,0,0,0,0,0,0,0
TXN00017356,2026-01-27 13:41:20,USR84879,MCH9254,9835.49,UTR0589589596,8120,SUCCESS,TXN00017356,USR84879,MCH9254,UTR0589589596,0,0,0,0,0,0,0
TXN00019928,2026-02-24 09:13:57,USR93628,MCH8015,6559.73,UTR5021460115,9120,SUCCESS,TXN00019928,USR93628,MCH8015,UTR5021460115,0,0,0,0,0,0,0
TXN00004109,2026-02-13 04:18:34,USR13235,MCH1145,22260.7,UTR3962061278,4110,SUCCESS,TXN00004109,USR13235,MCH1145,UTR3962061278,0,0,0,0,0,0,0
TXN00012707,2026-02-24 01:30:32,USR35989,MCH6549,4533.0,UTR9863570375,9120,PENDING,TXN00012707,USR35989,MCH6549,UTR9863570375,0,0,0,0,0,0,1
TXN00007231,2026-01-15 04:40:06,USR96411,MCH1335,242.66,,8120,SUCCESS,TXN00007231,USR96411,MCH1335,,0,1,0,0,0,0,0
TXN00014540,2026-03-29 01:38:51,USR66319,MCH4970,8184.22,UTR6380191038,8120,SUCCESS,TXN00014540,USR66319,MCH4970,UTR 6380191038,0,0,0,0,0,0,0
TXN00007634,2026-03-31 05:50:19,USR38931,MCH9057,24590.0,UTR8932832616,4110,SUCCESS,TXN00007634,USR38931,MCH9057,UTR8932832616,0,0,0,0,0,0,0
TXN00004405,2026-03-10 07:52:44,USR43053,MCH3168,24737.74,UTR3614666828,8120,SUCCESS,TXN00004405,USR43053,MCH3168,UTR3614666828,0,0,0,0,0,0,0
TXN00013655,2026-03-15 00:12:05,USR69540,MCH2614,14770.0,UTR1114562376,4110,SUCCESS,TXN00013655,USR69540,MCH2614,UTR1114562376,0,0,0,0,0,0,0
TXN00014039,2026-02-28 15:30:04,USR75054,MCH1450,13104.12,UTR5936372697,1310,SUCCESS,TXN00014039,USR75054,MCH1450,UTR5936372697,0,0,0,0,0,0,0
TXN00001340,2026-01-09 20:48:25,USR36748,MCH5237,776.01,UTR0306763853,,SUCCESS,TXN00001340,USR36748,MCH5237,UTR0306763853,0,0,1,0,0,0,0
TXN00014051,2026-01-28 08:44:49,USR91528,MCH8812,16339.26,UTR3243015451,0110,SUCCESS,TXN00014051,USR91528,MCH8812,UTR3243015451,0,0,0,0,0,0,0
TXN00003963,2026-01-22 22:17:07,USR26270,MCH5674,726.02,UTR0538458200,8120,SUCCESS,TXN00003963,USR26270,MCH5674,UTR0538458200,0,0,0,0,0,0,0
TXN00008535,2026-03-28 10:36:23,USR76385,MCH7751,13537.97,UTR8331510687,,SUCCESS,TXN00008535,USR76385,MCH7751,UTR8331510687,0,0,1,0,0,0,0
TXN00018350,2026-02-21 00:20:59,USR57423,MCH2637,6669.01,UTR0878429625,4110,SUCCESS,TXN00018350,USR57423,MCH2637,UTR 0878429625,0,0,0,0,0,0,0
TXN00004904,2026-02-22 02:17:11,USR18558,MCH5578,7698.9,UTR4781159046,8120,SUCCESS,TXN00004904,USR18558,MCH5578,UTR4781159046,0,0,0,0,0,0,0
TXN00000319,2026-03-27 16:06:05,USR20127,MCH8472,3919.36,UTR5666481239,9120,SUCCESS,TXN00000319,USR20127,MCH8472,UTR5666481239,0,0,0,0,0,0,0
TXN00016056,2026-03-24 03:31:40,USR13425,MCH1894,19047.71,UTR1893342280,9120,SUCCESS,TXN00016056,USR13425,MCH1894,UTR1893342280,0,0,0,0,0,0,0
TXN00016867,2026-01-18 12:04:02,USR18387,MCH5277,20330.65,UTR7248465339,1310,SUCCESS,TXN00016867,USR18387,MCH5277,UTR7248465339,0,0,0,0,0,0,0
TXN00015143,2026-01-22 13:37:38,USR14080,MCH9371,17791.0,UTR4054944367,9120,SUCCESS,TXN00015143,USR14080,MCH9371,UTR4054944367,0,0,0,0,0,0,0
TXN00019112,2026-01-18 11:14:02,USR99702,MCH2541,0.959905,UTR1636350136,4110,SUCCESS,TXN00019112,USR99702,MCH2541,UTR1636350136,0,0,0,0,0,0,0
TXN00017916,2026-12-03 16:51:54,USR80042,MCH8012,5281.71,UTR1083524718,0110,SUCCESS,TXN00017916,USR80042,MCH8012,UTR1083524718,0,0,0,0,0,0,0
TXN00012759,2026-03-15 09:03:30,USR55621,MCH4534,5341.53,UTR7962044527,1310,FAILED,TXN00012759,USR55621,MCH4534,UTR 7962044527,0,0,0,0,0,1,0
TXN00019631,2026-02-15 18:26:32,USR76993,MCH5516,-10395.88,UTR5583478277,1310,SUCCESS,TXN00019631,USR76993,MCH5516,UTR5583478277,1,0,0,0,0,0,0
TXN00007067,2026-01-14 19:56:40,USR67028,MCH5146,867.1,UTR9357794687,4110,SUCCESS,TXN00007067,USR67028,MCH5146,UTR9357794687,0,0,0,0,0,0,0
TXN00016399,2026-02-05 20:05:40,USR57040,MCH7063,1147.0,,4110,SUCCESS,TXN00016399,USR57040,MCH7063,,0,1,0,0,0,0,0
TXN00009720,2026-03-03 18:17:48,USR53016,MCH1661,17964.32,UTR5188889901,8120,SUCCESS,TXN00009720,USR53016,MCH1661,UTR5188889901,0,0,0,0,0,0,0
TXN00018874,2026-02-13 02:08:57,USR16207,MCH6561,2261.68,UTR8088191807,4110,SUCCESS,TXN00018874,USR16207,MCH6561,UTR8088191807,0,0,0,0,0,0,0
TXN00012736,2026-02-04 11:46:17,USR30483,MCH8921,0.1170684,UTR8222479340,8120,FAILED,TXN00012736,USR30483,MCH8921,UTR8222479340,0,0,0,0,0,1,0
TXN00019630,2026-02-25 22:38:45,USR63524,MCH7583,16316.22,UTR2983244425,8120,SUCCESS,TXN00019630,USR63524,MCH7583,UTR2983244425,0,0,0,0,0,0,0
TXN00004082,2026-02-26 21:11:16,USR55947,MCH5417,0.584099,,4110,SUCCESS,TXN00004082,USR55947,MCH5417,,0,1,0,0,0,0,0
TXN00012106,2026-03-25 03:24:41,USR96497,MCH7819,21190.64,UTR6089116862,,SUCCESS,TXN00012106,USR96497,MCH7819,UTR6089116862,0,0,1,0,0,0,0
TXN00003271,2026-02-24 04:26:10,USR55017,MCH3718,6339.28,UTR8199891452,9120,SUCCESS,TXN00003271,USR55017,MCH3718,UTR8199891452,0,0,0,0,0,0,0
TXN00009449,2026-03-29 20:41:59,USR18820,MCH9744,8086.62,UTR4666013573,,SUCCESS,TXN00009449,USR18820,MCH9744,UTR4666013573,0,0,1,0,0,0,0
TXN00016835,2026-03-18 00:00:00,USR85557,MCH5840,18060.68,UTR3047850769,4110,PENDING,TXN00016835,USR85557,MCH5840,UTR3047850769,0,0,0,0,0,0,1
TXN00001406,2026-02-10 02:56:11,USR47001,MCH7562,11871.03,UTR7325457245,9120,PENDING,TXN00001406,USR47001,MCH7562,UTR7325457245,0,0,0,0,0,0,1
TXN00006852,2026-01-18 20:26:45,USR96551,MCH7126,23287.94,UTR0029004058,0110,SUCCESS,TXN00006852,USR96551,MCH7126,UTR0029004058,0,0,0,0,0,0,0
TXN00014281,2026-02-08 05:02:27,USR79707,MCH1299,22331.23,UTR7874609973,8120,SUCCESS,TXN00014281,USR79707,MCH1299,UTR7874609973,0,0,0,0,0,0,0
TXN00016747,2026-03-11 04:51:25,USR58355,MCH2515,-21063.38,UTR3183673358,4110,SUCCESS,TXN00016747,USR58355,MCH2515,UTR3183673358,1,0,0,0,0,0,0
TXN00001189,2026-01-27 15:11:30,USR62620,MCH9194,0.753108,UTR4897486392,4110,SUCCESS,TXN00001189,USR62620,MCH9194,UTR4897486392,0,0,0,0,0,0,0
TXN00012508,2026-01-11 07:46:06,USR52508,MCH5883,23914.16,UTR8203480985,0110,SUCCESS,TXN00012508,USR52508,MCH5883,UTR8203480985,0,0,0,0,0,0,0
TXN00005099,2026-03-23 00:00:00,USR14127,MCH9153,10549.0,UTR9281697558,9120,SUCCESS,TXN00005099,USR14127,MCH9153,UTR9281697558,0,0,0,0,0,0,0
TXN00004018,2026-01-04 04:40:00,USR94849,MCH5480,22393.29,UTR2402265155,4110,SUCCESS,TXN00004018,USR94849,MCH5480,UTR2402265155,0,0,0,0,0,0,0
TXN00002134,2026-07-03 10:27:39,USR36687,MCH8826,13189.72,UTR2048070643,9120,SUCCESS,TXN00002134,USR36687,MCH8826,UTR2048070643,0,0,0,0,0,0,0
TXN00011522,2026-12-01 13:36:09,USR86466,MCH9384,456.78,UTR7270286587,8120,SUCCESS,TXN00011522,USR86466,MCH9384,UTR7270286587,0,0,0,0,0,0,0
TXN00017776,2026-01-11 18:50:30,USR81890,MCH7606,17936.02,UTR2856573244,9120,FAILED,TXN00017776,USR81890,MCH7606,UTR2856573244,0,0,0,0,0,1,0
TXN00003570,2026-03-21 06:28:26,USR29058,MCH1371,-21556.45,UTR0886109236,8120,SUCCESS,TXN00003570,USR29058,MCH1371,UTR0886109236,1,0,0,0,0,0,0
TXN00000960,2026-03-22 18:31:26,USR92040,MCH1669,18453.46,UTR5673101314,9120,SUCCESS,TXN00000960,USR92040,MCH1669,UTR5673101314,0,0,0,0,0,0,0
TXN00018427,2026-01-28 18:38:11,USR84344,MCH2599,14966.6,UTR9179491179,4110,FAILED,TXN00018427,USR84344,MCH2599,UTR9179491179,0,0,0,0,0,1,0
TXN00009664,2026-01-21 05:13:48,USR40771,MCH8570,990.93,,4110,SUCCESS,TXN00009664,USR40771,MCH8570,,0,1,0,0,0,0,0
TXN00014296,2026-09-03 18:33:37,USR41965,MCH5492,18899.3,UTR0866574651,9120,FAILED,TXN00014296,USR41965,MCH5492,UTR0866574651,0,0,0,0,0,1,0
TXN00010856,2026-02-25 01:47:31,USR54038,MCH9833,0.1392439,UTR1642369155,1310,SUCCESS,TXN00010856,USR54038,MCH9833,UTR1642369155,0,0,0,0,0,0,0
TXN00017165,2026-01-31 19:45:39,USR82810,MCH3041,22457.83,UTR4675025613,8120,SUCCESS,TXN00017165,USR82810,MCH3041,UTR4675025613,0,0,0,0,0,0,0
TXN00006210,2026-03-14 19:53:45,USR74867,MCH4110,1290.1,UTR7295577745,4110,SUCCESS,TXN00006210,USR74867,MCH4110,UTR7295577745,0,0,0,0,0,0,0
TXN00009149,2026-02-13 07:51:25,USR25761,MCH7106,10235.82,UTR6733727294,4110,SUCCESS,TXN00009149,USR25761,MCH7106,UTR6733727294,0,0,0,0,0,0,0
TXN00012196,2026-01-14 18:24:28,USR46178,MCH7755,11247.5,UTR6943767905,9120,SUCCESS,TXN00012196,USR46178,MCH7755,UTR6943767905,0,0,0,0,0,0,0
TXN00014420,2026-01-24 03:50:21,USR92656,MCH8129,4940.23,UTR3843899231,1310,SUCCESS,TXN00014420,USR92656,MCH8129,UTR 3843899231,0,0,0,0,0,0,0
TXN00018960,2026-08-03 02:52:58,USR88411,MCH1400,21274.76,UTR2066179769,4110,SUCCESS,TXN00018960,USR88411,MCH1400,UTR 2066179769,0,0,0,0,0,0,0
TXN00007980,2026-01-18 20:29:09,USR13906,MCH7380,17732.0,UTR3193859800,8120,PENDING,TXN00007980,USR13906,MCH7380,UTR3193859800,0,0,0,0,0,0,1
TXN00003458,2026-02-02 00:04:57,USR59377,MCH6342,17275.19,UTR5847069998,,SUCCESS,TXN00003458,USR59377,MCH6342,UTR5847069998,0,0,1,0,0,0,0
TXN00001180,2026-01-29 18:18:15,USR19571,MCH3515,13536.25,UTR6900157138,8120,SUCCESS,TXN00001180,USR19571,MCH3515,UTR6900157138,0,0,0,0,0,0,0
TXN00006809,2026-01-19 03:41:13,USR30631,MCH6457,8349.27,UTR3791729842,0110,SUCCESS,TXN00006809,USR30631,MCH6457,UTR3791729842,0,0,0,0,0,0,0
TXN00000391,2026-02-06 19:04:16,USR98436,MCH5714,24762.72,,8120,SUCCESS,TXN00000391,USR98436,MCH5714,,0,1,0,0,0,0,0
TXN00010301,2026-03-12 00:04:46,USR25565,MCH4425,22781.75,UTR3748271663,8120,SUCCESS,TXN00010301,USR25565,MCH4425,UTR3748271663,0,0,0,0,0,0,0
TXN00011221,2026-02-10 12:29:14,USR21265,MCH8149,1650.04,UTR4475460597,9120,SUCCESS,TXN00011221,USR21265,MCH8149,UTR4475460597,0,0,0,0,0,0,0
TXN00015920,2026-03-03 01:27:41,USR43313,MCH4159,-19468.52,UTR4582822691,8120,SUCCESS,TXN00015920,USR43313,MCH4159,UTR 4582822691,1,0,0,0,0,0,0
TXN00019375,2026-01-28 10:30:17,USR41551,MCH3639,17694.0,UTR4142383119,,SUCCESS,TXN00019375,USR41551,MCH3639,UTR4142383119,0,0,1,0,0,0,0
TXN00007883,2026-02-24 13:52:39,USR97755,MCH6761,13745.06,UTR6318530017,1310,FAILED,TXN00007883,USR97755,MCH6761,UTR6318530017,0,0,0,0,0,1,0
TXN00014143,2026-03-26 04:07:39,USR11482,MCH8100,13438.57,UTR2513623327,9120,SUCCESS,TXN00014143,USR11482,MCH8100,UTR2513623327,0,0,0,0,0,0,0
TXN00000428,2026-01-06 12:32:20,USR68559,MCH1289,22194.0,UTR3221535710,9120,SUCCESS,TXN00000428,USR68559,MCH1289,UTR3221535710,0,0,0,0,0,0,0
TXN00000964,2026-01-08 22:51:19,USR73908,MCH7164,9738.5,UTR6398803443,4110,SUCCESS,TXN00000964,USR73908,MCH7164,UTR6398803443,0,0,0,0,0,0,0
TXN00017512,2026-01-28 16:11:02,USR22312,MCH1971,10026.3,UTR7020721558,8120,SUCCESS,TXN00017512,USR22312,MCH1971,UTR7020721558,0,0,0,0,0,0,0
TXN00013379,2026-01-31 21:42:06,USR71257,MCH1888,15864.98,UTR2932942162,4110,SUCCESS,TXN00013379,USR71257,MCH1888,UTR2932942162,0,0,0,0,0,0,0
TXN00017555,2026-01-29 23:25:28,USR70148,MCH7442,23032.95,UTR2053412012,4110,SUCCESS,TXN00017555,USR70148,MCH7442,UTR2053412012,0,0,0,0,0,0,0
TXN00014158,2026-03-28 20:54:14,USR33358,MCH6878,15174.72,UTR4419554769,9120,SUCCESS,TXN00014158,USR33358,MCH6878,UTR4419554769,0,0,0,0,0,0,0
TXN00012676,2026-03-22 21:13:07,USR84532,MCH6448,18832.46,UTR3278010573,0110,SUCCESS,TXN00012676,USR84532,MCH6448,UTR3278010573,0,0,0,0,0,0,0
TXN00002745,2026-03-21 20:11:38,USR13208,MCH4429,15564.12,UTR4718301234,1310,SUCCESS,TXN00002745,USR13208,MCH4429,UTR4718301234,0,0,0,0,0,0,0
TXN00015321,2026-02-15 00:26:17,USR25521,MCH5677,19570.57,UTR5847793928,4110,SUCCESS,TXN00015321,USR25521,MCH5677,UTR5847793928,0,0,0,0,0,0,0
TXN00001881,2026-03-22 13:36:56,USR55561,MCH1401,17225.24,,4110,SUCCESS,TXN00001881,USR55561,MCH1401,,0,1,0,0,0,0,0
TXN00002521,2026-02-06 00:59:12,USR93128,MCH1501,17316.39,UTR9050324379,4110,SUCCESS,TXN00002521,USR93128,MCH1501,UTR9050324379,0,0,0,0,0,0,0
TXN00018056,2026-01-26 08:46:55,USR83605,MCH2301,16688.29,UTR5677572317,,SUCCESS,TXN00018056,USR83605,MCH2301,UTR5677572317,0,0,1,0,0,0,0
TXN00005100,2026-03-09 07:52:50,USR25450,MCH9045,1007.66,UTR4079430094,4110,FAILED,TXN00005100,USR25450,MCH9045,UTR4079430094,0,0,0,0,0,1,0
TXN00008969,2026-03-11 03:07:29,USR21594,MCH3553,14287.77,UTR6484142498,0110,SUCCESS,TXN00008969,USR21594,MCH3553,UTR6484142498,0,0,0,0,0,0,0
TXN00003368,2026-01-23 13:06:44,USR15488,MCH3981,-6745.1,UTR2524903146,,SUCCESS,TXN00003368,USR15488,MCH3981,UTR2524903146,1,0,1,0,0,0,0
TXN00011029,2026-02-11 03:36:02,USR90618,MCH6720,20779.87,UTR6158214470,4110,SUCCESS,TXN00011029,USR90618,MCH6720,UTR6158214470,0,0,0,0,0,0,0
TXN00017600,2026-01-30 13:02:50,USR37385,MCH3698,19417.2,UTR6716673697,4110,SUCCESS,TXN00017600,USR37385,MCH3698,UTR6716673697,0,0,0,0,0,0,0
TXN00010633,2026-03-16 14:58:57,USR33480,MCH2637,5504.88,UTR5887175403,1310,SUCCESS,TXN00010633,USR33480,MCH2637,UTR5887175403,0,0,0,0,0,0,0
TXN00010361,2026-03-20 02:30:45,USR32032,MCH5785,22004.48,UTR0232209407,1310,SUCCESS,TXN00010361,USR32032,MCH5785,UTR0232209407,0,0,0,0,0,0,0
TXN00012907,2026-03-02 00:28:52,USR70265,MCH6848,0.143651,UTR5928662092,,SUCCESS,TXN00012907,USR70265,MCH6848,UTR 5928662092,0,0,1,0,0,0,0
TXN00012691,2026-01-09 08:50:30,USR19365,MCH6172,14792.3,UTR5112006070,4110,SUCCESS,TXN00012691,USR19365,MCH6172,UTR5112006070,0,0,0,0,0,0,0
TXN00005264,2026-03-22 12:32:23,USR29391,MCH6258,1374.71,UTR0172750519,0110,SUCCESS,TXN00005264,USR29391,MCH6258,UTR0172750519,0,0,0,0,0,0,0
TXN00015730,2026-03-24 14:27:15,USR20969,MCH7789,5438.66,UTR2222917862,4110,SUCCESS,TXN00015730,USR20969,MCH7789,UTR2222917862,0,0,0,0,0,0,0
TXN00003678,2026-03-17 08:21:33,USR88349,MCH3118,9499.99,UTR0238448590,4110,SUCCESS,TXN00003678,USR88349,MCH3118,UTR0238448590,0,0,0,0,0,0,0
TXN00004968,2026-03-14 19:06:20,USR10191,MCH5661,17880.97,UTR1306237847,4110,SUCCESS,TXN00004968,USR10191,MCH5661,UTR1306237847,0,0,0,0,0,0,0
TXN00017208,2026-01-26 06:22:48,USR81190,MCH4112,11708.0,UTR6921659613,1310,SUCCESS,TXN00017208,USR81190,MCH4112,UTR6921659613,0,0,0,0,0,0,0
TXN00006066,2026-03-16 01:43:41,USR33228,MCH5448,19850.94,UTR7451217744,1310,SUCCESS,TXN00006066,USR33228,MCH5448,UTR7451217744,0,0,0,0,0,0,0
TXN00015316,2026-03-19 05:14:31,USR10923,MCH9944,20956.02,,1310,SUCCESS,TXN00015316,USR10923,MCH9944,,0,1,0,0,0,0,0
TXN00006165,2026-02-06 05:23:21,USR27037,MCH1832,6374.05,UTR7327396744,9120,SUCCESS,TXN00006165,USR27037,MCH1832,UTR7327396744,0,0,0,0,0,0,0
TXN00007556,2026-03-08 11:09:02,USR42295,MCH6698,11245.48,UTR5292282402,9120,SUCCESS,TXN00007556,USR42295,MCH6698,UTR5292282402,0,0,0,0,0,0,0
TXN00003128,2026-03-19 04:14:41,USR47400,MCH1953,2037.92,UTR8273211925,4110,SUCCESS,TXN00003128,USR47400,MCH1953,UTR8273211925,0,0,0,0,0,0,0
TXN00014187,2026-02-20 08:15:59,USR30637,MCH6429,11478.32,UTR2574959288,8120,SUCCESS,TXN00014187,USR30637,MCH6429,UTR2574959288,0,0,0,0,0,0,0
TXN00009306,2026-03-02 17:25:44,USR22011,MCH8253,3482.61,UTR8830816927,0110,SUCCESS,TXN00009306,USR22011,MCH8253,UTR8830816927,0,0,0,0,0,0,0
TXN00017085,2026-01-11 01:53:58,USR25769,MCH8068,-14219.42,UTR4238116238,1310,SUCCESS,TXN00017085,USR25769,MCH8068,UTR4238116238,1,0,0,0,0,0,0
TXN00013172,2026-02-25 00:00:00,USR60111,MCH5954,10861.58,UTR3174544291,,SUCCESS,TXN00013172,USR60111,MCH5954,UTR3174544291,0,0,1,0,0,0,0
TXN00003198,2026-01-23 02:12:50,USR32940,MCH1644,21909.22,UTR9573577938,1310,SUCCESS,TXN00003198,USR32940,MCH1644,UTR9573577938,0,0,0,0,0,0,0
TXN00002870,2026-03-10 21:24:12,USR35320,MCH3448,8832.73,UTR3889474591,4110,SUCCESS,TXN00002870,USR35320,MCH3448,UTR3889474591,0,0,0,0,0,0,0
TXN00005002,2026-10-01 23:47:08,USR66468,MCH2234,11841.16,UTR9203680385,,SUCCESS,TXN00005002,USR66468,MCH2234,UTR9203680385,0,0,1,0,0,0,0
TXN00019051,2026-02-05 03:26:22,USR50982,MCH3543,3722.14,UTR9370800318,4110,SUCCESS,TXN00019051,USR50982,MCH3543,UTR9370800318,0,0,0,0,0,0,0
TXN00011647,2026-02-02 14:51:39,USR60104,MCH3839,8817.25,UTR5523486839,4110,SUCCESS,TXN00011647,USR60104,MCH3839,UTR 5523486839,0,0,0,0,0,0,0
TXN00009009,2026-05-01 01:27:44,USR36347,MCH9852,12458.26,UTR4969008299,1310,SUCCESS,TXN00009009,USR36347,MCH9852,UTR4969008299,0,0,0,0,0,0,0
TXN00017124,2026-03-30 03:46:42,USR19561,MCH8557,20012.0,UTR6346300351,1310,SUCCESS,TXN00017124,USR19561,MCH8557,UTR6346300351,0,0,0,0,0,0,0
TXN00011980,2026-01-26 08:06:15,USR44667,MCH3183,6883.26,UTR5186954728,8120,FAILED,TXN00011980,USR44667,MCH3183,UTR5186954728,0,0,0,0,0,1,0
TXN00019128,2026-01-04 07:24:07,USR90806,MCH6030,11137.53,UTR2671617621,,SUCCESS,TXN00019128,USR90806,MCH6030,UTR2671617621,0,0,1,0,0,0,0
TXN00018777,2026-02-11 20:30:02,USR46800,MCH4928,5177.84,UTR0889282277,4110,SUCCESS,TXN00018777,USR46800,MCH4928,UTR0889282277,0,0,0,0,0,0,0
TXN00013600,2026-11-01 11:17:12,USR80618,MCH3433,23481.21,UTR3766514141,4110,PENDING,TXN00013600,USR80618,MCH3433,UTR3766514141,0,0,0,0,0,0,1
TXN00007533,2026-08-02 15:42:34,USR50844,MCH1636,0.562231,UTR2792908103,9120,PENDING,TXN00007533,USR50844,MCH1636,UTR2792908103,0,0,0,0,0,0,1
TXN00008844,2026-01-30 08:28:16,USR23531,MCH6063,21908.55,UTR7698599064,4110,SUCCESS,TXN00008844,USR23531,MCH6063,UTR7698599064,0,0,0,0,0,0,0
TXN00015574,2026-03-29 01:09:36,USR26433,MCH1751,4904.85,UTR9632178425,0110,SUCCESS,TXN00015574,USR26433,MCH1751,UTR 9632178425,0,0,0,0,0,0,0
TXN00011947,2026-01-16 13:21:23,USR17973,MCH8678,8358.59,UTR0410860179,8120,SUCCESS,TXN00011947,USR17973,MCH8678,UTR0410860179,0,0,0,0,0,0,0
TXN00015558,2026-01-30 18:18:44,USR49302,MCH3963,0.2241982,UTR4934179080,8120,SUCCESS,TXN00015558,USR49302,MCH3963,UTR4934179080,0,0,0,0,0,0,0
TXN00019787,2026-01-14 17:45:35,USR70386,MCH3896,10669.96,UTR5042630529,9120,SUCCESS,TXN00019787,USR70386,MCH3896,UTR5042630529,0,0,0,0,0,0,0
TXN00000063,2026-02-14 14:32:15,USR97771,MCH1252,20720.15,,,SUCCESS,TXN00000063,USR97771,MCH1252,,0,1,1,0,0,0,0
TXN00001194,2026-03-09 17:06:01,USR61111,MCH6979,15526.68,UTR4498274782,9120,SUCCESS,TXN00001194,USR61111,MCH6979,UTR4498274782,0,0,0,0,0,0,0
TXN00017733,2026-02-13 22:43:47,USR91919,MCH6203,4517.69,UTR5072869763,9120,SUCCESS,TXN00017733,USR91919,MCH6203,UTR5072869763,0,0,0,0,0,0,0
TXN00017129,2026-03-13 23:00:42,USR67289,MCH4358,0.1025814,UTR1928044472,1310,FAILED,TXN00017129,USR67289,MCH4358,UTR1928044472,0,0,0,0,0,1,0
TXN00019464,2026-01-29 05:54:59,USR65270,MCH3676,15277.08,,9120,SUCCESS,TXN00019464,USR65270,MCH3676,,0,1,0,0,0,0,0
TXN00004160,2026-02-12 00:00:00,USR27424,MCH1255,14147.97,UTR5682832415,9120,SUCCESS,TXN00004160,USR27424,MCH1255,UTR5682832415,0,0,0,0,0,0,0
TXN00012376,2026-03-13 10:44:46,USR75980,MCH4650,18775.7,UTR5658479115,0110,SUCCESS,TXN00012376,USR75980,MCH4650,UTR5658479115,0,0,0,0,0,0,0
TXN00015539,2026-01-27 12:43:32,USR18341,MCH6826,13375.11,UTR8768683228,9120,SUCCESS,TXN00015539,USR18341,MCH6826,UTR8768683228,0,0,0,0,0,0,0
TXN00019650,2026-03-12 15:19:54,USR62968,MCH8539,3662.67,UTR7190088687,,SUCCESS,TXN00019650,USR62968,MCH8539,UTR7190088687,0,0,1,0,0,0,0
TXN00019985,2026-02-06 07:57:46,USR21583,MCH8249,8495.86,UTR0863161348,9120,SUCCESS,TXN00019985,USR21583,MCH8249,UTR0863161348,0,0,0,0,0,0,0
TXN00002661,2026-01-11 01:33:15,USR44506,MCH7208,11812.32,UTR9622961189,0110,PENDING,TXN00002661,USR44506,MCH7208,UTR9622961189,0,0,0,0,0,0,1
TXN00007463,2026-02-25 22:27:31,USR12874,MCH9119,22846.22,UTR3641235542,9120,SUCCESS,TXN00007463,USR12874,MCH9119,UTR3641235542,0,0,0,0,0,0,0
TXN00009486,2026-09-01 10:54:05,USR97380,MCH3182,0.155976,UTR6553909596,9120,SUCCESS,TXN00009486,USR97380,MCH3182,UTR6553909596,0,0,0,0,0,0,0
TXN00015811,2026-01-14 00:00:00,USR53341,MCH2783,2845.38,UTR1727086750,8120,SUCCESS,TXN00015811,USR53341,MCH2783,UTR1727086750,0,0,0,0,0,0,0
TXN00019819,2026-01-01 13:03:16,USR85265,MCH6011,8977.13,UTR9057924194,4110,SUCCESS,TXN00019819,USR85265,MCH6011,UTR9057924194,0,0,0,0,0,0,0
TXN00012666,2026-03-11 10:32:05,USR65683,MCH6827,8670.98,UTR1147816207,1310,SUCCESS,TXN00012666,USR65683,MCH6827,UTR1147816207,0,0,0,0,0,0,0
TXN00014282,2026-03-09 19:57:36,USR98984,MCH8808,0.1591725,UTR0684016779,4110,SUCCESS,TXN00014282,USR98984,MCH8808,UTR0684016779,0,0,0,0,0,0,0
TXN00019386,2026-01-01 07:27:04,USR63906,MCH6287,22069.59,UTR2572193060,,SUCCESS,TXN00019386,USR63906,MCH6287,UTR2572193060,0,0,1,0,0,0,0
TXN00016337,2026-01-03 07:55:33,USR20445,MCH8906,8623.38,UTR2306622683,1310,SUCCESS,TXN00016337,USR20445,MCH8906,UTR2306622683,0,0,0,0,0,0,0
TXN00002365,2026-01-28 11:11:23,USR60913,MCH5175,14434.23,UTR9730392604,4110,SUCCESS,TXN00002365,USR60913,MCH5175,UTR9730392604,0,0,0,0,0,0,0
TXN00004099,2026-03-03 13:05:46,USR35359,MCH4250,6472.2,UTR1109658250,8120,SUCCESS,TXN00004099,USR35359,MCH4250,UTR1109658250,0,0,0,0,0,0,0
TXN00013043,2026-02-26 17:31:35,USR17492,MCH5609,23839.77,UTR1036905423,9120,SUCCESS,TXN00013043,USR17492,MCH5609,UTR 1036905423,0,0,0,0,0,0,0
TXN00008394,2026-01-13 14:23:45,USR63201,MCH6145,17894.41,UTR1337324905,,SUCCESS,TXN00008394,USR63201,MCH6145,UTR1337324905,0,0,1,0,0,0,0
TXN00004825,2026-01-25 02:16:15,USR93993,MCH5959,13618.44,UTR3051964473,4110,SUCCESS,TXN00004825,USR93993,MCH5959,UTR3051964473,0,0,0,0,0,0,0
TXN00005602,2026-02-22 10:35:00,USR15616,MCH6050,7898.56,UTR8053154462,0110,SUCCESS,TXN00005602,USR15616,MCH6050,UTR8053154462,0,0,0,0,0,0,0
TXN00019029,2026-03-27 07:00:21,USR39669,MCH3486,3248.35,UTR2543018695,4110,PENDING,TXN00019029,USR39669,MCH3486,UTR2543018695,0,0,0,0,0,0,1
TXN00002073,2026-02-11 15:54:15,USR27757,MCH7670,5129.98,UTR2127701380,4110,SUCCESS,TXN00002073,USR27757,MCH7670,UTR2127701380,0,0,0,0,0,0,0
TXN00009729,2026-01-29 07:15:06,USR79884,MCH4766,4662.26,UTR7281925100,1310,SUCCESS,TXN00009729,USR79884,MCH4766,UTR7281925100,0,0,0,0,0,0,0
TXN00007257,2026-01-05 12:12:25,USR92045,MCH6227,1272.18,UTR7215855182,4110,SUCCESS,TXN00007257,USR92045,MCH6227,UTR7215855182,0,0,0,0,0,0,0
TXN00015593,2026-02-27 12:10:57,USR25279,MCH3419,17711.89,UTR1954058239,8120,SUCCESS,TXN00015593,USR25279,MCH3419,UTR1954058239,0,0,0,0,0,0,0
TXN00008956,2026-01-23 10:03:53,USR49623,MCH1891,8073.87,UTR0746275307,4110,SUCCESS,TXN00008956,USR49623,MCH1891,UTR0746275307,0,0,0,0,0,0,0
TXN00005594,2026-01-20 22:58:02,USR22088,MCH4202,24314.0,UTR7275159034,,SUCCESS,TXN00005594,USR22088,MCH4202,UTR7275159034,0,0,1,0,0,0,0
TXN00005400,2026-02-22 15:14:30,USR79248,MCH3533,0.2167783,UTR8358203456,9120,FAILED,TXN00005400,USR79248,MCH3533,UTR8358203456,0,0,0,0,0,1,0
TXN00005180,2026-01-12 17:20:13,USR40382,MCH2583,22831.61,UTR2199668777,1310,SUCCESS,TXN00005180,USR40382,MCH2583,UTR2199668777,0,0,0,0,0,0,0
TXN00001497,2026-02-17 00:35:50,USR82521,MCH7099,15491.06,UTR7767532923,9120,SUCCESS,TXN00001497,USR82521,MCH7099,UTR7767532923,0,0,0,0,0,0,0
TXN00017767,2026-02-28 23:27:24,USR70030,MCH8833,516.55,,1310,PENDING,TXN00017767,USR70030,MCH8833,,0,1,0,0,0,0,1
TXN00012643,2026-03-02 16:01:08,USR25819,MCH9184,19102.0,UTR9722293639,,SUCCESS,TXN00012643,USR25819,MCH9184,UTR9722293639,0,0,1,0,0,0,0
TXN00013846,2026-03-07 18:34:42,USR91249,MCH9099,3284.05,UTR8239008190,1310,SUCCESS,TXN00013846,USR91249,MCH9099,UTR8239008190,0,0,0,0,0,0,0
TXN00004988,2026-01-08 11:35:10,USR71846,MCH4557,-15010.28,,8120,SUCCESS,TXN00004988,USR71846,MCH4557,,1,1,0,0,0,0,0
TXN00002460,2026-02-27 23:41:06,USR72270,MCH9810,10050.45,UTR2041770180,0110,PENDING,TXN00002460,USR72270,MCH9810,UTR2041770180,0,0,0,0,0,0,1
TXN00019141,2026-03-29 19:04:45,USR66725,MCH5734,24270.25,UTR2940960287,9120,SUCCESS,TXN00019141,USR66725,MCH5734,UTR2940960287,0,0,0,0,0,0,0
TXN00005469,2026-03-06 14:48:04,USR35471,MCH6538,21123.15,UTR3962990835,4110,SUCCESS,TXN00005469,USR35471,MCH6538,UTR3962990835,0,0,0,0,0,0,0
TXN00010920,2026-02-18 11:43:32,USR80116,MCH3901,6879.96,UTR0022620056,4110,PENDING,TXN00010920,USR80116,MCH3901,UTR0022620056,0,0,0,0,0,0,1
TXN00002842,2026-02-17 16:34:45,USR52183,MCH2860,18859.08,UTR5616714736,4110,FAILED,TXN00002842,USR52183,MCH2860,UTR5616714736,0,0,0,0,0,1,0
TXN00001568,2026-02-06 21:29:09,USR94683,MCH9276,2397.43,UTR5536172499,4110,SUCCESS,TXN00001568,USR94683,MCH9276,UTR5536172499,0,0,0,0,0,0,0
TXN00019719,2026-03-19 03:46:31,USR12187,MCH2896,22907.0,,4110,SUCCESS,TXN00019719,USR12187,MCH2896,,0,1,0,0,0,0,0
TXN00010589,2026-03-19 03:28:17,USR47876,MCH2110,20068.87,UTR6998832832,0110,SUCCESS,TXN00010589,USR47876,MCH2110,UTR6998832832,0,0,0,0,0,0,0
TXN00010018,2026-03-15 01:17:02,USR51504,MCH4750,6010.76,UTR8522269874,1310,SUCCESS,TXN00010018,USR51504,MCH4750,UTR8522269874,0,0,0,0,0,0,0
TXN00006831,2026-01-15 22:09:17,USR14183,MCH9042,23289.0,UTR0363450727,0110,FAILED,TXN00006831,USR14183,MCH9042,UTR0363450727,0,0,0,0,0,1,0
TXN00012965,2026-02-19 06:33:33,USR79867,MCH8231,1529.0,UTR5688372456,8120,PENDING,TXN00012965,USR79867,MCH8231,UTR5688372456,0,0,0,0,0,0,1
TXN00012001,2026-03-18 19:12:30,USR49301,MCH2747,16361.0,UTR8958455089,,SUCCESS,TXN00012001,USR49301,MCH2747,UTR8958455089,0,0,1,0,0,0,0
TXN00008617,2026-01-23 00:17:25,USR37854,MCH3810,23958.61,UTR1384910764,,SUCCESS,TXN00008617,USR37854,MCH3810,UTR 1384910764,0,0,1,0,0,0,0
TXN00013603,2026-02-03 02:07:34,USR71797,MCH3014,11816.78,,,SUCCESS,TXN00013603,USR71797,MCH3014,,0,1,1,0,0,0,0
TXN00017806,2026-01-17 14:31:36,USR23611,MCH5535,11471.13,UTR6115173442,9120,SUCCESS,TXN00017806,USR23611,MCH5535,UTR 6115173442,0,0,0,0,0,0,0
TXN00005710,2026-03-02 05:20:28,USR62803,MCH4424,22675.57,UTR1731584666,,SUCCESS,TXN00005710,USR62803,MCH4424,UTR1731584666,0,0,1,0,0,0,0
TXN00011483,2026-01-03 14:19:45,USR23065,MCH1328,0.1394548,UTR7709775225,0110,SUCCESS,TXN00011483,USR23065,MCH1328,UTR7709775225,0,0,0,0,0,0,0
TXN00013471,2026-01-22 11:18:41,USR85057,MCH1460,3894.75,UTR5394298544,4110,SUCCESS,TXN00013471,USR85057,MCH1460,UTR5394298544,0,0,0,0,0,0,0
TXN00018340,2026-02-06 13:21:41,USR99066,MCH5957,13604.87,UTR1989152052,4110,SUCCESS,TXN00018340,USR99066,MCH5957,UTR1989152052,0,0,0,0,0,0,0
TXN00007951,2026-02-09 00:00:00,USR30593,MCH8350,23755.78,UTR5468622280,,SUCCESS,TXN00007951,USR30593,MCH8350,UTR5468622280,0,0,1,0,0,0,0
TXN00007217,2026-03-20 07:22:28,USR38094,MCH8696,14148.03,UTR7945618710,4110,SUCCESS,TXN00007217,USR38094,MCH8696,UTR7945618710,0,0,0,0,0,0,0
TXN00014115,2026-01-22 21:25:52,USR56401,MCH7878,7069.65,UTR1513629857,1310,SUCCESS,TXN00014115,USR56401,MCH7878,UTR1513629857,0,0,0,0,0,0,0
TXN00004953,2026-01-14 00:00:00,USR90425,MCH4768,0.1005289,UTR8274722894,4110,SUCCESS,TXN00004953,USR90425,MCH4768,UTR8274722894,0,0,0,0,0,0,0
TXN00007407,2026-03-30 06:54:50,USR85218,MCH9255,16743.59,UTR9090066688,0110,SUCCESS,TXN00007407,USR85218,MCH9255,UTR9090066688,0,0,0,0,0,0,0
TXN00014483,2026-03-27 23:16:17,USR67831,MCH4416,0.34997,UTR3311109489,4110,FAILED,TXN00014483,USR67831,MCH4416,UTR3311109489,0,0,0,0,0,1,0
TXN00017363,2026-03-05 07:05:39,USR36471,MCH7975,0.2295273,UTR4324648156,9120,SUCCESS,TXN00017363,USR36471,MCH7975,UTR4324648156,0,0,0,0,0,0,0
TXN00018671,2026-02-03 22:47:03,USR28322,MCH1471,8716.22,UTR3561399742,9120,SUCCESS,TXN00018671,USR28322,MCH1471,UTR3561399742,0,0,0,0,0,0,0
TXN00009156,2026-01-20 16:40:43,USR46811,MCH2888,3162.13,UTR6560549688,9120,SUCCESS,TXN00009156,USR46811,MCH2888,UTR6560549688,0,0,0,0,0,0,0
TXN00011495,2026-01-08 10:17:53,USR60001,MCH7701,13655.15,UTR9274853326,4110,SUCCESS,TXN00011495,USR60001,MCH7701,UTR9274853326,0,0,0,0,0,0,0
TXN00011268,2026-01-02 19:49:19,USR19003,MCH3567,5119.62,UTR7432122449,4110,SUCCESS,TXN00011268,USR19003,MCH3567,UTR7432122449,0,0,0,0,0,0,0
TXN00019378,2026-03-03 15:07:39,USR74291,MCH6454,14530.15,UTR0291724280,0110,SUCCESS,TXN00019378,USR74291,MCH6454,UTR0291724280,0,0,0,0,0,0,0
TXN00012181,2026-02-26 08:37:57,USR17661,MCH5206,6955.27,UTR0455282623,4110,SUCCESS,TXN00012181,USR17661,MCH5206,UTR0455282623,0,0,0,0,0,0,0
TXN00014213,2026-10-03 21:39:16,USR73882,MCH8091,6936.0,UTR3238463749,0110,FAILED,TXN00014213,USR73882,MCH8091,UTR3238463749,0,0,0,0,0,1,0
TXN00010062,2026-02-07 23:27:15,USR92480,MCH6410,953.31,UTR7436155032,9120,SUCCESS,TXN00010062,USR92480,MCH6410,UTR7436155032,0,0,0,0,0,0,0
TXN00000629,2026-01-30 15:08:46,USR68911,MCH6539,926.71,UTR7786562735,1310,FAILED,TXN00000629,USR68911,MCH6539,UTR7786562735,0,0,0,0,0,1,0
TXN00004547,2026-01-10 22:38:51,USR42190,MCH4247,356.41,UTR4918651619,4110,SUCCESS,TXN00004547,USR42190,MCH4247,UTR4918651619,0,0,0,0,0,0,0
TXN00001414,2026-03-02 17:18:28,USR49466,MCH4680,1436.6,UTR1422812097,1310,SUCCESS,TXN00001414,USR49466,MCH4680,UTR1422812097,0,0,0,0,0,0,0
TXN00017573,2026-01-11 04:59:02,USR41882,MCH1822,14536.26,UTR6560863575,,SUCCESS,TXN00017573,USR41882,MCH1822,UTR6560863575,0,0,1,0,0,0,0
TXN00001575,2026-03-26 16:47:59,USR19244,MCH7841,5426.33,UTR1181827226,,PENDING,TXN00001575,USR19244,MCH7841,UTR1181827226,0,0,1,0,0,0,1
TXN00011247,2026-03-14 06:43:04,USR73721,MCH5745,11864.57,UTR5470565438,9120,SUCCESS,TXN00011247,USR73721,MCH5745,UTR5470565438,0,0,0,0,0,0,0
TXN00002096,2026-02-02 23:50:55,USR17224,MCH8477,19823.43,UTR8569336436,9120,SUCCESS,TXN00002096,USR17224,MCH8477,UTR8569336436,0,0,0,0,0,0,0
TXN00017713,2026-03-26 10:51:14,USR18646,MCH1873,21625.56,UTR0784330674,9120,SUCCESS,TXN00017713,USR18646,MCH1873,UTR0784330674,0,0,0,0,0,0,0
TXN00014515,2026-03-08 18:16:57,USR44631,MCH2571,9860.32,UTR2610122026,1310,SUCCESS,TXN00014515,USR44631,MCH2571,UTR2610122026,0,0,0,0,0,0,0
TXN00016114,2026-03-09 15:28:45,USR27277,MCH1585,24954.0,UTR8953057368,8120,SUCCESS,TXN00016114,USR27277,MCH1585,UTR8953057368,0,0,0,0,0,0,0
TXN00015689,2026-03-14 18:51:10,USR99824,MCH5254,5807.3,,4110,SUCCESS,TXN00015689,USR99824,MCH5254,,0,1,0,0,0,0,0
TXN00009608,2026-03-30 15:07:18,USR36385,MCH7377,12342.79,UTR0292154131,1310,SUCCESS,TXN00009608,USR36385,MCH7377,UTR0292154131,0,0,0,0,0,0,0
TXN00008015,2026-02-07 20:24:27,USR94084,MCH5341,16930.07,UTR4240433108,1310,FAILED,TXN00008015,USR94084,MCH5341,UTR4240433108,0,0,0,0,0,1,0
TXN00005133,2026-02-14 12:17:04,USR98754,MCH6562,2498.5,UTR7687675624,8120,SUCCESS,TXN00005133,USR98754,MCH6562,UTR7687675624,0,0,0,0,0,0,0
TXN00013462,2026-02-04 17:47:00,USR38577,MCH2425,4571.46,UTR4744189946,1310,SUCCESS,TXN00013462,USR38577,MCH2425,UTR4744189946,0,0,0,0,0,0,0
TXN00018896,2026-01-07 05:13:55,USR90467,MCH7962,16684.82,UTR9409715456,1310,SUCCESS,TXN00018896,USR90467,MCH7962,UTR9409715456,0,0,0,0,0,0,0
TXN00004322,2026-03-16 23:41:16,USR24095,MCH7749,23399.07,UTR5571359548,0110,SUCCESS,TXN00004322,USR24095,MCH7749,UTR 5571359548,0,0,0,0,0,0,0
TXN00009810,2026-01-02 12:36:06,USR49104,MCH3783,13344.41,UTR9089386416,4110,SUCCESS,TXN00009810,USR49104,MCH3783,UTR9089386416,0,0,0,0,0,0,0
TXN00000097,2026-01-16 19:00:41,USR21326,MCH7452,13073.09,UTR0170035275,9120,SUCCESS,TXN00000097,USR21326,MCH7452,UTR0170035275,0,0,0,0,0,0,0
TXN00015042,2026-01-24 15:03:38,USR89874,MCH3072,514.67,UTR1256645200,,SUCCESS,TXN00015042,USR89874,MCH3072,UTR1256645200,0,0,1,0,0,0,0
TXN00004634,2026-01-27 02:09:22,USR70011,MCH4250,21536.84,UTR8171127015,1310,SUCCESS,TXN00004634,USR70011,MCH4250,UTR8171127015,0,0,0,0,0,0,0
TXN00003837,2026-01-05 10:31:28,USR90616,MCH7223,23314.55,UTR5708399724,9120,SUCCESS,TXN00003837,USR90616,MCH7223,UTR5708399724,0,0,0,0,0,0,0
TXN00019257,2026-03-15 03:42:34,USR36399,MCH6479,0.2144186,UTR5331838811,9120,SUCCESS,TXN00019257,USR36399,MCH6479,UTR5331838811,0,0,0,0,0,0,0
TXN00006898,2026-03-30 22:16:38,USR26803,MCH9109,0.10137,UTR9088358308,9120,SUCCESS,TXN00006898,USR26803,MCH9109,UTR9088358308,0,0,0,0,0,0,0
TXN00012516,2026-01-17 16:10:20,USR32643,MCH9662,10821.74,UTR3038573728,4110,SUCCESS,TXN00012516,USR32643,MCH9662,UTR3038573728,0,0,0,0,0,0,0
TXN00013249,2026-01-17 10:14:37,USR65311,MCH2065,0.1452322,UTR2598634048,8120,SUCCESS,TXN00013249,USR65311,MCH2065,UTR2598634048,0,0,0,0,0,0,0
TXN00013190,2026-02-25 08:45:56,USR17194,MCH3580,-23973.03,UTR2090231824,1310,SUCCESS,TXN00013190,USR17194,MCH3580,UTR2090231824,1,0,0,0,0,0,0
TXN00015479,2026-02-23 09:14:24,USR67564,MCH9807,23839.8,UTR6546678582,8120,SUCCESS,TXN00015479,USR67564,MCH9807,UTR6546678582,0,0,0,0,0,0,0
TXN00000455,2026-01-26 07:37:41,USR84588,MCH5122,2788.83,,,SUCCESS,TXN00000455,USR84588,MCH5122,,0,1,1,0,0,0,0
TXN00003633,2026-02-21 15:29:42,USR50388,MCH5498,11463.51,UTR8619601645,4110,SUCCESS,TXN00003633,USR50388,MCH5498,UTR8619601645,0,0,0,0,0,0,0
TXN00007133,2026-03-13 19:53:48,USR86751,MCH1846,0.167859,UTR9553978878,4110,SUCCESS,TXN00007133,USR86751,MCH1846,UTR9553978878,0,0,0,0,0,0,0
TXN00013741,2026-03-21 12:50:11,USR96759,MCH2104,0.681347,UTR8402597450,4110,SUCCESS,TXN00013741,USR96759,MCH2104,UTR8402597450,0,0,0,0,0,0,0
TXN00009915,2026-01-29 14:30:34,USR24130,MCH2428,11292.88,,1310,SUCCESS,TXN00009915,USR24130,MCH2428,,0,1,0,0,0,0,0
TXN00000520,2026-03-02 06:58:08,USR22733,MCH7676,3768.92,UTR7962835912,0110,SUCCESS,TXN00000520,USR22733,MCH7676,UTR7962835912,0,0,0,0,0,0,0
TXN00012799,2026-01-20 14:26:18,USR64104,MCH6377,16853.91,UTR7805388811,1310,SUCCESS,TXN00012799,USR64104,MCH6377,UTR7805388811,0,0,0,0,0,0,0
TXN00009542,2026-02-02 21:19:07,USR41094,MCH3015,8655.28,UTR5562663919,1310,SUCCESS,TXN00009542,USR41094,MCH3015,UTR5562663919,0,0,0,0,0,0,0
TXN00007045,2026-01-12 23:09:31,USR23325,MCH7409,23316.88,UTR3861409783,1310,SUCCESS,TXN00007045,USR23325,MCH7409,UTR3861409783,0,0,0,0,0,0,0
TXN00009399,2026-03-23 15:03:51,USR62011,MCH8646,12213.49,UTR2443981823,1310,SUCCESS,TXN00009399,USR62011,MCH8646,UTR2443981823,0,0,0,0,0,0,0
TXN00003049,2026-03-01 17:56:00,USR86229,MCH9194,9946.0,UTR9950217845,9120,SUCCESS,TXN00003049,USR86229,MCH9194,UTR9950217845,0,0,0,0,0,0,0
TXN00005663,2026-03-23 06:32:05,USR15287,MCH3125,0.2032315,UTR2184622103,4110,SUCCESS,TXN00005663,USR15287,MCH3125,UTR2184622103,0,0,0,0,0,0,0
TXN00002998,2026-02-22 00:00:00,USR81840,MCH1422,7751.6,UTR5306610718,1310,FAILED,TXN00002998,USR81840,MCH1422,UTR5306610718,0,0,0,0,0,1,0
TXN00019058,2026-01-24 09:40:44,USR50632,MCH8705,1730.75,UTR7214688889,4110,SUCCESS,TXN00019058,USR50632,MCH8705,UTR7214688889,0,0,0,0,0,0,0
TXN00010473,2026-03-06 00:00:00,USR93205,MCH5837,20150.14,UTR6161697948,4110,SUCCESS,TXN00010473,USR93205,MCH5837,UTR6161697948,0,0,0,0,0,0,0
TXN00008204,2026-01-25 06:43:38,USR58869,MCH9731,9437.53,UTR4172617412,4110,SUCCESS,TXN00008204,USR58869,MCH9731,UTR4172617412,0,0,0,0,0,0,0
TXN00008214,2026-03-16 21:05:06,USR26558,MCH3477,13949.68,UTR6425927044,0110,SUCCESS,TXN00008214,USR26558,MCH3477,UTR6425927044,0,0,0,0,0,0,0
TXN00015342,2026-01-03 05:39:22,USR49818,MCH9748,9847.65,UTR5700982147,4110,PENDING,TXN00015342,USR49818,MCH9748,UTR5700982147,0,0,0,0,0,0,1
TXN00009600,2026-02-15 16:27:04,USR49025,MCH4368,0.996857,,9120,SUCCESS,TXN00009600,USR49025,MCH4368,,0,1,0,0,0,0,0
TXN00001961,2026-01-08 03:14:44,USR56032,MCH5350,2967.0,UTR9102900610,9120,SUCCESS,TXN00001961,USR56032,MCH5350,UTR9102900610,0,0,0,0,0,0,0
TXN00007824,2026-01-26 12:28:57,USR43414,MCH9375,18192.21,UTR8021069710,1310,FAILED,TXN00007824,USR43414,MCH9375,UTR8021069710,0,0,0,0,0,1,0
TXN00004106,2026-01-09 21:15:29,USR83608,MCH7721,16598.97,UTR3818906799,4110,SUCCESS,TXN00004106,USR83608,MCH7721,UTR3818906799,0,0,0,0,0,0,0
TXN00017416,2026-02-13 15:11:08,USR45085,MCH4143,22998.0,UTR6006654417,9120,SUCCESS,TXN00017416,USR45085,MCH4143,UTR6006654417,0,0,0,0,0,0,0
TXN00000897,2026-02-04 03:39:26,USR37227,MCH5743,7335.76,UTR1325494885,9120,SUCCESS,TXN00000897,USR37227,MCH5743,UTR1325494885,0,0,0,0,0,0,0
TXN00005957,2026-02-11 03:32:29,USR21689,MCH9473,7729.85,UTR5810679026,9120,SUCCESS,TXN00005957,USR21689,MCH9473,UTR 5810679026,0,0,0,0,0,0,0
TXN00011488,2026-01-02 17:51:44,USR14645,MCH7177,10028.56,UTR5786809256,4110,SUCCESS,TXN00011488,USR14645,MCH7177,UTR5786809256,0,0,0,0,0,0,0
TXN00019559,2026-02-21 02:57:46,USR76353,MCH3829,18631.34,UTR6327059576,,PENDING,TXN00019559,USR76353,MCH3829,UTR6327059576,0,0,1,0,0,0,1
TXN00006438,2026-03-07 00:00:00,USR76380,MCH6957,2877.4,UTR9023966032,4110,SUCCESS,TXN00006438,USR76380,MCH6957,UTR9023966032,0,0,0,0,0,0,0
TXN00005316,2026-01-25 04:33:22,USR58439,MCH5532,11326.09,UTR4164423020,1310,SUCCESS,TXN00005316,USR58439,MCH5532,UTR4164423020,0,0,0,0,0,0,0
TXN00001362,2026-01-28 00:09:06,USR30731,MCH7836,0.527445,UTR6700617342,,SUCCESS,TXN00001362,USR30731,MCH7836,UTR6700617342,0,0,1,0,0,0,0
TXN00002114,2026-02-06 12:35:47,USR34672,MCH3513,22350.8,UTR8309300130,4110,SUCCESS,TXN00002114,USR34672,MCH3513,UTR 8309300130,0,0,0,0,0,0,0
TXN00002725,2026-02-12 16:39:38,USR51087,MCH1708,9956.15,,4110,SUCCESS,TXN00002725,USR51087,MCH1708,,0,1,0,0,0,0,0
TXN00001815,2026-01-10 10:28:25,USR48901,MCH1196,2063.47,UTR8989474607,4110,SUCCESS,TXN00001815,USR48901,MCH1196,UTR8989474607,0,0,0,0,0,0,0
TXN00009781,2026-01-31 21:17:25,USR23977,MCH3580,9137.0,UTR1213112843,4110,SUCCESS,TXN00009781,USR23977,MCH3580,UTR1213112843,0,0,0,0,0,0,0
TXN00013760,2026-03-09 04:06:22,USR33938,MCH1577,11621.03,UTR6573680827,,SUCCESS,TXN00013760,USR33938,MCH1577,UTR6573680827,0,0,1,0,0,0,0
TXN00009046,2026-03-03 05:31:03,USR53361,MCH1311,-760.21,UTR4627565393,8120,SUCCESS,TXN00009046,USR53361,MCH1311,UTR4627565393,1,0,0,0,0,0,0
TXN00000305,2026-03-29 21:46:53,USR86864,MCH8826,18155.02,UTR2962530249,1310,SUCCESS,TXN00000305,USR86864,MCH8826,UTR 2962530249,0,0,0,0,0,0,0
TXN00011025,2026-01-16 21:39:32,USR77725,MCH4618,11513.57,UTR7659519594,,FAILED,TXN00011025,USR77725,MCH4618,UTR7659519594,0,0,1,0,0,1,0
TXN00008772,2026-02-06 13:33:25,USR18803,MCH4063,6588.52,UTR9923857938,1310,SUCCESS,TXN00008772,USR18803,MCH4063,UTR9923857938,0,0,0,0,0,0,0
TXN00006532,2026-03-05 13:19:09,USR77543,MCH3358,22541.76,UTR3414269090,,SUCCESS,TXN00006532,USR77543,MCH3358,UTR3414269090,0,0,1,0,0,0,0
TXN00008144,2026-01-14 06:21:25,USR20310,MCH9087,9354.73,UTR3864836456,4110,SUCCESS,TXN00008144,USR20310,MCH9087,UTR3864836456,0,0,0,0,0,0,0
TXN00003118,2026-01-28 03:47:47,USR60930,MCH2683,353.5,UTR9569651951,4110,SUCCESS,TXN00003118,USR60930,MCH2683,UTR9569651951,0,0,0,0,0,0,0
TXN00004659,2026-03-24 06:02:34,USR87941,MCH4350,4738.0,,9120,SUCCESS,TXN00004659,USR87941,MCH4350,,0,1,0,0,0,0,0
TXN00014669,2026-02-16 19:08:35,USR36442,MCH1454,16221.56,UTR1775931472,8120,SUCCESS,TXN00014669,USR36442,MCH1454,UTR1775931472,0,0,0,0,0,0,0
TXN00009544,2026-02-13 01:46:26,USR37263,MCH5474,11731.82,UTR8983325080,0110,SUCCESS,TXN00009544,USR37263,MCH5474,UTR8983325080,0,0,0,0,0,0,0
TXN00004069,2026-01-03 21:01:58,USR58702,MCH7335,16849.23,UTR1154393227,4110,FAILED,TXN00004069,USR58702,MCH7335,UTR1154393227,0,0,0,0,0,1,0
TXN00011665,2026-03-23 14:13:42,USR80236,MCH8319,19545.83,UTR5025599426,8120,FAILED,TXN00011665,USR80236,MCH8319,UTR5025599426,0,0,0,0,0,1,0
TXN00009063,2026-01-06 07:06:10,USR87941,MCH9920,19374.0,UTR5321371348,8120,SUCCESS,TXN00009063,USR87941,MCH9920,UTR5321371348,0,0,0,0,0,0,0
TXN00009337,2026-01-01 14:17:12,USR33971,MCH7573,15820.6,UTR1789776671,8120,SUCCESS,TXN00009337,USR33971,MCH7573,UTR 1789776671,0,0,0,0,0,0,0
TXN00006400,2026-11-01 01:40:08,USR24300,MCH6575,21425.18,UTR1457747463,1310,SUCCESS,TXN00006400,USR24300,MCH6575,UTR1457747463,0,0,0,0,0,0,0
TXN00019599,2026-01-02 22:57:45,USR20196,MCH5434,18158.8,UTR4993296259,1310,SUCCESS,TXN00019599,USR20196,MCH5434,UTR4993296259,0,0,0,0,0,0,0
TXN00018133,2026-06-01 04:44:52,USR51252,MCH8826,10263.54,UTR2719753086,8120,FAILED,TXN00018133,USR51252,MCH8826,UTR2719753086,0,0,0,0,0,1,0
TXN00016158,2026-03-03 10:15:28,USR60235,MCH4863,0.168896,UTR6922480186,0110,SUCCESS,TXN00016158,USR60235,MCH4863,UTR6922480186,0,0,0,0,0,0,0
TXN00005001,2026-03-17 00:00:00,USR39829,MCH9865,-9846.95,UTR2780991823,4110,SUCCESS,TXN00005001,USR39829,MCH9865,UTR2780991823,1,0,0,0,0,0,0
TXN00012213,2026-01-26 13:20:19,USR23757,MCH4572,24790.0,UTR6062517415,0110,SUCCESS,TXN00012213,USR23757,MCH4572,UTR6062517415,0,0,0,0,0,0,0
TXN00004976,2026-03-29 08:54:46,USR45643,MCH7628,11173.69,UTR3973842179,9120,SUCCESS,TXN00004976,USR45643,MCH7628,UTR3973842179,0,0,0,0,0,0,0
TXN00001600,2026-01-03 19:27:07,USR40432,MCH2451,22355.83,UTR1886337698,,SUCCESS,TXN00001600,USR40432,MCH2451,UTR1886337698,0,0,1,0,0,0,0
TXN00003668,2026-01-24 18:16:18,USR35069,MCH6996,4025.38,UTR1421720495,1310,SUCCESS,TXN00003668,USR35069,MCH6996,UTR1421720495,0,0,0,0,0,0,0
TXN00009170,2026-03-27 16:50:48,USR95260,MCH1763,0.714781,,,SUCCESS,TXN00009170,USR95260,MCH1763,,0,1,1,0,0,0,0
TXN00003814,2026-02-15 06:26:32,USR31711,MCH5757,15353.12,UTR2916143972,4110,SUCCESS,TXN00003814,USR31711,MCH5757,UTR2916143972,0,0,0,0,0,0,0
TXN00010757,2026-02-01 02:44:05,USR33697,MCH9922,4574.46,UTR7894467162,0110,SUCCESS,TXN00010757,USR33697,MCH9922,UTR7894467162,0,0,0,0,0,0,0
TXN00005338,2026-01-03 12:43:52,USR91014,MCH9299,0.1427564,UTR5344822402,4110,SUCCESS,TXN00005338,USR91014,MCH9299,UTR5344822402,0,0,0,0,0,0,0
TXN00008026,2026-03-23 09:53:16,USR10478,MCH2307,10158.0,UTR4384347067,4110,SUCCESS,TXN00008026,USR10478,MCH2307,UTR4384347067,0,0,0,0,0,0,0
TXN00000442,2026-02-25 07:26:23,USR80121,MCH2926,24666.12,UTR6945998427,4110,SUCCESS,TXN00000442,USR80121,MCH2926,UTR6945998427,0,0,0,0,0,0,0
TXN00010918,2026-01-03 10:04:47,USR72185,MCH9919,-12384.34,UTR5531069930,4110,SUCCESS,TXN00010918,USR72185,MCH9919,UTR5531069930,1,0,0,0,0,0,0
TXN00002286,2026-03-03 16:21:08,USR77901,MCH4055,6927.59,UTR3306970323,4110,SUCCESS,TXN00002286,USR77901,MCH4055,UTR3306970323,0,0,0,0,0,0,0
TXN00007011,2026-02-12 11:51:33,USR64076,MCH3022,6269.57,UTR6747591734,8120,SUCCESS,TXN00007011,USR64076,MCH3022,UTR 6747591734,0,0,0,0,0,0,0
TXN00003502,2026-02-23 07:48:32,USR76468,MCH4407,20067.98,UTR6406021425,4110,FAILED,TXN00003502,USR76468,MCH4407,UTR6406021425,0,0,0,0,0,1,0
TXN00013848,2026-02-06 18:57:14,USR11452,MCH7477,11411.44,UTR1331320447,8120,SUCCESS,TXN00013848,USR11452,MCH7477,UTR1331320447,0,0,0,0,0,0,0
TXN00018419,2026-02-25 17:00:12,USR91074,MCH2635,17724.34,UTR7191379568,4110,SUCCESS,TXN00018419,USR91074,MCH2635,UTR7191379568,0,0,0,0,0,0,0
TXN00001945,2026-02-20 15:04:09,USR28154,MCH5452,19717.49,UTR4194171789,0110,SUCCESS,TXN00001945,USR28154,MCH5452,UTR 4194171789,0,0,0,0,0,0,0
TXN00011523,2026-07-02 05:55:20,USR14086,MCH9974,5413.66,UTR6350537661,8120,SUCCESS,TXN00011523,USR14086,MCH9974,UTR6350537661,0,0,0,0,0,0,0
TXN00018354,2026-02-01 11:09:11,USR71152,MCH7630,-23164.37,UTR3230632994,4110,SUCCESS,TXN00018354,USR71152,MCH7630,UTR3230632994,1,0,0,0,0,0,0
TXN00002322,2026-02-07 07:54:32,USR68939,MCH8888,17853.68,UTR2178368389,8120,PENDING,TXN00002322,USR68939,MCH8888,UTR2178368389,0,0,0,0,0,0,1
TXN00010883,2026-01-18 00:37:00,USR25608,MCH9956,9688.41,UTR7374515252,8120,SUCCESS,TXN00010883,USR25608,MCH9956,UTR7374515252,0,0,0,0,0,0,0
TXN00004941,2026-03-01 10:45:17,USR50660,MCH9034,8552.81,UTR3834455624,4110,SUCCESS,TXN00004941,USR50660,MCH9034,UTR 3834455624,0,0,0,0,0,0,0
TXN00018403,2026-02-12 20:50:09,USR54529,MCH8278,24652.6,UTR6678700035,4110,SUCCESS,TXN00018403,USR54529,MCH8278,UTR6678700035,0,0,0,0,0,0,0
TXN00019485,2026-01-26 07:28:24,USR68261,MCH7056,5815.77,UTR0429774683,9120,SUCCESS,TXN00019485,USR68261,MCH7056,UTR0429774683,0,0,0,0,0,0,0
TXN00007917,2026-01-20 07:36:21,USR99263,MCH4297,17017.77,UTR1158560825,,SUCCESS,TXN00007917,USR99263,MCH4297,UTR1158560825,0,0,1,0,0,0,0
TXN00015484,2026-03-29 17:40:48,USR83342,MCH4324,18069.02,UTR1977721547,4110,SUCCESS,TXN00015484,USR83342,MCH4324,UTR1977721547,0,0,0,0,0,0,0
TXN00002402,2026-03-06 06:53:12,USR38465,MCH3721,1802.08,UTR6751685604,1310,SUCCESS,TXN00002402,USR38465,MCH3721,UTR 6751685604,0,0,0,0,0,0,0
TXN00016455,2026-02-22 07:22:19,USR76747,MCH7682,1879.17,UTR3799294761,1310,SUCCESS,TXN00016455,USR76747,MCH7682,UTR3799294761,0,0,0,0,0,0,0
TXN00010215,2026-02-12 08:05:16,USR66552,MCH2812,22659.79,UTR5483234831,0110,SUCCESS,TXN00010215,USR66552,MCH2812,UTR5483234831,0,0,0,0,0,0,0
TXN00003259,2026-03-26 05:46:52,USR88925,MCH2483,9802.57,UTR5806874435,9120,SUCCESS,TXN00003259,USR88925,MCH2483,UTR5806874435,0,0,0,0,0,0,0
TXN00000273,2026-03-15 07:53:43,USR59054,MCH2754,21678.14,UTR7004216205,,SUCCESS,TXN00000273,USR59054,MCH2754,UTR7004216205,0,0,1,0,0,0,0
TXN00005569,2026-03-28 00:00:00,USR40323,MCH1599,20911.0,UTR8478410868,8120,SUCCESS,TXN00005569,USR40323,MCH1599,UTR8478410868,0,0,0,0,0,0,0
TXN00000650,2026-03-23 21:52:22,USR13806,MCH2220,12466.07,UTR0292096587,,SUCCESS,TXN00000650,USR13806,MCH2220,UTR0292096587,0,0,1,0,0,0,0
TXN00019617,2026-03-18 04:39:02,USR46265,MCH2064,15150.27,UTR5337372147,9120,SUCCESS,TXN00019617,USR46265,MCH2064,UTR5337372147,0,0,0,0,0,0,0
TXN00001020,2026-03-09 01:14:53,USR58600,MCH4972,858.31,UTR1401166842,9120,FAILED,TXN00001020,USR58600,MCH4972,UTR 1401166842,0,0,0,0,0,1,0
TXN00002014,2026-02-06 08:11:04,USR15082,MCH9536,3490.0,UTR8416901064,4110,SUCCESS,TXN00002014,USR15082,MCH9536,UTR8416901064,0,0,0,0,0,0,0
TXN00001084,2026-03-27 14:20:58,USR80503,MCH9143,21979.17,UTR6082240914,4110,FAILED,TXN00001084,USR80503,MCH9143,UTR6082240914,0,0,0,0,0,1,0
TXN00019672,2026-01-14 23:00:40,USR51359,MCH1418,16850.72,UTR5697848370,,SUCCESS,TXN00019672,USR51359,MCH1418,UTR5697848370,0,0,1,0,0,0,0
TXN00013445,2026-03-20 19:47:36,USR34039,MCH6479,5685.89,UTR4730757114,4110,SUCCESS,TXN00013445,USR34039,MCH6479,UTR4730757114,0,0,0,0,0,0,0
TXN00015627,2026-01-28 20:20:17,USR67372,MCH4068,15222.17,UTR3558976058,1310,SUCCESS,TXN00015627,USR67372,MCH4068,UTR 3558976058,0,0,0,0,0,0,0
TXN00012352,2026-01-25 00:00:00,USR60907,MCH6786,21374.59,UTR7665428819,4110,SUCCESS,TXN00012352,USR60907,MCH6786,UTR7665428819,0,0,0,0,0,0,0
TXN00019838,2026-02-24 06:55:41,USR35774,MCH8102,9701.65,UTR1981189764,1310,SUCCESS,TXN00019838,USR35774,MCH8102,UTR 1981189764,0,0,0,0,0,0,0
TXN00012954,2026-01-30 12:14:11,USR91370,MCH3514,7315.31,UTR8263960561,4110,SUCCESS,TXN00012954,USR91370,MCH3514,UTR8263960561,0,0,0,0,0,0,0
TXN00012801,2026-02-10 00:00:00,USR32235,MCH9227,13972.5,UTR4405601735,4110,SUCCESS,TXN00012801,USR32235,MCH9227,UTR4405601735,0,0,0,0,0,0,0
TXN00012968,2026-01-05 15:13:32,USR28013,MCH8412,18266.85,UTR4016669458,8120,FAILED,TXN00012968,USR28013,MCH8412,UTR4016669458,0,0,0,0,0,1,0
TXN00002328,2026-03-28 23:32:39,USR55239,MCH2605,49.11,UTR2457617035,,SUCCESS,TXN00002328,USR55239,MCH2605,UTR2457617035,0,0,1,0,0,0,0
TXN00000008,2026-01-14 13:08:48,USR46038,MCH7856,21655.74,UTR8814504193,4110,SUCCESS,TXN00000008,USR46038,MCH7856,UTR8814504193,0,0,0,0,0,0,0
TXN00002829,2026-03-30 16:42:29,USR37453,MCH6402,10723.0,UTR6627357395,,SUCCESS,TXN00002829,USR37453,MCH6402,UTR6627357395,0,0,1,0,0,0,0
TXN00017833,2026-01-07 00:00:00,USR93870,MCH9317,258.74,UTR3935703869,9120,SUCCESS,TXN00017833,USR93870,MCH9317,UTR3935703869,0,0,0,0,0,0,0
TXN00007647,2026-01-22 23:18:24,USR93038,MCH5212,12869.0,UTR4718697780,8120,SUCCESS,TXN00007647,USR93038,MCH5212,UTR4718697780,0,0,0,0,0,0,0
TXN00011110,2026-01-07 00:00:00,USR12970,MCH5838,16397.87,UTR7150322452,4110,SUCCESS,TXN00011110,USR12970,MCH5838,UTR 7150322452,0,0,0,0,0,0,0
TXN00001783,2026-03-21 20:22:16,USR29105,MCH3380,-11542.32,UTR6979766968,9120,PENDING,TXN00001783,USR29105,MCH3380,UTR6979766968,1,0,0,0,0,0,1
TXN00011568,2026-02-27 09:14:05,USR43277,MCH4892,12391.53,UTR6696555267,0110,SUCCESS,TXN00011568,USR43277,MCH4892,UTR6696555267,0,0,0,0,0,0,0
TXN00016262,2026-03-12 07:45:26,USR75790,MCH6945,19672.05,UTR7523805282,9120,SUCCESS,TXN00016262,USR75790,MCH6945,UTR7523805282,0,0,0,0,0,0,0
TXN00012928,2026-03-13 20:26:47,USR27359,MCH9156,12991.12,UTR8343957616,,SUCCESS,TXN00012928,USR27359,MCH9156,UTR8343957616,0,0,1,0,0,0,0
TXN00007486,2026-02-26 02:48:27,USR71609,MCH4840,16969.72,,0110,SUCCESS,TXN00007486,USR71609,MCH4840,,0,1,0,0,0,0,0
TXN00005577,2026-02-02 19:28:54,USR63382,MCH8083,0.1625818,UTR4775450328,9120,SUCCESS,TXN00005577,USR63382,MCH8083,UTR4775450328,0,0,0,0,0,0,0
TXN00015216,2026-01-03 02:15:07,USR81061,MCH9604,13490.27,UTR2180255701,,PENDING,TXN00015216,USR81061,MCH9604,UTR2180255701,0,0,1,0,0,0,1
TXN00016111,2026-02-25 12:37:07,USR85214,MCH4070,9955.03,UTR7472983955,4110,SUCCESS,TXN00016111,USR85214,MCH4070,UTR7472983955,0,0,0,0,0,0,0
TXN00018320,2026-03-11 19:52:43,USR82883,MCH2470,4015.06,UTR9301060263,4110,SUCCESS,TXN00018320,USR82883,MCH2470,UTR9301060263,0,0,0,0,0,0,0
TXN00018012,2026-01-01 11:51:40,USR52812,MCH2002,24769.15,UTR8707064735,4110,SUCCESS,TXN00018012,USR52812,MCH2002,UTR8707064735,0,0,0,0,0,0,0
TXN00018410,2026-03-31 16:01:46,USR66015,MCH2448,15454.63,UTR3455768030,4110,SUCCESS,TXN00018410,USR66015,MCH2448,UTR3455768030,0,0,0,0,0,0,0
TXN00003563,2026-03-07 07:39:44,USR92186,MCH3061,1433.9,UTR3730762651,,SUCCESS,TXN00003563,USR92186,MCH3061,UTR3730762651,0,0,1,0,0,0,0
TXN00015699,2026-03-01 03:31:26,USR81771,MCH8697,15550.86,UTR0378833487,4110,SUCCESS,TXN00015699,USR81771,MCH8697,UTR0378833487,0,0,0,0,0,0,0
TXN00007841,2026-02-08 21:26:54,USR50053,MCH4470,14212.3,UTR5442190097,9120,SUCCESS,TXN00007841,USR50053,MCH4470,UTR5442190097,0,0,0,0,0,0,0
TXN00005011,2026-01-01 05:59:06,USR15751,MCH5319,0.414584,UTR0214846573,4110,FAILED,TXN00005011,USR15751,MCH5319,UTR0214846573,0,0,0,0,0,1,0
TXN00007432,2026-02-28 14:11:52,USR21689,MCH9205,11507.96,,8120,SUCCESS,TXN00007432,USR21689,MCH9205,,0,1,0,0,0,0,0
TXN00015789,2026-01-16 02:38:42,USR80105,MCH8422,8545.29,UTR0332185414,8120,SUCCESS,TXN00015789,USR80105,MCH8422,UTR 0332185414,0,0,0,0,0,0,0
TXN00002435,2026-03-16 09:16:24,USR90258,MCH9925,24028.78,UTR8316294935,0110,SUCCESS,TXN00002435,USR90258,MCH9925,UTR8316294935,0,0,0,0,0,0,0
TXN00005062,2026-03-24 00:38:06,USR76021,MCH7567,23066.9,UTR5845986028,1310,SUCCESS,TXN00005062,USR76021,MCH7567,UTR5845986028,0,0,0,0,0,0,0
TXN00006087,2026-01-29 13:11:19,USR18007,MCH6966,18990.41,UTR8744276459,9120,SUCCESS,TXN00006087,USR18007,MCH6966,UTR8744276459,0,0,0,0,0,0,0
TXN00019802,2026-02-02 01:22:06,USR15380,MCH1244,1802.98,,,SUCCESS,TXN00019802,USR15380,MCH1244,,0,1,1,0,0,0,0
TXN00006476,2026-03-24 09:57:12,USR30439,MCH3509,23117.22,UTR6718857789,0110,SUCCESS,TXN00006476,USR30439,MCH3509,UTR6718857789,0,0,0,0,0,0,0
TXN00009350,2026-02-02 02:09:19,USR68014,MCH9859,21408.57,UTR8804369932,0110,SUCCESS,TXN00009350,USR68014,MCH9859,UTR8804369932,0,0,0,0,0,0,0
TXN00015138,2026-01-13 06:19:02,USR42072,MCH3382,6849.65,UTR7752799585,4110,SUCCESS,TXN00015138,USR42072,MCH3382,UTR7752799585,0,0,0,0,0,0,0
TXN00007713,2026-01-28 21:25:59,USR32660,MCH5725,5934.39,UTR4774245150,8120,SUCCESS,TXN00007713,USR32660,MCH5725,UTR 4774245150,0,0,0,0,0,0,0
TXN00002585,2026-01-25 20:20:45,USR35284,MCH6232,14650.76,UTR3717251591,0110,SUCCESS,TXN00002585,USR35284,MCH6232,UTR3717251591,0,0,0,0,0,0,0
TXN00000272,2026-02-22 08:39:03,USR82790,MCH2031,20254.73,UTR5850388692,4110,SUCCESS,TXN00000272,USR82790,MCH2031,UTR5850388692,0,0,0,0,0,0,0
TXN00010182,2026-01-26 03:30:18,USR58350,MCH8964,11767.81,UTR8176291538,1310,SUCCESS,TXN00010182,USR58350,MCH8964,UTR8176291538,0,0,0,0,0,0,0
TXN00001870,2026-02-27 23:27:03,USR75160,MCH3498,18152.24,UTR6610795093,9120,SUCCESS,TXN00001870,USR75160,MCH3498,UTR6610795093,0,0,0,0,0,0,0
TXN00007906,2026-02-24 03:02:57,USR88492,MCH5143,24802.0,UTR5533237567,,SUCCESS,TXN00007906,USR88492,MCH5143,UTR5533237567,0,0,1,0,0,0,0
TXN00016312,2026-02-16 11:56:14,USR25627,MCH5070,22864.07,UTR0515128995,8120,SUCCESS,TXN00016312,USR25627,MCH5070,UTR0515128995,0,0,0,0,0,0,0
TXN00010484,2026-02-16 01:27:43,USR89521,MCH1041,6127.29,UTR5222297870,0110,SUCCESS,TXN00010484,USR89521,MCH1041,UTR5222297870,0,0,0,0,0,0,0
TXN00011444,2026-01-28 00:59:41,USR19867,MCH8429,11103.48,UTR0482559263,4110,SUCCESS,TXN00011444,USR19867,MCH8429,UTR0482559263,0,0,0,0,0,0,0
TXN00017829,2026-01-24 04:01:25,USR13221,MCH3893,8964.49,UTR6670783722,4110,SUCCESS,TXN00017829,USR13221,MCH3893,UTR6670783722,0,0,0,0,0,0,0
TXN00011107,2026-03-16 05:55:22,USR54113,MCH5563,19735.44,UTR3075783842,,PENDING,TXN00011107,USR54113,MCH5563,UTR3075783842,0,0,1,0,0,0,1
TXN00007307,2026-02-19 22:58:05,USR21014,MCH6677,20826.52,UTR5668394984,8120,FAILED,TXN00007307,USR21014,MCH6677,UTR5668394984,0,0,0,0,0,1,0
TXN00019247,2026-01-27 14:06:47,USR22599,MCH4216,21441.7,UTR3400604937,4110,SUCCESS,TXN00019247,USR22599,MCH4216,UTR3400604937,0,0,0,0,0,0,0
TXN00011577,2026-01-03 17:35:14,USR81717,MCH8077,16182.52,UTR0032149304,8120,PENDING,TXN00011577,USR81717,MCH8077,UTR0032149304,0,0,0,0,0,0,1
TXN00013061,2026-03-10 09:39:41,USR80973,MCH7314,19915.75,UTR1849220895,1310,SUCCESS,TXN00013061,USR80973,MCH7314,UTR1849220895,0,0,0,0,0,0,0
TXN00013333,2026-02-15 02:43:03,USR45116,MCH1609,12752.22,UTR5567353501,8120,SUCCESS,TXN00013333,USR45116,MCH1609,UTR5567353501,0,0,0,0,0,0,0
TXN00004052,2026-02-18 14:55:54,USR29289,MCH2302,17230.0,UTR7059202374,,SUCCESS,TXN00004052,USR29289,MCH2302,UTR7059202374,0,0,1,0,0,0,0
TXN00003833,2026-01-20 17:19:16,USR68213,MCH1831,20592.35,UTR4944453006,,SUCCESS,TXN00003833,USR68213,MCH1831,UTR4944453006,0,0,1,0,0,0,0
TXN00005035,2026-01-25 00:00:00,USR87152,MCH2280,4164.72,UTR2003320093,8120,SUCCESS,TXN00005035,USR87152,MCH2280,UTR2003320093,0,0,0,0,0,0,0
TXN00008652,2026-01-29 03:14:36,USR42018,MCH9635,10324.83,UTR0404347636,0110,SUCCESS,TXN00008652,USR42018,MCH9635,UTR0404347636,0,0,0,0,0,0,0
TXN00014209,2026-01-20 23:15:43,USR75947,MCH2157,0.2315093,UTR4235988152,,SUCCESS,TXN00014209,USR75947,MCH2157,UTR4235988152,0,0,1,0,0,0,0
TXN00019756,2026-11-02 04:24:58,USR20293,MCH4158,10445.96,UTR6737730011,1310,SUCCESS,TXN00019756,USR20293,MCH4158,UTR6737730011,0,0,0,0,0,0,0
TXN00003338,2026-10-02 03:03:43,USR14076,MCH3964,18970.3,UTR7677084411,8120,SUCCESS,TXN00003338,USR14076,MCH3964,UTR7677084411,0,0,0,0,0,0,0
TXN00008054,2026-02-24 18:10:44,USR58623,MCH6834,17332.3,UTR5342171120,1310,SUCCESS,TXN00008054,USR58623,MCH6834,UTR5342171120,0,0,0,0,0,0,0
TXN00004793,2026-02-12 17:30:21,USR37657,MCH5763,1515.07,UTR8495345745,9120,SUCCESS,TXN00004793,USR37657,MCH5763,UTR8495345745,0,0,0,0,0,0,0
TXN00017053,2026-03-16 06:46:05,USR58339,MCH3688,5102.81,UTR1955671163,8120,FAILED,TXN00017053,USR58339,MCH3688,UTR1955671163,0,0,0,0,0,1,0
TXN00011159,2026-03-16 09:56:25,USR50288,MCH2733,16571.43,UTR7967380100,0110,SUCCESS,TXN00011159,USR50288,MCH2733,UTR7967380100,0,0,0,0,0,0,0
TXN00014862,2026-01-11 16:52:25,USR96148,MCH8084,14391.0,UTR3690787751,9120,FAILED,TXN00014862,USR96148,MCH8084,UTR 3690787751,0,0,0,0,0,1,0
TXN00019922,2026-01-02 18:10:24,USR26507,MCH6676,8876.49,UTR8253578469,9120,SUCCESS,TXN00019922,USR26507,MCH6676,UTR8253578469,0,0,0,0,0,0,0
TXN00003207,2026-03-02 04:05:20,USR36568,MCH7479,21470.52,UTR5688420655,1310,SUCCESS,TXN00003207,USR36568,MCH7479,UTR5688420655,0,0,0,0,0,0,0
TXN00014371,2026-02-21 21:50:01,USR89732,MCH7065,0.218733,UTR0996478587,8120,SUCCESS,TXN00014371,USR89732,MCH7065,UTR0996478587,0,0,0,0,0,0,0
TXN00018604,2026-03-17 21:46:42,USR70132,MCH5688,0.1607093,UTR6687421050,,FAILED,TXN00018604,USR70132,MCH5688,UTR6687421050,0,0,1,0,0,1,0
TXN00013282,2026-12-01 04:09:32,USR68365,MCH8250,1625.99,UTR0949511703,9120,PENDING,TXN00013282,USR68365,MCH8250,UTR0949511703,0,0,0,0,0,0,1
TXN00008995,2026-01-18 04:37:19,USR91628,MCH8810,7408.68,UTR8659585026,8120,SUCCESS,TXN00008995,USR91628,MCH8810,UTR8659585026,0,0,0,0,0,0,0
TXN00000361,2026-01-25 06:05:28,USR85324,MCH8712,9710.37,UTR8109203964,4110,PENDING,TXN00000361,USR85324,MCH8712,UTR8109203964,0,0,0,0,0,0,1
TXN00008438,2026-03-21 19:27:38,USR76520,MCH5123,563.14,UTR5303016491,0110,SUCCESS,TXN00008438,USR76520,MCH5123,UTR5303016491,0,0,0,0,0,0,0
TXN00014736,2026-01-25 18:47:42,USR31889,MCH8941,471.46,UTR0968127369,4110,SUCCESS,TXN00014736,USR31889,MCH8941,UTR0968127369,0,0,0,0,0,0,0
TXN00013371,2026-02-24 00:41:24,USR20794,MCH9841,21319.72,UTR2692978827,4110,SUCCESS,TXN00013371,USR20794,MCH9841,UTR2692978827,0,0,0,0,0,0,0
TXN00017321,2026-02-16 23:35:39,USR46940,MCH9383,9634.28,UTR1280559540,4110,SUCCESS,TXN00017321,USR46940,MCH9383,UTR1280559540,0,0,0,0,0,0,0
TXN00014555,2026-01-20 14:43:17,USR61902,MCH4348,6432.59,UTR0768664755,,SUCCESS,TXN00014555,USR61902,MCH4348,UTR0768664755,0,0,1,0,0,0,0
TXN00003475,2026-02-09 08:41:21,USR83763,MCH6178,20955.49,UTR1238046556,4110,SUCCESS,TXN00003475,USR83763,MCH6178,UTR1238046556,0,0,0,0,0,0,0
TXN00016773,2026-02-18 10:32:59,USR12654,MCH4499,16221.85,UTR0265955108,9120,SUCCESS,TXN00016773,USR12654,MCH4499,UTR0265955108,0,0,0,0,0,0,0
TXN00010140,2026-03-09 04:59:34,USR90226,MCH2326,0.138402,UTR4236337091,9120,SUCCESS,TXN00010140,USR90226,MCH2326,UTR4236337091,0,0,0,0,0,0,0
TXN00013540,2026-02-01 08:38:34,USR10796,MCH8269,7611.52,UTR3347452429,,SUCCESS,TXN00013540,USR10796,MCH8269,UTR3347452429,0,0,1,0,0,0,0
TXN00019500,2026-02-25 14:02:05,USR99671,MCH5560,16417.0,UTR1876019655,8120,FAILED,TXN00019500,USR99671,MCH5560,UTR1876019655,0,0,0,0,0,1,0
TXN00005638,2026-01-30 22:30:55,USR33004,MCH3463,21010.3,UTR3126212385,4110,FAILED,TXN00005638,USR33004,MCH3463,UTR3126212385,0,0,0,0,0,1,0
TXN00009173,2026-01-22 01:21:09,USR16371,MCH1158,806.8,UTR1858304980,8120,SUCCESS,TXN00009173,USR16371,MCH1158,UTR 1858304980,0,0,0,0,0,0,0
TXN00009083,2026-02-08 03:54:42,USR76590,MCH1455,8276.52,UTR2215892761,9120,FAILED,TXN00009083,USR76590,MCH1455,UTR2215892761,0,0,0,0,0,1,0
TXN00011836,2026-01-23 00:00:00,USR94641,MCH3132,2510.62,UTR0384219231,1310,SUCCESS,TXN00011836,USR94641,MCH3132,UTR0384219231,0,0,0,0,0,0,0
TXN00003487,2026-03-30 22:44:18,USR64869,MCH1589,8879.57,UTR7845351950,9120,SUCCESS,TXN00003487,USR64869,MCH1589,UTR7845351950,0,0,0,0,0,0,0
TXN00010340,2026-03-29 20:00:57,USR87087,MCH8343,21471.76,UTR5206827220,,SUCCESS,TXN00010340,USR87087,MCH8343,UTR5206827220,0,0,1,0,0,0,0
TXN00017606,2026-03-18 20:37:35,USR69731,MCH4529,9796.0,UTR0814351640,4110,SUCCESS,TXN00017606,USR69731,MCH4529,UTR 0814351640,0,0,0,0,0,0,0
TXN00010697,2026-02-21 13:08:02,USR48560,MCH3781,24196.82,UTR4628436710,8120,FAILED,TXN00010697,USR48560,MCH3781,UTR4628436710,0,0,0,0,0,1,0
TXN00000869,2026-03-09 09:01:12,USR80091,MCH1730,0.2154602,UTR1382752583,9120,FAILED,TXN00000869,USR80091,MCH1730,UTR1382752583,0,0,0,0,0,1,0
TXN00018634,2026-02-05 16:49:23,USR20256,MCH5798,17852.93,UTR3115129773,0110,SUCCESS,TXN00018634,USR20256,MCH5798,UTR3115129773,0,0,0,0,0,0,0
TXN00003869,2026-03-04 07:15:23,USR63097,MCH2511,16457.41,UTR7081796757,0110,SUCCESS,TXN00003869,USR63097,MCH2511,UTR7081796757,0,0,0,0,0,0,0
TXN00007243,2026-02-05 20:50:46,USR90636,MCH6646,3002.8,UTR4227408753,8120,SUCCESS,TXN00007243,USR90636,MCH6646,UTR4227408753,0,0,0,0,0,0,0
TXN00015779,2026-09-01 05:28:02,USR37017,MCH4560,839.58,UTR3908002665,8120,SUCCESS,TXN00015779,USR37017,MCH4560,UTR3908002665,0,0,0,0,0,0,0
TXN00010354,2026-01-12 02:03:28,USR12608,MCH8472,20529.55,UTR2653409606,9120,SUCCESS,TXN00010354,USR12608,MCH8472,UTR2653409606,0,0,0,0,0,0,0
TXN00000379,2026-03-24 09:36:15,USR69017,MCH8599,0.2036357,UTR6187294634,0110,SUCCESS,TXN00000379,USR69017,MCH8599,UTR6187294634,0,0,0,0,0,0,0
TXN00011949,2026-12-02 14:35:05,USR88854,MCH7955,13733.4,UTR0918478496,4110,SUCCESS,TXN00011949,USR88854,MCH7955,UTR0918478496,0,0,0,0,0,0,0
TXN00015500,2026-03-03 11:16:34,USR49332,MCH4713,21407.54,UTR4556998687,1310,SUCCESS,TXN00015500,USR49332,MCH4713,UTR4556998687,0,0,0,0,0,0,0
TXN00003525,2026-03-31 01:20:06,USR25184,MCH3450,4195.6,UTR3328809960,8120,SUCCESS,TXN00003525,USR25184,MCH3450,UTR3328809960,0,0,0,0,0,0,0
TXN00007565,2026-03-21 22:19:27,USR99491,MCH4906,12512.63,,9120,SUCCESS,TXN00007565,USR99491,MCH4906,,0,1,0,0,0,0,0
TXN00010516,2026-12-01 06:27:04,USR85333,MCH9745,12358.2,UTR5291553124,4110,SUCCESS,TXN00010516,USR85333,MCH9745,UTR5291553124,0,0,0,0,0,0,0
TXN00019684,2026-01-09 03:28:30,USR17182,MCH1504,23082.0,UTR6471367361,8120,FAILED,TXN00019684,USR17182,MCH1504,UTR 6471367361,0,0,0,0,0,1,0
TXN00004358,2026-01-05 08:07:08,USR40818,MCH1599,15645.01,UTR5740487989,9120,SUCCESS,TXN00004358,USR40818,MCH1599,UTR5740487989,0,0,0,0,0,0,0
TXN00011422,2026-02-08 21:31:20,USR56674,MCH8283,6510.3,UTR5609610849,0110,SUCCESS,TXN00011422,USR56674,MCH8283,UTR5609610849,0,0,0,0,0,0,0
TXN00000738,2026-01-02 06:53:42,USR95148,MCH8383,20416.82,UTR6236684501,4110,SUCCESS,TXN00000738,USR95148,MCH8383,UTR6236684501,0,0,0,0,0,0,0
TXN00004482,2026-03-23 17:58:03,USR72195,MCH8725,11798.78,UTR2905960866,8120,SUCCESS,TXN00004482,USR72195,MCH8725,UTR2905960866,0,0,0,0,0,0,0
TXN00004908,2026-01-27 22:32:48,USR49740,MCH1689,5152.8,UTR6433872271,9120,SUCCESS,TXN00004908,USR49740,MCH1689,UTR6433872271,0,0,0,0,0,0,0
TXN00008278,2026-01-16 07:27:50,USR96106,MCH6593,10566.92,UTR1552498276,,SUCCESS,TXN00008278,USR96106,MCH6593,UTR1552498276,0,0,1,0,0,0,0
TXN00012596,2026-01-10 23:13:24,USR35146,MCH8689,796.12,UTR7227578421,8120,FAILED,TXN00012596,USR35146,MCH8689,UTR7227578421,0,0,0,0,0,1,0
TXN00008891,2026-02-26 09:53:58,USR15357,MCH3987,6818.95,UTR6539381133,0110,SUCCESS,TXN00008891,USR15357,MCH3987,UTR6539381133,0,0,0,0,0,0,0
TXN00007793,2026-02-16 10:33:59,USR67460,MCH5425,10727.9,UTR8564012706,4110,SUCCESS,TXN00007793,USR67460,MCH5425,UTR8564012706,0,0,0,0,0,0,0
TXN00016673,2026-01-01 19:45:24,USR64821,MCH1795,24978.75,UTR6404794458,9120,SUCCESS,TXN00016673,USR64821,MCH1795,UTR6404794458,0,0,0,0,0,0,0
TXN00015528,2026-03-08 09:47:13,USR56758,MCH1595,17748.58,UTR1648534460,4110,SUCCESS,TXN00015528,USR56758,MCH1595,UTR 1648534460,0,0,0,0,0,0,0
TXN00012492,2026-03-02 13:35:00,USR97107,MCH7997,5185.05,UTR8724760956,,FAILED,TXN00012492,USR97107,MCH7997,UTR8724760956,0,0,1,0,0,1,0
TXN00013842,2026-03-30 09:57:57,USR34185,MCH6966,-12807.48,UTR4926025734,4110,SUCCESS,TXN00013842,USR34185,MCH6966,UTR4926025734,1,0,0,0,0,0,0
TXN00005102,2026-01-01 22:21:27,USR58056,MCH1734,14444.55,UTR2342979125,8120,FAILED,TXN00005102,USR58056,MCH1734,UTR2342979125,0,0,0,0,0,1,0
TXN00000034,2026-02-13 14:43:58,USR33187,MCH4613,23722.65,UTR1566350873,9120,SUCCESS,TXN00000034,USR33187,MCH4613,UTR1566350873,0,0,0,0,0,0,0
TXN00014755,2026-01-24 23:03:59,USR62892,MCH5275,11001.12,UTR3191523552,8120,SUCCESS,TXN00014755,USR62892,MCH5275,UTR3191523552,0,0,0,0,0,0,0
TXN00018593,2026-02-11 21:30:14,USR83482,MCH5091,9153.13,UTR9064122450,,SUCCESS,TXN00018593,USR83482,MCH5091,UTR9064122450,0,0,1,0,0,0,0
TXN00015814,2026-02-12 03:12:01,USR63286,MCH6930,-17886.68,UTR9679725904,1310,FAILED,TXN00015814,USR63286,MCH6930,UTR9679725904,1,0,0,0,0,1,0
TXN00008234,2026-12-03 16:54:55,USR71604,MCH5357,14764.75,UTR8314743519,4110,SUCCESS,TXN00008234,USR71604,MCH5357,UTR8314743519,0,0,0,0,0,0,0
TXN00010899,2026-01-26 06:47:33,USR80033,MCH3828,3205.0,UTR9421353076,4110,SUCCESS,TXN00010899,USR80033,MCH3828,UTR9421353076,0,0,0,0,0,0,0
TXN00013346,2026-03-23 12:08:53,USR72515,MCH6100,10912.87,UTR9601097467,0110,SUCCESS,TXN00013346,USR72515,MCH6100,UTR9601097467,0,0,0,0,0,0,0
TXN00011985,2026-02-28 11:01:54,USR66280,MCH3194,9799.28,UTR3649401645,1310,SUCCESS,TXN00011985,USR66280,MCH3194,UTR 3649401645,0,0,0,0,0,0,0
TXN00010885,2026-03-10 18:01:06,USR86097,MCH6902,12846.18,UTR4895949922,0110,SUCCESS,TXN00010885,USR86097,MCH6902,UTR4895949922,0,0,0,0,0,0,0
TXN00003397,2026-02-28 12:35:10,USR42163,MCH2017,20637.14,UTR8964770077,4110,SUCCESS,TXN00003397,USR42163,MCH2017,UTR8964770077,0,0,0,0,0,0,0
TXN00001531,2026-01-04 14:15:43,USR39656,MCH7710,7789.58,UTR8899398217,1310,SUCCESS,TXN00001531,USR39656,MCH7710,UTR8899398217,0,0,0,0,0,0,0
TXN00000626,2026-03-31 00:00:00,USR74858,MCH4073,9229.15,UTR7278086713,8120,SUCCESS,TXN00000626,USR74858,MCH4073,UTR7278086713,0,0,0,0,0,0,0
TXN00013789,2026-03-02 13:50:20,USR67621,MCH3244,18542.8,UTR0971417369,4110,SUCCESS,TXN00013789,USR67621,MCH3244,UTR0971417369,0,0,0,0,0,0,0
TXN00013778,2026-03-30 09:43:08,USR27427,MCH3286,14223.54,UTR3726026581,8120,SUCCESS,TXN00013778,USR27427,MCH3286,UTR3726026581,0,0,0,0,0,0,0
TXN00011818,2026-01-31 11:27:04,USR46350,MCH5676,5547.62,UTR0965173755,4110,PENDING,TXN00011818,USR46350,MCH5676,UTR0965173755,0,0,0,0,0,0,1
TXN00018856,2026-01-27 02:13:36,USR63807,MCH4445,0.1957054,UTR2680329488,4110,SUCCESS,TXN00018856,USR63807,MCH4445,UTR2680329488,0,0,0,0,0,0,0
TXN00004784,2026-03-07 17:50:37,USR78547,MCH2040,7291.11,UTR4167023326,9120,SUCCESS,TXN00004784,USR78547,MCH2040,UTR4167023326,0,0,0,0,0,0,0
TXN00011761,2026-03-22 00:00:00,USR62862,MCH4020,17359.93,UTR7535088010,8120,FAILED,TXN00011761,USR62862,MCH4020,UTR 7535088010,0,0,0,0,0,1,0
TXN00003365,2026-01-09 16:27:30,USR93259,MCH1053,23477.32,UTR4419873977,1310,SUCCESS,TXN00003365,USR93259,MCH1053,UTR4419873977,0,0,0,0,0,0,0
TXN00003421,2026-03-11 00:00:00,USR76361,MCH2104,19111.19,UTR6086314018,4110,SUCCESS,TXN00003421,USR76361,MCH2104,UTR6086314018,0,0,0,0,0,0,0
TXN00018785,2026-02-03 18:26:35,USR24970,MCH9445,22157.67,UTR2857832482,1310,SUCCESS,TXN00018785,USR24970,MCH9445,UTR2857832482,0,0,0,0,0,0,0
TXN00000822,2026-03-15 07:51:36,USR75679,MCH9076,0.12575,UTR7816666334,4110,SUCCESS,TXN00000822,USR75679,MCH9076,UTR7816666334,0,0,0,0,0,0,0
TXN00017478,2026-03-20 09:26:24,USR28377,MCH9231,22238.35,UTR5164941532,9120,SUCCESS,TXN00017478,USR28377,MCH9231,UTR5164941532,0,0,0,0,0,0,0
TXN00011006,2026-02-06 04:45:34,USR40664,MCH5290,23716.92,UTR7995123939,4110,SUCCESS,TXN00011006,USR40664,MCH5290,UTR7995123939,0,0,0,0,0,0,0
TXN00007128,2026-01-31 09:50:36,USR43071,MCH2770,0.696081,UTR6151787476,4110,SUCCESS,TXN00007128,USR43071,MCH2770,UTR6151787476,0,0,0,0,0,0,0
TXN00006192,2026-03-21 23:41:42,USR68665,MCH1400,16073.74,UTR2127763262,4110,SUCCESS,TXN00006192,USR68665,MCH1400,UTR2127763262,0,0,0,0,0,0,0
TXN00008904,2026-01-14 03:09:40,USR60737,MCH5351,18888.38,UTR2546249673,9120,SUCCESS,TXN00008904,USR60737,MCH5351,UTR2546249673,0,0,0,0,0,0,0
TXN00013881,2026-03-09 09:57:42,USR34548,MCH5262,0.1214535,UTR4479537742,1310,SUCCESS,TXN00013881,USR34548,MCH5262,UTR4479537742,0,0,0,0,0,0,0
TXN00002922,2026-03-17 18:08:39,USR68547,MCH2016,17818.41,UTR9023657847,9120,FAILED,TXN00002922,USR68547,MCH2016,UTR9023657847,0,0,0,0,0,1,0
TXN00018275,2026-01-28 12:25:17,USR76999,MCH1704,17129.28,UTR2975057683,4110,SUCCESS,TXN00018275,USR76999,MCH1704,UTR2975057683,0,0,0,0,0,0,0
TXN00013168,2026-03-26 01:49:05,USR22274,MCH8375,4723.09,UTR1052307795,8120,FAILED,TXN00013168,USR22274,MCH8375,UTR1052307795,0,0,0,0,0,1,0
TXN00006604,2026-02-27 00:00:00,USR96203,MCH4626,20179.6,UTR6880220555,4110,SUCCESS,TXN00006604,USR96203,MCH4626,UTR6880220555,0,0,0,0,0,0,0
TXN00014073,2026-01-21 09:02:39,USR10011,MCH6493,8691.46,UTR8405170927,0110,SUCCESS,TXN00014073,USR10011,MCH6493,UTR8405170927,0,0,0,0,0,0,0
TXN00009370,2026-02-02 12:51:43,USR84196,MCH2973,0.1453835,UTR0763274197,,SUCCESS,TXN00009370,USR84196,MCH2973,UTR0763274197,0,0,1,0,0,0,0
TXN00004823,2026-04-03 14:04:29,USR85578,MCH1727,9432.58,UTR1717188416,0110,SUCCESS,TXN00004823,USR85578,MCH1727,UTR1717188416,0,0,0,0,0,0,0
TXN00005997,2026-03-05 16:52:10,USR68653,MCH3154,12585.48,UTR6081951325,8120,PENDING,TXN00005997,USR68653,MCH3154,UTR6081951325,0,0,0,0,0,0,1
TXN00019960,2026-03-08 13:01:20,USR92221,MCH2078,12558.18,UTR3043830263,9120,SUCCESS,TXN00019960,USR92221,MCH2078,UTR3043830263,0,0,0,0,0,0,0
TXN00015497,2026-03-03 03:00:00,USR39723,MCH8057,10195.88,UTR5850568133,4110,SUCCESS,TXN00015497,USR39723,MCH8057,UTR5850568133,0,0,0,0,0,0,0
TXN00019390,2026-02-24 03:37:18,USR47686,MCH7731,0.1124143,UTR1759400787,4110,SUCCESS,TXN00019390,USR47686,MCH7731,UTR1759400787,0,0,0,0,0,0,0
TXN00014042,2026-03-15 01:10:49,USR39590,MCH9822,3828.62,UTR5507405467,4110,SUCCESS,TXN00014042,USR39590,MCH9822,UTR 5507405467,0,0,0,0,0,0,0
TXN00004639,2026-01-08 07:57:56,USR36098,MCH9037,18798.11,UTR9243872419,1310,SUCCESS,TXN00004639,USR36098,MCH9037,UTR9243872419,0,0,0,0,0,0,0
TXN00017311,2026-01-18 08:20:51,USR35832,MCH5015,14605.13,UTR6449030389,1310,FAILED,TXN00017311,USR35832,MCH5015,UTR6449030389,0,0,0,0,0,1,0
TXN00012016,2026-03-11 06:43:28,USR29516,MCH9703,15611.02,UTR5277177663,0110,SUCCESS,TXN00012016,USR29516,MCH9703,UTR5277177663,0,0,0,0,0,0,0
TXN00010995,2026-01-06 10:36:01,USR24701,MCH7792,21761.57,UTR6844274704,,FAILED,TXN00010995,USR24701,MCH7792,UTR 6844274704,0,0,1,0,0,1,0
TXN00012765,2026-03-17 22:33:22,USR17798,MCH7964,19044.0,UTR0496280334,0110,SUCCESS,TXN00012765,USR17798,MCH7964,UTR0496280334,0,0,0,0,0,0,0
TXN00015719,2026-02-18 02:37:01,USR85060,MCH3414,9048.65,UTR2166782207,,PENDING,TXN00015719,USR85060,MCH3414,UTR2166782207,0,0,1,0,0,0,1
TXN00010053,2026-01-27 11:10:55,USR90503,MCH7068,22595.0,UTR1333033332,8120,SUCCESS,TXN00010053,USR90503,MCH7068,UTR1333033332,0,0,0,0,0,0,0
TXN00018215,2026-02-07 00:00:00,USR98722,MCH1790,17218.1,UTR1787122706,0110,SUCCESS,TXN00018215,USR98722,MCH1790,UTR1787122706,0,0,0,0,0,0,0
TXN00019269,2026-03-15 06:57:44,USR46014,MCH8188,16390.09,,1310,SUCCESS,TXN00019269,USR46014,MCH8188,,0,1,0,0,0,0,0
TXN00017412,2026-03-29 04:14:46,USR18720,MCH7782,-8733.93,UTR1576637438,9120,SUCCESS,TXN00017412,USR18720,MCH7782,UTR1576637438,1,0,0,0,0,0,0
TXN00014285,2026-03-27 23:27:43,USR93961,MCH7509,11241.99,UTR5200007813,8120,SUCCESS,TXN00014285,USR93961,MCH7509,UTR5200007813,0,0,0,0,0,0,0
TXN00009966,2026-03-05 23:56:38,USR48797,MCH2347,14140.75,UTR0861512265,9120,SUCCESS,TXN00009966,USR48797,MCH2347,UTR0861512265,0,0,0,0,0,0,0
TXN00000865,2026-01-14 10:26:05,USR76508,MCH4820,10025.07,UTR9044797372,9120,SUCCESS,TXN00000865,USR76508,MCH4820,UTR9044797372,0,0,0,0,0,0,0
TXN00001056,2026-03-22 11:01:40,USR38177,MCH7951,8774.29,UTR9236962006,,SUCCESS,TXN00001056,USR38177,MCH7951,UTR9236962006,0,0,1,0,0,0,0
TXN00017333,2026-02-28 20:20:25,USR70632,MCH2057,4258.21,UTR3534733424,,SUCCESS,TXN00017333,USR70632,MCH2057,UTR3534733424,0,0,1,0,0,0,0
TXN00018185,2026-03-04 02:32:05,USR28643,MCH3594,7159.0,UTR7052685122,,SUCCESS,TXN00018185,USR28643,MCH3594,UTR7052685122,0,0,1,0,0,0,0
TXN00018381,2026-03-13 03:11:28,USR95612,MCH9617,1469.32,UTR8861162157,,SUCCESS,TXN00018381,USR95612,MCH9617,UTR8861162157,0,0,1,0,0,0,0
TXN00003185,2026-03-12 10:07:40,USR18294,MCH7284,12879.99,UTR0402193177,0110,SUCCESS,TXN00003185,USR18294,MCH7284,UTR0402193177,0,0,0,0,0,0,0
TXN00009141,2026-03-16 16:15:54,USR94622,MCH6061,10128.72,UTR8291681402,,FAILED,TXN00009141,USR94622,MCH6061,UTR8291681402,0,0,1,0,0,1,0
TXN00007048,2026-02-25 14:31:51,USR70548,MCH3186,518.0,UTR0602025204,9120,SUCCESS,TXN00007048,USR70548,MCH3186,UTR0602025204,0,0,0,0,0,0,0
TXN00008554,2026-03-31 21:33:20,USR41933,MCH7950,10335.73,UTR6305446339,1310,SUCCESS,TXN00008554,USR41933,MCH7950,UTR6305446339,0,0,0,0,0,0,0
TXN00007438,2026-03-07 21:09:28,USR42543,MCH9912,5696.07,UTR3501838284,,SUCCESS,TXN00007438,USR42543,MCH9912,UTR3501838284,0,0,1,0,0,0,0
TXN00006433,2026-03-05 14:11:56,USR66118,MCH9280,0.2204207,UTR8523104833,4110,SUCCESS,TXN00006433,USR66118,MCH9280,UTR8523104833,0,0,0,0,0,0,0
TXN00001685,2026-03-14 08:22:37,USR61608,MCH8190,3321.79,UTR4450140730,0110,SUCCESS,TXN00001685,USR61608,MCH8190,UTR4450140730,0,0,0,0,0,0,0
TXN00011799,2026-01-03 19:54:19,USR60882,MCH1007,3323.23,UTR9480250074,0110,SUCCESS,TXN00011799,USR60882,MCH1007,UTR9480250074,0,0,0,0,0,0,0
TXN00013862,2026-01-17 15:17:50,USR87333,MCH3091,7434.96,,4110,SUCCESS,TXN00013862,USR87333,MCH3091,,0,1,0,0,0,0,0
TXN00009804,2026-07-03 01:22:01,USR89886,MCH7869,16898.53,UTR9428785271,1310,SUCCESS,TXN00009804,USR89886,MCH7869,UTR9428785271,0,0,0,0,0,0,0
TXN00018503,2026-01-22 18:00:26,USR29162,MCH4293,18335.53,UTR1246045189,8120,SUCCESS,TXN00018503,USR29162,MCH4293,UTR1246045189,0,0,0,0,0,0,0
TXN00010152,2026-01-07 01:22:23,USR96236,MCH6597,6013.28,UTR0640299185,8120,SUCCESS,TXN00010152,USR96236,MCH6597,UTR0640299185,0,0,0,0,0,0,0
TXN00005613,2026-03-23 13:00:10,USR78070,MCH7656,20533.27,UTR4572945442,,SUCCESS,TXN00005613,USR78070,MCH7656,UTR 4572945442,0,0,1,0,0,0,0
TXN00007922,2026-02-22 06:39:07,USR14774,MCH3157,0.1780468,UTR9773382522,0110,SUCCESS,TXN00007922,USR14774,MCH3157,UTR9773382522,0,0,0,0,0,0,0
TXN00000389,2026-01-06 16:37:49,USR79692,MCH8452,18768.0,UTR9578009412,4110,FAILED,TXN00000389,USR79692,MCH8452,UTR9578009412,0,0,0,0,0,1,0
TXN00010315,2026-01-15 11:05:13,USR19843,MCH7785,17734.71,UTR2109361369,4110,SUCCESS,TXN00010315,USR19843,MCH7785,UTR2109361369,0,0,0,0,0,0,0
TXN00015812,2026-02-04 08:16:07,USR69525,MCH9506,1344.88,,0110,SUCCESS,TXN00015812,USR69525,MCH9506,,0,1,0,0,0,0,0
TXN00019956,2026-02-17 14:00:02,USR74523,MCH3077,24912.26,UTR6766326718,,SUCCESS,TXN00019956,USR74523,MCH3077,UTR6766326718,0,0,1,0,0,0,0
TXN00017639,2026-02-01 06:06:28,USR37219,MCH2622,12217.96,UTR2792646999,0110,SUCCESS,TXN00017639,USR37219,MCH2622,UTR2792646999,0,0,0,0,0,0,0
TXN00009576,2026-03-07 03:14:27,USR73738,MCH8866,8438.0,UTR9130290064,8120,SUCCESS,TXN00009576,USR73738,MCH8866,UTR 9130290064,0,0,0,0,0,0,0
TXN00012084,2026-02-12 05:59:36,USR17031,MCH7570,0.528385,UTR5785665758,9120,SUCCESS,TXN00012084,USR17031,MCH7570,UTR5785665758,0,0,0,0,0,0,0
TXN00001820,2026-02-07 17:36:37,USR67534,MCH8067,9554.67,UTR4383173636,1310,FAILED,TXN00001820,USR67534,MCH8067,UTR4383173636,0,0,0,0,0,1,0
TXN00019642,2026-03-30 03:00:52,USR60252,MCH5617,22313.86,UTR3654691894,4110,SUCCESS,TXN00019642,USR60252,MCH5617,UTR3654691894,0,0,0,0,0,0,0
TXN00009123,2026-01-16 00:00:00,USR25249,MCH1297,16439.53,UTR5361667875,9120,SUCCESS,TXN00009123,USR25249,MCH1297,UTR5361667875,0,0,0,0,0,0,0
TXN00007596,2026-01-20 14:00:42,USR49470,MCH1903,24755.66,UTR4367024611,,SUCCESS,TXN00007596,USR49470,MCH1903,UTR4367024611,0,0,1,0,0,0,0
TXN00011180,2026-02-05 04:44:20,USR27777,MCH8727,779.0,UTR2042391999,4110,SUCCESS,TXN00011180,USR27777,MCH8727,UTR2042391999,0,0,0,0,0,0,0
TXN00014447,2026-03-21 04:32:32,USR51274,MCH2058,22352.42,UTR3187229453,8120,FAILED,TXN00014447,USR51274,MCH2058,UTR3187229453,0,0,0,0,0,1,0
TXN00013026,2026-03-28 06:22:36,USR66547,MCH8021,97.74,UTR2704012214,8120,SUCCESS,TXN00013026,USR66547,MCH8021,UTR 2704012214,0,0,0,0,0,0,0
TXN00018761,2026-01-28 02:19:57,USR18442,MCH6441,449.89,UTR8390866002,8120,SUCCESS,TXN00018761,USR18442,MCH6441,UTR8390866002,0,0,0,0,0,0,0
TXN00003217,2026-03-10 00:19:55,USR15783,MCH9133,4140.46,UTR9783653161,0110,SUCCESS,TXN00003217,USR15783,MCH9133,UTR9783653161,0,0,0,0,0,0,0
TXN00010241,2026-03-04 19:47:33,USR30582,MCH8707,13657.01,UTR9016553003,9120,PENDING,TXN00010241,USR30582,MCH8707,UTR9016553003,0,0,0,0,0,0,1
TXN00009878,2026-02-20 04:34:47,USR34683,MCH9126,9312.41,UTR1266816713,4110,SUCCESS,TXN00009878,USR34683,MCH9126,UTR1266816713,0,0,0,0,0,0,0
TXN00004281,2026-02-22 03:04:53,USR20863,MCH2688,4074.89,UTR2794737399,4110,SUCCESS,TXN00004281,USR20863,MCH2688,UTR2794737399,0,0,0,0,0,0,0
TXN00019251,2026-03-27 23:00:47,USR15872,MCH9057,20024.16,UTR9179793896,4110,SUCCESS,TXN00019251,USR15872,MCH9057,UTR 9179793896,0,0,0,0,0,0,0
TXN00012474,2026-01-18 10:23:12,USR67873,MCH9171,8264.47,UTR8913011997,8120,SUCCESS,TXN00012474,USR67873,MCH9171,UTR8913011997,0,0,0,0,0,0,0
TXN00011573,2026-03-16 10:00:22,USR75008,MCH2533,2185.0,UTR0586348659,8120,PENDING,TXN00011573,USR75008,MCH2533,UTR0586348659,0,0,0,0,0,0,1
TXN00002596,2026-01-28 23:19:31,USR24879,MCH4621,19385.9,UTR7099722024,,SUCCESS,TXN00002596,USR24879,MCH4621,UTR7099722024,0,0,1,0,0,0,0
TXN00007988,2026-03-14 05:21:18,USR60624,MCH9268,11337.01,UTR4093369675,9120,SUCCESS,TXN00007988,USR60624,MCH9268,UTR4093369675,0,0,0,0,0,0,0
TXN00013123,2026-02-24 22:19:32,USR87859,MCH8192,1669.75,UTR3667703534,8120,SUCCESS,TXN00013123,USR87859,MCH8192,UTR3667703534,0,0,0,0,0,0,0
TXN00012538,2026-03-20 02:56:55,USR59446,MCH3966,18031.18,UTR9123340374,4110,SUCCESS,TXN00012538,USR59446,MCH3966,UTR9123340374,0,0,0,0,0,0,0
TXN00007184,2026-01-21 15:46:05,USR38348,MCH1202,19282.91,UTR9647085143,,SUCCESS,TXN00007184,USR38348,MCH1202,UTR9647085143,0,0,1,0,0,0,0
TXN00015721,2026-01-17 13:15:23,USR49412,MCH5699,10050.0,UTR7362312676,8120,SUCCESS,TXN00015721,USR49412,MCH5699,UTR7362312676,0,0,0,0,0,0,0
TXN00014778,2026-02-26 03:38:02,USR46411,MCH2239,432.16,UTR1659224446,1310,SUCCESS,TXN00014778,USR46411,MCH2239,UTR1659224446,0,0,0,0,0,0,0
TXN00000995,2026-03-16 11:00:07,USR89891,MCH5132,9030.74,UTR6509794566,0110,SUCCESS,TXN00000995,USR89891,MCH5132,UTR6509794566,0,0,0,0,0,0,0
TXN00001385,2026-02-08 21:07:16,USR52320,MCH1910,16421.85,UTR7168825952,,SUCCESS,TXN00001385,USR52320,MCH1910,UTR7168825952,0,0,1,0,0,0,0
TXN00002511,2026-01-20 09:19:45,USR33230,MCH5140,1571.0,UTR2944508338,9120,SUCCESS,TXN00002511,USR33230,MCH5140,UTR2944508338,0,0,0,0,0,0,0
TXN00015625,2026-02-15 12:04:13,USR19485,MCH9086,11586.11,UTR3450599799,,SUCCESS,TXN00015625,USR19485,MCH9086,UTR3450599799,0,0,1,0,0,0,0
TXN00008093,2026-01-01 21:16:49,USR89551,MCH3831,14651.0,UTR6411899844,0110,FAILED,TXN00008093,USR89551,MCH3831,UTR6411899844,0,0,0,0,0,1,0
TXN00006016,2026-01-02 00:41:19,USR66512,MCH3030,18839.36,UTR2043675016,4110,SUCCESS,TXN00006016,USR66512,MCH3030,UTR2043675016,0,0,0,0,0,0,0
TXN00009772,2026-01-28 09:35:42,USR18400,MCH1997,8476.64,UTR5492642218,4110,SUCCESS,TXN00009772,USR18400,MCH1997,UTR5492642218,0,0,0,0,0,0,0
TXN00019749,2026-01-17 03:16:01,USR77386,MCH8117,24275.0,UTR0009308471,0110,SUCCESS,TXN00019749,USR77386,MCH8117,UTR0009308471,0,0,0,0,0,0,0
TXN00010065,2026-03-07 13:32:32,USR29798,MCH1152,3711.87,UTR9987522103,,SUCCESS,TXN00010065,USR29798,MCH1152,UTR9987522103,0,0,1,0,0,0,0
TXN00018394,2026-01-07 05:59:33,USR29277,MCH6499,11449.16,UTR9719967758,4110,SUCCESS,TXN00018394,USR29277,MCH6499,UTR9719967758,0,0,0,0,0,0,0
TXN00017462,2026-03-29 06:13:30,USR71853,MCH3568,5757.44,UTR1745582589,,SUCCESS,TXN00017462,USR71853,MCH3568,UTR1745582589,0,0,1,0,0,0,0
TXN00019010,2026-03-12 12:18:28,USR22182,MCH2735,3580.77,UTR1205233734,9120,SUCCESS,TXN00019010,USR22182,MCH2735,UTR1205233734,0,0,0,0,0,0,0
TXN00000010,2026-01-10 00:00:00,USR72748,MCH5922,17704.73,UTR8575386415,,SUCCESS,TXN00000010,USR72748,MCH5922,UTR8575386415,0,0,1,0,0,0,0
TXN00003922,2026-02-21 16:08:41,USR82459,MCH1990,10011.3,UTR9517015639,0110,SUCCESS,TXN00003922,USR82459,MCH1990,UTR9517015639,0,0,0,0,0,0,0
TXN00005458,2026-03-05 00:41:58,USR54555,MCH2447,9779.03,UTR4985418108,4110,FAILED,TXN00005458,USR54555,MCH2447,UTR4985418108,0,0,0,0,0,1,0
TXN00010400,2026-01-04 22:50:07,USR79990,MCH3146,12300.36,UTR7248280061,4110,FAILED,TXN00010400,USR79990,MCH3146,UTR7248280061,0,0,0,0,0,1,0
TXN00017502,2026-01-13 01:09:24,USR74075,MCH9543,6857.88,UTR4914817627,9120,SUCCESS,TXN00017502,USR74075,MCH9543,UTR4914817627,0,0,0,0,0,0,0
TXN00008317,2026-04-01 20:00:53,USR71384,MCH8228,21674.86,UTR6703479727,0110,SUCCESS,TXN00008317,USR71384,MCH8228,UTR6703479727,0,0,0,0,0,0,0
TXN00010932,2026-03-10 11:49:14,USR82725,MCH1269,0.929427,UTR7281585850,,SUCCESS,TXN00010932,USR82725,MCH1269,UTR7281585850,0,0,1,0,0,0,0
TXN00017075,2026-01-28 12:00:59,USR77018,MCH8345,14260.5,UTR9474323272,0110,SUCCESS,TXN00017075,USR77018,MCH8345,UTR9474323272,0,0,0,0,0,0,0
TXN00003149,2026-01-15 11:03:24,USR38220,MCH8683,19686.8,UTR7588975404,4110,PENDING,TXN00003149,USR38220,MCH8683,UTR7588975404,0,0,0,0,0,0,1
TXN00000522,2026-03-08 17:59:03,USR39468,MCH9012,9528.46,UTR9180179327,9120,SUCCESS,TXN00000522,USR39468,MCH9012,UTR9180179327,0,0,0,0,0,0,0
TXN00005239,2026-01-20 05:41:00,USR34958,MCH5088,969.64,UTR4232714651,8120,SUCCESS,TXN00005239,USR34958,MCH5088,UTR4232714651,0,0,0,0,0,0,0
TXN00007129,2026-01-24 21:37:46,USR14895,MCH8376,8119.42,UTR4852562994,4110,FAILED,TXN00007129,USR14895,MCH8376,UTR4852562994,0,0,0,0,0,1,0
TXN00009956,2026-01-25 22:45:00,USR73915,MCH6163,0.874336,,9120,SUCCESS,TXN00009956,USR73915,MCH6163,,0,1,0,0,0,0,0
TXN00015154,2026-03-23 06:51:22,USR48343,MCH7012,5282.12,UTR5710874567,4110,SUCCESS,TXN00015154,USR48343,MCH7012,UTR5710874567,0,0,0,0,0,0,0
TXN00013116,2026-01-07 13:26:12,USR42202,MCH4995,13056.62,UTR2360069629,9120,SUCCESS,TXN00013116,USR42202,MCH4995,UTR2360069629,0,0,0,0,0,0,0
TXN00017213,2026-01-20 18:48:04,USR69160,MCH9521,15555.27,UTR6717524372,9120,SUCCESS,TXN00017213,USR69160,MCH9521,UTR6717524372,0,0,0,0,0,0,0
TXN00000948,2026-01-26 06:12:29,USR47192,MCH9509,22501.47,UTR2133559223,8120,SUCCESS,TXN00000948,USR47192,MCH9509,UTR2133559223,0,0,0,0,0,0,0
TXN00016489,2026-03-30 11:37:37,USR31146,MCH9304,24672.05,UTR8830490566,,SUCCESS,TXN00016489,USR31146,MCH9304,UTR8830490566,0,0,1,0,0,0,0
TXN00009802,2026-01-29 00:11:09,USR20339,MCH6422,0.500822,UTR2295232451,,SUCCESS,TXN00009802,USR20339,MCH6422,UTR2295232451,0,0,1,0,0,0,0
TXN00000896,2026-01-01 13:44:19,USR17977,MCH6585,5132.56,UTR5122781216,9120,SUCCESS,TXN00000896,USR17977,MCH6585,UTR5122781216,0,0,0,0,0,0,0
TXN00002060,2026-01-22 18:31:42,USR95826,MCH5695,13640.34,UTR2007317190,0110,SUCCESS,TXN00002060,USR95826,MCH5695,UTR2007317190,0,0,0,0,0,0,0
TXN00015698,2026-03-08 10:01:03,USR38355,MCH6712,17691.39,,4110,FAILED,TXN00015698,USR38355,MCH6712,,0,1,0,0,0,1,0
TXN00018651,2026-03-20 10:09:32,USR27625,MCH3219,8404.67,UTR0607463164,4110,SUCCESS,TXN00018651,USR27625,MCH3219,UTR0607463164,0,0,0,0,0,0,0
TXN00006861,2026-02-09 04:01:47,USR46968,MCH3224,1806.95,UTR1539878125,8120,SUCCESS,TXN00006861,USR46968,MCH3224,UTR1539878125,0,0,0,0,0,0,0
TXN00010545,2026-01-08 03:20:11,USR45142,MCH1212,0.2263528,UTR1114900215,1310,SUCCESS,TXN00010545,USR45142,MCH1212,UTR1114900215,0,0,0,0,0,0,0
TXN00006177,2026-03-13 05:25:10,USR55453,MCH8484,14044.25,UTR8362410483,9120,SUCCESS,TXN00006177,USR55453,MCH8484,UTR8362410483,0,0,0,0,0,0,0
TXN00005909,2026-03-28 20:19:02,USR58281,MCH7935,0.551956,UTR6282063034,4110,SUCCESS,TXN00005909,USR58281,MCH7935,UTR 6282063034,0,0,0,0,0,0,0
TXN00006381,2026-01-27 09:25:01,USR38389,MCH5781,15017.36,UTR0629712495,4110,SUCCESS,TXN00006381,USR38389,MCH5781,UTR0629712495,0,0,0,0,0,0,0
TXN00010047,2026-03-23 00:00:00,USR77307,MCH3365,5811.03,UTR1547640878,8120,SUCCESS,TXN00010047,USR77307,MCH3365,UTR1547640878,0,0,0,0,0,0,0
TXN00019709,2026-02-24 21:16:23,USR49220,MCH9414,1914.7,UTR2118442771,1310,SUCCESS,TXN00019709,USR49220,MCH9414,UTR2118442771,0,0,0,0,0,0,0
TXN00005556,2026-02-13 19:34:33,USR19994,MCH6613,17761.68,UTR8352885714,4110,SUCCESS,TXN00005556,USR19994,MCH6613,UTR8352885714,0,0,0,0,0,0,0
TXN00001099,2026-02-17 08:04:25,USR36213,MCH7997,19491.82,UTR6495766073,0110,SUCCESS,TXN00001099,USR36213,MCH7997,UTR6495766073,0,0,0,0,0,0,0
TXN00013541,2026-02-11 23:54:37,USR79978,MCH2218,11730.67,UTR1429837553,1310,SUCCESS,TXN00013541,USR79978,MCH2218,UTR1429837553,0,0,0,0,0,0,0
TXN00004852,2026-03-19 01:38:12,USR68598,MCH1510,9546.6,UTR0148334103,8120,FAILED,TXN00004852,USR68598,MCH1510,UTR0148334103,0,0,0,0,0,1,0
TXN00018884,2026-03-23 23:25:14,USR34710,MCH8921,8311.16,UTR6296489424,8120,SUCCESS,TXN00018884,USR34710,MCH8921,UTR6296489424,0,0,0,0,0,0,0
TXN00009621,2026-02-17 07:58:22,USR38913,MCH1605,11059.48,UTR1922928531,,SUCCESS,TXN00009621,USR38913,MCH1605,UTR1922928531,0,0,1,0,0,0,0
TXN00012570,2026-02-16 00:28:28,USR99053,MCH4070,-3263.43,UTR7792839338,4110,PENDING,TXN00012570,USR99053,MCH4070,UTR7792839338,1,0,0,0,0,0,1
TXN00006788,2026-01-22 21:33:57,USR90226,MCH8650,20129.28,UTR7336191541,1310,SUCCESS,TXN00006788,USR90226,MCH8650,UTR7336191541,0,0,0,0,0,0,0
TXN00015171,2026-02-01 01:58:43,USR22094,MCH9768,0.42395,UTR0701565657,1310,SUCCESS,TXN00015171,USR22094,MCH9768,UTR0701565657,0,0,0,0,0,0,0
TXN00015348,2026-03-09 08:29:54,USR15798,MCH9834,14109.81,UTR1076049656,4110,SUCCESS,TXN00015348,USR15798,MCH9834,UTR1076049656,0,0,0,0,0,0,0
TXN00019556,2026-03-24 02:06:56,USR58837,MCH3283,12393.52,UTR6118978486,1310,SUCCESS,TXN00019556,USR58837,MCH3283,UTR6118978486,0,0,0,0,0,0,0
TXN00017120,2026-03-19 01:34:27,USR43738,MCH3037,6898.13,UTR5033495172,4110,SUCCESS,TXN00017120,USR43738,MCH3037,UTR5033495172,0,0,0,0,0,0,0
TXN00001963,2026-01-08 00:00:00,USR92969,MCH9605,20996.66,UTR6138078571,8120,SUCCESS,TXN00001963,USR92969,MCH9605,UTR6138078571,0,0,0,0,0,0,0
TXN00012949,2026-02-27 12:38:00,USR43013,MCH5135,22112.94,UTR1209026473,1310,SUCCESS,TXN00012949,USR43013,MCH5135,UTR1209026473,0,0,0,0,0,0,0
TXN00010600,2026-03-25 04:53:36,USR59914,MCH2033,11853.25,UTR6199739165,8120,SUCCESS,TXN00010600,USR59914,MCH2033,UTR6199739165,0,0,0,0,0,0,0
TXN00004063,2026-03-16 15:54:46,USR67544,MCH7784,19136.43,UTR7122902541,9120,SUCCESS,TXN00004063,USR67544,MCH7784,UTR 7122902541,0,0,0,0,0,0,0
TXN00014220,2026-02-27 00:57:19,USR88195,MCH1653,12218.07,UTR7523860637,4110,SUCCESS,TXN00014220,USR88195,MCH1653,UTR7523860637,0,0,0,0,0,0,0
TXN00001808,2026-01-12 07:52:28,USR42158,MCH9497,0.463804,UTR3878469514,0110,SUCCESS,TXN00001808,USR42158,MCH9497,UTR 3878469514,0,0,0,0,0,0,0
TXN00001428,2026-01-03 19:16:14,USR29034,MCH4644,23795.78,UTR0291373285,8120,SUCCESS,TXN00001428,USR29034,MCH4644,UTR0291373285,0,0,0,0,0,0,0
TXN00018869,2026-02-01 03:57:34,USR86709,MCH5399,2341.6,UTR1083026148,8120,FAILED,TXN00018869,USR86709,MCH5399,UTR 1083026148,0,0,0,0,0,1,0
TXN00000959,2026-03-15 00:18:35,USR50475,MCH8674,4165.0,UTR3256620224,8120,SUCCESS,TXN00000959,USR50475,MCH8674,UTR3256620224,0,0,0,0,0,0,0
TXN00015198,2026-01-22 20:27:18,USR72096,MCH4812,22822.0,UTR1477147606,9120,SUCCESS,TXN00015198,USR72096,MCH4812,UTR1477147606,0,0,0,0,0,0,0
TXN00006078,2026-03-26 14:35:03,USR87150,MCH5068,13607.27,UTR3841744042,4110,SUCCESS,TXN00006078,USR87150,MCH5068,UTR3841744042,0,0,0,0,0,0,0
TXN00010128,2026-01-18 21:21:50,USR70899,MCH7410,21171.11,UTR8137412502,9120,SUCCESS,TXN00010128,USR70899,MCH7410,UTR 8137412502,0,0,0,0,0,0,0
TXN00001677,2026-02-24 22:42:36,USR22440,MCH6987,2032.17,UTR6251783898,4110,SUCCESS,TXN00001677,USR22440,MCH6987,UTR6251783898,0,0,0,0,0,0,0
TXN00001894,2026-03-29 10:23:21,USR66469,MCH7704,5108.85,UTR1423993901,8120,FAILED,TXN00001894,USR66469,MCH7704,UTR1423993901,0,0,0,0,0,1,0
TXN00008419,2026-11-03 16:42:01,USR87865,MCH6171,19020.01,UTR2047493518,,SUCCESS,TXN00008419,USR87865,MCH6171,UTR 2047493518,0,0,1,0,0,0,0
TXN00012871,2026-03-11 06:16:17,USR65935,MCH8161,17821.0,UTR9703460209,0110,SUCCESS,TXN00012871,USR65935,MCH8161,UTR 9703460209,0,0,0,0,0,0,0
TXN00015293,2026-03-05 02:50:15,USR97543,MCH9920,17443.89,,,SUCCESS,TXN00015293,USR97543,MCH9920,,0,1,1,0,0,0,0
TXN00018591,2026-03-05 03:23:41,USR41646,MCH4700,3948.18,UTR8934211909,0110,SUCCESS,TXN00018591,USR41646,MCH4700,UTR8934211909,0,0,0,0,0,0,0
TXN00013200,2026-02-21 15:19:20,USR11930,MCH6986,4655.68,,4110,PENDING,TXN00013200,USR11930,MCH6986,,0,1,0,0,0,0,1
TXN00014942,2026-02-04 13:36:29,USR10749,MCH6860,5035.08,UTR0163397265,0110,SUCCESS,TXN00014942,USR10749,MCH6860,UTR0163397265,0,0,0,0,0,0,0
TXN00019018,2026-02-24 21:28:58,USR91487,MCH8223,5759.51,UTR8055516635,,FAILED,TXN00019018,USR91487,MCH8223,UTR8055516635,0,0,1,0,0,1,0
TXN00012776,2026-03-26 00:00:00,USR82478,MCH7779,10490.55,UTR5812533469,4110,SUCCESS,TXN00012776,USR82478,MCH7779,UTR5812533469,0,0,0,0,0,0,0
TXN00018458,2026-01-18 23:47:25,USR51654,MCH7514,16537.13,UTR6562650910,9120,SUCCESS,TXN00018458,USR51654,MCH7514,UTR 6562650910,0,0,0,0,0,0,0
TXN00005918,2026-01-05 00:00:00,USR88490,MCH7243,16663.52,UTR4647076745,9120,SUCCESS,TXN00005918,USR88490,MCH7243,UTR4647076745,0,0,0,0,0,0,0
TXN00000013,2026-03-28 14:55:44,USR43166,MCH8391,20812.74,UTR4731316528,1310,SUCCESS,TXN00000013,USR43166,MCH8391,UTR 4731316528,0,0,0,0,0,0,0
TXN00019788,2026-01-29 04:12:27,USR55241,MCH5925,1816.43,UTR3256638140,0110,SUCCESS,TXN00019788,USR55241,MCH5925,UTR3256638140,0,0,0,0,0,0,0
TXN00000609,2026-03-25 21:24:54,USR64811,MCH7099,0.125904,UTR5097704205,1310,SUCCESS,TXN00000609,USR64811,MCH7099,UTR5097704205,0,0,0,0,0,0,0
TXN00018633,2026-03-29 17:25:37,USR75341,MCH2635,18549.25,UTR1751319250,4110,SUCCESS,TXN00018633,USR75341,MCH2635,UTR1751319250,0,0,0,0,0,0,0
TXN00017442,2026-01-08 01:15:51,USR19126,MCH9954,17346.21,UTR9089268461,8120,SUCCESS,TXN00017442,USR19126,MCH9954,UTR9089268461,0,0,0,0,0,0,0
TXN00018235,2026-03-01 22:05:00,USR49903,MCH1416,2626.58,UTR8670627293,9120,SUCCESS,TXN00018235,USR49903,MCH1416,UTR8670627293,0,0,0,0,0,0,0
TXN00014451,2026-02-03 20:31:05,USR40767,MCH8017,22169.29,UTR9727743081,9120,FAILED,TXN00014451,USR40767,MCH8017,UTR9727743081,0,0,0,0,0,1,0
TXN00010662,2026-02-01 13:07:11,USR55564,MCH7798,1208.71,UTR4469774396,,SUCCESS,TXN00010662,USR55564,MCH7798,UTR4469774396,0,0,1,0,0,0,0
TXN00005520,2026-01-26 17:59:23,USR11398,MCH7652,16101.26,UTR5218482776,4110,SUCCESS,TXN00005520,USR11398,MCH7652,UTR5218482776,0,0,0,0,0,0,0
TXN00010335,2026-01-13 16:10:29,USR71742,MCH4291,4168.69,UTR3198436635,4110,SUCCESS,TXN00010335,USR71742,MCH4291,UTR3198436635,0,0,0,0,0,0,0
TXN00001456,2026-02-10 08:09:45,USR91436,MCH9826,23274.41,UTR5004639509,4110,SUCCESS,TXN00001456,USR91436,MCH9826,UTR5004639509,0,0,0,0,0,0,0
TXN00012488,2026-02-14 00:00:00,USR79672,MCH3139,1612.74,UTR3430893212,,SUCCESS,TXN00012488,USR79672,MCH3139,UTR3430893212,0,0,1,0,0,0,0
TXN00007450,2026-03-19 21:29:41,USR63429,MCH8300,-2915.68,UTR6024164791,4110,SUCCESS,TXN00007450,USR63429,MCH8300,UTR6024164791,1,0,0,0,0,0,0
TXN00006054,2026-03-27 00:00:00,USR81581,MCH2015,9860.82,UTR8463562696,4110,SUCCESS,TXN00006054,USR81581,MCH2015,UTR8463562696,0,0,0,0,0,0,0
TXN00012373,2026-02-17 15:45:07,USR47821,MCH3422,9256.39,UTR2947220442,0110,PENDING,TXN00012373,USR47821,MCH3422,UTR2947220442,0,0,0,0,0,0,1
TXN00006605,2026-01-12 23:07:17,USR82587,MCH4118,0.1308692,UTR3182317083,1310,SUCCESS,TXN00006605,USR82587,MCH4118,UTR3182317083,0,0,0,0,0,0,0
TXN00002701,2026-03-21 04:02:01,USR66373,MCH7497,13037.19,UTR2360296815,9120,SUCCESS,TXN00002701,USR66373,MCH7497,UTR 2360296815,0,0,0,0,0,0,0
TXN00015820,2026-01-20 06:27:21,USR66074,MCH9305,4815.37,UTR5026826424,0110,FAILED,TXN00015820,USR66074,MCH9305,UTR5026826424,0,0,0,0,0,1,0
TXN00001067,2026-03-20 11:14:26,USR87717,MCH3004,5977.04,UTR3493956650,4110,SUCCESS,TXN00001067,USR87717,MCH3004,UTR3493956650,0,0,0,0,0,0,0
TXN00008182,2026-02-18 09:20:46,USR67113,MCH1753,3832.05,UTR6461155755,4110,FAILED,TXN00008182,USR67113,MCH1753,UTR6461155755,0,0,0,0,0,1,0
TXN00005386,2026-02-27 10:26:25,USR78383,MCH8520,12782.23,UTR1881528084,9120,SUCCESS,TXN00005386,USR78383,MCH8520,UTR1881528084,0,0,0,0,0,0,0
TXN00011792,2026-03-04 19:26:15,USR86280,MCH5316,151.25,UTR9833125201,0110,SUCCESS,TXN00011792,USR86280,MCH5316,UTR9833125201,0,0,0,0,0,0,0
TXN00000750,2026-01-17 11:24:34,USR96053,MCH1176,15609.71,UTR5335203816,1310,SUCCESS,TXN00000750,USR96053,MCH1176,UTR5335203816,0,0,0,0,0,0,0
TXN00016678,2026-02-18 13:35:16,USR87037,MCH4746,8546.99,,0110,SUCCESS,TXN00016678,USR87037,MCH4746,,0,1,0,0,0,0,0
TXN00004527,2026-02-23 08:57:17,USR37972,MCH5846,18749.0,UTR5989007355,8120,SUCCESS,TXN00004527,USR37972,MCH5846,UTR5989007355,0,0,0,0,0,0,0
TXN00008927,2026-01-31 22:35:44,USR61642,MCH1757,14844.33,UTR4843177315,1310,SUCCESS,TXN00008927,USR61642,MCH1757,UTR 4843177315,0,0,0,0,0,0,0
TXN00019046,2026-01-24 16:37:43,USR98304,MCH5325,3433.91,UTR3853952285,,SUCCESS,TXN00019046,USR98304,MCH5325,UTR3853952285,0,0,1,0,0,0,0
TXN00001251,2026-02-25 05:00:09,USR16450,MCH2306,19915.47,UTR6650525816,4110,SUCCESS,TXN00001251,USR16450,MCH2306,UTR6650525816,0,0,0,0,0,0,0
TXN00007100,2026-01-13 10:45:46,USR86696,MCH2403,0.2224483,UTR8168975607,4110,SUCCESS,TXN00007100,USR86696,MCH2403,UTR8168975607,0,0,0,0,0,0,0
TXN00013452,2026-02-13 03:56:27,USR20653,MCH6451,14908.0,UTR1835130177,8120,FAILED,TXN00013452,USR20653,MCH6451,UTR1835130177,0,0,0,0,0,1,0
TXN00010079,2026-02-23 04:01:47,USR32631,MCH9029,0.143045,,,SUCCESS,TXN00010079,USR32631,MCH9029,,0,1,1,0,0,0,0
TXN00002766,2026-03-12 13:36:01,USR45506,MCH6023,23948.77,UTR0933944054,9120,SUCCESS,TXN00002766,USR45506,MCH6023,UTR0933944054,0,0,0,0,0,0,0
TXN00009680,2026-01-08 13:30:25,USR66967,MCH7426,8229.71,UTR1885435581,9120,SUCCESS,TXN00009680,USR66967,MCH7426,UTR1885435581,0,0,0,0,0,0,0
TXN00006395,2026-03-09 14:11:36,USR12104,MCH2356,24766.16,UTR0967671587,0110,SUCCESS,TXN00006395,USR12104,MCH2356,UTR0967671587,0,0,0,0,0,0,0
TXN00004920,2026-02-26 22:29:51,USR67426,MCH7313,8477.0,UTR3306797158,1310,SUCCESS,TXN00004920,USR67426,MCH7313,UTR3306797158,0,0,0,0,0,0,0
TXN00007138,2026-02-04 21:39:47,USR83783,MCH9244,15660.22,UTR3669328741,,SUCCESS,TXN00007138,USR83783,MCH9244,UTR 3669328741,0,0,1,0,0,0,0
TXN00017902,2026-03-28 13:02:53,USR60794,MCH1227,9526.0,UTR5032152667,0110,SUCCESS,TXN00017902,USR60794,MCH1227,UTR5032152667,0,0,0,0,0,0,0
TXN00010227,2026-03-08 22:05:42,USR54517,MCH6944,17672.69,UTR1868651923,8120,SUCCESS,TXN00010227,USR54517,MCH6944,UTR1868651923,0,0,0,0,0,0,0
TXN00007435,2026-01-01 02:47:48,USR38108,MCH2241,0.58595,UTR5481612678,4110,SUCCESS,TXN00007435,USR38108,MCH2241,UTR5481612678,0,0,0,0,0,0,0
TXN00018818,2026-03-12 00:44:37,USR63637,MCH6378,0.315819,UTR6642419625,8120,FAILED,TXN00018818,USR63637,MCH6378,UTR6642419625,0,0,0,0,0,1,0
TXN00016115,2026-01-01 20:38:54,USR26054,MCH8213,20637.11,UTR7191510122,4110,SUCCESS,TXN00016115,USR26054,MCH8213,UTR7191510122,0,0,0,0,0,0,0
TXN00014315,2026-02-09 19:35:35,USR60379,MCH1939,19401.59,UTR9063398095,4110,SUCCESS,TXN00014315,USR60379,MCH1939,UTR9063398095,0,0,0,0,0,0,0
TXN00018705,2026-03-26 08:50:56,USR39722,MCH1133,1137.0,UTR1423034323,9120,SUCCESS,TXN00018705,USR39722,MCH1133,UTR1423034323,0,0,0,0,0,0,0
TXN00000070,2026-01-29 11:09:17,USR21005,MCH5200,24672.3,UTR6678935645,4110,SUCCESS,TXN00000070,USR21005,MCH5200,UTR 6678935645,0,0,0,0,0,0,0
TXN00019002,2026-03-11 05:02:17,USR33047,MCH6389,5124.29,UTR4252685699,4110,SUCCESS,TXN00019002,USR33047,MCH6389,UTR4252685699,0,0,0,0,0,0,0
TXN00014853,2026-01-18 03:02:41,USR36873,MCH6126,18734.39,UTR3988954232,0110,SUCCESS,TXN00014853,USR36873,MCH6126,UTR3988954232,0,0,0,0,0,0,0
TXN00001360,2026-02-12 22:28:09,USR78839,MCH4970,14813.0,UTR3946751671,1310,FAILED,TXN00001360,USR78839,MCH4970,UTR3946751671,0,0,0,0,0,1,0
TXN00015281,2026-03-07 23:13:19,USR72781,MCH2709,23404.31,UTR5545411836,0110,SUCCESS,TXN00015281,USR72781,MCH2709,UTR5545411836,0,0,0,0,0,0,0
TXN00010409,2026-01-16 07:35:33,USR37106,MCH7705,15258.0,UTR7209639313,4110,SUCCESS,TXN00010409,USR37106,MCH7705,UTR7209639313,0,0,0,0,0,0,0
TXN00019122,2026-03-11 01:38:23,USR13560,MCH8389,828.0,UTR0186028813,4110,SUCCESS,TXN00019122,USR13560,MCH8389,UTR0186028813,0,0,0,0,0,0,0
TXN00009799,2026-03-23 13:15:17,USR10303,MCH2245,10374.25,UTR5291504031,9120,SUCCESS,TXN00009799,USR10303,MCH2245,UTR5291504031,0,0,0,0,0,0,0
TXN00001825,2026-03-09 14:55:31,USR35197,MCH4563,16101.17,UTR8045654051,4110,SUCCESS,TXN00001825,USR35197,MCH4563,UTR8045654051,0,0,0,0,0,0,0
TXN00010461,2026-02-21 11:27:11,USR73213,MCH1186,12631.39,UTR9977274270,8120,SUCCESS,TXN00010461,USR73213,MCH1186,UTR9977274270,0,0,0,0,0,0,0
TXN00008153,2026-03-02 11:07:17,USR53989,MCH6550,2587.64,UTR3657933818,9120,SUCCESS,TXN00008153,USR53989,MCH6550,UTR3657933818,0,0,0,0,0,0,0
TXN00001842,2026-03-09 00:28:13,USR80827,MCH5617,0.108076,UTR6770204614,4110,SUCCESS,TXN00001842,USR80827,MCH5617,UTR6770204614,0,0,0,0,0,0,0
TXN00017792,2026-03-09 21:58:54,USR83098,MCH1169,11683.41,UTR8158031518,1310,SUCCESS,TXN00017792,USR83098,MCH1169,UTR8158031518,0,0,0,0,0,0,0
TXN00014873,2026-03-15 16:58:54,USR85436,MCH5102,9614.63,UTR7792714010,,FAILED,TXN00014873,USR85436,MCH5102,UTR 7792714010,0,0,1,0,0,1,0
TXN00009892,2026-03-03 12:35:57,USR89888,MCH2080,2115.92,UTR9737214173,9120,SUCCESS,TXN00009892,USR89888,MCH2080,UTR9737214173,0,0,0,0,0,0,0
TXN00014430,2026-03-08 00:25:13,USR37703,MCH8896,2216.07,UTR8089405314,4110,SUCCESS,TXN00014430,USR37703,MCH8896,UTR8089405314,0,0,0,0,0,0,0
TXN00011263,2026-03-09 01:43:22,USR78319,MCH6542,15312.0,UTR3510332558,,SUCCESS,TXN00011263,USR78319,MCH6542,UTR3510332558,0,0,1,0,0,0,0
TXN00001345,2026-02-25 20:18:39,USR44757,MCH1188,18570.24,UTR8413220705,4110,SUCCESS,TXN00001345,USR44757,MCH1188,UTR 8413220705,0,0,0,0,0,0,0
TXN00011115,2026-02-16 15:36:47,USR31879,MCH6986,14242.1,UTR9648525714,8120,SUCCESS,TXN00011115,USR31879,MCH6986,UTR9648525714,0,0,0,0,0,0,0
TXN00000642,2026-01-07 17:45:43,USR60246,MCH5578,8058.76,UTR7980721791,0110,SUCCESS,TXN00000642,USR60246,MCH5578,UTR7980721791,0,0,0,0,0,0,0
TXN00007939,2026-02-15 00:37:14,USR40862,MCH9181,8989.88,UTR8828735828,8120,SUCCESS,TXN00007939,USR40862,MCH9181,UTR8828735828,0,0,0,0,0,0,0
TXN00017702,2026-02-19 00:00:00,USR11686,MCH6301,2811.72,UTR3301817921,4110,SUCCESS,TXN00017702,USR11686,MCH6301,UTR3301817921,0,0,0,0,0,0,0
TXN00003175,2026-01-02 14:46:00,USR21284,MCH6468,1771.59,UTR5177628390,,SUCCESS,TXN00003175,USR21284,MCH6468,UTR5177628390,0,0,1,0,0,0,0
TXN00009926,2026-02-24 17:31:50,USR67799,MCH7769,2305.34,UTR2664347881,8120,SUCCESS,TXN00009926,USR67799,MCH7769,UTR2664347881,0,0,0,0,0,0,0
TXN00007018,2026-01-16 04:15:36,USR21793,MCH5095,1972.62,UTR3172567680,9120,PENDING,TXN00007018,USR21793,MCH5095,UTR3172567680,0,0,0,0,0,0,1
TXN00011856,2026-03-20 07:43:03,USR46403,MCH9914,3008.87,UTR9309691346,9120,SUCCESS,TXN00011856,USR46403,MCH9914,UTR9309691346,0,0,0,0,0,0,0
TXN00009232,2026-01-04 11:30:48,USR35541,MCH2570,3073.35,UTR5627434775,,SUCCESS,TXN00009232,USR35541,MCH2570,UTR5627434775,0,0,1,0,0,0,0
TXN00018345,2026-02-25 22:16:04,USR24033,MCH6219,0.126339,UTR0090382325,,SUCCESS,TXN00018345,USR24033,MCH6219,UTR0090382325,0,0,1,0,0,0,0
TXN00000922,2026-03-07 22:30:55,USR73862,MCH9384,12191.0,UTR5059328015,4110,SUCCESS,TXN00000922,USR73862,MCH9384,UTR5059328015,0,0,0,0,0,0,0
TXN00019553,2026-01-25 03:31:18,USR46406,MCH1677,21996.08,UTR4806334638,1310,SUCCESS,TXN00019553,USR46406,MCH1677,UTR 4806334638,0,0,0,0,0,0,0
TXN00012079,2026-02-25 01:46:18,USR40840,MCH4502,608.8,UTR7182900462,4110,SUCCESS,TXN00012079,USR40840,MCH4502,UTR 7182900462,0,0,0,0,0,0,0
TXN00007952,2026-03-24 10:04:55,USR84262,MCH4162,1590.93,UTR8795136704,9120,SUCCESS,TXN00007952,USR84262,MCH4162,UTR8795136704,0,0,0,0,0,0,0
TXN00013301,2026-03-07 13:05:27,USR11412,MCH7517,0.1292485,UTR5582929726,8120,SUCCESS,TXN00013301,USR11412,MCH7517,UTR5582929726,0,0,0,0,0,0,0
TXN00008240,2026-01-25 14:15:41,USR53004,MCH8185,3824.93,UTR5021067656,,SUCCESS,TXN00008240,USR53004,MCH8185,UTR5021067656,0,0,1,0,0,0,0
TXN00006727,2026-03-14 00:00:00,USR82641,MCH1057,8440.6,UTR0316572843,4110,SUCCESS,TXN00006727,USR82641,MCH1057,UTR0316572843,0,0,0,0,0,0,0
TXN00007698,2026-01-22 09:31:40,USR17860,MCH5278,17241.46,UTR9909270191,9120,SUCCESS,TXN00007698,USR17860,MCH5278,UTR9909270191,0,0,0,0,0,0,0
TXN00014705,2026-01-01 09:44:29,USR57383,MCH3802,0.2285608,UTR7012523118,4110,SUCCESS,TXN00014705,USR57383,MCH3802,UTR7012523118,0,0,0,0,0,0,0
TXN00009482,2026-03-08 16:56:52,USR43242,MCH5426,0.728767,UTR9721995094,8120,SUCCESS,TXN00009482,USR43242,MCH5426,UTR9721995094,0,0,0,0,0,0,0
TXN00009998,2026-01-17 05:47:53,USR33970,MCH7882,23668.23,UTR0415388379,,SUCCESS,TXN00009998,USR33970,MCH7882,UTR0415388379,0,0,1,0,0,0,0
TXN00006117,2026-02-09 17:29:09,USR80657,MCH3030,16475.96,UTR5157333894,4110,SUCCESS,TXN00006117,USR80657,MCH3030,UTR5157333894,0,0,0,0,0,0,0
TXN00013969,2026-01-25 17:05:46,USR84740,MCH9499,19058.19,UTR7523635649,4110,SUCCESS,TXN00013969,USR84740,MCH9499,UTR7523635649,0,0,0,0,0,0,0
TXN00012126,2026-03-30 02:13:40,USR66234,MCH5344,23079.37,,0110,FAILED,TXN00012126,USR66234,MCH5344,,0,1,0,0,0,1,0
TXN00017156,2026-01-15 21:23:25,USR36687,MCH1308,8357.03,UTR5688339727,9120,SUCCESS,TXN00017156,USR36687,MCH1308,UTR 5688339727,0,0,0,0,0,0,0
TXN00015636,2026-01-30 15:08:17,USR22292,MCH4742,661.19,UTR6407595834,1310,SUCCESS,TXN00015636,USR22292,MCH4742,UTR6407595834,0,0,0,0,0,0,0
TXN00003947,2026-01-19 15:14:02,USR33061,MCH2076,16546.35,UTR3638643079,4110,SUCCESS,TXN00003947,USR33061,MCH2076,UTR 3638643079,0,0,0,0,0,0,0
TXN00002074,2026-03-24 01:21:15,USR68707,MCH6610,21946.97,UTR7495381323,8120,SUCCESS,TXN00002074,USR68707,MCH6610,UTR7495381323,0,0,0,0,0,0,0
TXN00018440,2026-01-03 08:29:25,USR84039,MCH2498,19451.87,UTR8833787523,4110,SUCCESS,TXN00018440,USR84039,MCH2498,UTR8833787523,0,0,0,0,0,0,0
TXN00018803,2026-03-12 11:12:16,USR86236,MCH2413,0.1068777,UTR1240341946,1310,SUCCESS,TXN00018803,USR86236,MCH2413,UTR1240341946,0,0,0,0,0,0,0
TXN00000547,2026-02-12 21:33:04,USR70548,MCH4714,2847.8,UTR6875571523,4110,SUCCESS,TXN00000547,USR70548,MCH4714,UTR6875571523,0,0,0,0,0,0,0
TXN00007814,2026-06-02 20:07:52,USR56351,MCH6094,10793.39,,8120,SUCCESS,TXN00007814,USR56351,MCH6094,,0,1,0,0,0,0,0
TXN00004291,2026-02-04 11:13:49,USR94930,MCH4487,13511.57,UTR3443933740,8120,SUCCESS,TXN00004291,USR94930,MCH4487,UTR3443933740,0,0,0,0,0,0,0
TXN00012701,2026-03-19 00:56:53,USR54883,MCH6167,12211.15,UTR8606327744,0110,SUCCESS,TXN00012701,USR54883,MCH6167,UTR8606327744,0,0,0,0,0,0,0
TXN00019601,2026-03-14 02:30:16,USR88644,MCH3297,5120.0,UTR2419058183,1310,SUCCESS,TXN00019601,USR88644,MCH3297,UTR2419058183,0,0,0,0,0,0,0
TXN00006778,2026-03-14 04:52:35,USR13149,MCH5625,11340.87,UTR8552424834,1310,FAILED,TXN00006778,USR13149,MCH5625,UTR8552424834,0,0,0,0,0,1,0
TXN00010512,2026-03-18 06:19:44,USR60393,MCH6796,13905.87,UTR6593520854,8120,SUCCESS,TXN00010512,USR60393,MCH6796,UTR6593520854,0,0,0,0,0,0,0
TXN00008271,2026-03-08 20:06:12,USR85282,MCH8926,8568.46,UTR5270504588,0110,SUCCESS,TXN00008271,USR85282,MCH8926,UTR5270504588,0,0,0,0,0,0,0
TXN00009470,2026-01-20 22:07:14,USR87454,MCH4698,9009.95,UTR4355770225,1310,SUCCESS,TXN00009470,USR87454,MCH4698,UTR 4355770225,0,0,0,0,0,0,0
TXN00013516,2026-02-20 18:51:52,USR11943,MCH7570,13746.0,UTR7898243615,4110,SUCCESS,TXN00013516,USR11943,MCH7570,UTR7898243615,0,0,0,0,0,0,0
TXN00001110,2026-01-27 19:45:08,USR79602,MCH6311,0.385586,UTR6687610673,1310,SUCCESS,TXN00001110,USR79602,MCH6311,UTR6687610673,0,0,0,0,0,0,0
TXN00005744,2026-02-01 15:55:49,USR12788,MCH4578,24790.69,UTR7039413335,,SUCCESS,TXN00005744,USR12788,MCH4578,UTR7039413335,0,0,1,0,0,0,0
TXN00006764,2026-01-28 22:14:47,USR18704,MCH6209,7136.81,UTR4087242142,4110,FAILED,TXN00006764,USR18704,MCH6209,UTR4087242142,0,0,0,0,0,1,0
TXN00009504,2026-02-01 03:42:19,USR62891,MCH8526,23226.23,UTR5517735663,9120,SUCCESS,TXN00009504,USR62891,MCH8526,UTR5517735663,0,0,0,0,0,0,0
TXN00014100,2026-01-03 22:08:51,USR96168,MCH8318,0.2237687,UTR3790900255,8120,SUCCESS,TXN00014100,USR96168,MCH8318,UTR3790900255,0,0,0,0,0,0,0
TXN00000700,2026-03-24 08:01:07,USR33183,MCH9939,12033.69,UTR3069569618,9120,SUCCESS,TXN00000700,USR33183,MCH9939,UTR3069569618,0,0,0,0,0,0,0
TXN00013608,2026-02-20 10:55:50,USR59401,MCH3826,0.1709643,,9120,FAILED,TXN00013608,USR59401,MCH3826,,0,1,0,0,0,1,0
TXN00001580,2026-01-23 19:03:15,USR26183,MCH8955,13672.0,UTR0742963855,9120,SUCCESS,TXN00001580,USR26183,MCH8955,UTR0742963855,0,0,0,0,0,0,0
TXN00016581,2026-03-08 00:17:24,USR47727,MCH4742,0.1746797,UTR1569591166,0110,SUCCESS,TXN00016581,USR47727,MCH4742,UTR1569591166,0,0,0,0,0,0,0
TXN00007072,2026-03-23 01:06:16,USR98652,MCH2996,10816.6,UTR4258817766,0110,SUCCESS,TXN00007072,USR98652,MCH2996,UTR4258817766,0,0,0,0,0,0,0
TXN00010839,2026-02-09 23:18:40,USR32323,MCH4652,16275.0,UTR0262622569,1310,SUCCESS,TXN00010839,USR32323,MCH4652,UTR0262622569,0,0,0,0,0,0,0
TXN00008321,2026-02-24 06:37:19,USR85115,MCH7982,3281.97,UTR3146077492,0110,SUCCESS,TXN00008321,USR85115,MCH7982,UTR 3146077492,0,0,0,0,0,0,0
TXN00012642,2026-04-03 17:42:29,USR89527,MCH1446,-16961.98,UTR0714707811,1310,SUCCESS,TXN00012642,USR89527,MCH1446,UTR0714707811,1,0,0,0,0,0,0
TXN00009796,2026-03-23 21:05:45,USR92313,MCH6777,0.14333,UTR1044139514,9120,SUCCESS,TXN00009796,USR92313,MCH6777,UTR1044139514,0,0,0,0,0,0,0
TXN00012938,2026-01-31 07:36:03,USR62531,MCH4765,1424.81,UTR6009351300,4110,SUCCESS,TXN00012938,USR62531,MCH4765,UTR6009351300,0,0,0,0,0,0,0
TXN00019143,2026-02-04 09:44:12,USR97027,MCH6230,0.170712,UTR1855174710,8120,SUCCESS,TXN00019143,USR97027,MCH6230,UTR1855174710,0,0,0,0,0,0,0
TXN00016877,2026-02-01 21:58:28,USR28694,MCH3471,2293.0,UTR1217516875,,SUCCESS,TXN00016877,USR28694,MCH3471,UTR1217516875,0,0,1,0,0,0,0
TXN00015434,2026-01-05 11:34:30,USR17004,MCH6440,18120.49,UTR2828893225,4110,SUCCESS,TXN00015434,USR17004,MCH6440,UTR2828893225,0,0,0,0,0,0,0
TXN00018556,2026-03-06 09:41:06,USR80447,MCH2881,24854.4,UTR3208153704,1310,SUCCESS,TXN00018556,USR80447,MCH2881,UTR3208153704,0,0,0,0,0,0,0
TXN00014472,2026-02-14 13:01:31,USR18242,MCH1876,24834.09,UTR4164813283,9120,SUCCESS,TXN00014472,USR18242,MCH1876,UTR 4164813283,0,0,0,0,0,0,0
TXN00005773,2026-03-18 06:55:12,USR14000,MCH8795,6436.24,UTR9711889199,1310,SUCCESS,TXN00005773,USR14000,MCH8795,UTR9711889199,0,0,0,0,0,0,0
TXN00003177,2026-02-02 03:50:39,USR69669,MCH7918,16608.84,UTR4933121650,9120,SUCCESS,TXN00003177,USR69669,MCH7918,UTR4933121650,0,0,0,0,0,0,0
TXN00008124,2026-02-20 00:00:00,USR69568,MCH9614,16376.98,UTR5829700071,4110,SUCCESS,TXN00008124,USR69568,MCH9614,UTR 5829700071,0,0,0,0,0,0,0
TXN00004616,2026-01-13 07:40:15,USR54588,MCH4965,7930.4,UTR8008950403,8120,SUCCESS,TXN00004616,USR54588,MCH4965,UTR8008950403,0,0,0,0,0,0,0
TXN00004520,2026-03-17 19:15:23,USR93888,MCH2862,0.57389,UTR6436055574,4110,FAILED,TXN00004520,USR93888,MCH2862,UTR6436055574,0,0,0,0,0,1,0
TXN00009985,2026-03-21 18:45:18,USR81626,MCH7316,21761.31,UTR1163057081,8120,SUCCESS,TXN00009985,USR81626,MCH7316,UTR1163057081,0,0,0,0,0,0,0
TXN00018698,2026-02-13 01:31:38,USR92078,MCH7305,8277.99,UTR8443017924,4110,SUCCESS,TXN00018698,USR92078,MCH7305,UTR8443017924,0,0,0,0,0,0,0
TXN00018101,2026-02-04 17:10:22,USR80198,MCH9526,1920.34,UTR3360287704,8120,SUCCESS,TXN00018101,USR80198,MCH9526,UTR3360287704,0,0,0,0,0,0,0
TXN00013901,2026-01-06 04:06:08,USR34851,MCH5987,6379.5,UTR7908727074,8120,SUCCESS,TXN00013901,USR34851,MCH5987,UTR7908727074,0,0,0,0,0,0,0
TXN00017735,2026-01-26 18:50:35,USR16628,MCH5025,16455.73,UTR9322985860,4110,SUCCESS,TXN00017735,USR16628,MCH5025,UTR 9322985860,0,0,0,0,0,0,0
TXN00009362,2026-02-16 17:57:57,USR23910,MCH1413,0.2075795,UTR8099350126,4110,SUCCESS,TXN00009362,USR23910,MCH1413,UTR8099350126,0,0,0,0,0,0,0
TXN00000938,2026-03-06 08:54:05,USR63368,MCH9657,22858.33,UTR5161785723,,SUCCESS,TXN00000938,USR63368,MCH9657,UTR5161785723,0,0,1,0,0,0,0
TXN00010046,2026-02-04 08:28:45,USR70016,MCH6266,15487.59,UTR6133612982,0110,SUCCESS,TXN00010046,USR70016,MCH6266,UTR6133612982,0,0,0,0,0,0,0
TXN00012224,2026-01-31 00:00:00,USR86262,MCH7221,0.1213648,UTR2393723340,9120,SUCCESS,TXN00012224,USR86262,MCH7221,UTR2393723340,0,0,0,0,0,0,0
TXN00003682,2026-01-29 02:01:57,USR34687,MCH9380,0.31459,UTR3790321154,,PENDING,TXN00003682,USR34687,MCH9380,UTR3790321154,0,0,1,0,0,0,1
TXN00009398,2026-01-28 05:31:09,USR45593,MCH8916,11519.54,UTR8611610243,,SUCCESS,TXN00009398,USR45593,MCH8916,UTR8611610243,0,0,1,0,0,0,0
TXN00013158,2026-02-02 21:55:20,USR42192,MCH4428,3121.23,UTR6559045803,4110,SUCCESS,TXN00013158,USR42192,MCH4428,UTR6559045803,0,0,0,0,0,0,0
TXN00019383,2026-03-12 05:22:22,USR77392,MCH6499,22542.09,UTR6586531476,4110,SUCCESS,TXN00019383,USR77392,MCH6499,UTR6586531476,0,0,0,0,0,0,0
TXN00019704,2026-03-23 00:06:52,USR75580,MCH1152,0.154826,UTR2577099557,4110,SUCCESS,TXN00019704,USR75580,MCH1152,UTR2577099557,0,0,0,0,0,0,0
TXN00007081,2026-01-06 06:44:02,USR36812,MCH9485,8396.88,UTR6032522461,,PENDING,TXN00007081,USR36812,MCH9485,UTR6032522461,0,0,1,0,0,0,1
TXN00004535,2026-03-21 22:23:16,USR83499,MCH9019,13882.79,UTR0729479661,,SUCCESS,TXN00004535,USR83499,MCH9019,UTR0729479661,0,0,1,0,0,0,0
TXN00018368,2026-01-23 11:54:36,USR21151,MCH3494,8006.92,UTR4415299294,8120,SUCCESS,TXN00018368,USR21151,MCH3494,UTR 4415299294,0,0,0,0,0,0,0
TXN00009017,2026-03-01 08:54:34,USR57924,MCH4947,2603.33,UTR8573849454,4110,SUCCESS,TXN00009017,USR57924,MCH4947,UTR8573849454,0,0,0,0,0,0,0
TXN00019862,2026-03-06 00:26:16,USR16219,MCH8463,23339.72,UTR0640632303,,SUCCESS,TXN00019862,USR16219,MCH8463,UTR0640632303,0,0,1,0,0,0,0
TXN00007547,2026-01-21 19:43:25,USR26268,MCH2859,19490.5,UTR7670833828,0110,SUCCESS,TXN00007547,USR26268,MCH2859,UTR7670833828,0,0,0,0,0,0,0
TXN00006200,2026-02-20 21:16:57,USR90685,MCH2769,1822.33,UTR8429537489,,SUCCESS,TXN00006200,USR90685,MCH2769,UTR8429537489,0,0,1,0,0,0,0
TXN00015656,2026-03-14 04:16:10,USR18213,MCH9606,6305.0,UTR7860681201,,FAILED,TXN00015656,USR18213,MCH9606,UTR7860681201,0,0,1,0,0,1,0
TXN00004136,2026-01-29 08:03:13,USR81826,MCH1351,415.92,UTR2885106251,0110,SUCCESS,TXN00004136,USR81826,MCH1351,UTR2885106251,0,0,0,0,0,0,0
TXN00015594,2026-01-13 09:15:53,USR83115,MCH8510,16513.06,UTR6995001649,4110,SUCCESS,TXN00015594,USR83115,MCH8510,UTR6995001649,0,0,0,0,0,0,0
TXN00004896,2026-02-18 15:31:43,USR28441,MCH7923,0.202371,UTR2293916689,9120,SUCCESS,TXN00004896,USR28441,MCH7923,UTR2293916689,0,0,0,0,0,0,0
TXN00004081,2026-03-07 00:00:00,USR16962,MCH6567,0.1731193,UTR5208422655,4110,SUCCESS,TXN00004081,USR16962,MCH6567,UTR5208422655,0,0,0,0,0,0,0
TXN00007924,2026-03-17 18:15:07,USR88409,MCH1962,1998.91,UTR5610477634,9120,SUCCESS,TXN00007924,USR88409,MCH1962,UTR5610477634,0,0,0,0,0,0,0
TXN00013044,2026-02-18 00:00:00,USR31748,MCH2983,20992.0,UTR7281411599,,SUCCESS,TXN00013044,USR31748,MCH2983,UTR7281411599,0,0,1,0,0,0,0
TXN00011130,2026-01-02 16:52:58,USR58977,MCH7438,21283.54,UTR3514916092,9120,FAILED,TXN00011130,USR58977,MCH7438,UTR3514916092,0,0,0,0,0,1,0
TXN00019022,2026-02-23 05:28:31,USR69352,MCH5577,22411.97,UTR7367285913,1310,FAILED,TXN00019022,USR69352,MCH5577,UTR7367285913,0,0,0,0,0,1,0
TXN00015176,2026-01-27 13:11:26,USR75621,MCH5704,17860.81,UTR5913515246,1310,SUCCESS,TXN00015176,USR75621,MCH5704,UTR 5913515246,0,0,0,0,0,0,0
TXN00002498,2026-07-03 20:34:10,USR86662,MCH3031,21640.77,UTR5131808059,,PENDING,TXN00002498,USR86662,MCH3031,UTR5131808059,0,0,1,0,0,0,1
TXN00016478,2026-01-01 06:40:42,USR28444,MCH3489,8215.66,UTR8778444194,1310,SUCCESS,TXN00016478,USR28444,MCH3489,UTR8778444194,0,0,0,0,0,0,0
TXN00010119,2026-03-16 03:55:03,USR75824,MCH3056,2364.0,UTR3115257938,1310,SUCCESS,TXN00010119,USR75824,MCH3056,UTR3115257938,0,0,0,0,0,0,0
TXN00001050,2026-02-17 14:15:09,USR66033,MCH5959,541.52,UTR2434917993,1310,SUCCESS,TXN00001050,USR66033,MCH5959,UTR2434917993,0,0,0,0,0,0,0
TXN00016687,2026-07-03 12:07:59,USR46746,MCH3163,7434.3,UTR4146141390,4110,SUCCESS,TXN00016687,USR46746,MCH3163,UTR4146141390,0,0,0,0,0,0,0
TXN00008126,2026-03-19 16:02:23,USR13063,MCH1928,16.07,UTR9592170765,9120,SUCCESS,TXN00008126,USR13063,MCH1928,UTR9592170765,0,0,0,0,0,0,0
TXN00012349,2026-02-07 00:42:19,USR63290,MCH3830,1615.24,UTR1700665146,1310,SUCCESS,TXN00012349,USR63290,MCH3830,UTR 1700665146,0,0,0,0,0,0,0
TXN00006157,2026-02-11 15:42:06,USR96810,MCH1884,18586.39,UTR8307936801,4110,SUCCESS,TXN00006157,USR96810,MCH1884,UTR8307936801,0,0,0,0,0,0,0
TXN00015234,2026-01-19 22:35:51,USR51151,MCH7218,11599.0,UTR4686760109,4110,SUCCESS,TXN00015234,USR51151,MCH7218,UTR4686760109,0,0,0,0,0,0,0
TXN00005138,2026-02-19 01:43:55,USR69382,MCH6414,2002.08,UTR9127483968,8120,PENDING,TXN00005138,USR69382,MCH6414,UTR 9127483968,0,0,0,0,0,0,1
TXN00006123,2026-01-31 17:13:36,USR29705,MCH7509,107.92,UTR4661239355,8120,SUCCESS,TXN00006123,USR29705,MCH7509,UTR 4661239355,0,0,0,0,0,0,0
TXN00014685,2026-01-18 01:24:32,USR26814,MCH5741,19736.6,,9120,SUCCESS,TXN00014685,USR26814,MCH5741,,0,1,0,0,0,0,0
TXN00003906,2026-01-01 21:18:04,USR38722,MCH4423,12105.67,UTR7326846136,8120,SUCCESS,TXN00003906,USR38722,MCH4423,UTR7326846136,0,0,0,0,0,0,0
TXN00002535,2026-03-29 21:30:58,USR35168,MCH3784,18449.36,UTR9546222710,0110,SUCCESS,TXN00002535,USR35168,MCH3784,UTR9546222710,0,0,0,0,0,0,0
TXN00008417,2026-01-22 10:19:16,USR33956,MCH1115,19387.48,UTR8600425549,,SUCCESS,TXN00008417,USR33956,MCH1115,UTR8600425549,0,0,1,0,0,0,0
TXN00009228,2026-02-14 05:00:50,USR34419,MCH3223,22258.66,UTR5044374939,0110,SUCCESS,TXN00009228,USR34419,MCH3223,UTR5044374939,0,0,0,0,0,0,0
TXN00015246,2026-03-20 03:57:11,USR37542,MCH6152,4739.05,UTR3044780026,9120,SUCCESS,TXN00015246,USR37542,MCH6152,UTR3044780026,0,0,0,0,0,0,0
TXN00009689,2026-02-14 22:39:17,USR19567,MCH2109,9583.7,UTR2624806257,8120,SUCCESS,TXN00009689,USR19567,MCH2109,UTR2624806257,0,0,0,0,0,0,0
TXN00017185,2026-03-12 16:37:32,USR63345,MCH5658,5565.73,,4110,SUCCESS,TXN00017185,USR63345,MCH5658,,0,1,0,0,0,0,0
TXN00011336,2026-02-22 03:35:43,USR76277,MCH4515,14149.79,UTR4993241512,0110,SUCCESS,TXN00011336,USR76277,MCH4515,UTR4993241512,0,0,0,0,0,0,0
TXN00005333,2026-02-18 18:39:40,USR63763,MCH6831,2183.31,UTR1699179653,8120,SUCCESS,TXN00005333,USR63763,MCH6831,UTR1699179653,0,0,0,0,0,0,0
TXN00006309,2026-02-16 16:01:41,USR85424,MCH3982,13153.4,UTR9273645060,1310,SUCCESS,TXN00006309,USR85424,MCH3982,UTR9273645060,0,0,0,0,0,0,0
TXN00017294,2026-03-02 17:56:47,USR53276,MCH4986,22080.57,UTR8513558455,4110,SUCCESS,TXN00017294,USR53276,MCH4986,UTR8513558455,0,0,0,0,0,0,0
TXN00012562,2026-03-18 16:51:37,USR63272,MCH9505,6225.19,UTR4986838567,9120,PENDING,TXN00012562,USR63272,MCH9505,UTR4986838567,0,0,0,0,0,0,1
TXN00009384,2026-02-23 21:39:23,USR37664,MCH3117,9405.0,,8120,FAILED,TXN00009384,USR37664,MCH3117,,0,1,0,0,0,1,0
TXN00012588,2026-01-29 15:00:25,USR20984,MCH2100,19128.94,UTR3522140214,1310,FAILED,TXN00012588,USR20984,MCH2100,UTR3522140214,0,0,0,0,0,1,0
TXN00005911,2026-03-14 17:12:21,USR93558,MCH3034,10164.24,UTR7061896256,4110,SUCCESS,TXN00005911,USR93558,MCH3034,UTR7061896256,0,0,0,0,0,0,0
TXN00008855,2026-03-21 02:45:29,USR63367,MCH7202,12051.11,UTR9071018725,8120,SUCCESS,TXN00008855,USR63367,MCH7202,UTR9071018725,0,0,0,0,0,0,0
TXN00006068,2026-01-18 18:34:48,USR99329,MCH3947,8357.8,UTR0674574083,8120,SUCCESS,TXN00006068,USR99329,MCH3947,UTR 0674574083,0,0,0,0,0,0,0
TXN00013508,2026-03-14 10:14:38,USR36992,MCH7451,19910.68,UTR2751176750,,SUCCESS,TXN00013508,USR36992,MCH7451,UTR2751176750,0,0,1,0,0,0,0
TXN00015608,2026-01-06 03:11:00,USR28291,MCH5660,17149.95,UTR1405680046,8120,SUCCESS,TXN00015608,USR28291,MCH5660,UTR1405680046,0,0,0,0,0,0,0
TXN00018324,2026-11-03 10:29:44,USR75808,MCH4688,5984.0,UTR7985228148,4110,SUCCESS,TXN00018324,USR75808,MCH4688,UTR7985228148,0,0,0,0,0,0,0
TXN00008487,2026-03-18 22:34:09,USR87096,MCH7224,2296.16,UTR4280038508,1310,SUCCESS,TXN00008487,USR87096,MCH7224,UTR4280038508,0,0,0,0,0,0,0
TXN00013179,2026-03-04 15:19:51,USR70477,MCH2668,7439.54,UTR7913766234,,SUCCESS,TXN00013179,USR70477,MCH2668,UTR7913766234,0,0,1,0,0,0,0
TXN00016805,2026-03-25 09:37:21,USR60128,MCH5649,0.2206631,UTR7192848479,8120,SUCCESS,TXN00016805,USR60128,MCH5649,UTR7192848479,0,0,0,0,0,0,0
TXN00003007,2026-02-09 10:15:51,USR17407,MCH6991,22653.12,UTR4908791032,4110,SUCCESS,TXN00003007,USR17407,MCH6991,UTR4908791032,0,0,0,0,0,0,0
TXN00001941,2026-03-18 01:03:04,USR60783,MCH2713,1473.0,UTR1495349115,4110,SUCCESS,TXN00001941,USR60783,MCH2713,UTR1495349115,0,0,0,0,0,0,0
TXN00003370,2026-03-13 17:15:51,USR74400,MCH6453,17369.08,UTR6661876382,0110,SUCCESS,TXN00003370,USR74400,MCH6453,UTR6661876382,0,0,0,0,0,0,0
TXN00013202,2026-01-02 20:12:41,USR52672,MCH2179,12732.75,UTR9092723418,8120,SUCCESS,TXN00013202,USR52672,MCH2179,UTR9092723418,0,0,0,0,0,0,0
TXN00008612,2026-02-10 10:33:57,USR92953,MCH2232,0.2277628,UTR2232407828,1310,SUCCESS,TXN00008612,USR92953,MCH2232,UTR2232407828,0,0,0,0,0,0,0
TXN00014180,2026-01-29 06:19:30,USR68302,MCH7914,6454.17,UTR8440283368,9120,SUCCESS,TXN00014180,USR68302,MCH7914,UTR8440283368,0,0,0,0,0,0,0
TXN00010232,2026-02-25 01:46:26,USR39233,MCH7882,8271.71,UTR7707000231,1310,SUCCESS,TXN00010232,USR39233,MCH7882,UTR7707000231,0,0,0,0,0,0,0
TXN00001301,2026-03-04 21:05:53,USR61076,MCH1155,799.34,UTR2358920703,8120,SUCCESS,TXN00001301,USR61076,MCH1155,UTR2358920703,0,0,0,0,0,0,0
TXN00011424,2026-02-27 08:05:53,USR70532,MCH7722,13256.91,UTR7854402057,0110,FAILED,TXN00011424,USR70532,MCH7722,UTR7854402057,0,0,0,0,0,1,0
TXN00013680,2026-02-01 20:44:48,USR84048,MCH8016,7887.81,UTR3226872636,0110,SUCCESS,TXN00013680,USR84048,MCH8016,UTR3226872636,0,0,0,0,0,0,0
TXN00013352,2026-01-21 15:45:11,USR16541,MCH1940,6528.27,UTR9907546850,9120,SUCCESS,TXN00013352,USR16541,MCH1940,UTR9907546850,0,0,0,0,0,0,0
TXN00003740,2026-03-10 16:46:24,USR16683,MCH1661,14451.5,UTR6379471684,4110,SUCCESS,TXN00003740,USR16683,MCH1661,UTR6379471684,0,0,0,0,0,0,0
TXN00016346,2026-03-31 11:41:43,USR26005,MCH7124,-13062.01,,4110,SUCCESS,TXN00016346,USR26005,MCH7124,,1,1,0,0,0,0,0
TXN00015828,2026-03-14 05:28:06,USR33488,MCH1292,-14022.97,UTR6487673051,1310,SUCCESS,TXN00015828,USR33488,MCH1292,UTR6487673051,1,0,0,0,0,0,0
TXN00013197,2026-01-02 19:29:25,USR78907,MCH4638,0.2489982,UTR6026472165,8120,SUCCESS,TXN00013197,USR78907,MCH4638,UTR6026472165,0,0,0,0,0,0,0
TXN00012946,2026-03-28 10:35:39,USR76675,MCH1895,0.775745,UTR4729398404,,SUCCESS,TXN00012946,USR76675,MCH1895,UTR4729398404,0,0,1,0,0,0,0
TXN00012879,2026-03-28 00:01:25,USR94555,MCH7610,13667.38,UTR4193827677,8120,SUCCESS,TXN00012879,USR94555,MCH7610,UTR4193827677,0,0,0,0,0,0,0
TXN00013308,2026-01-13 04:36:08,USR59610,MCH5676,23182.0,UTR0546457054,4110,SUCCESS,TXN00013308,USR59610,MCH5676,UTR0546457054,0,0,0,0,0,0,0
TXN00011843,2026-03-06 11:44:17,USR50507,MCH9015,0.2216949,UTR5126451215,8120,FAILED,TXN00011843,USR50507,MCH9015,UTR5126451215,0,0,0,0,0,1,0
TXN00000393,2026-02-07 21:44:55,USR29711,MCH4938,0.930673,UTR9251776811,9120,SUCCESS,TXN00000393,USR29711,MCH4938,UTR9251776811,0,0,0,0,0,0,0
TXN00015269,2026-01-01 21:16:49,USR76260,MCH9880,5853.87,UTR3248174666,,SUCCESS,TXN00015269,USR76260,MCH9880,UTR3248174666,0,0,1,0,0,0,0
TXN00002642,2026-01-02 23:22:56,USR79380,MCH3339,2643.07,UTR9975262605,9120,SUCCESS,TXN00002642,USR79380,MCH3339,UTR9975262605,0,0,0,0,0,0,0
TXN00012332,2026-03-30 01:10:47,USR60978,MCH1322,24640.98,UTR3903394147,0110,FAILED,TXN00012332,USR60978,MCH1322,UTR3903394147,0,0,0,0,0,1,0
TXN00011791,2026-10-02 23:22:33,USR69866,MCH9343,20457.12,UTR5748911325,9120,SUCCESS,TXN00011791,USR69866,MCH9343,UTR 5748911325,0,0,0,0,0,0,0
TXN00001613,2026-02-24 22:42:28,USR60004,MCH8841,13328.62,UTR2886359040,4110,SUCCESS,TXN00001613,USR60004,MCH8841,UTR2886359040,0,0,0,0,0,0,0
TXN00004961,2026-03-18 00:29:31,USR29542,MCH9115,13646.94,UTR6359845342,9120,SUCCESS,TXN00004961,USR29542,MCH9115,UTR6359845342,0,0,0,0,0,0,0
TXN00015311,2026-03-05 09:07:37,USR76944,MCH7183,24834.81,UTR1772224712,4110,SUCCESS,TXN00015311,USR76944,MCH7183,UTR1772224712,0,0,0,0,0,0,0
TXN00016651,2026-03-15 10:49:21,USR59448,MCH1524,0.77178,UTR5150473693,8120,SUCCESS,TXN00016651,USR59448,MCH1524,UTR5150473693,0,0,0,0,0,0,0
TXN00002105,2026-01-07 18:08:44,USR32722,MCH9299,19833.6,UTR8804455136,1310,SUCCESS,TXN00002105,USR32722,MCH9299,UTR8804455136,0,0,0,0,0,0,0
TXN00018611,2026-03-08 05:02:17,USR20551,MCH5701,23074.0,UTR9927348943,8120,SUCCESS,TXN00018611,USR20551,MCH5701,UTR 9927348943,0,0,0,0,0,0,0
TXN00002892,2026-02-23 13:25:49,USR36222,MCH6453,-17343.52,UTR5907212708,9120,SUCCESS,TXN00002892,USR36222,MCH6453,UTR5907212708,1,0,0,0,0,0,0
TXN00013400,2026-01-13 23:36:12,USR72308,MCH2892,191.24,UTR6706500875,9120,FAILED,TXN00013400,USR72308,MCH2892,UTR6706500875,0,0,0,0,0,1,0
TXN00005895,2026-01-24 11:45:23,USR17120,MCH5377,11603.77,UTR3963000080,9120,SUCCESS,TXN00005895,USR17120,MCH5377,UTR3963000080,0,0,0,0,0,0,0
TXN00003110,2026-02-23 17:06:10,USR13121,MCH8208,15336.16,UTR7379706196,8120,SUCCESS,TXN00003110,USR13121,MCH8208,UTR7379706196,0,0,0,0,0,0,0
TXN00008099,2026-01-23 10:46:15,USR66813,MCH9559,11024.47,UTR4796333721,8120,SUCCESS,TXN00008099,USR66813,MCH9559,UTR 4796333721,0,0,0,0,0,0,0
TXN00010483,2026-03-30 11:54:45,USR71222,MCH2648,19239.44,UTR6841097920,9120,FAILED,TXN00010483,USR71222,MCH2648,UTR6841097920,0,0,0,0,0,1,0
TXN00007356,2026-02-09 08:46:54,USR56405,MCH6491,19014.01,UTR5459036033,8120,SUCCESS,TXN00007356,USR56405,MCH6491,UTR5459036033,0,0,0,0,0,0,0
TXN00010894,2026-01-04 23:53:23,USR14803,MCH3420,9026.0,UTR3287849407,1310,SUCCESS,TXN00010894,USR14803,MCH3420,UTR3287849407,0,0,0,0,0,0,0
TXN00018120,2026-01-30 08:37:11,USR35830,MCH5254,20392.24,UTR1013566352,,SUCCESS,TXN00018120,USR35830,MCH5254,UTR1013566352,0,0,1,0,0,0,0
TXN00003596,2026-10-02 19:30:51,USR89486,MCH7549,16122.18,UTR2118741003,,SUCCESS,TXN00003596,USR89486,MCH7549,UTR 2118741003,0,0,1,0,0,0,0
TXN00003222,2026-01-31 00:00:00,USR40345,MCH6950,4042.46,,1310,SUCCESS,TXN00003222,USR40345,MCH6950,,0,1,0,0,0,0,0
TXN00005495,2026-01-22 10:43:23,USR35950,MCH6998,11866.13,UTR2955947441,0110,SUCCESS,TXN00005495,USR35950,MCH6998,UTR2955947441,0,0,0,0,0,0,0
TXN00014795,2026-02-20 08:16:43,USR28733,MCH5898,0.527509,UTR9597524213,4110,SUCCESS,TXN00014795,USR28733,MCH5898,UTR9597524213,0,0,0,0,0,0,0
TXN00006675,2026-03-03 10:01:33,USR84847,MCH4471,3301.42,UTR9327191958,9120,PENDING,TXN00006675,USR84847,MCH4471,UTR9327191958,0,0,0,0,0,0,1
TXN00009681,2026-03-13 18:51:00,USR42507,MCH1226,12712.71,UTR3313350965,4110,SUCCESS,TXN00009681,USR42507,MCH1226,UTR3313350965,0,0,0,0,0,0,0
TXN00013786,2026-03-09 07:19:15,USR75697,MCH7392,5571.0,UTR2956231894,9120,SUCCESS,TXN00013786,USR75697,MCH7392,UTR2956231894,0,0,0,0,0,0,0
TXN00013156,2026-03-29 09:43:17,USR85356,MCH8194,1567.0,UTR3114814330,4110,SUCCESS,TXN00013156,USR85356,MCH8194,UTR3114814330,0,0,0,0,0,0,0
TXN00012741,2026-02-24 01:57:22,USR52604,MCH3549,16664.0,UTR6549581569,0110,SUCCESS,TXN00012741,USR52604,MCH3549,UTR6549581569,0,0,0,0,0,0,0
TXN00015781,2026-02-19 00:00:00,USR21050,MCH8270,2482.82,UTR8482579531,9120,SUCCESS,TXN00015781,USR21050,MCH8270,UTR 8482579531,0,0,0,0,0,0,0
TXN00003951,2026-03-21 03:35:13,USR65478,MCH4242,602.46,UTR1126654545,0110,FAILED,TXN00003951,USR65478,MCH4242,UTR1126654545,0,0,0,0,0,1,0
TXN00001213,2026-02-16 09:11:22,USR85609,MCH3447,4098.96,UTR7951173746,0110,SUCCESS,TXN00001213,USR85609,MCH3447,UTR7951173746,0,0,0,0,0,0,0
TXN00007380,2026-03-19 03:35:22,USR13358,MCH2313,0.223966,UTR4338213201,9120,SUCCESS,TXN00007380,USR13358,MCH2313,UTR4338213201,0,0,0,0,0,0,0
TXN00018728,2026-03-23 16:39:47,USR59467,MCH1837,2361.76,UTR6469671002,4110,SUCCESS,TXN00018728,USR59467,MCH1837,UTR6469671002,0,0,0,0,0,0,0
TXN00019193,2026-02-27 13:54:09,USR37353,MCH3936,13537.12,UTR4628040842,8120,SUCCESS,TXN00019193,USR37353,MCH3936,UTR4628040842,0,0,0,0,0,0,0
TXN00016339,2026-02-11 11:17:51,USR93512,MCH6339,13579.88,UTR0171259759,8120,SUCCESS,TXN00016339,USR93512,MCH6339,UTR0171259759,0,0,0,0,0,0,0
TXN00005650,2026-01-18 22:48:16,USR24257,MCH7308,14523.09,UTR5655254473,0110,SUCCESS,TXN00005650,USR24257,MCH7308,UTR5655254473,0,0,0,0,0,0,0
TXN00010675,2026-02-15 00:38:26,USR55208,MCH1967,359.4,UTR6655005407,9120,SUCCESS,TXN00010675,USR55208,MCH1967,UTR6655005407,0,0,0,0,0,0,0
TXN00007673,2026-01-25 06:52:18,USR66122,MCH1770,22072.08,UTR9036470364,4110,SUCCESS,TXN00007673,USR66122,MCH1770,UTR9036470364,0,0,0,0,0,0,0
TXN00010305,2026-01-21 13:14:45,USR38535,MCH7442,6472.02,UTR3941497152,8120,SUCCESS,TXN00010305,USR38535,MCH7442,UTR3941497152,0,0,0,0,0,0,0
TXN00016369,2026-03-31 18:42:44,USR34319,MCH8220,10805.37,UTR5550376152,0110,SUCCESS,TXN00016369,USR34319,MCH8220,UTR5550376152,0,0,0,0,0,0,0
TXN00014141,2026-01-03 00:21:48,USR16629,MCH5175,8742.13,UTR9544808491,4110,SUCCESS,TXN00014141,USR16629,MCH5175,UTR9544808491,0,0,0,0,0,0,0
TXN00005357,2026-01-25 01:32:55,USR10651,MCH5726,4237.36,UTR9834334900,1310,SUCCESS,TXN00005357,USR10651,MCH5726,UTR9834334900,0,0,0,0,0,0,0
TXN00006975,2026-02-09 13:51:11,USR83980,MCH4508,13669.91,UTR3037720896,8120,SUCCESS,TXN00006975,USR83980,MCH4508,UTR3037720896,0,0,0,0,0,0,0
TXN00007419,2026-02-28 05:40:02,USR43886,MCH2565,2156.9,UTR2116263395,4110,SUCCESS,TXN00007419,USR43886,MCH2565,UTR2116263395,0,0,0,0,0,0,0
TXN00015981,2026-01-18 22:42:30,USR73953,MCH5428,16440.21,UTR5436564489,9120,SUCCESS,TXN00015981,USR73953,MCH5428,UTR5436564489,0,0,0,0,0,0,0
TXN00002192,2026-01-07 23:56:53,USR25109,MCH8531,22680.8,UTR2993367990,8120,SUCCESS,TXN00002192,USR25109,MCH8531,UTR2993367990,0,0,0,0,0,0,0
TXN00018790,2026-03-28 17:14:07,USR17002,MCH9448,10840.13,UTR1190205735,1310,SUCCESS,TXN00018790,USR17002,MCH9448,UTR1190205735,0,0,0,0,0,0,0
TXN00019140,2026-02-07 16:22:17,USR60017,MCH3967,22081.3,UTR6874659565,9120,SUCCESS,TXN00019140,USR60017,MCH3967,UTR6874659565,0,0,0,0,0,0,0
TXN00018895,2026-01-31 11:44:05,USR71630,MCH5412,7522.67,UTR2587800747,,SUCCESS,TXN00018895,USR71630,MCH5412,UTR 2587800747,0,0,1,0,0,0,0
TXN00019644,2026-02-21 18:27:18,USR29301,MCH9294,12091.89,UTR3476253836,1310,SUCCESS,TXN00019644,USR29301,MCH9294,UTR3476253836,0,0,0,0,0,0,0
TXN00006967,2026-01-25 10:59:17,USR42728,MCH1022,0.2106544,UTR4211775995,8120,FAILED,TXN00006967,USR42728,MCH1022,UTR4211775995,0,0,0,0,0,1,0
TXN00014878,2026-02-09 16:33:19,USR71281,MCH6940,23276.25,UTR7609717590,9120,SUCCESS,TXN00014878,USR71281,MCH6940,UTR7609717590,0,0,0,0,0,0,0
TXN00011299,2026-03-29 11:53:22,USR28705,MCH8365,0.1661196,UTR0774101102,1310,SUCCESS,TXN00011299,USR28705,MCH8365,UTR 0774101102,0,0,0,0,0,0,0
TXN00002861,2026-01-07 07:19:08,USR20657,MCH1233,21670.59,UTR4038511705,1310,SUCCESS,TXN00002861,USR20657,MCH1233,UTR4038511705,0,0,0,0,0,0,0
TXN00016937,2026-01-26 04:33:21,USR63317,MCH5667,6186.95,UTR3018802355,0110,SUCCESS,TXN00016937,USR63317,MCH5667,UTR3018802355,0,0,0,0,0,0,0
TXN00008897,2026-01-14 09:49:07,USR13823,MCH2446,8058.79,UTR2900684467,8120,SUCCESS,TXN00008897,USR13823,MCH2446,UTR2900684467,0,0,0,0,0,0,0
TXN00014235,2026-03-20 09:45:53,USR99227,MCH9354,23216.0,UTR1237168923,,SUCCESS,TXN00014235,USR99227,MCH9354,UTR1237168923,0,0,1,0,0,0,0
TXN00017000,2026-02-20 13:17:58,USR80500,MCH9868,3427.51,UTR7472045539,8120,SUCCESS,TXN00017000,USR80500,MCH9868,UTR7472045539,0,0,0,0,0,0,0
TXN00007036,2026-03-26 04:34:48,USR54920,MCH7834,20904.6,UTR5284255622,1310,SUCCESS,TXN00007036,USR54920,MCH7834,UTR 5284255622,0,0,0,0,0,0,0
TXN00008658,2026-01-09 00:20:38,USR76903,MCH3312,5096.0,UTR3098620443,,SUCCESS,TXN00008658,USR76903,MCH3312,UTR3098620443,0,0,1,0,0,0,0
TXN00014920,2026-03-15 22:06:23,USR51766,MCH5384,12829.34,UTR2017440084,1310,PENDING,TXN00014920,USR51766,MCH5384,UTR2017440084,0,0,0,0,0,0,1
TXN00001433,2026-03-10 00:00:00,USR16293,MCH9371,12226.28,UTR3121205407,9120,SUCCESS,TXN00001433,USR16293,MCH9371,UTR3121205407,0,0,0,0,0,0,0
TXN00004150,2026-02-06 23:10:11,USR22214,MCH1315,19497.72,UTR1624770431,4110,SUCCESS,TXN00004150,USR22214,MCH1315,UTR1624770431,0,0,0,0,0,0,0
TXN00006352,2026-01-12 06:04:08,USR85623,MCH1886,12959.96,UTR8283306201,4110,SUCCESS,TXN00006352,USR85623,MCH1886,UTR8283306201,0,0,0,0,0,0,0
TXN00011864,2026-03-14 15:50:18,USR89588,MCH5020,23462.17,UTR5082920985,4110,SUCCESS,TXN00011864,USR89588,MCH5020,UTR 5082920985,0,0,0,0,0,0,0
TXN00019737,2026-01-11 04:46:11,USR22518,MCH3557,13217.59,UTR2383924480,4110,SUCCESS,TXN00019737,USR22518,MCH3557,UTR 2383924480,0,0,0,0,0,0,0
TXN00012778,2026-03-30 10:45:02,USR49809,MCH7538,23112.0,UTR7386582363,9120,SUCCESS,TXN00012778,USR49809,MCH7538,UTR7386582363,0,0,0,0,0,0,0
TXN00002398,2026-02-03 23:08:29,USR91735,MCH5083,645.94,UTR6211551684,4110,SUCCESS,TXN00002398,USR91735,MCH5083,UTR6211551684,0,0,0,0,0,0,0
TXN00002791,2026-03-17 20:35:19,USR72482,MCH6268,17795.95,UTR8202421646,4110,SUCCESS,TXN00002791,USR72482,MCH6268,UTR8202421646,0,0,0,0,0,0,0
TXN00018061,2026-01-17 19:49:22,USR81700,MCH8289,2065.97,UTR4308126558,1310,SUCCESS,TXN00018061,USR81700,MCH8289,UTR4308126558,0,0,0,0,0,0,0
TXN00002372,2026-01-06 02:01:13,USR27447,MCH4548,21142.0,UTR9419416922,1310,FAILED,TXN00002372,USR27447,MCH4548,UTR9419416922,0,0,0,0,0,1,0
TXN00015060,2026-03-11 19:47:57,USR93914,MCH9043,0.1096514,UTR9436478790,9120,SUCCESS,TXN00015060,USR93914,MCH9043,UTR9436478790,0,0,0,0,0,0,0
TXN00019342,2026-02-12 01:50:35,USR12444,MCH3188,16116.68,UTR0551195549,9120,SUCCESS,TXN00019342,USR12444,MCH3188,UTR0551195549,0,0,0,0,0,0,0
TXN00014897,2026-01-23 19:04:38,USR41646,MCH5242,13439.22,,4110,SUCCESS,TXN00014897,USR41646,MCH5242,,0,1,0,0,0,0,0
TXN00000663,2026-02-12 04:36:25,USR89929,MCH3768,15148.31,UTR2767696769,4110,SUCCESS,TXN00000663,USR89929,MCH3768,UTR2767696769,0,0,0,0,0,0,0
TXN00014217,2026-02-28 14:44:41,USR83189,MCH7345,2020.28,UTR6402378947,8120,SUCCESS,TXN00014217,USR83189,MCH7345,UTR6402378947,0,0,0,0,0,0,0
TXN00008069,2026-01-30 21:23:05,USR91082,MCH4731,11233.59,UTR6328245764,9120,SUCCESS,TXN00008069,USR91082,MCH4731,UTR 6328245764,0,0,0,0,0,0,0
TXN00009249,2026-01-14 01:30:51,USR36012,MCH6537,4992.53,UTR3686671772,8120,SUCCESS,TXN00009249,USR36012,MCH6537,UTR3686671772,0,0,0,0,0,0,0
TXN00011154,2026-02-21 10:05:10,USR42587,MCH6450,10397.37,UTR0178958480,4110,SUCCESS,TXN00011154,USR42587,MCH6450,UTR0178958480,0,0,0,0,0,0,0
TXN00016419,2026-03-18 06:27:18,USR62676,MCH8202,18216.84,UTR8851885624,1310,SUCCESS,TXN00016419,USR62676,MCH8202,UTR8851885624,0,0,0,0,0,0,0
TXN00007288,2026-02-20 03:14:00,USR80791,MCH2325,7094.84,UTR2242038103,,SUCCESS,TXN00007288,USR80791,MCH2325,UTR2242038103,0,0,1,0,0,0,0
TXN00004946,2026-03-14 00:16:16,USR24040,MCH8071,0.235254,UTR6045167337,,PENDING,TXN00004946,USR24040,MCH8071,UTR6045167337,0,0,1,0,0,0,1
TXN00018618,2026-02-07 14:03:58,USR57627,MCH6973,22825.51,UTR4631213374,1310,SUCCESS,TXN00018618,USR57627,MCH6973,UTR 4631213374,0,0,0,0,0,0,0
TXN00016104,2026-02-08 00:00:00,USR73173,MCH7417,442.33,UTR1049337929,4110,SUCCESS,TXN00016104,USR73173,MCH7417,UTR1049337929,0,0,0,0,0,0,0
TXN00007012,2026-02-07 00:45:28,USR82593,MCH4776,20149.59,UTR1949350875,0110,SUCCESS,TXN00007012,USR82593,MCH4776,UTR1949350875,0,0,0,0,0,0,0
TXN00012331,2026-03-13 07:05:18,USR12611,MCH7892,15328.3,UTR7717433757,9120,FAILED,TXN00012331,USR12611,MCH7892,UTR 7717433757,0,0,0,0,0,1,0
TXN00011785,2026-03-22 07:34:58,USR29958,MCH4115,0.166668,UTR3014238733,4110,SUCCESS,TXN00011785,USR29958,MCH4115,UTR3014238733,0,0,0,0,0,0,0
TXN00006333,2026-01-23 00:00:00,USR60630,MCH5928,13456.99,UTR3580468563,9120,SUCCESS,TXN00006333,USR60630,MCH5928,UTR3580468563,0,0,0,0,0,0,0
TXN00016439,2026-02-16 17:29:00,USR13393,MCH8974,17070.64,UTR2650846035,4110,SUCCESS,TXN00016439,USR13393,MCH8974,UTR2650846035,0,0,0,0,0,0,0
TXN00001589,2026-01-10 13:23:20,USR52922,MCH7401,10710.71,UTR6076375653,4110,SUCCESS,TXN00001589,USR52922,MCH7401,UTR6076375653,0,0,0,0,0,0,0
TXN00014708,2026-02-18 14:42:54,USR59604,MCH5437,11796.6,UTR6748193140,0110,SUCCESS,TXN00014708,USR59604,MCH5437,UTR6748193140,0,0,0,0,0,0,0
TXN00011901,2026-01-03 01:06:23,USR75640,MCH8700,1635.5,UTR8061775517,4110,SUCCESS,TXN00011901,USR75640,MCH8700,UTR8061775517,0,0,0,0,0,0,0
TXN00002403,2026-08-02 01:19:41,USR54260,MCH5140,10246.63,UTR3503242464,,SUCCESS,TXN00002403,USR54260,MCH5140,UTR3503242464,0,0,1,0,0,0,0
TXN00005529,2026-03-11 22:41:07,USR24681,MCH2741,10881.01,UTR3411232902,1310,SUCCESS,TXN00005529,USR24681,MCH2741,UTR3411232902,0,0,0,0,0,0,0
TXN00004444,2026-03-31 04:41:08,USR90593,MCH3050,9989.32,UTR1021698489,4110,SUCCESS,TXN00004444,USR90593,MCH3050,UTR1021698489,0,0,0,0,0,0,0
TXN00003800,2026-03-30 18:48:09,USR31023,MCH8749,14203.68,UTR8522053917,9120,SUCCESS,TXN00003800,USR31023,MCH8749,UTR8522053917,0,0,0,0,0,0,0
TXN00008771,2026-01-02 18:50:54,USR38304,MCH7904,6375.47,UTR1873794921,9120,FAILED,TXN00008771,USR38304,MCH7904,UTR1873794921,0,0,0,0,0,1,0
TXN00011125,2026-01-12 14:39:00,USR65735,MCH5615,463.77,UTR5513224666,1310,SUCCESS,TXN00011125,USR65735,MCH5615,UTR5513224666,0,0,0,0,0,0,0
TXN00008263,2026-03-18 14:50:17,USR18639,MCH8694,18962.51,UTR2763016509,4110,FAILED,TXN00008263,USR18639,MCH8694,UTR 2763016509,0,0,0,0,0,1,0
TXN00006710,2026-02-21 20:05:01,USR78019,MCH3623,22582.81,UTR1988785740,8120,SUCCESS,TXN00006710,USR78019,MCH3623,UTR1988785740,0,0,0,0,0,0,0
TXN00007513,2026-03-08 01:55:34,USR39684,MCH7079,573.99,UTR4990763289,8120,SUCCESS,TXN00007513,USR39684,MCH7079,UTR4990763289,0,0,0,0,0,0,0
TXN00006252,2026-10-02 11:09:26,USR99864,MCH8876,0.43577,UTR4613623409,8120,SUCCESS,TXN00006252,USR99864,MCH8876,UTR4613623409,0,0,0,0,0,0,0
TXN00009485,2026-03-26 15:36:58,USR30748,MCH5289,22482.27,UTR9604410253,8120,SUCCESS,TXN00009485,USR30748,MCH5289,UTR9604410253,0,0,0,0,0,0,0
TXN00010515,2026-02-19 23:48:45,USR56386,MCH8024,16177.2,UTR6075270005,9120,SUCCESS,TXN00010515,USR56386,MCH8024,UTR6075270005,0,0,0,0,0,0,0
TXN00015251,2026-02-14 10:07:40,USR86439,MCH4318,839.36,UTR0648431808,4110,FAILED,TXN00015251,USR86439,MCH4318,UTR 0648431808,0,0,0,0,0,1,0
TXN00001777,2026-07-03 07:48:13,USR22237,MCH4189,17206.49,UTR7301887072,4110,PENDING,TXN00001777,USR22237,MCH4189,UTR7301887072,0,0,0,0,0,0,1
TXN00015085,2026-04-03 12:35:50,USR56369,MCH4665,6131.03,UTR6029818097,1310,SUCCESS,TXN00015085,USR56369,MCH4665,UTR6029818097,0,0,0,0,0,0,0
TXN00019124,2026-03-14 02:58:30,USR36166,MCH2789,24493.22,UTR3884928157,,SUCCESS,TXN00019124,USR36166,MCH2789,UTR3884928157,0,0,1,0,0,0,0
TXN00007809,2026-03-08 21:58:37,USR59742,MCH7041,6431.24,UTR9815481908,9120,SUCCESS,TXN00007809,USR59742,MCH7041,UTR9815481908,0,0,0,0,0,0,0
TXN00006328,2026-03-12 06:03:17,USR13363,MCH2053,10223.4,UTR2256518968,,SUCCESS,TXN00006328,USR13363,MCH2053,UTR2256518968,0,0,1,0,0,0,0
TXN00007878,2026-01-31 15:41:52,USR24044,MCH6980,0.968238,UTR9284314779,4110,SUCCESS,TXN00007878,USR24044,MCH6980,UTR9284314779,0,0,0,0,0,0,0
TXN00005548,2026-03-18 13:52:26,USR99144,MCH7451,-1242.23,UTR2628796992,,FAILED,TXN00005548,USR99144,MCH7451,UTR2628796992,1,0,1,0,0,1,0
TXN00013982,2026-02-15 04:07:05,USR81460,MCH3232,21069.55,UTR2566033265,8120,SUCCESS,TXN00013982,USR81460,MCH3232,UTR2566033265,0,0,0,0,0,0,0
TXN00018913,2026-03-05 16:32:23,USR58702,MCH6460,24996.79,UTR5503240746,4110,SUCCESS,TXN00018913,USR58702,MCH6460,UTR5503240746,0,0,0,0,0,0,0
TXN00019740,2026-08-01 12:35:54,USR36680,MCH4773,9446.95,,9120,SUCCESS,TXN00019740,USR36680,MCH4773,,0,1,0,0,0,0,0
TXN00005060,2026-01-28 09:49:21,USR23119,MCH3277,8681.59,UTR9230650252,9120,SUCCESS,TXN00005060,USR23119,MCH3277,UTR9230650252,0,0,0,0,0,0,0
TXN00011914,2026-07-03 04:56:17,USR30941,MCH9420,22991.0,UTR1739700987,0110,SUCCESS,TXN00011914,USR30941,MCH9420,UTR1739700987,0,0,0,0,0,0,0
TXN00010367,2026-03-13 15:29:52,USR31141,MCH9279,20465.38,UTR7762396011,9120,SUCCESS,TXN00010367,USR31141,MCH9279,UTR7762396011,0,0,0,0,0,0,0
TXN00004844,2026-01-19 07:34:41,USR95439,MCH1424,1087.07,UTR2504462915,9120,SUCCESS,TXN00004844,USR95439,MCH1424,UTR 2504462915,0,0,0,0,0,0,0
TXN00015169,2026-01-04 08:01:37,USR21331,MCH3243,14553.0,UTR6463182465,4110,SUCCESS,TXN00015169,USR21331,MCH3243,UTR6463182465,0,0,0,0,0,0,0
TXN00000399,2026-01-28 16:40:43,USR77488,MCH3833,18774.27,UTR1990244600,1310,SUCCESS,TXN00000399,USR77488,MCH3833,UTR 1990244600,0,0,0,0,0,0,0
TXN00007600,2026-02-20 07:23:04,USR86069,MCH6514,7034.04,UTR4247889874,0110,SUCCESS,TXN00007600,USR86069,MCH6514,UTR4247889874,0,0,0,0,0,0,0
TXN00005576,2026-01-10 00:56:58,USR28257,MCH3968,0.321746,UTR8856672225,1310,SUCCESS,TXN00005576,USR28257,MCH3968,UTR8856672225,0,0,0,0,0,0,0
TXN00016029,2026-03-10 00:00:00,USR49034,MCH8583,6344.19,UTR8503836372,1310,SUCCESS,TXN00016029,USR49034,MCH8583,UTR8503836372,0,0,0,0,0,0,0
TXN00017837,2026-03-29 08:50:50,USR32530,MCH1386,1350.77,,1310,SUCCESS,TXN00017837,USR32530,MCH1386,,0,1,0,0,0,0,0
TXN00008132,2026-01-27 09:29:29,USR27393,MCH6508,15218.2,UTR1358924428,1310,SUCCESS,TXN00008132,USR27393,MCH6508,UTR1358924428,0,0,0,0,0,0,0
TXN00013223,2026-01-03 06:12:26,USR90900,MCH4004,19600.07,UTR3332433406,4110,SUCCESS,TXN00013223,USR90900,MCH4004,UTR3332433406,0,0,0,0,0,0,0
TXN00004796,2026-01-21 16:27:18,USR60913,MCH1011,8016.83,UTR3065529409,0110,SUCCESS,TXN00004796,USR60913,MCH1011,UTR 3065529409,0,0,0,0,0,0,0
TXN00000360,2026-02-14 22:00:05,USR26874,MCH9798,14391.1,UTR9625259894,,SUCCESS,TXN00000360,USR26874,MCH9798,UTR9625259894,0,0,1,0,0,0,0
TXN00011383,2026-02-07 08:36:17,USR40675,MCH2048,15130.74,UTR8357551651,0110,SUCCESS,TXN00011383,USR40675,MCH2048,UTR8357551651,0,0,0,0,0,0,0
TXN00014391,2026-01-21 23:42:16,USR79919,MCH1432,223.78,UTR5048819183,9120,SUCCESS,TXN00014391,USR79919,MCH1432,UTR5048819183,0,0,0,0,0,0,0
TXN00007762,2026-03-16 04:49:05,USR43189,MCH7212,2202.06,UTR2330560168,,SUCCESS,TXN00007762,USR43189,MCH7212,UTR2330560168,0,0,1,0,0,0,0
TXN00014289,2026-03-27 16:30:14,USR18326,MCH8700,19447.53,,4110,SUCCESS,TXN00014289,USR18326,MCH8700,,0,1,0,0,0,0,0
TXN00019539,2026-02-08 09:38:34,USR19965,MCH5882,7054.53,UTR7074451597,,SUCCESS,TXN00019539,USR19965,MCH5882,UTR7074451597,0,0,1,0,0,0,0
TXN00019766,2026-02-23 02:48:02,USR74088,MCH9174,9294.82,UTR8654442841,,SUCCESS,TXN00019766,USR74088,MCH9174,UTR8654442841,0,0,1,0,0,0,0
TXN00016438,2026-02-11 03:36:01,USR58097,MCH4199,0.1760545,UTR2393012796,0110,SUCCESS,TXN00016438,USR58097,MCH4199,UTR2393012796,0,0,0,0,0,0,0
TXN00015137,2026-03-19 08:07:54,USR30863,MCH7671,-696.86,UTR3630167211,0110,PENDING,TXN00015137,USR30863,MCH7671,UTR3630167211,1,0,0,0,0,0,1
TXN00011177,2026-03-08 13:11:58,USR47146,MCH4792,15009.46,UTR0770883109,1310,SUCCESS,TXN00011177,USR47146,MCH4792,UTR0770883109,0,0,0,0,0,0,0
TXN00007189,2026-02-22 18:22:31,USR72900,MCH3853,12553.37,UTR5298586106,9120,SUCCESS,TXN00007189,USR72900,MCH3853,UTR5298586106,0,0,0,0,0,0,0
TXN00008010,2026-03-02 00:16:56,USR16208,MCH5471,1002.38,UTR3341447059,4110,SUCCESS,TXN00008010,USR16208,MCH5471,UTR 3341447059,0,0,0,0,0,0,0
TXN00017799,2026-03-13 06:10:03,USR89482,MCH7903,7970.89,UTR0822477424,8120,SUCCESS,TXN00017799,USR89482,MCH7903,UTR0822477424,0,0,0,0,0,0,0
TXN00015101,2026-01-23 15:47:08,USR83861,MCH8669,11652.13,UTR8337912415,1310,FAILED,TXN00015101,USR83861,MCH8669,UTR 8337912415,0,0,0,0,0,1,0
TXN00011907,2026-03-13 19:02:33,USR71285,MCH4372,19501.0,UTR2280390751,,FAILED,TXN00011907,USR71285,MCH4372,UTR 2280390751,0,0,1,0,0,1,0
TXN00009036,2026-01-24 20:34:22,USR13668,MCH9227,17991.76,UTR4538627925,1310,SUCCESS,TXN00009036,USR13668,MCH9227,UTR 4538627925,0,0,0,0,0,0,0
TXN00002711,2026-03-25 16:55:42,USR99270,MCH1140,19330.82,UTR5686230639,4110,SUCCESS,TXN00002711,USR99270,MCH1140,UTR5686230639,0,0,0,0,0,0,0
TXN00015440,2026-02-21 20:32:55,USR44997,MCH3275,582.81,UTR7277793585,0110,FAILED,TXN00015440,USR44997,MCH3275,UTR7277793585,0,0,0,0,0,1,0
TXN00012020,2026-03-16 02:17:52,USR83181,MCH9014,1779.66,UTR1171220925,1310,SUCCESS,TXN00012020,USR83181,MCH9014,UTR1171220925,0,0,0,0,0,0,0
TXN00001563,2026-02-01 21:36:47,USR73036,MCH6014,19515.33,UTR2042591151,0110,SUCCESS,TXN00001563,USR73036,MCH6014,UTR2042591151,0,0,0,0,0,0,0
TXN00002058,2026-03-05 18:18:23,USR21921,MCH2520,10300.02,UTR4274850794,,FAILED,TXN00002058,USR21921,MCH2520,UTR4274850794,0,0,1,0,0,1,0
TXN00007150,2026-02-17 06:43:32,USR43491,MCH4057,15449.15,UTR4401874513,1310,SUCCESS,TXN00007150,USR43491,MCH4057,UTR4401874513,0,0,0,0,0,0,0
TXN00016124,2026-01-26 03:07:42,USR52377,MCH4185,9431.08,UTR3516183610,0110,SUCCESS,TXN00016124,USR52377,MCH4185,UTR3516183610,0,0,0,0,0,0,0
TXN00008121,2026-02-10 23:53:20,USR69445,MCH3741,7256.78,UTR3429302295,,SUCCESS,TXN00008121,USR69445,MCH3741,UTR3429302295,0,0,1,0,0,0,0
TXN00004753,2026-01-01 21:38:24,USR72518,MCH7472,16892.91,UTR5925696544,0110,SUCCESS,TXN00004753,USR72518,MCH7472,UTR5925696544,0,0,0,0,0,0,0
TXN00012022,2026-03-24 05:33:39,USR20888,MCH9282,14427.0,UTR7145571843,4110,SUCCESS,TXN00012022,USR20888,MCH9282,UTR 7145571843,0,0,0,0,0,0,0
TXN00012125,2026-02-13 18:51:06,USR97646,MCH1025,8195.41,UTR7039986313,8120,SUCCESS,TXN00012125,USR97646,MCH1025,UTR7039986313,0,0,0,0,0,0,0
TXN00000402,2026-12-03 22:12:02,USR67001,MCH8672,22565.0,UTR6207170103,4110,SUCCESS,TXN00000402,USR67001,MCH8672,UTR6207170103,0,0,0,0,0,0,0
TXN00013906,2026-01-13 06:40:11,USR62750,MCH1195,9431.0,UTR5344040845,4110,SUCCESS,TXN00013906,USR62750,MCH1195,UTR 5344040845,0,0,0,0,0,0,0
TXN00004565,2026-03-17 07:21:09,USR47850,MCH7099,5784.71,UTR5242288458,4110,FAILED,TXN00004565,USR47850,MCH7099,UTR5242288458,0,0,0,0,0,1,0
TXN00002246,2026-01-12 01:42:04,USR11862,MCH2034,13040.93,UTR3256950405,0110,SUCCESS,TXN00002246,USR11862,MCH2034,UTR3256950405,0,0,0,0,0,0,0
TXN00006380,2026-02-14 07:48:44,USR24053,MCH2006,22247.01,UTR5019917064,8120,SUCCESS,TXN00006380,USR24053,MCH2006,UTR5019917064,0,0,0,0,0,0,0
TXN00014354,2026-01-24 12:35:06,USR87039,MCH8668,8804.11,UTR5692182436,0110,SUCCESS,TXN00014354,USR87039,MCH8668,UTR 5692182436,0,0,0,0,0,0,0
TXN00011673,2026-02-25 16:24:00,USR65220,MCH4569,0.583198,UTR0138014356,4110,SUCCESS,TXN00011673,USR65220,MCH4569,UTR0138014356,0,0,0,0,0,0,0
TXN00012435,2026-01-15 10:16:41,USR68856,MCH9184,6309.95,UTR0795330993,4110,SUCCESS,TXN00012435,USR68856,MCH9184,UTR0795330993,0,0,0,0,0,0,0
TXN00002496,2026-01-19 20:05:25,USR57498,MCH7494,12313.21,UTR7290705142,0110,SUCCESS,TXN00002496,USR57498,MCH7494,UTR7290705142,0,0,0,0,0,0,0
TXN00006795,2026-03-15 07:31:42,USR37579,MCH9869,11690.01,UTR5069788475,9120,SUCCESS,TXN00006795,USR37579,MCH9869,UTR5069788475,0,0,0,0,0,0,0
TXN00016698,2026-01-15 13:57:37,USR45304,MCH6950,12044.02,UTR5248910425,4110,SUCCESS,TXN00016698,USR45304,MCH6950,UTR5248910425,0,0,0,0,0,0,0
TXN00002879,2026-01-20 12:19:05,USR10400,MCH6778,14782.35,UTR3445030043,9120,SUCCESS,TXN00002879,USR10400,MCH6778,UTR3445030043,0,0,0,0,0,0,0
TXN00008742,2026-03-21 00:00:00,USR66850,MCH8742,10474.79,UTR3134220373,4110,SUCCESS,TXN00008742,USR66850,MCH8742,UTR3134220373,0,0,0,0,0,0,0
TXN00013754,2026-07-01 15:23:32,USR30474,MCH2260,5871.26,UTR1200118962,0110,PENDING,TXN00013754,USR30474,MCH2260,UTR1200118962,0,0,0,0,0,0,1
TXN00012046,2026-02-08 04:54:28,USR46183,MCH6087,2397.0,UTR9215467924,4110,SUCCESS,TXN00012046,USR46183,MCH6087,UTR9215467924,0,0,0,0,0,0,0
TXN00012301,2026-03-08 00:00:00,USR71016,MCH8681,23606.15,UTR9138202584,4110,SUCCESS,TXN00012301,USR71016,MCH8681,UTR9138202584,0,0,0,0,0,0,0
TXN00007575,2026-02-06 00:06:30,USR42578,MCH8340,218.78,UTR8659362051,9120,SUCCESS,TXN00007575,USR42578,MCH8340,UTR8659362051,0,0,0,0,0,0,0
TXN00000790,2026-03-05 16:43:33,USR72296,MCH4920,23683.0,UTR3598152732,0110,FAILED,TXN00000790,USR72296,MCH4920,UTR3598152732,0,0,0,0,0,1,0
TXN00004522,2026-02-24 22:03:39,USR88675,MCH7897,14432.16,UTR3863252077,8120,SUCCESS,TXN00004522,USR88675,MCH7897,UTR3863252077,0,0,0,0,0,0,0
TXN00003720,2026-03-07 04:20:29,USR19443,MCH8424,6533.6,UTR2705950715,4110,SUCCESS,TXN00003720,USR19443,MCH8424,UTR2705950715,0,0,0,0,0,0,0
TXN00014270,2026-03-01 23:25:49,USR71654,MCH6071,7618.04,UTR6904705276,8120,SUCCESS,TXN00014270,USR71654,MCH6071,UTR 6904705276,0,0,0,0,0,0,0
TXN00006835,2026-03-17 02:45:38,USR96732,MCH4099,22603.8,UTR2954631252,4110,SUCCESS,TXN00006835,USR96732,MCH4099,UTR2954631252,0,0,0,0,0,0,0
TXN00013831,2026-01-17 22:06:44,USR84310,MCH8460,9972.5,UTR3396717576,4110,SUCCESS,TXN00013831,USR84310,MCH8460,UTR3396717576,0,0,0,0,0,0,0
TXN00013423,2026-03-05 00:30:22,USR42503,MCH7530,20911.0,UTR4386302174,0110,FAILED,TXN00013423,USR42503,MCH7530,UTR4386302174,0,0,0,0,0,1,0
TXN00008180,2026-03-18 06:52:21,USR62797,MCH5430,2378.26,UTR9439190445,1310,SUCCESS,TXN00008180,USR62797,MCH5430,UTR9439190445,0,0,0,0,0,0,0
TXN00006813,2026-12-01 14:06:52,USR71152,MCH4853,330.0,UTR2178690322,4110,SUCCESS,TXN00006813,USR71152,MCH4853,UTR2178690322,0,0,0,0,0,0,0
TXN00009568,2026-03-01 20:07:07,USR15987,MCH6178,22275.97,UTR2793341407,9120,SUCCESS,TXN00009568,USR15987,MCH6178,UTR2793341407,0,0,0,0,0,0,0
TXN00013605,2026-01-06 06:50:15,USR10731,MCH5590,471.0,,4110,SUCCESS,TXN00013605,USR10731,MCH5590,,0,1,0,0,0,0,0
TXN00005742,2026-02-08 13:54:15,USR23493,MCH1611,14241.74,UTR8687924424,,FAILED,TXN00005742,USR23493,MCH1611,UTR8687924424,0,0,1,0,0,1,0
TXN00008155,2026-01-19 05:34:52,USR51203,MCH5975,0.1987887,UTR4520635177,9120,SUCCESS,TXN00008155,USR51203,MCH5975,UTR4520635177,0,0,0,0,0,0,0
TXN00008659,2026-02-16 04:49:18,USR43197,MCH5638,-3902.23,UTR3740201829,,SUCCESS,TXN00008659,USR43197,MCH5638,UTR3740201829,1,0,1,0,0,0,0
TXN00015161,2026-01-28 12:21:11,USR60324,MCH3436,11044.0,UTR5933661747,4110,SUCCESS,TXN00015161,USR60324,MCH3436,UTR5933661747,0,0,0,0,0,0,0
TXN00010798,2026-02-07 22:21:22,USR55573,MCH4151,8724.08,UTR8162809319,8120,SUCCESS,TXN00010798,USR55573,MCH4151,UTR8162809319,0,0,0,0,0,0,0
TXN00018780,2026-03-06 02:50:57,USR77973,MCH9592,20555.4,UTR6553152378,4110,SUCCESS,TXN00018780,USR77973,MCH9592,UTR6553152378,0,0,0,0,0,0,0
TXN00016504,2026-03-30 15:20:12,USR52826,MCH1566,10685.0,UTR6036220581,0110,SUCCESS,TXN00016504,USR52826,MCH1566,UTR6036220581,0,0,0,0,0,0,0
TXN00001479,2026-02-02 23:58:00,USR57896,MCH6840,0.1994736,UTR1716954483,4110,SUCCESS,TXN00001479,USR57896,MCH6840,UTR1716954483,0,0,0,0,0,0,0
TXN00017206,2026-03-02 21:45:27,USR60816,MCH9458,-13101.15,UTR8802547024,4110,FAILED,TXN00017206,USR60816,MCH9458,UTR8802547024,1,0,0,0,0,1,0
TXN00009595,2026-03-08 10:56:57,USR81402,MCH8838,6580.48,UTR7925719345,,PENDING,TXN00009595,USR81402,MCH8838,UTR7925719345,0,0,1,0,0,0,1
TXN00007805,2026-03-09 19:01:39,USR14024,MCH3526,2891.37,UTR6094545567,4110,SUCCESS,TXN00007805,USR14024,MCH3526,UTR6094545567,0,0,0,0,0,0,0
TXN00007262,2026-10-03 07:49:27,USR14002,MCH9376,4768.43,UTR2176124669,8120,SUCCESS,TXN00007262,USR14002,MCH9376,UTR2176124669,0,0,0,0,0,0,0
TXN00011686,2026-01-27 12:59:11,USR13097,MCH3613,11601.99,UTR8822623553,0110,SUCCESS,TXN00011686,USR13097,MCH3613,UTR8822623553,0,0,0,0,0,0,0
TXN00011463,2026-01-28 01:51:44,USR43522,MCH8935,15682.19,UTR6368123275,4110,FAILED,TXN00011463,USR43522,MCH8935,UTR6368123275,0,0,0,0,0,1,0
TXN00014327,2026-03-07 14:18:48,USR60890,MCH8345,0.1027697,UTR8452092033,8120,SUCCESS,TXN00014327,USR60890,MCH8345,UTR8452092033,0,0,0,0,0,0,0
TXN00012037,2026-03-22 06:30:37,USR10497,MCH5004,5964.18,UTR9314020962,1310,SUCCESS,TXN00012037,USR10497,MCH5004,UTR9314020962,0,0,0,0,0,0,0
TXN00014122,2026-03-17 14:22:14,USR22509,MCH7448,9286.98,,9120,SUCCESS,TXN00014122,USR22509,MCH7448,,0,1,0,0,0,0,0
TXN00002022,2026-09-01 06:54:48,USR33647,MCH5134,0.140086,UTR9544372209,8120,SUCCESS,TXN00002022,USR33647,MCH5134,UTR9544372209,0,0,0,0,0,0,0
TXN00001182,2026-02-05 00:54:49,USR94913,MCH3204,8553.39,UTR2056091230,0110,SUCCESS,TXN00001182,USR94913,MCH3204,UTR2056091230,0,0,0,0,0,0,0
TXN00004508,2026-02-24 21:28:20,USR41323,MCH3095,608.0,UTR0399017616,1310,SUCCESS,TXN00004508,USR41323,MCH3095,UTR0399017616,0,0,0,0,0,0,0
TXN00016667,2026-02-16 23:21:07,USR51726,MCH3340,15694.0,UTR6519573197,0110,SUCCESS,TXN00016667,USR51726,MCH3340,UTR6519573197,0,0,0,0,0,0,0
TXN00007536,2026-03-25 00:17:30,USR84346,MCH2915,17535.32,UTR6138971025,,SUCCESS,TXN00007536,USR84346,MCH2915,UTR6138971025,0,0,1,0,0,0,0
TXN00010449,2026-01-09 13:06:15,USR76597,MCH1681,11904.78,UTR1454523229,4110,SUCCESS,TXN00010449,USR76597,MCH1681,UTR1454523229,0,0,0,0,0,0,0
TXN00005231,2026-01-14 13:44:29,USR13977,MCH2912,16621.83,UTR0653116599,1310,SUCCESS,TXN00005231,USR13977,MCH2912,UTR0653116599,0,0,0,0,0,0,0
TXN00009455,2026-02-16 22:34:16,USR20157,MCH4809,21487.27,UTR9167442134,4110,SUCCESS,TXN00009455,USR20157,MCH4809,UTR9167442134,0,0,0,0,0,0,0
TXN00006092,2026-01-06 05:04:34,USR77931,MCH8566,19398.87,UTR3303626371,4110,SUCCESS,TXN00006092,USR77931,MCH8566,UTR3303626371,0,0,0,0,0,0,0
TXN00004260,2026-02-06 14:27:08,USR25496,MCH3128,10023.6,UTR6319890862,4110,SUCCESS,TXN00004260,USR25496,MCH3128,UTR6319890862,0,0,0,0,0,0,0
TXN00002868,2026-01-16 07:00:49,USR68914,MCH3520,18972.0,UTR9967523667,8120,SUCCESS,TXN00002868,USR68914,MCH3520,UTR9967523667,0,0,0,0,0,0,0
TXN00010736,2026-02-24 10:39:40,USR83220,MCH2838,5256.2,UTR3492329460,4110,SUCCESS,TXN00010736,USR83220,MCH2838,UTR3492329460,0,0,0,0,0,0,0
TXN00015913,2026-03-12 22:05:15,USR77767,MCH9831,19744.59,UTR2079245209,8120,SUCCESS,TXN00015913,USR77767,MCH9831,UTR2079245209,0,0,0,0,0,0,0
TXN00007670,2026-03-20 22:46:14,USR48549,MCH3572,8564.93,UTR8654349877,1310,SUCCESS,TXN00007670,USR48549,MCH3572,UTR8654349877,0,0,0,0,0,0,0
TXN00008163,2026-10-01 22:18:52,USR28083,MCH7755,0.1052155,,1310,SUCCESS,TXN00008163,USR28083,MCH7755,,0,1,0,0,0,0,0
TXN00015804,2026-01-27 03:56:16,USR63135,MCH9104,11296.4,UTR2577927490,4110,SUCCESS,TXN00015804,USR63135,MCH9104,UTR2577927490,0,0,0,0,0,0,0
TXN00002786,2026-04-01 00:33:46,USR17832,MCH3567,6057.0,UTR5466089510,4110,SUCCESS,TXN00002786,USR17832,MCH3567,UTR5466089510,0,0,0,0,0,0,0
TXN00015157,2026-03-08 00:28:13,USR22931,MCH7741,6194.22,,1310,SUCCESS,TXN00015157,USR22931,MCH7741,,0,1,0,0,0,0,0
TXN00005552,2026-03-15 14:50:07,USR89920,MCH8541,-9632.6,UTR6285637427,4110,SUCCESS,TXN00005552,USR89920,MCH8541,UTR 6285637427,1,0,0,0,0,0,0
TXN00001851,2026-03-08 13:45:02,USR22664,MCH5113,7154.81,UTR7601731238,0110,SUCCESS,TXN00001851,USR22664,MCH5113,UTR7601731238,0,0,0,0,0,0,0
TXN00012262,2026-11-03 21:10:17,USR23865,MCH7442,10281.95,UTR0060808680,4110,SUCCESS,TXN00012262,USR23865,MCH7442,UTR0060808680,0,0,0,0,0,0,0
TXN00016181,2026-03-12 22:08:02,USR32257,MCH1982,0.2140518,UTR6861429539,9120,SUCCESS,TXN00016181,USR32257,MCH1982,UTR 6861429539,0,0,0,0,0,0,0
TXN00007897,2026-03-03 03:41:07,USR60593,MCH6803,17654.39,UTR3051488297,4110,SUCCESS,TXN00007897,USR60593,MCH6803,UTR3051488297,0,0,0,0,0,0,0
TXN00001772,2026-01-26 16:13:59,USR33318,MCH7771,19627.56,UTR9259454570,8120,PENDING,TXN00001772,USR33318,MCH7771,UTR9259454570,0,0,0,0,0,0,1
TXN00015124,2026-01-31 04:12:50,USR75648,MCH1053,0.1524191,UTR6260078075,8120,SUCCESS,TXN00015124,USR75648,MCH1053,UTR6260078075,0,0,0,0,0,0,0
TXN00011650,2026-03-20 18:49:56,USR23863,MCH3465,20371.65,UTR2593270126,8120,SUCCESS,TXN00011650,USR23863,MCH3465,UTR2593270126,0,0,0,0,0,0,0
TXN00001933,2026-02-27 15:20:31,USR74877,MCH5848,14020.9,UTR8444967446,1310,SUCCESS,TXN00001933,USR74877,MCH5848,UTR8444967446,0,0,0,0,0,0,0
TXN00015309,2026-02-27 21:08:34,USR95939,MCH9917,21260.57,UTR2115841478,4110,SUCCESS,TXN00015309,USR95939,MCH9917,UTR2115841478,0,0,0,0,0,0,0
TXN00004628,2026-03-07 15:44:26,USR86854,MCH6249,12519.48,UTR3624162364,4110,SUCCESS,TXN00004628,USR86854,MCH6249,UTR3624162364,0,0,0,0,0,0,0
TXN00010011,2026-01-17 06:32:14,USR92434,MCH6360,-22152.99,UTR1509963399,4110,SUCCESS,TXN00010011,USR92434,MCH6360,UTR1509963399,1,0,0,0,0,0,0
TXN00017261,2026-01-14 23:00:26,USR48243,MCH5003,19012.08,UTR8918277158,,SUCCESS,TXN00017261,USR48243,MCH5003,UTR8918277158,0,0,1,0,0,0,0
TXN00011012,2026-02-13 06:16:02,USR80818,MCH3197,16896.91,UTR6427361457,0110,SUCCESS,TXN00011012,USR80818,MCH3197,UTR6427361457,0,0,0,0,0,0,0
TXN00003842,2026-01-15 04:01:28,USR36886,MCH4084,826.15,UTR1866504058,,SUCCESS,TXN00003842,USR36886,MCH4084,UTR1866504058,0,0,1,0,0,0,0
TXN00005542,2026-02-04 02:25:40,USR47178,MCH2222,16242.4,UTR3671958179,0110,SUCCESS,TXN00005542,USR47178,MCH2222,UTR3671958179,0,0,0,0,0,0,0
TXN00019770,2026-01-29 19:28:48,USR55053,MCH4529,9139.83,UTR5861984819,8120,SUCCESS,TXN00019770,USR55053,MCH4529,UTR5861984819,0,0,0,0,0,0,0
TXN00015265,2026-03-14 15:51:27,USR31973,MCH1707,15919.66,UTR9784474688,9120,SUCCESS,TXN00015265,USR31973,MCH1707,UTR9784474688,0,0,0,0,0,0,0
TXN00012510,2026-02-21 21:11:10,USR98043,MCH4798,21600.29,UTR6187714814,0110,SUCCESS,TXN00012510,USR98043,MCH4798,UTR6187714814,0,0,0,0,0,0,0
TXN00007396,2026-02-27 08:11:18,USR56605,MCH5000,1549.58,UTR3478220789,0110,SUCCESS,TXN00007396,USR56605,MCH5000,UTR3478220789,0,0,0,0,0,0,0
TXN00016579,2026-03-22 00:00:00,USR63738,MCH3721,1213.29,UTR8913643344,0110,SUCCESS,TXN00016579,USR63738,MCH3721,UTR8913643344,0,0,0,0,0,0,0
TXN00002008,2026-01-10 05:33:57,USR33264,MCH5728,19420.0,UTR6130980519,4110,FAILED,TXN00002008,USR33264,MCH5728,UTR6130980519,0,0,0,0,0,1,0
TXN00018013,2026-11-02 18:43:29,USR74856,MCH3701,20588.1,UTR0279858959,9120,SUCCESS,TXN00018013,USR74856,MCH3701,UTR0279858959,0,0,0,0,0,0,0
TXN00001762,2026-03-07 11:28:49,USR24611,MCH6033,21110.0,UTR0742524221,,SUCCESS,TXN00001762,USR24611,MCH6033,UTR0742524221,0,0,1,0,0,0,0
TXN00006805,2026-02-13 13:48:52,USR29782,MCH9177,10836.94,UTR1326640099,,FAILED,TXN00006805,USR29782,MCH9177,UTR1326640099,0,0,1,0,0,1,0
TXN00010763,2026-02-11 01:29:46,USR38240,MCH5246,0.1762881,UTR3338889928,1310,SUCCESS,TXN00010763,USR38240,MCH5246,UTR3338889928,0,0,0,0,0,0,0
TXN00015365,2026-11-03 07:12:01,USR40949,MCH6245,21079.32,UTR3693533212,4110,SUCCESS,TXN00015365,USR40949,MCH6245,UTR3693533212,0,0,0,0,0,0,0
TXN00019443,2026-02-15 02:54:47,USR46865,MCH5927,4081.78,UTR8129621685,9120,SUCCESS,TXN00019443,USR46865,MCH5927,UTR8129621685,0,0,0,0,0,0,0
TXN00018543,2026-01-20 11:13:30,USR35819,MCH8247,12467.7,UTR7276355597,0110,SUCCESS,TXN00018543,USR35819,MCH8247,UTR7276355597,0,0,0,0,0,0,0
TXN00000728,2026-03-22 22:43:13,USR67477,MCH7339,19883.73,UTR1184459739,,SUCCESS,TXN00000728,USR67477,MCH7339,UTR1184459739,0,0,1,0,0,0,0
TXN00003790,2026-01-30 10:28:45,USR82575,MCH1133,24514.4,UTR3948443591,8120,SUCCESS,TXN00003790,USR82575,MCH1133,UTR3948443591,0,0,0,0,0,0,0
TXN00016265,2026-03-12 13:29:03,USR82550,MCH2355,4685.84,UTR0021007450,0110,SUCCESS,TXN00016265,USR82550,MCH2355,UTR0021007450,0,0,0,0,0,0,0
TXN00007787,2026-02-25 23:43:38,USR90580,MCH2964,8554.94,UTR2180628644,1310,SUCCESS,TXN00007787,USR90580,MCH2964,UTR2180628644,0,0,0,0,0,0,0
TXN00016159,2026-02-28 18:07:26,USR48290,MCH8687,6325.0,UTR4284686015,9120,SUCCESS,TXN00016159,USR48290,MCH8687,UTR4284686015,0,0,0,0,0,0,0
TXN00001966,2026-01-15 09:38:34,USR69208,MCH4762,14698.36,UTR6943646413,8120,PENDING,TXN00001966,USR69208,MCH4762,UTR6943646413,0,0,0,0,0,0,1
TXN00010643,2026-03-21 17:44:50,USR80729,MCH7305,11885.19,UTR5627932601,9120,SUCCESS,TXN00010643,USR80729,MCH7305,UTR5627932601,0,0,0,0,0,0,0
TXN00004551,2026-03-14 22:45:42,USR27023,MCH6941,0.233195,UTR0361352721,9120,SUCCESS,TXN00004551,USR27023,MCH6941,UTR0361352721,0,0,0,0,0,0,0
TXN00000777,2026-02-14 05:11:47,USR78390,MCH4799,5738.99,UTR9677007579,,SUCCESS,TXN00000777,USR78390,MCH4799,UTR9677007579,0,0,1,0,0,0,0
TXN00010558,2026-02-06 06:16:59,USR61951,MCH8225,-21458.7,UTR6611805946,4110,SUCCESS,TXN00010558,USR61951,MCH8225,UTR6611805946,1,0,0,0,0,0,0
TXN00013531,2026-03-27 17:46:35,USR83643,MCH9204,22882.14,UTR9970883299,4110,PENDING,TXN00013531,USR83643,MCH9204,UTR9970883299,0,0,0,0,0,0,1
TXN00010581,2026-03-15 19:43:10,USR35367,MCH1217,10251.86,UTR3165424469,9120,SUCCESS,TXN00010581,USR35367,MCH1217,UTR3165424469,0,0,0,0,0,0,0
TXN00000303,2026-01-23 05:28:22,USR74003,MCH7074,13520.47,UTR4305188313,0110,SUCCESS,TXN00000303,USR74003,MCH7074,UTR4305188313,0,0,0,0,0,0,0
TXN00019829,2026-01-10 04:42:03,USR30281,MCH1720,23301.83,UTR7254798130,4110,PENDING,TXN00019829,USR30281,MCH1720,UTR7254798130,0,0,0,0,0,0,1
TXN00004273,2026-02-10 14:42:40,USR90028,MCH2953,3794.29,UTR4457189746,9120,SUCCESS,TXN00004273,USR90028,MCH2953,UTR4457189746,0,0,0,0,0,0,0
TXN00017954,2026-03-30 09:12:59,USR26186,MCH2387,9214.23,UTR3934879304,1310,SUCCESS,TXN00017954,USR26186,MCH2387,UTR3934879304,0,0,0,0,0,0,0
TXN00005945,2026-02-28 08:45:44,USR12979,MCH2530,24140.59,UTR2585975471,4110,SUCCESS,TXN00005945,USR12979,MCH2530,UTR2585975471,0,0,0,0,0,0,0
TXN00001371,2026-02-03 18:48:28,USR72349,MCH3722,24285.16,UTR8466668684,0110,SUCCESS,TXN00001371,USR72349,MCH3722,UTR8466668684,0,0,0,0,0,0,0
TXN00002862,2026-02-23 09:35:10,USR79367,MCH7856,7069.0,UTR4888056487,4110,SUCCESS,TXN00002862,USR79367,MCH7856,UTR4888056487,0,0,0,0,0,0,0
TXN00007968,2026-01-27 08:03:13,USR40149,MCH7457,830.0,UTR3466378562,0110,SUCCESS,TXN00007968,USR40149,MCH7457,UTR3466378562,0,0,0,0,0,0,0
TXN00012272,2026-03-23 01:34:58,USR36581,MCH1881,0.195103,UTR2385093919,4110,SUCCESS,TXN00012272,USR36581,MCH1881,UTR2385093919,0,0,0,0,0,0,0
TXN00013376,2026-03-01 06:26:26,USR64478,MCH9188,14183.44,UTR6937131505,8120,PENDING,TXN00013376,USR64478,MCH9188,UTR6937131505,0,0,0,0,0,0,1
TXN00018256,2026-01-29 02:27:54,USR22513,MCH1348,2481.28,UTR0142140130,,PENDING,TXN00018256,USR22513,MCH1348,UTR0142140130,0,0,1,0,0,0,1
TXN00019117,2026-01-12 17:27:30,USR33472,MCH4721,6906.82,UTR7728387530,,SUCCESS,TXN00019117,USR33472,MCH4721,UTR7728387530,0,0,1,0,0,0,0
TXN00011576,2026-06-01 23:07:41,USR31913,MCH1908,0.379818,UTR9189893609,4110,SUCCESS,TXN00011576,USR31913,MCH1908,UTR9189893609,0,0,0,0,0,0,0
TXN00006819,2026-01-26 15:43:22,USR98268,MCH6745,21488.98,UTR6644955413,4110,SUCCESS,TXN00006819,USR98268,MCH6745,UTR6644955413,0,0,0,0,0,0,0
TXN00001322,2026-01-30 12:35:01,USR96632,MCH4783,3997.02,UTR4067352262,9120,SUCCESS,TXN00001322,USR96632,MCH4783,UTR4067352262,0,0,0,0,0,0,0
TXN00010830,2026-01-07 02:40:58,USR98487,MCH9627,13111.21,UTR8476134002,9120,SUCCESS,TXN00010830,USR98487,MCH9627,UTR8476134002,0,0,0,0,0,0,0
TXN00009213,2026-01-11 13:43:35,USR58167,MCH3743,0.161734,UTR4938662243,8120,FAILED,TXN00009213,USR58167,MCH3743,UTR 4938662243,0,0,0,0,0,1,0
TXN00006144,2026-03-16 05:22:34,USR91715,MCH6508,21899.57,UTR9693580272,0110,FAILED,TXN00006144,USR91715,MCH6508,UTR9693580272,0,0,0,0,0,1,0
TXN00008955,2026-01-23 13:01:28,USR11118,MCH4246,-8486.69,UTR6664067592,8120,SUCCESS,TXN00008955,USR11118,MCH4246,UTR6664067592,1,0,0,0,0,0,0
TXN00001062,2026-03-13 05:52:01,USR19755,MCH3956,24602.0,UTR8742506260,,SUCCESS,TXN00001062,USR19755,MCH3956,UTR8742506260,0,0,1,0,0,0,0
TXN00000461,2026-01-26 18:55:36,USR15018,MCH9014,2946.98,UTR9235370197,,SUCCESS,TXN00000461,USR15018,MCH9014,UTR9235370197,0,0,1,0,0,0,0
TXN00006641,2026-03-27 16:49:49,USR96146,MCH6587,-18911.34,UTR3130591800,0110,SUCCESS,TXN00006641,USR96146,MCH6587,UTR3130591800,1,0,0,0,0,0,0
TXN00013859,2026-03-20 14:14:35,USR55187,MCH2630,13111.91,UTR8247650969,,SUCCESS,TXN00013859,USR55187,MCH2630,UTR8247650969,0,0,1,0,0,0,0
TXN00018806,2026-02-12 03:28:13,USR91825,MCH5876,20457.75,UTR8573659990,,SUCCESS,TXN00018806,USR91825,MCH5876,UTR8573659990,0,0,1,0,0,0,0
TXN00010773,2026-03-22 13:00:52,USR72967,MCH5073,0.1084809,UTR9318564336,8120,SUCCESS,TXN00010773,USR72967,MCH5073,UTR9318564336,0,0,0,0,0,0,0
TXN00014008,2026-03-23 19:24:29,USR95411,MCH9084,14914.29,UTR9961226658,1310,SUCCESS,TXN00014008,USR95411,MCH9084,UTR9961226658,0,0,0,0,0,0,0
TXN00001736,2026-02-05 12:30:35,USR90793,MCH7577,0.2216624,UTR8446808465,4110,SUCCESS,TXN00001736,USR90793,MCH7577,UTR8446808465,0,0,0,0,0,0,0
TXN00008780,2026-01-06 20:03:59,USR32593,MCH5523,-8480.86,UTR9114044150,8120,SUCCESS,TXN00008780,USR32593,MCH5523,UTR9114044150,1,0,0,0,0,0,0
TXN00006254,2026-02-06 22:03:19,USR84605,MCH3439,461.85,UTR7256267954,,SUCCESS,TXN00006254,USR84605,MCH3439,UTR7256267954,0,0,1,0,0,0,0
TXN00001703,2026-03-15 08:37:21,USR92643,MCH4277,7802.29,UTR3252809209,9120,FAILED,TXN00001703,USR92643,MCH4277,UTR3252809209,0,0,0,0,0,1,0
TXN00007737,2026-01-20 09:15:24,USR54846,MCH4240,22866.0,UTR8597989229,1310,SUCCESS,TXN00007737,USR54846,MCH4240,UTR8597989229,0,0,0,0,0,0,0
TXN00012229,2026-02-23 22:48:57,USR78666,MCH8775,13761.89,UTR0747748855,4110,SUCCESS,TXN00012229,USR78666,MCH8775,UTR0747748855,0,0,0,0,0,0,0
TXN00000562,2026-02-05 20:20:08,USR83574,MCH8475,5331.97,UTR0497109488,4110,SUCCESS,TXN00000562,USR83574,MCH8475,UTR0497109488,0,0,0,0,0,0,0
TXN00005321,2026-01-02 21:30:29,USR32313,MCH1466,7070.93,UTR6504338882,4110,SUCCESS,TXN00005321,USR32313,MCH1466,UTR6504338882,0,0,0,0,0,0,0
TXN00000611,2026-03-20 17:10:58,USR46553,MCH3963,992.41,UTR2207355602,4110,SUCCESS,TXN00000611,USR46553,MCH3963,UTR2207355602,0,0,0,0,0,0,0
TXN00006683,2026-02-03 12:35:32,USR33653,MCH1707,0.2161143,UTR1500780341,4110,SUCCESS,TXN00006683,USR33653,MCH1707,UTR1500780341,0,0,0,0,0,0,0
TXN00014065,2026-03-15 21:37:57,USR34097,MCH3415,18888.79,UTR1685892436,4110,SUCCESS,TXN00014065,USR34097,MCH3415,UTR1685892436,0,0,0,0,0,0,0
TXN00011861,2026-03-13 13:53:06,USR52159,MCH6290,22766.21,UTR9764142870,1310,SUCCESS,TXN00011861,USR52159,MCH6290,UTR9764142870,0,0,0,0,0,0,0
TXN00006161,2026-01-04 15:54:22,USR42869,MCH2501,3878.1,UTR5987668617,4110,SUCCESS,TXN00006161,USR42869,MCH2501,UTR5987668617,0,0,0,0,0,0,0
TXN00017886,2026-02-17 15:19:29,USR59831,MCH1326,13342.36,UTR3355847780,1310,SUCCESS,TXN00017886,USR59831,MCH1326,UTR3355847780,0,0,0,0,0,0,0
TXN00019664,2026-02-13 09:47:03,USR10473,MCH5871,9522.9,UTR5548078287,9120,FAILED,TXN00019664,USR10473,MCH5871,UTR5548078287,0,0,0,0,0,1,0
TXN00015451,2026-02-22 06:07:08,USR40395,MCH3452,14159.46,UTR8298186672,0110,SUCCESS,TXN00015451,USR40395,MCH3452,UTR8298186672,0,0,0,0,0,0,0
TXN00010950,2026-03-13 00:50:45,USR77090,MCH9185,24991.83,UTR9229836952,,SUCCESS,TXN00010950,USR77090,MCH9185,UTR9229836952,0,0,1,0,0,0,0
TXN00004446,2026-02-27 07:11:31,USR54194,MCH4278,24455.73,UTR6400435970,9120,SUCCESS,TXN00004446,USR54194,MCH4278,UTR6400435970,0,0,0,0,0,0,0
TXN00019821,2026-03-10 02:31:51,USR41740,MCH6495,0.124652,UTR7594343785,4110,FAILED,TXN00019821,USR41740,MCH6495,UTR7594343785,0,0,0,0,0,1,0
TXN00010753,2026-03-15 03:01:17,USR51343,MCH1987,13948.54,UTR8947202357,1310,SUCCESS,TXN00010753,USR51343,MCH1987,UTR8947202357,0,0,0,0,0,0,0
TXN00018734,2026-01-21 11:07:43,USR46477,MCH9886,23205.12,UTR9896600731,8120,SUCCESS,TXN00018734,USR46477,MCH9886,UTR9896600731,0,0,0,0,0,0,0
TXN00014803,2026-01-25 13:13:57,USR87395,MCH9684,0.2350931,UTR6237172748,8120,SUCCESS,TXN00014803,USR87395,MCH9684,UTR6237172748,0,0,0,0,0,0,0
TXN00013963,2026-03-28 06:50:30,USR77972,MCH1254,23338.21,UTR4027645514,1310,SUCCESS,TXN00013963,USR77972,MCH1254,UTR4027645514,0,0,0,0,0,0,0
TXN00000298,2026-01-01 16:45:21,USR88241,MCH7328,5403.37,UTR1005942621,9120,SUCCESS,TXN00000298,USR88241,MCH7328,UTR1005942621,0,0,0,0,0,0,0
TXN00007484,2026-03-18 15:29:15,USR62699,MCH4264,12413.11,UTR2604165211,,SUCCESS,TXN00007484,USR62699,MCH4264,UTR2604165211,0,0,1,0,0,0,0
TXN00014559,2026-03-04 08:03:32,USR71434,MCH6861,0.1649066,UTR3548486933,4110,SUCCESS,TXN00014559,USR71434,MCH6861,UTR3548486933,0,0,0,0,0,0,0
TXN00018681,2026-03-05 20:16:44,USR59972,MCH5840,0.44189,UTR2711509314,8120,FAILED,TXN00018681,USR59972,MCH5840,UTR2711509314,0,0,0,0,0,1,0
TXN00018924,2026-02-26 07:14:35,USR81848,MCH8539,0.117557,UTR9190410070,4110,SUCCESS,TXN00018924,USR81848,MCH8539,UTR9190410070,0,0,0,0,0,0,0
TXN00009287,2026-02-24 15:01:58,USR89681,MCH4722,15277.55,UTR2130169362,9120,SUCCESS,TXN00009287,USR89681,MCH4722,UTR2130169362,0,0,0,0,0,0,0
TXN00016390,2026-03-21 09:03:31,USR18520,MCH3352,449.57,UTR0391074296,8120,SUCCESS,TXN00016390,USR18520,MCH3352,UTR0391074296,0,0,0,0,0,0,0
TXN00004424,2026-02-21 05:39:54,USR64499,MCH1165,18219.0,UTR4887669805,,SUCCESS,TXN00004424,USR64499,MCH1165,UTR4887669805,0,0,1,0,0,0,0
TXN00018000,2026-01-29 14:45:47,USR95355,MCH5470,20540.0,UTR4189402354,8120,SUCCESS,TXN00018000,USR95355,MCH5470,UTR4189402354,0,0,0,0,0,0,0
TXN00018563,2026-03-20 05:19:43,USR72768,MCH8559,2929.14,UTR6154762987,0110,PENDING,TXN00018563,USR72768,MCH8559,UTR6154762987,0,0,0,0,0,0,1
TXN00016305,2026-02-24 15:32:18,USR31177,MCH2632,15866.0,UTR5634767753,8120,PENDING,TXN00016305,USR31177,MCH2632,UTR5634767753,0,0,0,0,0,0,1
TXN00005686,2026-02-20 17:42:17,USR90544,MCH9601,18976.83,UTR2285548013,,SUCCESS,TXN00005686,USR90544,MCH9601,UTR 2285548013,0,0,1,0,0,0,0
TXN00001745,2026-03-22 01:39:59,USR51015,MCH2595,10409.69,UTR2994365221,8120,SUCCESS,TXN00001745,USR51015,MCH2595,UTR2994365221,0,0,0,0,0,0,0
TXN00015144,2026-01-11 08:21:47,USR94256,MCH8626,10462.21,UTR8044752514,4110,SUCCESS,TXN00015144,USR94256,MCH8626,UTR8044752514,0,0,0,0,0,0,0
TXN00010525,2026-10-02 16:29:42,USR87748,MCH7920,10325.0,UTR4467941603,8120,SUCCESS,TXN00010525,USR87748,MCH7920,UTR4467941603,0,0,0,0,0,0,0
TXN00009049,2026-01-29 06:29:49,USR86916,MCH2366,23829.0,UTR4658650394,0110,SUCCESS,TXN00009049,USR86916,MCH2366,UTR 4658650394,0,0,0,0,0,0,0
TXN00017749,2026-01-06 03:51:53,USR32333,MCH2886,3174.26,UTR0198693706,,SUCCESS,TXN00017749,USR32333,MCH2886,UTR0198693706,0,0,1,0,0,0,0
TXN00006026,2026-02-10 15:19:43,USR62213,MCH1244,6574.76,UTR1183453323,,SUCCESS,TXN00006026,USR62213,MCH1244,UTR1183453323,0,0,1,0,0,0,0
TXN00018540,2026-02-02 19:42:09,USR32781,MCH1115,18280.97,UTR8534098657,4110,SUCCESS,TXN00018540,USR32781,MCH1115,UTR8534098657,0,0,0,0,0,0,0
TXN00001276,2026-01-29 06:41:00,USR21900,MCH7166,2632.21,UTR4393563745,8120,SUCCESS,TXN00001276,USR21900,MCH7166,UTR4393563745,0,0,0,0,0,0,0
TXN00006344,2026-03-24 17:53:00,USR10996,MCH6333,20614.68,UTR1922479040,4110,SUCCESS,TXN00006344,USR10996,MCH6333,UTR 1922479040,0,0,0,0,0,0,0
TXN00014774,2026-01-15 07:23:27,USR99049,MCH7269,12860.04,UTR2504314016,4110,SUCCESS,TXN00014774,USR99049,MCH7269,UTR2504314016,0,0,0,0,0,0,0
TXN00018330,2026-03-16 01:00:16,USR29956,MCH1213,16974.81,UTR9218303833,1310,FAILED,TXN00018330,USR29956,MCH1213,UTR9218303833,0,0,0,0,0,1,0
TXN00010493,2026-02-05 08:37:52,USR64919,MCH8836,5894.0,UTR1846140048,9120,SUCCESS,TXN00010493,USR64919,MCH8836,UTR 1846140048,0,0,0,0,0,0,0
TXN00006115,2026-01-20 10:43:29,USR11944,MCH7153,-6750.86,UTR1454049507,9120,SUCCESS,TXN00006115,USR11944,MCH7153,UTR1454049507,1,0,0,0,0,0,0
TXN00014188,2026-01-02 01:44:29,USR89702,MCH2296,24240.0,UTR4182945271,4110,PENDING,TXN00014188,USR89702,MCH2296,UTR4182945271,0,0,0,0,0,0,1
TXN00008468,2026-01-18 08:51:44,USR67375,MCH5900,13009.32,UTR5149513411,4110,PENDING,TXN00008468,USR67375,MCH5900,UTR5149513411,0,0,0,0,0,0,1
TXN00014028,2026-02-01 23:11:16,USR63045,MCH5188,401.03,UTR4740815016,4110,FAILED,TXN00014028,USR63045,MCH5188,UTR4740815016,0,0,0,0,0,1,0
TXN00007652,2026-02-25 19:37:47,USR17103,MCH5789,3694.85,UTR6892383584,,SUCCESS,TXN00007652,USR17103,MCH5789,UTR6892383584,0,0,1,0,0,0,0
TXN00015658,2026-02-23 19:17:09,USR49851,MCH9173,24579.23,UTR3596045815,4110,SUCCESS,TXN00015658,USR49851,MCH9173,UTR3596045815,0,0,0,0,0,0,0
TXN00001474,2026-01-27 19:42:11,USR97557,MCH2570,0.1010947,UTR6210164743,4110,PENDING,TXN00001474,USR97557,MCH2570,UTR6210164743,0,0,0,0,0,0,1
TXN00010318,2026-01-23 14:53:45,USR12242,MCH5585,5595.12,UTR4474943865,0110,SUCCESS,TXN00010318,USR12242,MCH5585,UTR4474943865,0,0,0,0,0,0,0
TXN00011694,2026-02-03 17:18:21,USR24357,MCH7171,23200.94,UTR0734363807,4110,SUCCESS,TXN00011694,USR24357,MCH7171,UTR0734363807,0,0,0,0,0,0,0
TXN00013805,2026-02-05 05:25:30,USR42606,MCH3858,19956.59,UTR1582174347,8120,SUCCESS,TXN00013805,USR42606,MCH3858,UTR1582174347,0,0,0,0,0,0,0
TXN00017919,2026-01-15 08:37:58,USR20522,MCH5611,6738.82,UTR9927341174,9120,SUCCESS,TXN00017919,USR20522,MCH5611,UTR9927341174,0,0,0,0,0,0,0
TXN00002843,2026-01-20 10:26:57,USR92926,MCH8704,22961.0,UTR6445989441,4110,SUCCESS,TXN00002843,USR92926,MCH8704,UTR6445989441,0,0,0,0,0,0,0
TXN00005545,2026-01-10 20:20:44,USR64461,MCH2425,15655.11,UTR6509025483,4110,SUCCESS,TXN00005545,USR64461,MCH2425,UTR6509025483,0,0,0,0,0,0,0
TXN00007658,2026-11-01 08:04:52,USR89723,MCH7789,16737.94,UTR3056560071,,SUCCESS,TXN00007658,USR89723,MCH7789,UTR3056560071,0,0,1,0,0,0,0
TXN00001716,2026-01-30 23:51:56,USR46258,MCH3518,24871.71,UTR7316794416,8120,SUCCESS,TXN00001716,USR46258,MCH3518,UTR7316794416,0,0,0,0,0,0,0
TXN00007815,2026-02-26 00:00:00,USR11653,MCH1514,5755.66,UTR7224013554,0110,SUCCESS,TXN00007815,USR11653,MCH1514,UTR7224013554,0,0,0,0,0,0,0
TXN00010314,2026-02-22 02:16:43,USR33467,MCH3594,1348.08,UTR6899499350,1310,SUCCESS,TXN00010314,USR33467,MCH3594,UTR6899499350,0,0,0,0,0,0,0
TXN00004590,2026-02-21 00:00:00,USR90526,MCH9097,18235.45,UTR8068965286,4110,SUCCESS,TXN00004590,USR90526,MCH9097,UTR8068965286,0,0,0,0,0,0,0
TXN00015047,2026-03-09 00:00:00,USR51651,MCH8462,-3591.32,UTR7078651911,8120,SUCCESS,TXN00015047,USR51651,MCH8462,UTR7078651911,1,0,0,0,0,0,0
TXN00014990,2026-03-07 19:41:24,USR69327,MCH7344,21370.91,UTR0687623618,4110,SUCCESS,TXN00014990,USR69327,MCH7344,UTR0687623618,0,0,0,0,0,0,0
TXN00012421,2026-02-18 02:11:04,USR76265,MCH6544,24447.62,UTR9507958182,0110,SUCCESS,TXN00012421,USR76265,MCH6544,UTR9507958182,0,0,0,0,0,0,0
TXN00001386,2026-03-20 23:44:46,USR96032,MCH8083,8136.5,UTR7182372180,0110,SUCCESS,TXN00001386,USR96032,MCH8083,UTR7182372180,0,0,0,0,0,0,0
TXN00008342,2026-07-01 16:29:38,USR19269,MCH2350,13866.68,UTR4544769620,4110,SUCCESS,TXN00008342,USR19269,MCH2350,UTR4544769620,0,0,0,0,0,0,0
TXN00005751,2026-01-02 04:48:35,USR34952,MCH6499,6097.93,UTR8201636950,1310,FAILED,TXN00005751,USR34952,MCH6499,UTR8201636950,0,0,0,0,0,1,0
TXN00002386,2026-03-24 16:17:35,USR59127,MCH3626,14559.15,UTR9435168884,1310,SUCCESS,TXN00002386,USR59127,MCH3626,UTR9435168884,0,0,0,0,0,0,0
TXN00000133,2026-02-08 22:46:54,USR67619,MCH7920,3005.44,UTR0453331422,4110,SUCCESS,TXN00000133,USR67619,MCH7920,UTR0453331422,0,0,0,0,0,0,0
TXN00004899,2026-11-02 03:00:06,USR33207,MCH4604,2253.09,UTR7162305645,,SUCCESS,TXN00004899,USR33207,MCH4604,UTR 7162305645,0,0,1,0,0,0,0
TXN00012948,2026-02-22 10:08:03,USR62250,MCH7242,5405.98,UTR8043236483,4110,SUCCESS,TXN00012948,USR62250,MCH7242,UTR8043236483,0,0,0,0,0,0,0
TXN00004235,2026-03-10 18:36:53,USR57578,MCH3453,533.14,UTR2299778883,1310,SUCCESS,TXN00004235,USR57578,MCH3453,UTR 2299778883,0,0,0,0,0,0,0
TXN00014642,2026-01-25 04:08:26,USR74833,MCH4432,0.1921258,UTR7233429895,4110,FAILED,TXN00014642,USR74833,MCH4432,UTR7233429895,0,0,0,0,0,1,0
TXN00009011,2026-03-13 09:26:50,USR54411,MCH8759,7173.65,UTR0979666113,9120,PENDING,TXN00009011,USR54411,MCH8759,UTR0979666113,0,0,0,0,0,0,1
TXN00003308,2026-03-31 17:05:54,USR96100,MCH5184,1727.15,UTR2900099802,1310,SUCCESS,TXN00003308,USR96100,MCH5184,UTR2900099802,0,0,0,0,0,0,0
TXN00000931,2026-03-02 09:57:49,USR35532,MCH5396,-3492.51,UTR2096466484,0110,SUCCESS,TXN00000931,USR35532,MCH5396,UTR2096466484,1,0,0,0,0,0,0
TXN00001725,2026-03-30 07:35:11,USR83200,MCH6521,17307.11,UTR2083621199,4110,SUCCESS,TXN00001725,USR83200,MCH6521,UTR2083621199,0,0,0,0,0,0,0
TXN00011916,2026-01-25 13:29:34,USR55146,MCH2440,24729.71,,0110,SUCCESS,TXN00011916,USR55146,MCH2440,,0,1,0,0,0,0,0
TXN00015877,2026-11-02 17:11:31,USR46421,MCH1081,0.420529,UTR0491756769,9120,SUCCESS,TXN00015877,USR46421,MCH1081,UTR0491756769,0,0,0,0,0,0,0
TXN00013345,2026-01-25 08:36:49,USR38884,MCH7583,0.1414043,UTR5169074583,8120,SUCCESS,TXN00013345,USR38884,MCH7583,UTR5169074583,0,0,0,0,0,0,0
TXN00018372,2026-02-18 11:45:55,USR49210,MCH8399,17757.0,UTR1864976229,9120,SUCCESS,TXN00018372,USR49210,MCH8399,UTR1864976229,0,0,0,0,0,0,0
TXN00002774,2026-03-18 20:16:37,USR82001,MCH8629,11497.03,UTR6868607510,9120,SUCCESS,TXN00002774,USR82001,MCH8629,UTR6868607510,0,0,0,0,0,0,0
TXN00007507,2026-02-22 01:12:53,USR20435,MCH9139,-10380.79,UTR5675674907,1310,SUCCESS,TXN00007507,USR20435,MCH9139,UTR5675674907,1,0,0,0,0,0,0
TXN00011918,2026-02-07 08:23:35,USR12280,MCH9145,24944.63,UTR3661967674,4110,SUCCESS,TXN00011918,USR12280,MCH9145,UTR3661967674,0,0,0,0,0,0,0
TXN00007273,2026-01-17 21:05:57,USR56668,MCH1650,0.1604308,UTR7298693492,,PENDING,TXN00007273,USR56668,MCH1650,UTR7298693492,0,0,1,0,0,0,1
TXN00015579,2026-02-07 19:44:54,USR93482,MCH2076,0.1986772,UTR8578419848,1310,SUCCESS,TXN00015579,USR93482,MCH2076,UTR8578419848,0,0,0,0,0,0,0
TXN00002719,2026-03-19 14:36:10,USR56938,MCH6122,21178.05,UTR7404482367,1310,SUCCESS,TXN00002719,USR56938,MCH6122,UTR7404482367,0,0,0,0,0,0,0
TXN00006437,2026-03-26 07:21:39,USR86489,MCH1625,13822.07,UTR0992716908,8120,SUCCESS,TXN00006437,USR86489,MCH1625,UTR0992716908,0,0,0,0,0,0,0
TXN00013403,2026-01-01 04:46:15,USR24417,MCH6118,9141.5,UTR5025514263,9120,SUCCESS,TXN00013403,USR24417,MCH6118,UTR5025514263,0,0,0,0,0,0,0
TXN00009747,2026-03-11 16:34:29,USR72774,MCH7435,19813.49,UTR3387747045,1310,SUCCESS,TXN00009747,USR72774,MCH7435,UTR3387747045,0,0,0,0,0,0,0
TXN00006939,2026-03-08 13:06:35,USR88520,MCH9779,12453.74,UTR2755962433,4110,SUCCESS,TXN00006939,USR88520,MCH9779,UTR2755962433,0,0,0,0,0,0,0
TXN00005914,2026-01-09 18:37:42,USR12204,MCH4386,10479.0,UTR9676725726,0110,SUCCESS,TXN00005914,USR12204,MCH4386,UTR9676725726,0,0,0,0,0,0,0
TXN00012184,2026-01-17 11:49:03,USR18189,MCH8821,10341.28,UTR5562186934,4110,SUCCESS,TXN00012184,USR18189,MCH8821,UTR5562186934,0,0,0,0,0,0,0
TXN00002876,2026-02-19 09:29:12,USR42320,MCH5850,0.1191363,UTR8787127835,1310,SUCCESS,TXN00002876,USR42320,MCH5850,UTR 8787127835,0,0,0,0,0,0,0
TXN00016143,2026-01-27 23:13:10,USR92655,MCH7647,22353.75,UTR5244747131,4110,SUCCESS,TXN00016143,USR92655,MCH7647,UTR5244747131,0,0,0,0,0,0,0
TXN00002414,2026-03-20 22:51:28,USR60589,MCH4321,698.14,UTR8633794902,1310,SUCCESS,TXN00002414,USR60589,MCH4321,UTR8633794902,0,0,0,0,0,0,0
TXN00004199,2026-02-01 03:12:14,USR52799,MCH4837,11081.41,UTR8879170424,8120,SUCCESS,TXN00004199,USR52799,MCH4837,UTR 8879170424,0,0,0,0,0,0,0
TXN00004677,2026-02-18 00:46:09,USR80396,MCH7493,1189.45,UTR6193461466,,SUCCESS,TXN00004677,USR80396,MCH7493,UTR6193461466,0,0,1,0,0,0,0
TXN00014819,2026-03-26 09:53:26,USR47790,MCH8278,433.06,,1310,FAILED,TXN00014819,USR47790,MCH8278,,0,1,0,0,0,1,0
TXN00015374,2026-02-01 22:00:44,USR92853,MCH8293,12193.31,UTR2313031744,9120,SUCCESS,TXN00015374,USR92853,MCH8293,UTR2313031744,0,0,0,0,0,0,0
TXN00013559,2026-03-31 04:00:26,USR41117,MCH3002,2281.56,UTR4962794037,,PENDING,TXN00013559,USR41117,MCH3002,UTR4962794037,0,0,1,0,0,0,1
TXN00010096,2026-01-25 10:57:37,USR24809,MCH1702,9576.78,UTR4144490382,4110,FAILED,TXN00010096,USR24809,MCH1702,UTR4144490382,0,0,0,0,0,1,0
TXN00019911,2026-02-01 09:25:54,USR27355,MCH8823,13270.63,UTR1693834086,1310,SUCCESS,TXN00019911,USR27355,MCH8823,UTR1693834086,0,0,0,0,0,0,0
TXN00010652,2026-03-09 07:10:46,USR97393,MCH6061,20675.46,UTR5003845394,4110,SUCCESS,TXN00010652,USR97393,MCH6061,UTR5003845394,0,0,0,0,0,0,0
TXN00007551,2026-02-02 20:37:02,USR99066,MCH7598,-23642.38,UTR3004055628,1310,SUCCESS,TXN00007551,USR99066,MCH7598,UTR3004055628,1,0,0,0,0,0,0
TXN00009252,2026-03-25 00:00:00,USR59556,MCH5635,15842.05,UTR4378303951,4110,FAILED,TXN00009252,USR59556,MCH5635,UTR4378303951,0,0,0,0,0,1,0
TXN00001039,2026-02-11 14:11:35,USR69885,MCH3731,1643.25,UTR2071871829,8120,SUCCESS,TXN00001039,USR69885,MCH3731,UTR 2071871829,0,0,0,0,0,0,0
TXN00007911,2026-02-09 23:28:20,USR85861,MCH7506,22017.46,UTR1399732908,4110,SUCCESS,TXN00007911,USR85861,MCH7506,UTR1399732908,0,0,0,0,0,0,0
TXN00005759,2026-01-11 00:00:00,USR83913,MCH3933,10949.75,UTR0587776184,4110,SUCCESS,TXN00005759,USR83913,MCH3933,UTR0587776184,0,0,0,0,0,0,0
TXN00003280,2026-10-03 10:44:30,USR85195,MCH8437,19791.04,UTR4288549056,4110,SUCCESS,TXN00003280,USR85195,MCH8437,UTR4288549056,0,0,0,0,0,0,0
TXN00011134,2026-02-26 11:21:11,USR51036,MCH5358,16975.17,UTR9792265653,1310,PENDING,TXN00011134,USR51036,MCH5358,UTR9792265653,0,0,0,0,0,0,1
TXN00008838,2026-01-02 18:48:37,USR27196,MCH7594,14609.78,UTR3359469612,4110,SUCCESS,TXN00008838,USR27196,MCH7594,UTR3359469612,0,0,0,0,0,0,0
TXN00018329,2026-03-18 05:05:29,USR95224,MCH5230,2615.04,UTR7375565726,4110,SUCCESS,TXN00018329,USR95224,MCH5230,UTR7375565726,0,0,0,0,0,0,0
TXN00003716,2026-02-18 02:52:48,USR54747,MCH3146,7804.0,UTR8031147485,4110,PENDING,TXN00003716,USR54747,MCH3146,UTR 8031147485,0,0,0,0,0,0,1
TXN00013311,2026-02-09 11:47:12,USR83323,MCH8354,0.765093,UTR5363618584,0110,PENDING,TXN00013311,USR83323,MCH8354,UTR5363618584,0,0,0,0,0,0,1
TXN00017191,2026-01-16 09:12:01,USR65881,MCH2074,4717.94,UTR3701246700,4110,SUCCESS,TXN00017191,USR65881,MCH2074,UTR3701246700,0,0,0,0,0,0,0
TXN00003490,2026-01-03 16:10:51,USR46556,MCH1728,10589.15,UTR3349435629,8120,SUCCESS,TXN00003490,USR46556,MCH1728,UTR 3349435629,0,0,0,0,0,0,0
TXN00011335,2026-03-15 04:59:20,USR32692,MCH5553,4125.11,UTR9079937367,0110,SUCCESS,TXN00011335,USR32692,MCH5553,UTR9079937367,0,0,0,0,0,0,0
TXN00019474,2026-03-16 22:25:16,USR56835,MCH2571,8529.0,UTR3243400038,9120,SUCCESS,TXN00019474,USR56835,MCH2571,UTR3243400038,0,0,0,0,0,0,0
TXN00006481,2026-01-17 01:25:08,USR86851,MCH5710,14816.41,UTR0133138513,4110,PENDING,TXN00006481,USR86851,MCH5710,UTR0133138513,0,0,0,0,0,0,1
TXN00015031,2026-02-23 06:40:20,USR73829,MCH1087,16140.0,UTR6208844218,4110,SUCCESS,TXN00015031,USR73829,MCH1087,UTR6208844218,0,0,0,0,0,0,0
TXN00015202,2026-03-31 15:06:49,USR75875,MCH8846,13050.47,,0110,FAILED,TXN00015202,USR75875,MCH8846,,0,1,0,0,0,1,0
TXN00013040,2026-02-08 07:54:35,USR22487,MCH7830,20693.71,UTR6677917184,9120,SUCCESS,TXN00013040,USR22487,MCH7830,UTR6677917184,0,0,0,0,0,0,0
TXN00015601,2026-03-05 20:13:57,USR88614,MCH6544,8539.32,UTR9535295750,4110,SUCCESS,TXN00015601,USR88614,MCH6544,UTR9535295750,0,0,0,0,0,0,0
TXN00009527,2026-02-04 00:18:01,USR95463,MCH5732,22272.0,UTR9424388621,4110,PENDING,TXN00009527,USR95463,MCH5732,UTR9424388621,0,0,0,0,0,0,1
TXN00017162,2026-03-21 14:49:07,USR22269,MCH9991,15855.0,,4110,SUCCESS,TXN00017162,USR22269,MCH9991,,0,1,0,0,0,0,0
TXN00004623,2026-02-01 06:32:23,USR31957,MCH6518,3675.91,UTR8401690122,0110,SUCCESS,TXN00004623,USR31957,MCH6518,UTR8401690122,0,0,0,0,0,0,0
TXN00004413,2026-02-22 03:02:31,USR68931,MCH1955,16764.15,UTR9273029357,,SUCCESS,TXN00004413,USR68931,MCH1955,UTR9273029357,0,0,1,0,0,0,0
TXN00006316,2026-03-30 01:11:01,USR79434,MCH9038,23335.99,UTR5407165866,4110,PENDING,TXN00006316,USR79434,MCH9038,UTR5407165866,0,0,0,0,0,0,1
TXN00008034,2026-02-01 13:46:26,USR46562,MCH9023,2740.89,UTR2708986167,9120,SUCCESS,TXN00008034,USR46562,MCH9023,UTR2708986167,0,0,0,0,0,0,0
TXN00010734,2026-03-10 10:28:28,USR54950,MCH2707,15266.72,UTR5168906560,9120,SUCCESS,TXN00010734,USR54950,MCH2707,UTR5168906560,0,0,0,0,0,0,0
TXN00007309,2026-01-28 06:20:00,USR76964,MCH7191,19734.37,UTR3882562527,8120,FAILED,TXN00007309,USR76964,MCH7191,UTR3882562527,0,0,0,0,0,1,0
TXN00016526,2026-03-06 08:18:47,USR25133,MCH2629,15802.0,UTR9777928408,4110,SUCCESS,TXN00016526,USR25133,MCH2629,UTR9777928408,0,0,0,0,0,0,0
TXN00008307,2026-03-13 04:27:13,USR85235,MCH7646,4474.0,UTR6446296508,1310,SUCCESS,TXN00008307,USR85235,MCH7646,UTR6446296508,0,0,0,0,0,0,0
TXN00012042,2026-09-01 04:39:49,USR56017,MCH3143,8949.34,UTR2827646390,0110,SUCCESS,TXN00012042,USR56017,MCH3143,UTR2827646390,0,0,0,0,0,0,0
TXN00003241,2026-02-20 08:37:10,USR55454,MCH6824,10400.0,UTR2409320835,9120,SUCCESS,TXN00003241,USR55454,MCH6824,UTR2409320835,0,0,0,0,0,0,0
TXN00006133,2026-01-31 10:18:27,USR62157,MCH9133,13496.15,UTR1596209728,0110,SUCCESS,TXN00006133,USR62157,MCH9133,UTR 1596209728,0,0,0,0,0,0,0
TXN00008762,2026-01-26 02:43:00,USR82877,MCH4971,16787.49,UTR3129881272,4110,SUCCESS,TXN00008762,USR82877,MCH4971,UTR3129881272,0,0,0,0,0,0,0
TXN00006168,2026-02-01 06:48:39,USR54265,MCH2301,24664.37,UTR4288364332,1310,SUCCESS,TXN00006168,USR54265,MCH2301,UTR 4288364332,0,0,0,0,0,0,0
TXN00012824,2026-03-15 03:05:52,USR86648,MCH2870,15284.25,,1310,SUCCESS,TXN00012824,USR86648,MCH2870,,0,1,0,0,0,0,0
TXN00004306,2026-01-02 00:34:41,USR21471,MCH3408,2014.0,UTR1109043957,4110,SUCCESS,TXN00004306,USR21471,MCH3408,UTR1109043957,0,0,0,0,0,0,0
TXN00012439,2026-01-30 04:00:10,USR27561,MCH8316,4545.63,UTR4843620449,9120,PENDING,TXN00012439,USR27561,MCH8316,UTR4843620449,0,0,0,0,0,0,1
TXN00011569,2026-02-06 16:19:56,USR51446,MCH5216,2514.7,UTR2712474144,8120,PENDING,TXN00011569,USR51446,MCH5216,UTR2712474144,0,0,0,0,0,0,1
TXN00010927,2026-03-13 16:49:04,USR81212,MCH4429,20863.5,UTR0493329594,9120,PENDING,TXN00010927,USR81212,MCH4429,UTR0493329594,0,0,0,0,0,0,1
TXN00007478,2026-09-02 16:12:57,USR35329,MCH7473,329.01,UTR9975488076,0110,SUCCESS,TXN00007478,USR35329,MCH7473,UTR9975488076,0,0,0,0,0,0,0
TXN00012401,2026-03-15 10:45:03,USR42121,MCH1554,18595.98,UTR2012086122,1310,SUCCESS,TXN00012401,USR42121,MCH1554,UTR2012086122,0,0,0,0,0,0,0
TXN00009361,2026-01-14 04:19:46,USR93196,MCH8337,13006.87,UTR2730281682,4110,SUCCESS,TXN00009361,USR93196,MCH8337,UTR2730281682,0,0,0,0,0,0,0
TXN00017732,2026-02-21 13:03:09,USR33555,MCH8477,0.1497818,UTR6834355234,4110,SUCCESS,TXN00017732,USR33555,MCH8477,UTR6834355234,0,0,0,0,0,0,0
TXN00009266,2026-03-03 01:37:34,USR73522,MCH1043,1128.34,UTR7259491145,4110,SUCCESS,TXN00009266,USR73522,MCH1043,UTR7259491145,0,0,0,0,0,0,0
TXN00014104,2026-03-26 19:59:08,USR55496,MCH5317,7593.93,UTR4929940347,0110,SUCCESS,TXN00014104,USR55496,MCH5317,UTR4929940347,0,0,0,0,0,0,0
TXN00019870,2026-01-28 04:24:48,USR51007,MCH3207,15512.37,UTR7706851566,0110,SUCCESS,TXN00019870,USR51007,MCH3207,UTR7706851566,0,0,0,0,0,0,0
TXN00002117,2026-02-03 02:20:42,USR16872,MCH8425,11013.68,UTR5622605422,0110,FAILED,TXN00002117,USR16872,MCH8425,UTR5622605422,0,0,0,0,0,1,0
TXN00002415,2026-01-13 09:46:51,USR84369,MCH2363,12641.32,UTR1145741371,0110,PENDING,TXN00002415,USR84369,MCH2363,UTR1145741371,0,0,0,0,0,0,1
TXN00015408,2026-01-31 12:21:46,USR95380,MCH5129,7124.0,UTR8535352987,0110,FAILED,TXN00015408,USR95380,MCH5129,UTR8535352987,0,0,0,0,0,1,0
TXN00007884,2026-03-25 08:27:16,USR52008,MCH5755,22196.56,UTR8238954024,0110,SUCCESS,TXN00007884,USR52008,MCH5755,UTR8238954024,0,0,0,0,0,0,0
TXN00002131,2026-03-15 05:57:46,USR39041,MCH6984,4064.21,UTR9180762409,8120,SUCCESS,TXN00002131,USR39041,MCH6984,UTR9180762409,0,0,0,0,0,0,0
TXN00017530,2026-01-04 19:09:24,USR63309,MCH4173,12723.42,UTR0839677403,4110,SUCCESS,TXN00017530,USR63309,MCH4173,UTR0839677403,0,0,0,0,0,0,0
TXN00001047,2026-03-24 11:39:16,USR58952,MCH5056,5831.66,UTR5603406962,4110,SUCCESS,TXN00001047,USR58952,MCH5056,UTR5603406962,0,0,0,0,0,0,0
TXN00005519,2026-01-02 02:33:13,USR11098,MCH9028,2858.01,UTR0795026294,4110,SUCCESS,TXN00005519,USR11098,MCH9028,UTR 0795026294,0,0,0,0,0,0,0
TXN00018166,2026-01-12 18:58:55,USR55012,MCH6597,10997.14,UTR6182304800,,SUCCESS,TXN00018166,USR55012,MCH6597,UTR6182304800,0,0,1,0,0,0,0
TXN00013383,2026-03-03 16:03:11,USR40649,MCH3372,18332.79,UTR4220669304,1310,SUCCESS,TXN00013383,USR40649,MCH3372,UTR4220669304,0,0,0,0,0,0,0
TXN00019637,2026-02-09 10:49:09,USR86487,MCH2011,4827.83,UTR0853405757,4110,SUCCESS,TXN00019637,USR86487,MCH2011,UTR0853405757,0,0,0,0,0,0,0
TXN00017633,2026-01-24 08:27:36,USR60769,MCH8242,11551.99,,4110,FAILED,TXN00017633,USR60769,MCH8242,,0,1,0,0,0,1,0
TXN00011474,2026-01-14 00:00:00,USR34316,MCH2972,10832.57,UTR4827696889,0110,SUCCESS,TXN00011474,USR34316,MCH2972,UTR4827696889,0,0,0,0,0,0,0
TXN00012612,2026-02-08 19:19:21,USR67191,MCH9875,884.21,UTR2040010747,4110,SUCCESS,TXN00012612,USR67191,MCH9875,UTR2040010747,0,0,0,0,0,0,0
TXN00019125,2026-01-10 19:20:10,USR51721,MCH9523,20721.0,UTR0699957367,0110,SUCCESS,TXN00019125,USR51721,MCH9523,UTR0699957367,0,0,0,0,0,0,0
TXN00005442,2026-02-06 06:31:46,USR12948,MCH5540,5447.52,UTR0186920886,1310,SUCCESS,TXN00005442,USR12948,MCH5540,UTR0186920886,0,0,0,0,0,0,0
TXN00003472,2026-02-15 04:26:56,USR28245,MCH7246,19479.77,UTR7972522732,4110,SUCCESS,TXN00003472,USR28245,MCH7246,UTR7972522732,0,0,0,0,0,0,0
TXN00001505,2026-02-01 05:47:44,USR99204,MCH9468,9511.09,UTR5366646378,4110,SUCCESS,TXN00001505,USR99204,MCH9468,UTR5366646378,0,0,0,0,0,0,0
TXN00008089,2026-02-17 18:17:01,USR91504,MCH1004,1310.63,UTR5619017449,0110,SUCCESS,TXN00008089,USR91504,MCH1004,UTR5619017449,0,0,0,0,0,0,0
TXN00011410,2026-02-17 17:37:25,USR44669,MCH8130,9972.05,UTR7427182981,4110,SUCCESS,TXN00011410,USR44669,MCH8130,UTR7427182981,0,0,0,0,0,0,0
TXN00007340,2026-02-25 16:19:13,USR56479,MCH4410,13345.09,UTR8407583289,9120,SUCCESS,TXN00007340,USR56479,MCH4410,UTR8407583289,0,0,0,0,0,0,0
TXN00014466,2026-02-09 01:03:10,USR65259,MCH9686,8517.86,UTR6278320247,8120,FAILED,TXN00014466,USR65259,MCH9686,UTR6278320247,0,0,0,0,0,1,0
TXN00019102,2026-02-10 21:03:13,USR35234,MCH3292,4036.14,UTR3444132622,9120,FAILED,TXN00019102,USR35234,MCH3292,UTR3444132622,0,0,0,0,0,1,0
TXN00002396,2026-01-14 17:33:07,USR69286,MCH6922,8653.48,UTR3058413529,0110,SUCCESS,TXN00002396,USR69286,MCH6922,UTR3058413529,0,0,0,0,0,0,0
TXN00019428,2026-01-22 06:08:42,USR59289,MCH2128,-11087.0,UTR0378375272,4110,SUCCESS,TXN00019428,USR59289,MCH2128,UTR0378375272,1,0,0,0,0,0,0
TXN00004422,2026-03-25 00:00:00,USR31519,MCH4648,23918.44,UTR5465187911,4110,SUCCESS,TXN00004422,USR31519,MCH4648,UTR5465187911,0,0,0,0,0,0,0
TXN00009496,2026-01-31 08:07:58,USR29617,MCH7572,0.1161217,UTR7195686637,4110,SUCCESS,TXN00009496,USR29617,MCH7572,UTR7195686637,0,0,0,0,0,0,0
TXN00001146,2026-03-14 10:09:19,USR67305,MCH6824,21966.96,UTR0397123995,0110,SUCCESS,TXN00001146,USR67305,MCH6824,UTR0397123995,0,0,0,0,0,0,0
TXN00005182,2026-04-02 18:52:12,USR41520,MCH7997,-20740.85,UTR0129958610,1310,SUCCESS,TXN00005182,USR41520,MCH7997,UTR0129958610,1,0,0,0,0,0,0
TXN00000572,2026-03-19 07:05:57,USR98408,MCH6614,19593.49,UTR1433179258,0110,SUCCESS,TXN00000572,USR98408,MCH6614,UTR1433179258,0,0,0,0,0,0,0
TXN00008663,2026-02-23 05:17:15,USR25289,MCH6677,899.95,UTR3529476575,1310,SUCCESS,TXN00008663,USR25289,MCH6677,UTR3529476575,0,0,0,0,0,0,0
TXN00004741,2026-03-10 07:44:07,USR65072,MCH8291,17970.77,UTR0614440238,4110,SUCCESS,TXN00004741,USR65072,MCH8291,UTR0614440238,0,0,0,0,0,0,0
TXN00004982,2026-02-20 20:40:07,USR88849,MCH6632,6066.42,UTR1236946294,8120,SUCCESS,TXN00004982,USR88849,MCH6632,UTR1236946294,0,0,0,0,0,0,0
TXN00005168,2026-01-14 00:00:00,USR79932,MCH8954,3267.52,UTR4201535714,8120,SUCCESS,TXN00005168,USR79932,MCH8954,UTR 4201535714,0,0,0,0,0,0,0
TXN00002975,2026-03-31 16:54:44,USR28338,MCH4820,9615.03,UTR8909008193,,SUCCESS,TXN00002975,USR28338,MCH4820,UTR8909008193,0,0,1,0,0,0,0
TXN00000895,2026-02-16 07:26:36,USR49683,MCH1320,16705.45,UTR4669575812,8120,SUCCESS,TXN00000895,USR49683,MCH1320,UTR4669575812,0,0,0,0,0,0,0
TXN00013404,2026-03-01 02:34:33,USR11453,MCH7647,11766.1,UTR4506244964,4110,SUCCESS,TXN00013404,USR11453,MCH7647,UTR4506244964,0,0,0,0,0,0,0
TXN00010247,2026-01-08 19:28:40,USR22368,MCH7415,4010.0,UTR8941122494,,FAILED,TXN00010247,USR22368,MCH7415,UTR8941122494,0,0,1,0,0,1,0
TXN00002427,2026-02-19 00:00:00,USR63908,MCH8732,2912.31,UTR6013763766,0110,SUCCESS,TXN00002427,USR63908,MCH8732,UTR6013763766,0,0,0,0,0,0,0
TXN00013785,2026-01-22 00:00:00,USR43533,MCH6395,6565.27,UTR4495362622,9120,SUCCESS,TXN00013785,USR43533,MCH6395,UTR4495362622,0,0,0,0,0,0,0
TXN00010347,2026-01-17 13:44:06,USR22653,MCH5088,12207.43,UTR2792813882,9120,SUCCESS,TXN00010347,USR22653,MCH5088,UTR2792813882,0,0,0,0,0,0,0
TXN00004517,2026-02-22 04:43:07,USR64624,MCH2655,13039.21,UTR6525711828,4110,SUCCESS,TXN00004517,USR64624,MCH2655,UTR6525711828,0,0,0,0,0,0,0
TXN00000817,2026-03-06 19:34:07,USR32335,MCH4613,0.1478597,UTR0642732467,4110,SUCCESS,TXN00000817,USR32335,MCH4613,UTR0642732467,0,0,0,0,0,0,0
TXN00019676,2026-01-10 06:16:21,USR41715,MCH1895,10711.98,,4110,SUCCESS,TXN00019676,USR41715,MCH1895,,0,1,0,0,0,0,0
TXN00001834,2026-03-05 14:04:43,USR44274,MCH4173,18704.0,UTR7869638649,0110,PENDING,TXN00001834,USR44274,MCH4173,UTR 7869638649,0,0,0,0,0,0,1
TXN00009545,2026-01-05 22:12:02,USR92701,MCH9046,8360.07,UTR8912851701,8120,SUCCESS,TXN00009545,USR92701,MCH9046,UTR8912851701,0,0,0,0,0,0,0
TXN00018192,2026-01-01 15:01:53,USR31871,MCH7185,16768.0,UTR9965751907,9120,SUCCESS,TXN00018192,USR31871,MCH7185,UTR9965751907,0,0,0,0,0,0,0
TXN00007151,2026-02-23 13:29:18,USR90027,MCH3041,19251.64,UTR9860610375,,SUCCESS,TXN00007151,USR90027,MCH3041,UTR9860610375,0,0,1,0,0,0,0
TXN00017948,2026-03-30 14:01:25,USR94221,MCH3054,14352.05,UTR5678621211,0110,SUCCESS,TXN00017948,USR94221,MCH3054,UTR5678621211,0,0,0,0,0,0,0
TXN00005312,2026-03-04 09:29:20,USR45312,MCH6937,15380.59,UTR0655853553,9120,SUCCESS,TXN00005312,USR45312,MCH6937,UTR0655853553,0,0,0,0,0,0,0
TXN00012350,2026-09-01 23:39:34,USR49084,MCH7134,4859.41,UTR9020030725,,SUCCESS,TXN00012350,USR49084,MCH7134,UTR9020030725,0,0,1,0,0,0,0
TXN00010971,2026-01-19 22:43:54,USR62099,MCH5491,9774.03,UTR5928808266,,SUCCESS,TXN00010971,USR62099,MCH5491,UTR5928808266,0,0,1,0,0,0,0
TXN00018297,2026-03-12 04:51:51,USR67124,MCH6530,1490.62,UTR8595995546,8120,SUCCESS,TXN00018297,USR67124,MCH6530,UTR8595995546,0,0,0,0,0,0,0
TXN00014405,2026-02-07 22:12:24,USR27965,MCH9315,13243.78,UTR7304108782,4110,SUCCESS,TXN00014405,USR27965,MCH9315,UTR7304108782,0,0,0,0,0,0,0
TXN00000321,2026-02-25 22:40:13,USR40156,MCH7138,13735.17,UTR0277412750,9120,SUCCESS,TXN00000321,USR40156,MCH7138,UTR0277412750,0,0,0,0,0,0,0
TXN00013266,2026-06-02 11:00:32,USR67852,MCH4013,23967.86,UTR1338282553,8120,SUCCESS,TXN00013266,USR67852,MCH4013,UTR 1338282553,0,0,0,0,0,0,0
TXN00005230,2026-03-19 01:42:38,USR13172,MCH6356,14949.22,UTR4442464711,0110,SUCCESS,TXN00005230,USR13172,MCH6356,UTR4442464711,0,0,0,0,0,0,0
TXN00018424,2026-02-17 16:21:10,USR82082,MCH8207,17168.0,,9120,SUCCESS,TXN00018424,USR82082,MCH8207,,0,1,0,0,0,0,0
TXN00008923,2026-01-15 03:05:33,USR70359,MCH4506,15384.22,UTR4175358264,4110,SUCCESS,TXN00008923,USR70359,MCH4506,UTR4175358264,0,0,0,0,0,0,0
TXN00000353,2026-01-19 00:00:00,USR99923,MCH6343,16470.75,UTR5694316876,9120,SUCCESS,TXN00000353,USR99923,MCH6343,UTR5694316876,0,0,0,0,0,0,0
TXN00004425,2026-03-04 01:13:51,USR22218,MCH1540,7890.94,UTR4846536572,0110,SUCCESS,TXN00004425,USR22218,MCH1540,UTR4846536572,0,0,0,0,0,0,0
TXN00015756,2026-03-24 08:48:10,USR52235,MCH2550,20924.22,UTR3455329731,0110,SUCCESS,TXN00015756,USR52235,MCH2550,UTR3455329731,0,0,0,0,0,0,0
TXN00018953,2026-01-24 00:12:01,USR63191,MCH6437,22401.01,UTR7246546378,4110,SUCCESS,TXN00018953,USR63191,MCH6437,UTR7246546378,0,0,0,0,0,0,0
TXN00010960,2026-02-08 23:51:55,USR34640,MCH2556,21325.37,UTR7919348553,4110,SUCCESS,TXN00010960,USR34640,MCH2556,UTR7919348553,0,0,0,0,0,0,0
TXN00000740,2026-02-12 21:26:09,USR66175,MCH3021,0.942984,UTR6420826596,4110,SUCCESS,TXN00000740,USR66175,MCH3021,UTR6420826596,0,0,0,0,0,0,0
TXN00003819,2026-01-26 09:28:57,USR10415,MCH1424,20519.2,UTR5039003721,1310,SUCCESS,TXN00003819,USR10415,MCH1424,UTR5039003721,0,0,0,0,0,0,0
TXN00009805,2026-01-13 04:33:02,USR38626,MCH8503,14001.48,UTR6545373131,0110,SUCCESS,TXN00009805,USR38626,MCH8503,UTR6545373131,0,0,0,0,0,0,0
TXN00019289,2026-02-11 09:49:22,USR69975,MCH5980,0.2185241,UTR0839142040,8120,FAILED,TXN00019289,USR69975,MCH5980,UTR 0839142040,0,0,0,0,0,1,0
TXN00007334,2026-03-22 21:52:52,USR25455,MCH6364,0.1296714,UTR9640144886,1310,FAILED,TXN00007334,USR25455,MCH6364,UTR9640144886,0,0,0,0,0,1,0
TXN00018747,2026-02-14 01:20:39,USR33740,MCH2132,108.11,,0110,SUCCESS,TXN00018747,USR33740,MCH2132,,0,1,0,0,0,0,0
TXN00010246,2026-02-03 00:24:13,USR29901,MCH7122,24174.96,,,FAILED,TXN00010246,USR29901,MCH7122,,0,1,1,0,0,1,0
TXN00002125,2026-02-27 21:18:07,USR99277,MCH8890,24602.92,UTR3745340502,9120,SUCCESS,TXN00002125,USR99277,MCH8890,UTR3745340502,0,0,0,0,0,0,0
TXN00001617,2026-01-17 12:05:26,USR71148,MCH1197,24853.54,UTR0494967856,1310,SUCCESS,TXN00001617,USR71148,MCH1197,UTR0494967856,0,0,0,0,0,0,0
TXN00014228,2026-01-01 17:20:38,USR80890,MCH1948,229.28,UTR7179495676,4110,SUCCESS,TXN00014228,USR80890,MCH1948,UTR7179495676,0,0,0,0,0,0,0
TXN00011128,2026-03-13 03:54:51,USR37227,MCH4800,9984.55,UTR9417251267,1310,SUCCESS,TXN00011128,USR37227,MCH4800,UTR9417251267,0,0,0,0,0,0,0
TXN00012973,2026-01-29 22:17:58,USR23879,MCH9162,20377.04,UTR7020629555,0110,SUCCESS,TXN00012973,USR23879,MCH9162,UTR7020629555,0,0,0,0,0,0,0
TXN00007520,2026-02-24 03:12:54,USR44737,MCH3110,1418.98,UTR9480220608,8120,SUCCESS,TXN00007520,USR44737,MCH3110,UTR9480220608,0,0,0,0,0,0,0
TXN00008508,2026-11-02 19:20:34,USR98351,MCH2294,14908.6,UTR9328215331,9120,SUCCESS,TXN00008508,USR98351,MCH2294,UTR9328215331,0,0,0,0,0,0,0
TXN00003969,2026-03-05 11:18:52,USR79947,MCH8669,14712.92,UTR2223094980,0110,SUCCESS,TXN00003969,USR79947,MCH8669,UTR2223094980,0,0,0,0,0,0,0
TXN00013986,2026-11-02 08:53:25,USR62730,MCH8884,9483.38,UTR6972481733,1310,SUCCESS,TXN00013986,USR62730,MCH8884,UTR6972481733,0,0,0,0,0,0,0
TXN00004026,2026-03-15 00:52:47,USR63435,MCH9046,20610.52,,4110,SUCCESS,TXN00004026,USR63435,MCH9046,,0,1,0,0,0,0,0
TXN00002710,2026-04-02 15:48:36,USR57379,MCH1838,7339.78,UTR7684084544,8120,SUCCESS,TXN00002710,USR57379,MCH1838,UTR7684084544,0,0,0,0,0,0,0
TXN00008504,2026-02-06 02:10:09,USR82187,MCH4111,24306.02,UTR1639495441,,FAILED,TXN00008504,USR82187,MCH4111,UTR1639495441,0,0,1,0,0,1,0
TXN00002690,2026-01-29 11:46:14,USR99591,MCH4609,10113.0,UTR0094239034,4110,SUCCESS,TXN00002690,USR99591,MCH4609,UTR 0094239034,0,0,0,0,0,0,0
TXN00002978,2026-03-22 02:56:23,USR78521,MCH5583,295.34,UTR9478320802,1310,SUCCESS,TXN00002978,USR78521,MCH5583,UTR9478320802,0,0,0,0,0,0,0
TXN00009374,2026-02-10 04:34:49,USR92750,MCH5495,21842.11,UTR3769464036,0110,SUCCESS,TXN00009374,USR92750,MCH5495,UTR3769464036,0,0,0,0,0,0,0
TXN00018172,2026-11-03 14:37:04,USR44710,MCH5062,23119.24,UTR5930522943,0110,SUCCESS,TXN00018172,USR44710,MCH5062,UTR5930522943,0,0,0,0,0,0,0
TXN00004646,2026-02-20 01:27:59,USR56585,MCH3399,18552.02,UTR2616882860,0110,SUCCESS,TXN00004646,USR56585,MCH3399,UTR2616882860,0,0,0,0,0,0,0
TXN00018006,2026-03-22 03:29:09,USR57642,MCH3092,6812.75,UTR5677578033,4110,SUCCESS,TXN00018006,USR57642,MCH3092,UTR5677578033,0,0,0,0,0,0,0
TXN00007777,2026-01-27 16:10:27,USR29089,MCH3686,8532.79,UTR3025014460,4110,SUCCESS,TXN00007777,USR29089,MCH3686,UTR3025014460,0,0,0,0,0,0,0
TXN00018057,2026-03-31 08:12:27,USR39968,MCH9839,22228.27,UTR3542998994,8120,SUCCESS,TXN00018057,USR39968,MCH9839,UTR3542998994,0,0,0,0,0,0,0
TXN00010597,2026-01-23 07:14:42,USR80311,MCH5813,13698.02,UTR1886095671,1310,SUCCESS,TXN00010597,USR80311,MCH5813,UTR1886095671,0,0,0,0,0,0,0
TXN00013496,2026-01-19 19:31:02,USR44388,MCH7016,9403.34,UTR6200018476,0110,SUCCESS,TXN00013496,USR44388,MCH7016,UTR6200018476,0,0,0,0,0,0,0
TXN00019800,2026-02-14 22:35:20,USR22019,MCH1638,8570.13,UTR4592174199,9120,SUCCESS,TXN00019800,USR22019,MCH1638,UTR4592174199,0,0,0,0,0,0,0
TXN00012242,2026-01-04 11:33:54,USR31711,MCH4005,1333.79,UTR8148694547,1310,SUCCESS,TXN00012242,USR31711,MCH4005,UTR8148694547,0,0,0,0,0,0,0
TXN00017876,2026-03-15 07:15:35,USR54747,MCH8870,14468.6,UTR8839772137,4110,SUCCESS,TXN00017876,USR54747,MCH8870,UTR8839772137,0,0,0,0,0,0,0
TXN00005959,2026-02-06 13:15:04,USR51182,MCH1908,0.1924559,UTR4998159698,4110,FAILED,TXN00005959,USR51182,MCH1908,UTR 4998159698,0,0,0,0,0,1,0
TXN00017380,2026-11-03 15:39:14,USR94361,MCH6893,6061.88,UTR1730405311,9120,SUCCESS,TXN00017380,USR94361,MCH6893,UTR1730405311,0,0,0,0,0,0,0
TXN00013309,2026-01-30 13:47:57,USR27932,MCH9415,23298.25,UTR2217223057,0110,SUCCESS,TXN00013309,USR27932,MCH9415,UTR2217223057,0,0,0,0,0,0,0
TXN00006603,2026-03-07 06:12:13,USR60123,MCH1817,9157.05,UTR0956920534,,PENDING,TXN00006603,USR60123,MCH1817,UTR0956920534,0,0,1,0,0,0,1
TXN00002265,2026-02-28 11:41:28,USR35472,MCH1244,15181.17,,8120,SUCCESS,TXN00002265,USR35472,MCH1244,,0,1,0,0,0,0,0
TXN00001760,2026-07-03 15:56:54,USR52304,MCH6126,13703.51,UTR7024799231,9120,SUCCESS,TXN00001760,USR52304,MCH6126,UTR7024799231,0,0,0,0,0,0,0
TXN00016177,2026-01-02 00:15:10,USR14307,MCH8081,14388.5,UTR8962277102,0110,SUCCESS,TXN00016177,USR14307,MCH8081,UTR8962277102,0,0,0,0,0,0,0
TXN00010917,2026-03-31 08:45:59,USR77237,MCH6922,0.266865,,1310,SUCCESS,TXN00010917,USR77237,MCH6922,,0,1,0,0,0,0,0
TXN00011534,2026-03-06 00:32:20,USR41902,MCH6697,3161.31,UTR4954899966,4110,PENDING,TXN00011534,USR41902,MCH6697,UTR4954899966,0,0,0,0,0,0,1
TXN00000946,2026-01-18 15:27:33,USR73344,MCH2108,284.79,UTR4219390920,9120,SUCCESS,TXN00000946,USR73344,MCH2108,UTR 4219390920,0,0,0,0,0,0,0
TXN00001771,2026-01-02 08:25:58,USR80550,MCH5447,11491.57,,4110,SUCCESS,TXN00001771,USR80550,MCH5447,,0,1,0,0,0,0,0
TXN00002830,2026-02-24 12:47:32,USR52755,MCH1546,738.95,UTR5418844645,9120,SUCCESS,TXN00002830,USR52755,MCH1546,UTR5418844645,0,0,0,0,0,0,0
TXN00008200,2026-01-18 15:10:02,USR82555,MCH8235,0.165665,UTR2636368728,0110,FAILED,TXN00008200,USR82555,MCH8235,UTR2636368728,0,0,0,0,0,1,0
TXN00011734,2026-02-21 17:19:33,USR45955,MCH1296,-11885.93,UTR1648793903,,PENDING,TXN00011734,USR45955,MCH1296,UTR1648793903,1,0,1,0,0,0,1
TXN00017476,2026-03-01 00:31:11,USR75701,MCH1050,556.07,UTR7084296127,,SUCCESS,TXN00017476,USR75701,MCH1050,UTR7084296127,0,0,1,0,0,0,0
TXN00007311,2026-01-15 14:05:07,USR98387,MCH7818,24171.97,,,SUCCESS,TXN00007311,USR98387,MCH7818,,0,1,1,0,0,0,0
TXN00011164,2026-02-28 03:13:03,USR25894,MCH3052,19047.51,UTR7215885206,8120,SUCCESS,TXN00011164,USR25894,MCH3052,UTR7215885206,0,0,0,0,0,0,0
TXN00003455,2026-02-13 08:58:09,USR60764,MCH4795,23542.88,UTR8958392642,0110,SUCCESS,TXN00003455,USR60764,MCH4795,UTR8958392642,0,0,0,0,0,0,0
TXN00007337,2026-01-24 15:47:34,USR86149,MCH5819,1254.03,UTR9631369665,,SUCCESS,TXN00007337,USR86149,MCH5819,UTR9631369665,0,0,1,0,0,0,0
TXN00013569,2026-03-27 10:46:40,USR90018,MCH1602,23831.84,UTR2468707029,,FAILED,TXN00013569,USR90018,MCH1602,UTR2468707029,0,0,1,0,0,1,0
TXN00007139,2026-01-14 00:57:18,USR92716,MCH9413,16729.65,UTR6133162709,4110,SUCCESS,TXN00007139,USR92716,MCH9413,UTR 6133162709,0,0,0,0,0,0,0
TXN00004781,2026-03-26 21:43:35,USR63465,MCH4852,1713.98,UTR7099693455,4110,SUCCESS,TXN00004781,USR63465,MCH4852,UTR7099693455,0,0,0,0,0,0,0
TXN00013576,2026-02-11 03:34:21,USR18324,MCH4631,19520.14,UTR8229867131,8120,SUCCESS,TXN00013576,USR18324,MCH4631,UTR8229867131,0,0,0,0,0,0,0
TXN00019451,2026-01-13 10:23:47,USR59482,MCH3621,9607.0,UTR8509176173,4110,SUCCESS,TXN00019451,USR59482,MCH3621,UTR8509176173,0,0,0,0,0,0,0
TXN00006548,2026-02-15 22:28:52,USR89505,MCH3913,12574.56,UTR7199047792,4110,SUCCESS,TXN00006548,USR89505,MCH3913,UTR 7199047792,0,0,0,0,0,0,0
TXN00013397,2026-01-02 12:59:25,USR17839,MCH7889,13722.5,UTR2954718545,8120,FAILED,TXN00013397,USR17839,MCH7889,UTR2954718545,0,0,0,0,0,1,0
TXN00017836,2026-02-02 05:58:40,USR62627,MCH1149,5854.35,UTR9546566448,,SUCCESS,TXN00017836,USR62627,MCH1149,UTR 9546566448,0,0,1,0,0,0,0
TXN00014444,2026-02-10 08:36:16,USR90809,MCH2739,20780.16,UTR5607291800,0110,SUCCESS,TXN00014444,USR90809,MCH2739,UTR5607291800,0,0,0,0,0,0,0
TXN00008353,2026-03-17 08:01:11,USR39069,MCH5932,21312.45,UTR3727436716,4110,SUCCESS,TXN00008353,USR39069,MCH5932,UTR3727436716,0,0,0,0,0,0,0
TXN00000099,2026-02-04 11:50:26,USR51615,MCH1128,645.22,UTR8656904002,4110,FAILED,TXN00000099,USR51615,MCH1128,UTR8656904002,0,0,0,0,0,1,0
TXN00013611,2026-01-08 01:53:40,USR96943,MCH3000,13938.05,UTR6067484883,0110,SUCCESS,TXN00013611,USR96943,MCH3000,UTR6067484883,0,0,0,0,0,0,0
TXN00005705,2026-03-29 10:12:44,USR12067,MCH5533,22883.1,UTR8808329249,1310,SUCCESS,TXN00005705,USR12067,MCH5533,UTR8808329249,0,0,0,0,0,0,0
TXN00014236,2026-01-24 23:10:45,USR29039,MCH5161,24397.57,UTR0183008039,0110,SUCCESS,TXN00014236,USR29039,MCH5161,UTR0183008039,0,0,0,0,0,0,0
TXN00008709,2026-01-03 08:24:21,USR13232,MCH4690,1704.23,UTR0525080036,9120,SUCCESS,TXN00008709,USR13232,MCH4690,UTR0525080036,0,0,0,0,0,0,0
TXN00007163,2026-02-22 07:04:15,USR74595,MCH3449,15734.19,UTR2118174143,8120,SUCCESS,TXN00007163,USR74595,MCH3449,UTR2118174143,0,0,0,0,0,0,0
TXN00011181,2026-01-10 07:18:28,USR49234,MCH3045,18097.83,UTR0588713825,4110,SUCCESS,TXN00011181,USR49234,MCH3045,UTR 0588713825,0,0,0,0,0,0,0
TXN00014146,2026-01-20 19:49:52,USR11651,MCH9505,15912.34,UTR0668707454,9120,SUCCESS,TXN00014146,USR11651,MCH9505,UTR0668707454,0,0,0,0,0,0,0
TXN00014192,2026-03-30 08:00:59,USR47025,MCH3795,1538.04,UTR8547247693,,FAILED,TXN00014192,USR47025,MCH3795,UTR8547247693,0,0,1,0,0,1,0
TXN00010613,2026-03-13 11:25:15,USR77471,MCH8048,-3510.21,UTR7358221975,4110,SUCCESS,TXN00010613,USR77471,MCH8048,UTR7358221975,1,0,0,0,0,0,0
TXN00009323,2026-01-02 02:19:28,USR11855,MCH5188,15409.0,UTR0835524011,4110,SUCCESS,TXN00009323,USR11855,MCH5188,UTR0835524011,0,0,0,0,0,0,0
TXN00008035,2026-03-25 00:00:00,USR53178,MCH8225,19861.66,UTR4330327946,0110,SUCCESS,TXN00008035,USR53178,MCH8225,UTR4330327946,0,0,0,0,0,0,0
TXN00010211,2026-03-10 16:50:26,USR48883,MCH8908,24399.82,,4110,SUCCESS,TXN00010211,USR48883,MCH8908,,0,1,0,0,0,0,0
TXN00007783,2026-01-28 05:04:06,USR30206,MCH5350,21981.32,UTR4999586236,0110,SUCCESS,TXN00007783,USR30206,MCH5350,UTR4999586236,0,0,0,0,0,0,0
TXN00011537,2026-01-30 10:08:42,USR83804,MCH2177,22657.29,UTR2422719428,0110,SUCCESS,TXN00011537,USR83804,MCH2177,UTR2422719428,0,0,0,0,0,0,0
TXN00017766,2026-02-21 09:58:14,USR43611,MCH8403,7791.29,UTR4333021816,4110,SUCCESS,TXN00017766,USR43611,MCH8403,UTR4333021816,0,0,0,0,0,0,0
TXN00011173,2026-03-08 12:05:20,USR23246,MCH5147,0.2359141,UTR9365184390,1310,SUCCESS,TXN00011173,USR23246,MCH5147,UTR9365184390,0,0,0,0,0,0,0
TXN00003295,2026-03-28 23:16:23,USR82148,MCH6487,24201.96,UTR2042782405,8120,FAILED,TXN00003295,USR82148,MCH6487,UTR2042782405,0,0,0,0,0,1,0
TXN00014069,2026-01-23 02:17:46,USR68792,MCH7956,19969.63,UTR4214298511,4110,SUCCESS,TXN00014069,USR68792,MCH7956,UTR4214298511,0,0,0,0,0,0,0
TXN00014067,2026-03-26 00:40:56,USR50699,MCH6263,24104.0,UTR3477680007,,SUCCESS,TXN00014067,USR50699,MCH6263,UTR3477680007,0,0,1,0,0,0,0
TXN00006960,2026-02-02 04:57:10,USR99712,MCH8765,23899.94,UTR1034545441,4110,SUCCESS,TXN00006960,USR99712,MCH8765,UTR1034545441,0,0,0,0,0,0,0
TXN00008471,2026-02-24 04:33:51,USR56837,MCH3729,5511.03,UTR7256703013,9120,SUCCESS,TXN00008471,USR56837,MCH3729,UTR7256703013,0,0,0,0,0,0,0
TXN00015568,2026-03-26 00:31:27,USR73812,MCH2785,8052.0,UTR3137365106,4110,FAILED,TXN00015568,USR73812,MCH2785,UTR3137365106,0,0,0,0,0,1,0
TXN00016283,2026-03-16 00:00:00,USR81243,MCH9292,0.2020468,UTR1201746032,,SUCCESS,TXN00016283,USR81243,MCH9292,UTR1201746032,0,0,1,0,0,0,0
TXN00019546,2026-03-30 09:58:37,USR91525,MCH2605,4898.27,UTR2873595371,8120,SUCCESS,TXN00019546,USR91525,MCH2605,UTR2873595371,0,0,0,0,0,0,0
TXN00003041,2026-02-13 15:38:04,USR14719,MCH8840,0.449232,UTR4250099343,8120,PENDING,TXN00003041,USR14719,MCH8840,UTR4250099343,0,0,0,0,0,0,1
TXN00002645,2026-02-15 15:29:38,USR35860,MCH6327,1214.17,UTR7119076810,4110,SUCCESS,TXN00002645,USR35860,MCH6327,UTR7119076810,0,0,0,0,0,0,0
TXN00008638,2026-01-22 10:29:40,USR39009,MCH3154,11431.03,UTR5358622266,4110,SUCCESS,TXN00008638,USR39009,MCH3154,UTR5358622266,0,0,0,0,0,0,0
TXN00004714,2026-05-03 02:36:11,USR44629,MCH9089,18805.34,UTR2900717816,9120,SUCCESS,TXN00004714,USR44629,MCH9089,UTR2900717816,0,0,0,0,0,0,0
TXN00009499,2026-03-15 15:25:07,USR36448,MCH7874,23900.93,UTR4165184877,1310,SUCCESS,TXN00009499,USR36448,MCH7874,UTR4165184877,0,0,0,0,0,0,0
TXN00017216,2026-01-03 11:44:45,USR59941,MCH6560,9552.16,UTR2809176414,4110,SUCCESS,TXN00017216,USR59941,MCH6560,UTR2809176414,0,0,0,0,0,0,0
TXN00003414,2026-01-11 22:29:09,USR22445,MCH4953,9017.07,UTR7290268120,4110,FAILED,TXN00003414,USR22445,MCH4953,UTR7290268120,0,0,0,0,0,1,0
TXN00011790,2026-02-12 08:15:48,USR36416,MCH5382,16043.0,UTR4740399914,,SUCCESS,TXN00011790,USR36416,MCH5382,UTR4740399914,0,0,1,0,0,0,0
TXN00005015,2026-01-02 04:37:59,USR80120,MCH7618,4920.21,UTR1000312150,1310,SUCCESS,TXN00005015,USR80120,MCH7618,UTR 1000312150,0,0,0,0,0,0,0
TXN00012825,2026-03-15 03:47:56,USR39513,MCH1268,23332.13,UTR7945697924,8120,SUCCESS,TXN00012825,USR39513,MCH1268,UTR7945697924,0,0,0,0,0,0,0
TXN00008429,2026-02-15 10:39:24,USR13611,MCH7564,7723.0,UTR7205524148,4110,SUCCESS,TXN00008429,USR13611,MCH7564,UTR7205524148,0,0,0,0,0,0,0
TXN00009251,2026-03-09 10:34:50,USR35967,MCH1379,1067.94,UTR2873729162,8120,SUCCESS,TXN00009251,USR35967,MCH1379,UTR2873729162,0,0,0,0,0,0,0
TXN00001790,2026-03-01 10:18:41,USR23582,MCH1068,12965.02,UTR3714592613,9120,SUCCESS,TXN00001790,USR23582,MCH1068,UTR3714592613,0,0,0,0,0,0,0
TXN00017254,2026-02-06 17:03:11,USR59047,MCH4278,8377.35,UTR8636376725,0110,SUCCESS,TXN00017254,USR59047,MCH4278,UTR8636376725,0,0,0,0,0,0,0
TXN00007169,2026-01-08 10:10:12,USR70718,MCH2009,6567.78,,8120,SUCCESS,TXN00007169,USR70718,MCH2009,,0,1,0,0,0,0,0
TXN00005578,2026-02-27 16:11:29,USR35520,MCH6006,24562.24,UTR2211731881,0110,SUCCESS,TXN00005578,USR35520,MCH6006,UTR2211731881,0,0,0,0,0,0,0
TXN00016314,2026-01-24 16:06:56,USR79942,MCH4355,6099.09,UTR5321884333,0110,FAILED,TXN00016314,USR79942,MCH4355,UTR5321884333,0,0,0,0,0,1,0
TXN00015863,2026-03-18 23:09:18,USR87178,MCH3334,14706.91,UTR6901107992,4110,SUCCESS,TXN00015863,USR87178,MCH3334,UTR 6901107992,0,0,0,0,0,0,0
TXN00009195,2026-01-18 22:42:30,USR52456,MCH8387,20932.11,UTR9545494709,9120,SUCCESS,TXN00009195,USR52456,MCH8387,UTR9545494709,0,0,0,0,0,0,0
TXN00010789,2026-03-20 12:37:51,USR80041,MCH1878,17906.03,UTR9785255001,4110,SUCCESS,TXN00010789,USR80041,MCH1878,UTR9785255001,0,0,0,0,0,0,0
TXN00003638,2026-02-14 00:00:00,USR87274,MCH6292,1011.08,UTR0468764837,4110,SUCCESS,TXN00003638,USR87274,MCH6292,UTR0468764837,0,0,0,0,0,0,0
TXN00019958,2026-03-18 14:25:18,USR27389,MCH4460,21931.31,UTR1715067361,1310,SUCCESS,TXN00019958,USR27389,MCH4460,UTR1715067361,0,0,0,0,0,0,0
TXN00011644,2026-03-09 01:49:46,USR80785,MCH6630,0.1818504,UTR5645612468,4110,FAILED,TXN00011644,USR80785,MCH6630,UTR5645612468,0,0,0,0,0,1,0
TXN00013930,2026-02-18 09:47:37,USR49389,MCH2220,14790.33,UTR8851921588,,SUCCESS,TXN00013930,USR49389,MCH2220,UTR8851921588,0,0,1,0,0,0,0
TXN00014974,2026-02-19 23:50:11,USR48811,MCH3175,4079.54,UTR4290918836,8120,SUCCESS,TXN00014974,USR48811,MCH3175,UTR4290918836,0,0,0,0,0,0,0
TXN00007504,2026-01-25 15:00:25,USR29065,MCH7189,3253.28,UTR6773244996,9120,SUCCESS,TXN00007504,USR29065,MCH7189,UTR6773244996,0,0,0,0,0,0,0
TXN00007333,2026-03-04 20:13:23,USR40059,MCH1566,23555.21,UTR2259927509,0110,FAILED,TXN00007333,USR40059,MCH1566,UTR2259927509,0,0,0,0,0,1,0
TXN00019586,2026-03-13 00:00:00,USR44108,MCH1580,18386.84,UTR0855042284,,FAILED,TXN00019586,USR44108,MCH1580,UTR0855042284,0,0,1,0,0,1,0
TXN00010700,2026-02-11 08:25:27,USR84643,MCH3866,9274.06,UTR7990494852,4110,SUCCESS,TXN00010700,USR84643,MCH3866,UTR7990494852,0,0,0,0,0,0,0
TXN00016085,2026-09-03 08:40:44,USR70542,MCH4587,18922.0,UTR4935795312,9120,SUCCESS,TXN00016085,USR70542,MCH4587,UTR4935795312,0,0,0,0,0,0,0
TXN00014474,2026-01-07 09:49:44,USR76056,MCH1754,21557.67,UTR6619958053,8120,SUCCESS,TXN00014474,USR76056,MCH1754,UTR6619958053,0,0,0,0,0,0,0
TXN00014344,2026-02-01 18:13:20,USR79586,MCH5964,23627.53,UTR8889046306,9120,SUCCESS,TXN00014344,USR79586,MCH5964,UTR8889046306,0,0,0,0,0,0,0
TXN00006749,2026-03-07 14:05:22,USR17979,MCH3197,24820.87,UTR0973938661,9120,SUCCESS,TXN00006749,USR17979,MCH3197,UTR0973938661,0,0,0,0,0,0,0
TXN00008545,2026-03-21 19:15:31,USR39016,MCH9949,9957.0,UTR1100905114,0110,SUCCESS,TXN00008545,USR39016,MCH9949,UTR1100905114,0,0,0,0,0,0,0
TXN00009182,2026-02-28 06:20:21,USR79341,MCH7233,10203.04,UTR6195986832,8120,FAILED,TXN00009182,USR79341,MCH7233,UTR6195986832,0,0,0,0,0,1,0
TXN00018938,2026-03-24 11:15:45,USR45694,MCH6640,22603.0,UTR4682173873,8120,SUCCESS,TXN00018938,USR45694,MCH6640,UTR4682173873,0,0,0,0,0,0,0
TXN00005123,2026-01-05 06:17:42,USR19596,MCH6259,1415.05,UTR8063120910,8120,FAILED,TXN00005123,USR19596,MCH6259,UTR8063120910,0,0,0,0,0,1,0
TXN00006837,2026-03-01 18:28:19,USR67361,MCH7054,9172.28,UTR3435516586,,SUCCESS,TXN00006837,USR67361,MCH7054,UTR3435516586,0,0,1,0,0,0,0
TXN00004290,2026-03-06 12:50:56,USR22099,MCH9019,20077.27,UTR3934261913,1310,SUCCESS,TXN00004290,USR22099,MCH9019,UTR3934261913,0,0,0,0,0,0,0
TXN00019741,2026-02-06 11:24:43,USR58033,MCH9845,10344.38,UTR1823953898,8120,SUCCESS,TXN00019741,USR58033,MCH9845,UTR1823953898,0,0,0,0,0,0,0
TXN00003831,2026-02-01 02:11:51,USR20747,MCH3666,9531.0,,4110,SUCCESS,TXN00003831,USR20747,MCH3666,,0,1,0,0,0,0,0
TXN00002472,2026-03-12 00:00:00,USR79770,MCH8402,24101.08,UTR7383455761,9120,SUCCESS,TXN00002472,USR79770,MCH8402,UTR7383455761,0,0,0,0,0,0,0
TXN00015647,2026-01-08 17:11:23,USR25767,MCH5575,20233.05,UTR0124083098,4110,SUCCESS,TXN00015647,USR25767,MCH5575,UTR0124083098,0,0,0,0,0,0,0
TXN00013766,2026-02-26 03:47:41,USR17706,MCH9364,12257.89,UTR8217785682,4110,SUCCESS,TXN00013766,USR17706,MCH9364,UTR8217785682,0,0,0,0,0,0,0
TXN00000055,2026-02-04 20:28:57,USR86919,MCH4170,0.1495152,UTR3722466627,4110,SUCCESS,TXN00000055,USR86919,MCH4170,UTR 3722466627,0,0,0,0,0,0,0
TXN00001743,2026-01-25 22:47:01,USR93814,MCH6076,0.1923493,UTR1881456452,4110,SUCCESS,TXN00001743,USR93814,MCH6076,UTR1881456452,0,0,0,0,0,0,0
TXN00008681,2026-02-25 11:17:49,USR52372,MCH4313,240.95,UTR8867429770,4110,SUCCESS,TXN00008681,USR52372,MCH4313,UTR8867429770,0,0,0,0,0,0,0
TXN00018599,2026-01-23 00:00:00,USR89515,MCH9116,17481.48,UTR2558596794,4110,PENDING,TXN00018599,USR89515,MCH9116,UTR2558596794,0,0,0,0,0,0,1
TXN00011470,2026-02-17 12:14:53,USR20240,MCH1903,21441.12,UTR7429738744,,SUCCESS,TXN00011470,USR20240,MCH1903,UTR7429738744,0,0,1,0,0,0,0
TXN00011254,2026-01-14 19:43:16,USR65289,MCH8698,22544.52,,9120,SUCCESS,TXN00011254,USR65289,MCH8698,,0,1,0,0,0,0,0
TXN00005856,2026-01-16 10:25:57,USR13860,MCH9698,19061.41,UTR8624620505,1310,SUCCESS,TXN00005856,USR13860,MCH9698,UTR8624620505,0,0,0,0,0,0,0
TXN00013711,2026-01-13 00:00:00,USR91906,MCH3559,10330.67,UTR1519083714,4110,FAILED,TXN00013711,USR91906,MCH3559,UTR1519083714,0,0,0,0,0,1,0
TXN00006348,2026-03-07 00:00:00,USR91681,MCH8542,24500.34,UTR0299603631,8120,FAILED,TXN00006348,USR91681,MCH8542,UTR0299603631,0,0,0,0,0,1,0
TXN00018319,2026-03-05 16:26:08,USR79601,MCH3684,17376.22,UTR7271236035,1310,SUCCESS,TXN00018319,USR79601,MCH3684,UTR7271236035,0,0,0,0,0,0,0
TXN00004687,2026-03-24 18:17:18,USR59752,MCH8684,3489.96,UTR2417284805,4110,SUCCESS,TXN00004687,USR59752,MCH8684,UTR2417284805,0,0,0,0,0,0,0
TXN00005628,2026-01-10 09:59:45,USR21584,MCH4482,8566.45,UTR3406210453,4110,SUCCESS,TXN00005628,USR21584,MCH4482,UTR3406210453,0,0,0,0,0,0,0
TXN00003153,2026-01-14 13:42:47,USR58866,MCH6932,17639.47,UTR2589038317,0110,SUCCESS,TXN00003153,USR58866,MCH6932,UTR2589038317,0,0,0,0,0,0,0
TXN00005295,2026-03-02 02:47:09,USR59531,MCH2337,0.193644,UTR8702576930,1310,SUCCESS,TXN00005295,USR59531,MCH2337,UTR8702576930,0,0,0,0,0,0,0
TXN00004370,2026-03-13 21:27:56,USR87028,MCH9860,4619.63,UTR8959523530,4110,SUCCESS,TXN00004370,USR87028,MCH9860,UTR8959523530,0,0,0,0,0,0,0
TXN00001992,2026-03-16 15:48:46,USR34704,MCH2435,0.398112,UTR2551328114,4110,SUCCESS,TXN00001992,USR34704,MCH2435,UTR2551328114,0,0,0,0,0,0,0
TXN00008274,2026-02-06 01:25:17,USR90008,MCH3528,14727.51,,0110,SUCCESS,TXN00008274,USR90008,MCH3528,,0,1,0,0,0,0,0
TXN00004721,2026-03-05 13:18:01,USR86313,MCH6334,8632.0,UTR2134504292,4110,SUCCESS,TXN00004721,USR86313,MCH6334,UTR2134504292,0,0,0,0,0,0,0
TXN00010387,2026-01-27 14:13:04,USR56567,MCH6767,3270.09,UTR9937151012,,SUCCESS,TXN00010387,USR56567,MCH6767,UTR 9937151012,0,0,1,0,0,0,0
TXN00009918,2026-01-04 10:18:57,USR11305,MCH9852,5309.0,,4110,SUCCESS,TXN00009918,USR11305,MCH9852,,0,1,0,0,0,0,0
TXN00017532,2026-03-04 14:26:10,USR15333,MCH8217,0.9862,UTR3225724277,,SUCCESS,TXN00017532,USR15333,MCH8217,UTR3225724277,0,0,1,0,0,0,0
TXN00002759,2026-02-11 08:55:20,USR34105,MCH7826,17695.96,UTR2499554414,8120,SUCCESS,TXN00002759,USR34105,MCH7826,UTR2499554414,0,0,0,0,0,0,0
TXN00004272,2026-03-09 03:47:54,USR41881,MCH7824,23864.6,UTR9739346683,4110,SUCCESS,TXN00004272,USR41881,MCH7824,UTR9739346683,0,0,0,0,0,0,0
TXN00010313,2026-03-26 21:09:45,USR28983,MCH5034,23836.36,UTR2195916835,0110,SUCCESS,TXN00010313,USR28983,MCH5034,UTR2195916835,0,0,0,0,0,0,0
TXN00005393,2026-01-14 19:07:20,USR49005,MCH7589,21700.81,UTR8516008611,,SUCCESS,TXN00005393,USR49005,MCH7589,UTR8516008611,0,0,1,0,0,0,0
TXN00013499,2026-02-24 22:11:34,USR65389,MCH9165,9276.0,UTR4962429379,,SUCCESS,TXN00013499,USR65389,MCH9165,UTR4962429379,0,0,1,0,0,0,0
TXN00017161,2026-02-20 09:16:19,USR27557,MCH4663,0.1372047,UTR6135474761,1310,SUCCESS,TXN00017161,USR27557,MCH4663,UTR6135474761,0,0,0,0,0,0,0
TXN00006053,2026-03-05 20:21:11,USR85041,MCH2274,13396.87,UTR8006153496,9120,SUCCESS,TXN00006053,USR85041,MCH2274,UTR8006153496,0,0,0,0,0,0,0
TXN00014423,2026-01-02 13:22:20,USR81830,MCH9863,0.1680218,UTR4804278695,4110,SUCCESS,TXN00014423,USR81830,MCH9863,UTR4804278695,0,0,0,0,0,0,0
TXN00001699,2026-01-19 11:02:22,USR38316,MCH8812,-24078.25,UTR6776236589,1310,SUCCESS,TXN00001699,USR38316,MCH8812,UTR6776236589,1,0,0,0,0,0,0
TXN00012726,2026-01-12 01:34:03,USR82772,MCH3105,0.2315546,UTR7885948758,4110,SUCCESS,TXN00012726,USR82772,MCH3105,UTR7885948758,0,0,0,0,0,0,0
TXN00019045,2026-03-30 10:56:45,USR63974,MCH1845,12631.54,UTR2496422005,9120,FAILED,TXN00019045,USR63974,MCH1845,UTR2496422005,0,0,0,0,0,1,0
TXN00003427,2026-01-29 15:27:22,USR46010,MCH8480,14089.25,UTR4058029612,0110,SUCCESS,TXN00003427,USR46010,MCH8480,UTR4058029612,0,0,0,0,0,0,0
TXN00018930,2026-01-06 00:00:00,USR89135,MCH3205,15425.08,UTR0421795272,,SUCCESS,TXN00018930,USR89135,MCH3205,UTR0421795272,0,0,1,0,0,0,0
TXN00003722,2026-03-18 07:03:26,USR26309,MCH9202,20865.95,UTR1892812435,8120,SUCCESS,TXN00003722,USR26309,MCH9202,UTR1892812435,0,0,0,0,0,0,0
TXN00008432,2026-01-06 21:26:30,USR23332,MCH7545,14696.7,UTR9500569772,0110,SUCCESS,TXN00008432,USR23332,MCH7545,UTR9500569772,0,0,0,0,0,0,0
TXN00007218,2026-03-01 00:00:00,USR71245,MCH5954,17870.41,UTR4025100164,1310,SUCCESS,TXN00007218,USR71245,MCH5954,UTR4025100164,0,0,0,0,0,0,0
TXN00011235,2026-01-14 11:55:33,USR59785,MCH2916,4676.79,UTR1736440503,9120,SUCCESS,TXN00011235,USR59785,MCH2916,UTR1736440503,0,0,0,0,0,0,0
TXN00015148,2026-03-24 18:08:50,USR91619,MCH7056,19044.42,,,SUCCESS,TXN00015148,USR91619,MCH7056,,0,1,1,0,0,0,0
TXN00019283,2026-03-21 20:19:36,USR85941,MCH3060,14983.94,UTR2535695841,,PENDING,TXN00019283,USR85941,MCH3060,UTR2535695841,0,0,1,0,0,0,1
TXN00009902,2026-03-17 00:00:00,USR36350,MCH7122,9331.45,UTR4659350346,,SUCCESS,TXN00009902,USR36350,MCH7122,UTR4659350346,0,0,1,0,0,0,0
TXN00003677,2026-03-25 20:38:14,USR44591,MCH1346,4345.67,UTR4319105434,1310,SUCCESS,TXN00003677,USR44591,MCH1346,UTR4319105434,0,0,0,0,0,0,0
TXN00014485,2026-02-09 21:55:30,USR99049,MCH5909,1843.87,UTR0528629791,8120,SUCCESS,TXN00014485,USR99049,MCH5909,UTR0528629791,0,0,0,0,0,0,0
TXN00001493,2026-03-26 00:12:11,USR55563,MCH2166,5689.47,UTR8383786139,8120,SUCCESS,TXN00001493,USR55563,MCH2166,UTR8383786139,0,0,0,0,0,0,0
TXN00019763,2026-01-14 13:54:35,USR93584,MCH6334,0.2242511,UTR2689446535,1310,SUCCESS,TXN00019763,USR93584,MCH6334,UTR2689446535,0,0,0,0,0,0,0
TXN00000265,2026-01-17 00:46:25,USR40957,MCH9122,21935.55,UTR0373501299,4110,SUCCESS,TXN00000265,USR40957,MCH9122,UTR0373501299,0,0,0,0,0,0,0
TXN00003316,2026-03-22 09:16:02,USR93947,MCH3859,16545.49,UTR4917054809,,FAILED,TXN00003316,USR93947,MCH3859,UTR4917054809,0,0,1,0,0,1,0
TXN00005372,2026-02-07 17:05:24,USR94900,MCH8380,8680.5,UTR4854519275,4110,SUCCESS,TXN00005372,USR94900,MCH8380,UTR4854519275,0,0,0,0,0,0,0
TXN00001898,2026-03-25 08:13:52,USR96743,MCH1741,4708.74,UTR9782447068,4110,SUCCESS,TXN00001898,USR96743,MCH1741,UTR9782447068,0,0,0,0,0,0,0
TXN00006865,2026-03-27 18:27:48,USR47283,MCH5154,13313.68,UTR5498960451,4110,SUCCESS,TXN00006865,USR47283,MCH5154,UTR5498960451,0,0,0,0,0,0,0
TXN00019509,2026-01-03 07:09:14,USR56418,MCH9330,24236.89,UTR3082183507,0110,SUCCESS,TXN00019509,USR56418,MCH9330,UTR3082183507,0,0,0,0,0,0,0
TXN00016511,2026-03-14 12:37:31,USR88052,MCH3754,21995.38,UTR8219412871,8120,SUCCESS,TXN00016511,USR88052,MCH3754,UTR8219412871,0,0,0,0,0,0,0
TXN00016496,2026-03-21 00:00:00,USR32936,MCH4123,10822.18,UTR2369326439,4110,SUCCESS,TXN00016496,USR32936,MCH4123,UTR2369326439,0,0,0,0,0,0,0
TXN00003079,2026-01-05 17:22:54,USR13777,MCH9892,3879.17,UTR9216850051,9120,SUCCESS,TXN00003079,USR13777,MCH9892,UTR9216850051,0,0,0,0,0,0,0
TXN00006153,2026-02-12 00:00:00,USR53369,MCH8924,1267.57,UTR5861393235,4110,SUCCESS,TXN00006153,USR53369,MCH8924,UTR 5861393235,0,0,0,0,0,0,0
TXN00019658,2026-01-22 18:05:58,USR91110,MCH5822,21577.02,UTR4247192736,0110,SUCCESS,TXN00019658,USR91110,MCH5822,UTR4247192736,0,0,0,0,0,0,0
TXN00010956,2026-02-23 11:49:47,USR56693,MCH5163,21470.19,UTR1046619866,,SUCCESS,TXN00010956,USR56693,MCH5163,UTR1046619866,0,0,1,0,0,0,0
TXN00011954,2026-03-16 10:38:08,USR65898,MCH8898,17361.95,UTR8793237599,8120,SUCCESS,TXN00011954,USR65898,MCH8898,UTR 8793237599,0,0,0,0,0,0,0
TXN00014242,2026-02-17 16:00:59,USR80400,MCH6987,22211.91,UTR1802127447,4110,SUCCESS,TXN00014242,USR80400,MCH6987,UTR1802127447,0,0,0,0,0,0,0
TXN00010677,2026-01-14 11:01:01,USR98974,MCH9694,21877.11,UTR1361008031,,PENDING,TXN00010677,USR98974,MCH9694,UTR1361008031,0,0,1,0,0,0,1
TXN00008959,2026-02-04 21:08:22,USR59404,MCH9822,0.1523379,UTR9307584813,9120,SUCCESS,TXN00008959,USR59404,MCH9822,UTR9307584813,0,0,0,0,0,0,0
TXN00005814,2026-03-21 08:38:50,USR98677,MCH4918,7044.0,UTR5438202355,4110,SUCCESS,TXN00005814,USR98677,MCH4918,UTR5438202355,0,0,0,0,0,0,0
TXN00009974,2026-01-23 22:22:34,USR31418,MCH1466,1520.31,UTR9636605650,1310,PENDING,TXN00009974,USR31418,MCH1466,UTR9636605650,0,0,0,0,0,0,1
TXN00007267,2026-03-23 01:23:36,USR49860,MCH8527,4795.33,UTR7227419435,,SUCCESS,TXN00007267,USR49860,MCH8527,UTR7227419435,0,0,1,0,0,0,0
TXN00019345,2026-03-19 02:36:50,USR12180,MCH3584,4784.0,UTR1345577296,4110,SUCCESS,TXN00019345,USR12180,MCH3584,UTR1345577296,0,0,0,0,0,0,0
TXN00018416,2026-02-06 15:56:21,USR75984,MCH5082,22740.0,UTR3665686548,4110,SUCCESS,TXN00018416,USR75984,MCH5082,UTR3665686548,0,0,0,0,0,0,0
TXN00005361,2026-02-21 19:35:12,USR94381,MCH2925,15085.1,UTR6183975254,1310,SUCCESS,TXN00005361,USR94381,MCH2925,UTR6183975254,0,0,0,0,0,0,0
TXN00001161,2026-03-14 03:02:18,USR24723,MCH9894,20647.16,UTR5718452338,4110,SUCCESS,TXN00001161,USR24723,MCH9894,UTR5718452338,0,0,0,0,0,0,0
TXN00019431,2026-03-29 01:44:17,USR38342,MCH8034,23458.86,UTR1612632224,4110,SUCCESS,TXN00019431,USR38342,MCH8034,UTR1612632224,0,0,0,0,0,0,0
TXN00014261,2026-03-01 00:00:00,USR69614,MCH8496,10796.07,UTR2967857829,8120,SUCCESS,TXN00014261,USR69614,MCH8496,UTR2967857829,0,0,0,0,0,0,0
TXN00015901,2026-03-10 01:20:43,USR80016,MCH3932,-8133.04,UTR2349333973,4110,SUCCESS,TXN00015901,USR80016,MCH3932,UTR2349333973,1,0,0,0,0,0,0
TXN00008190,2026-03-23 21:36:19,USR77138,MCH4168,-9126.8,UTR9125595767,1310,SUCCESS,TXN00008190,USR77138,MCH4168,UTR9125595767,1,0,0,0,0,0,0
TXN00001092,2026-02-06 19:06:32,USR52538,MCH3845,16244.67,UTR6994659836,8120,SUCCESS,TXN00001092,USR52538,MCH3845,UTR 6994659836,0,0,0,0,0,0,0
TXN00008457,2026-03-12 09:46:23,USR40645,MCH5710,16074.41,UTR0345029331,,SUCCESS,TXN00008457,USR40645,MCH5710,UTR 0345029331,0,0,1,0,0,0,0
TXN00012190,2026-01-13 19:23:41,USR87624,MCH2398,10850.27,UTR4309912541,4110,SUCCESS,TXN00012190,USR87624,MCH2398,UTR4309912541,0,0,0,0,0,0,0
TXN00007195,2026-01-15 10:20:23,USR52247,MCH1164,20320.2,UTR4446387284,9120,SUCCESS,TXN00007195,USR52247,MCH1164,UTR4446387284,0,0,0,0,0,0,0
TXN00010586,2026-02-28 14:34:25,USR63864,MCH5147,8050.21,UTR1261374239,8120,SUCCESS,TXN00010586,USR63864,MCH5147,UTR1261374239,0,0,0,0,0,0,0
TXN00007238,2026-03-15 22:21:33,USR81532,MCH9078,21721.34,UTR4382475302,0110,SUCCESS,TXN00007238,USR81532,MCH9078,UTR4382475302,0,0,0,0,0,0,0
TXN00007467,2026-01-25 00:00:00,USR49595,MCH6026,0.2091714,UTR0558562867,0110,SUCCESS,TXN00007467,USR49595,MCH6026,UTR0558562867,0,0,0,0,0,0,0
TXN00016280,2026-01-05 05:55:18,USR87552,MCH6012,15878.53,UTR1768797219,4110,FAILED,TXN00016280,USR87552,MCH6012,UTR1768797219,0,0,0,0,0,1,0
TXN00017582,2026-01-19 13:26:03,USR20828,MCH2769,9228.76,UTR8133619203,1310,FAILED,TXN00017582,USR20828,MCH2769,UTR8133619203,0,0,0,0,0,1,0
TXN00014212,2026-03-21 09:50:09,USR66623,MCH2165,-23968.99,UTR8051920921,0110,SUCCESS,TXN00014212,USR66623,MCH2165,UTR8051920921,1,0,0,0,0,0,0
TXN00007284,2026-01-25 10:14:19,USR32619,MCH2159,15567.51,UTR0417358660,1310,SUCCESS,TXN00007284,USR32619,MCH2159,UTR0417358660,0,0,0,0,0,0,0
TXN00011589,2026-03-28 12:58:46,USR49522,MCH3568,19613.19,UTR1821178396,4110,SUCCESS,TXN00011589,USR49522,MCH3568,UTR1821178396,0,0,0,0,0,0,0
TXN00014203,2026-02-07 18:25:08,USR34887,MCH6050,19169.78,UTR3248244693,1310,SUCCESS,TXN00014203,USR34887,MCH6050,UTR3248244693,0,0,0,0,0,0,0
TXN00008090,2026-03-15 08:22:44,USR63117,MCH1963,22107.29,UTR9246274418,,SUCCESS,TXN00008090,USR63117,MCH1963,UTR9246274418,0,0,1,0,0,0,0
TXN00003069,2026-02-18 06:57:24,USR43590,MCH6596,6279.82,UTR1680209238,4110,FAILED,TXN00003069,USR43590,MCH6596,UTR1680209238,0,0,0,0,0,1,0
TXN00006022,2026-02-18 06:57:45,USR36855,MCH8429,21334.0,UTR2960008757,4110,SUCCESS,TXN00006022,USR36855,MCH8429,UTR2960008757,0,0,0,0,0,0,0
TXN00014119,2026-03-15 01:44:46,USR55392,MCH3855,24649.18,UTR3165129319,1310,SUCCESS,TXN00014119,USR55392,MCH3855,UTR3165129319,0,0,0,0,0,0,0
TXN00003466,2026-02-04 21:49:01,USR74664,MCH6547,17631.43,UTR2842099466,0110,SUCCESS,TXN00003466,USR74664,MCH6547,UTR2842099466,0,0,0,0,0,0,0
TXN00006365,2026-02-04 00:00:00,USR45275,MCH4673,11392.08,UTR5627235399,9120,SUCCESS,TXN00006365,USR45275,MCH4673,UTR5627235399,0,0,0,0,0,0,0
TXN00010933,2026-01-29 16:41:50,USR66989,MCH5808,5230.13,UTR5567520524,,PENDING,TXN00010933,USR66989,MCH5808,UTR5567520524,0,0,1,0,0,0,1
TXN00008208,2026-01-02 05:23:46,USR67031,MCH2234,1472.83,UTR9557121327,0110,SUCCESS,TXN00008208,USR67031,MCH2234,UTR9557121327,0,0,0,0,0,0,0
TXN00011920,2026-04-03 00:51:33,USR48621,MCH1438,21057.82,UTR0756109766,4110,PENDING,TXN00011920,USR48621,MCH1438,UTR 0756109766,0,0,0,0,0,0,1
TXN00010447,2026-02-18 12:49:21,USR98214,MCH9072,9862.51,UTR8609614216,,SUCCESS,TXN00010447,USR98214,MCH9072,UTR8609614216,0,0,1,0,0,0,0
TXN00014598,2026-03-08 17:38:28,USR52226,MCH8259,24730.27,UTR0056169579,,PENDING,TXN00014598,USR52226,MCH8259,UTR0056169579,0,0,1,0,0,0,1
TXN00017987,2026-03-08 02:39:56,USR12054,MCH2568,11349.01,UTR3500916213,4110,SUCCESS,TXN00017987,USR12054,MCH2568,UTR3500916213,0,0,0,0,0,0,0
TXN00013490,2026-01-27 22:15:59,USR84842,MCH8213,10945.57,UTR8851837134,,SUCCESS,TXN00013490,USR84842,MCH8213,UTR8851837134,0,0,1,0,0,0,0
TXN00003812,2026-01-28 11:34:32,USR70228,MCH9086,11453.65,UTR5533754981,1310,SUCCESS,TXN00003812,USR70228,MCH9086,UTR 5533754981,0,0,0,0,0,0,0
TXN00016752,2026-01-21 06:35:14,USR39048,MCH2987,15304.0,UTR5985320738,4110,SUCCESS,TXN00016752,USR39048,MCH2987,UTR5985320738,0,0,0,0,0,0,0
TXN00019907,2026-01-17 00:03:16,USR12263,MCH1026,8028.42,UTR2555207500,9120,SUCCESS,TXN00019907,USR12263,MCH1026,UTR2555207500,0,0,0,0,0,0,0
TXN00013876,2026-03-19 04:14:48,USR77471,MCH6376,1674.89,UTR7045917477,9120,SUCCESS,TXN00013876,USR77471,MCH6376,UTR7045917477,0,0,0,0,0,0,0
TXN00004809,2026-01-10 18:06:02,USR90790,MCH7980,-6181.56,UTR2373602030,1310,SUCCESS,TXN00004809,USR90790,MCH7980,UTR2373602030,1,0,0,0,0,0,0
TXN00014099,2026-02-24 05:16:31,USR41312,MCH6351,17224.77,UTR4494031407,4110,SUCCESS,TXN00014099,USR41312,MCH6351,UTR4494031407,0,0,0,0,0,0,0
TXN00018549,2026-01-20 00:00:00,USR25932,MCH3983,21388.13,UTR0783008394,1310,FAILED,TXN00018549,USR25932,MCH3983,UTR0783008394,0,0,0,0,0,1,0
TXN00003551,2026-02-13 06:02:59,USR37991,MCH9187,20097.08,UTR8960741464,0110,SUCCESS,TXN00003551,USR37991,MCH9187,UTR8960741464,0,0,0,0,0,0,0
TXN00012470,2026-01-12 00:00:00,USR28526,MCH4581,15138.96,UTR3611396699,1310,SUCCESS,TXN00012470,USR28526,MCH4581,UTR3611396699,0,0,0,0,0,0,0
TXN00008351,2026-02-14 02:04:50,USR90055,MCH8831,20752.52,UTR3278086047,4110,FAILED,TXN00008351,USR90055,MCH8831,UTR3278086047,0,0,0,0,0,1,0
TXN00015640,2026-01-30 16:14:34,USR19459,MCH5485,18815.44,UTR4678963105,9120,SUCCESS,TXN00015640,USR19459,MCH5485,UTR4678963105,0,0,0,0,0,0,0
TXN00015991,2026-08-03 07:24:56,USR64590,MCH8431,15216.72,UTR4236684617,1310,FAILED,TXN00015991,USR64590,MCH8431,UTR 4236684617,0,0,0,0,0,1,0
TXN00006768,2026-03-31 00:00:00,USR84778,MCH3740,5814.92,UTR8143740316,0110,SUCCESS,TXN00006768,USR84778,MCH3740,UTR8143740316,0,0,0,0,0,0,0
TXN00003115,2026-02-13 17:24:06,USR53769,MCH9428,0.498977,UTR4571212203,4110,PENDING,TXN00003115,USR53769,MCH9428,UTR4571212203,0,0,0,0,0,0,1
TXN00003250,2026-01-17 19:32:39,USR29350,MCH5234,15789.16,UTR1981315504,1310,SUCCESS,TXN00003250,USR29350,MCH5234,UTR1981315504,0,0,0,0,0,0,0
TXN00001987,2026-12-01 02:36:14,USR84459,MCH1745,18201.2,UTR9299902732,4110,FAILED,TXN00001987,USR84459,MCH1745,UTR9299902732,0,0,0,0,0,1,0
TXN00017300,2026-03-28 09:10:57,USR45971,MCH1948,18832.16,,4110,SUCCESS,TXN00017300,USR45971,MCH1948,,0,1,0,0,0,0,0
TXN00012499,2026-01-19 00:00:00,USR39919,MCH4870,19139.81,,4110,SUCCESS,TXN00012499,USR39919,MCH4870,,0,1,0,0,0,0,0
TXN00005515,2026-03-12 00:00:00,USR75625,MCH3134,2664.28,UTR7704468583,0110,SUCCESS,TXN00005515,USR75625,MCH3134,UTR7704468583,0,0,0,0,0,0,0
TXN00006866,2026-01-21 17:09:01,USR12976,MCH8865,7591.07,UTR5789534188,,SUCCESS,TXN00006866,USR12976,MCH8865,UTR 5789534188,0,0,1,0,0,0,0
TXN00001610,2026-01-24 17:01:16,USR54744,MCH9786,13504.9,UTR1668383106,8120,SUCCESS,TXN00001610,USR54744,MCH9786,UTR1668383106,0,0,0,0,0,0,0
TXN00007187,2026-02-23 13:18:25,USR16436,MCH5125,14818.28,UTR6697178908,8120,SUCCESS,TXN00007187,USR16436,MCH5125,UTR6697178908,0,0,0,0,0,0,0
TXN00012004,2026-01-01 00:00:00,USR24034,MCH6640,0.1934425,UTR5811706758,,SUCCESS,TXN00012004,USR24034,MCH6640,UTR 5811706758,0,0,1,0,0,0,0
TXN00004651,2026-05-02 19:59:53,USR54397,MCH4628,0.135033,UTR5024030058,0110,SUCCESS,TXN00004651,USR54397,MCH4628,UTR5024030058,0,0,0,0,0,0,0
TXN00018583,2026-01-27 06:19:48,USR43682,MCH7815,2852.44,UTR9550427570,4110,SUCCESS,TXN00018583,USR43682,MCH7815,UTR9550427570,0,0,0,0,0,0,0
TXN00002437,2026-01-19 15:24:16,USR92324,MCH5151,9643.94,UTR5139185700,8120,SUCCESS,TXN00002437,USR92324,MCH5151,UTR5139185700,0,0,0,0,0,0,0
TXN00003413,2026-03-20 12:40:22,USR63819,MCH5907,570.42,UTR5475919017,4110,FAILED,TXN00003413,USR63819,MCH5907,UTR5475919017,0,0,0,0,0,1,0
TXN00008008,2026-01-11 02:10:14,USR87284,MCH9034,0.644156,UTR5074018159,4110,FAILED,TXN00008008,USR87284,MCH9034,UTR 5074018159,0,0,0,0,0,1,0
TXN00013523,2026-01-03 05:52:03,USR90702,MCH2533,0.323831,UTR8442663594,4110,SUCCESS,TXN00013523,USR90702,MCH2533,UTR8442663594,0,0,0,0,0,0,0
TXN00010919,2026-02-09 06:41:54,USR76326,MCH8198,15234.47,UTR4255841970,4110,SUCCESS,TXN00010919,USR76326,MCH8198,UTR4255841970,0,0,0,0,0,0,0
TXN00003759,2026-03-31 12:56:33,USR24085,MCH5661,10754.64,UTR9868690712,1310,SUCCESS,TXN00003759,USR24085,MCH5661,UTR9868690712,0,0,0,0,0,0,0
TXN00000614,2026-01-16 10:57:28,USR92611,MCH5590,2053.16,UTR3070761104,9120,SUCCESS,TXN00000614,USR92611,MCH5590,UTR3070761104,0,0,0,0,0,0,0
TXN00001108,2026-03-10 01:52:35,USR44172,MCH1073,18958.38,UTR8495504530,4110,SUCCESS,TXN00001108,USR44172,MCH1073,UTR8495504530,0,0,0,0,0,0,0
TXN00011865,2026-03-14 05:33:00,USR88280,MCH6116,19734.62,UTR8942032736,,SUCCESS,TXN00011865,USR88280,MCH6116,UTR8942032736,0,0,1,0,0,0,0
TXN00018212,2026-03-22 20:23:35,USR79275,MCH2895,4605.96,UTR4973249200,9120,SUCCESS,TXN00018212,USR79275,MCH2895,UTR4973249200,0,0,0,0,0,0,0
TXN00011051,2026-02-09 00:00:00,USR67816,MCH4995,586.91,UTR5388387614,,SUCCESS,TXN00011051,USR67816,MCH4995,UTR5388387614,0,0,1,0,0,0,0
TXN00013438,2026-03-22 08:08:14,USR12916,MCH8354,19465.86,UTR4913881782,0110,PENDING,TXN00013438,USR12916,MCH8354,UTR4913881782,0,0,0,0,0,0,1
TXN00006781,2026-03-02 06:00:48,USR36062,MCH6762,8881.83,UTR7045820150,9120,SUCCESS,TXN00006781,USR36062,MCH6762,UTR7045820150,0,0,0,0,0,0,0
TXN00008829,2026-01-25 00:27:55,USR11709,MCH4468,9792.44,UTR3612280593,9120,SUCCESS,TXN00008829,USR11709,MCH4468,UTR3612280593,0,0,0,0,0,0,0
TXN00011975,2026-03-21 15:18:02,USR55986,MCH6665,3961.73,UTR8338918944,8120,SUCCESS,TXN00011975,USR55986,MCH6665,UTR8338918944,0,0,0,0,0,0,0
TXN00009183,2026-01-01 15:18:58,USR63860,MCH1206,2857.0,UTR0758872416,4110,SUCCESS,TXN00009183,USR63860,MCH1206,UTR0758872416,0,0,0,0,0,0,0
TXN00016985,2026-03-13 04:18:31,USR20982,MCH3001,7372.51,UTR4602916590,8120,SUCCESS,TXN00016985,USR20982,MCH3001,UTR4602916590,0,0,0,0,0,0,0
TXN00012486,2026-02-27 00:17:40,USR95503,MCH5136,5296.1,UTR6941051497,8120,SUCCESS,TXN00012486,USR95503,MCH5136,UTR6941051497,0,0,0,0,0,0,0
TXN00006135,2026-06-01 15:10:53,USR87879,MCH1915,460.54,UTR6252558660,0110,SUCCESS,TXN00006135,USR87879,MCH1915,UTR6252558660,0,0,0,0,0,0,0
TXN00016618,2026-02-16 08:27:37,USR88153,MCH4582,8105.15,UTR3593627912,4110,FAILED,TXN00016618,USR88153,MCH4582,UTR3593627912,0,0,0,0,0,1,0
TXN00018575,2026-02-28 01:47:05,USR73195,MCH1376,4014.12,UTR7643299293,,FAILED,TXN00018575,USR73195,MCH1376,UTR7643299293,0,0,1,0,0,1,0
TXN00007397,2026-01-07 16:24:56,USR86021,MCH9159,0.407084,UTR9056744582,4110,SUCCESS,TXN00007397,USR86021,MCH9159,UTR9056744582,0,0,0,0,0,0,0
TXN00009958,2026-03-13 23:39:18,USR40800,MCH4365,18920.06,UTR3119168117,4110,FAILED,TXN00009958,USR40800,MCH4365,UTR3119168117,0,0,0,0,0,1,0
TXN00007534,2026-03-13 10:29:50,USR76417,MCH5504,12509.95,UTR4711397916,9120,SUCCESS,TXN00007534,USR76417,MCH5504,UTR4711397916,0,0,0,0,0,0,0
TXN00016565,2026-01-28 20:13:13,USR53178,MCH8998,22573.95,UTR2531966376,4110,SUCCESS,TXN00016565,USR53178,MCH8998,UTR2531966376,0,0,0,0,0,0,0
TXN00006626,2026-03-17 20:03:06,USR34398,MCH7645,4300.24,UTR3986828117,0110,SUCCESS,TXN00006626,USR34398,MCH7645,UTR3986828117,0,0,0,0,0,0,0
TXN00015751,2026-03-28 17:48:52,USR27565,MCH2169,11425.84,UTR1417285828,1310,SUCCESS,TXN00015751,USR27565,MCH2169,UTR 1417285828,0,0,0,0,0,0,0
TXN00015117,2026-01-13 08:54:15,USR77303,MCH1401,0.167678,UTR9329998430,9120,SUCCESS,TXN00015117,USR77303,MCH1401,UTR9329998430,0,0,0,0,0,0,0
TXN00001256,2026-01-10 15:13:51,USR36952,MCH3913,10763.34,UTR5084163107,,SUCCESS,TXN00001256,USR36952,MCH3913,UTR5084163107,0,0,1,0,0,0,0
TXN00018254,2026-02-16 15:34:04,USR42791,MCH6974,11590.45,UTR8732590145,1310,SUCCESS,TXN00018254,USR42791,MCH6974,UTR8732590145,0,0,0,0,0,0,0
TXN00017297,2026-03-08 17:36:35,USR93139,MCH9848,21877.72,UTR7356654321,1310,SUCCESS,TXN00017297,USR93139,MCH9848,UTR7356654321,0,0,0,0,0,0,0
TXN00001795,2026-03-30 20:42:03,USR52445,MCH3124,1051.41,UTR4363078113,1310,FAILED,TXN00001795,USR52445,MCH3124,UTR4363078113,0,0,0,0,0,1,0
TXN00015167,2026-03-22 08:48:01,USR94179,MCH5867,1193.0,UTR9596773311,0110,SUCCESS,TXN00015167,USR94179,MCH5867,UTR9596773311,0,0,0,0,0,0,0
TXN00011820,2026-01-29 22:20:30,USR38720,MCH1939,7745.73,UTR2231995093,0110,SUCCESS,TXN00011820,USR38720,MCH1939,UTR2231995093,0,0,0,0,0,0,0
TXN00002252,2026-03-02 22:06:12,USR70559,MCH5289,22741.57,UTR6074510201,0110,SUCCESS,TXN00002252,USR70559,MCH5289,UTR6074510201,0,0,0,0,0,0,0
TXN00001923,2026-10-02 20:54:33,USR79438,MCH1631,15494.0,UTR8902315756,4110,SUCCESS,TXN00001923,USR79438,MCH1631,UTR8902315756,0,0,0,0,0,0,0
TXN00014731,2026-02-24 21:57:48,USR94935,MCH8895,24233.56,UTR7629507703,0110,SUCCESS,TXN00014731,USR94935,MCH8895,UTR7629507703,0,0,0,0,0,0,0
TXN00019162,2026-05-01 09:24:41,USR89800,MCH3520,11389.64,UTR3168608864,8120,SUCCESS,TXN00019162,USR89800,MCH3520,UTR3168608864,0,0,0,0,0,0,0
TXN00018753,2026-01-27 05:50:28,USR31976,MCH3078,7380.2,UTR5247749732,4110,SUCCESS,TXN00018753,USR31976,MCH3078,UTR5247749732,0,0,0,0,0,0,0
TXN00005276,2026-03-12 08:02:46,USR47876,MCH6896,5695.0,UTR8603411529,,PENDING,TXN00005276,USR47876,MCH6896,UTR8603411529,0,0,1,0,0,0,1
TXN00016957,2026-01-16 14:25:58,USR72629,MCH6835,4077.1,UTR0970756197,8120,SUCCESS,TXN00016957,USR72629,MCH6835,UTR0970756197,0,0,0,0,0,0,0
TXN00014861,2026-02-18 19:10:29,USR53231,MCH9098,7121.0,UTR7120935149,4110,FAILED,TXN00014861,USR53231,MCH9098,UTR7120935149,0,0,0,0,0,1,0
TXN00015197,2026-03-20 16:24:44,USR95690,MCH7250,0.2045456,UTR2570156590,4110,SUCCESS,TXN00015197,USR95690,MCH7250,UTR2570156590,0,0,0,0,0,0,0
TXN00009179,2026-02-12 21:38:39,USR94948,MCH4357,14082.53,UTR3030306503,9120,SUCCESS,TXN00009179,USR94948,MCH4357,UTR3030306503,0,0,0,0,0,0,0
TXN00003702,2026-02-10 00:00:00,USR88398,MCH7336,16965.71,UTR1394013942,,SUCCESS,TXN00003702,USR88398,MCH7336,UTR1394013942,0,0,1,0,0,0,0
TXN00009300,2026-01-29 04:53:10,USR21417,MCH2379,-2471.38,,4110,SUCCESS,TXN00009300,USR21417,MCH2379,,1,1,0,0,0,0,0
TXN00007101,2026-03-07 04:13:55,USR18398,MCH2902,-239.05,UTR4854773745,9120,SUCCESS,TXN00007101,USR18398,MCH2902,UTR4854773745,1,0,0,0,0,0,0
TXN00006698,2026-02-04 04:46:24,USR97388,MCH5275,8894.69,UTR3586813884,9120,SUCCESS,TXN00006698,USR97388,MCH5275,UTR3586813884,0,0,0,0,0,0,0
TXN00011784,2026-03-19 09:14:56,USR92283,MCH9580,18205.33,UTR2596098136,1310,SUCCESS,TXN00011784,USR92283,MCH9580,UTR2596098136,0,0,0,0,0,0,0
TXN00018211,2026-01-03 09:27:12,USR39287,MCH8769,7073.56,UTR9933660212,4110,FAILED,TXN00018211,USR39287,MCH8769,UTR9933660212,0,0,0,0,0,1,0
TXN00008131,2026-03-08 11:19:39,USR21400,MCH8616,19461.51,UTR9348623621,1310,SUCCESS,TXN00008131,USR21400,MCH8616,UTR9348623621,0,0,0,0,0,0,0
TXN00000348,2026-03-19 17:30:56,USR77809,MCH6230,1142.15,UTR6900300142,8120,SUCCESS,TXN00000348,USR77809,MCH6230,UTR6900300142,0,0,0,0,0,0,0
TXN00001508,2026-03-09 17:17:20,USR36041,MCH5087,13344.73,UTR7178178797,9120,SUCCESS,TXN00001508,USR36041,MCH5087,UTR7178178797,0,0,0,0,0,0,0
TXN00016756,2026-01-15 19:07:15,USR54294,MCH1089,0.1584998,UTR5080382789,1310,SUCCESS,TXN00016756,USR54294,MCH1089,UTR5080382789,0,0,0,0,0,0,0
TXN00011303,2026-02-04 03:07:58,USR65341,MCH1652,13716.6,UTR5927938437,0110,SUCCESS,TXN00011303,USR65341,MCH1652,UTR5927938437,0,0,0,0,0,0,0
TXN00000541,2026-03-16 20:50:16,USR54951,MCH1772,23851.74,UTR0704666103,1310,SUCCESS,TXN00000541,USR54951,MCH1772,UTR0704666103,0,0,0,0,0,0,0
TXN00017372,2026-03-31 13:13:36,USR13681,MCH7815,8120.86,UTR3498416337,0110,SUCCESS,TXN00017372,USR13681,MCH7815,UTR3498416337,0,0,0,0,0,0,0
TXN00016882,2026-02-17 05:08:58,USR38468,MCH5843,20313.27,UTR2285484040,8120,SUCCESS,TXN00016882,USR38468,MCH5843,UTR2285484040,0,0,0,0,0,0,0
TXN00017670,2026-03-21 00:00:00,USR97041,MCH9816,14241.6,UTR0063220034,0110,SUCCESS,TXN00017670,USR97041,MCH9816,UTR0063220034,0,0,0,0,0,0,0
TXN00003983,2026-10-03 05:44:52,USR31889,MCH6183,5615.72,UTR0300194980,9120,SUCCESS,TXN00003983,USR31889,MCH6183,UTR 0300194980,0,0,0,0,0,0,0
TXN00017390,2026-03-19 02:23:09,USR58446,MCH4992,5886.54,,1310,SUCCESS,TXN00017390,USR58446,MCH4992,,0,1,0,0,0,0,0
TXN00013439,2026-02-28 09:09:21,USR63025,MCH2983,21386.85,UTR9424008841,0110,SUCCESS,TXN00013439,USR63025,MCH2983,UTR9424008841,0,0,0,0,0,0,0
TXN00010207,2026-07-02 23:51:57,USR94640,MCH4851,19715.91,UTR6893106176,1310,SUCCESS,TXN00010207,USR94640,MCH4851,UTR6893106176,0,0,0,0,0,0,0
TXN00015307,2026-01-30 00:00:00,USR94354,MCH7053,15094.01,UTR7862809661,4110,PENDING,TXN00015307,USR94354,MCH7053,UTR7862809661,0,0,0,0,0,0,1
TXN00017561,2026-03-30 09:33:11,USR85950,MCH7847,0.160274,UTR0237244414,4110,SUCCESS,TXN00017561,USR85950,MCH7847,UTR0237244414,0,0,0,0,0,0,0
TXN00002865,2026-03-28 12:57:12,USR88983,MCH8169,10920.99,UTR8308925321,4110,SUCCESS,TXN00002865,USR88983,MCH8169,UTR8308925321,0,0,0,0,0,0,0
TXN00012355,2026-03-16 20:16:29,USR72959,MCH8748,13433.0,UTR6810353207,0110,SUCCESS,TXN00012355,USR72959,MCH8748,UTR6810353207,0,0,0,0,0,0,0
TXN00015964,2026-03-28 21:44:55,USR57254,MCH8812,6640.01,UTR9527440711,4110,SUCCESS,TXN00015964,USR57254,MCH8812,UTR 9527440711,0,0,0,0,0,0,0
TXN00003558,2026-02-14 08:25:03,USR22982,MCH9695,0.1220098,UTR7321262607,1310,SUCCESS,TXN00003558,USR22982,MCH9695,UTR7321262607,0,0,0,0,0,0,0
TXN00000560,2026-01-04 11:57:05,USR92756,MCH1180,15511.54,UTR7143405063,9120,SUCCESS,TXN00000560,USR92756,MCH1180,UTR7143405063,0,0,0,0,0,0,0
TXN00018160,2026-02-24 21:34:43,USR96236,MCH1478,0.1949827,UTR9627651894,4110,FAILED,TXN00018160,USR96236,MCH1478,UTR9627651894,0,0,0,0,0,1,0
TXN00018542,2026-01-26 07:53:49,USR82112,MCH2708,24079.31,UTR4769998877,9120,SUCCESS,TXN00018542,USR82112,MCH2708,UTR4769998877,0,0,0,0,0,0,0
TXN00010642,2026-03-09 15:19:13,USR82912,MCH3955,0.2235863,UTR2747883867,,SUCCESS,TXN00010642,USR82912,MCH3955,UTR2747883867,0,0,1,0,0,0,0
TXN00016217,2026-01-16 02:40:15,USR19326,MCH1032,3285.0,UTR7221286872,4110,FAILED,TXN00016217,USR19326,MCH1032,UTR7221286872,0,0,0,0,0,1,0
TXN00013977,2026-02-20 08:56:23,USR83229,MCH3935,14996.16,UTR9736502627,,SUCCESS,TXN00013977,USR83229,MCH3935,UTR9736502627,0,0,1,0,0,0,0
TXN00003380,2026-01-18 01:37:02,USR22845,MCH5567,17476.73,UTR2603730660,1310,SUCCESS,TXN00003380,USR22845,MCH5567,UTR2603730660,0,0,0,0,0,0,0
TXN00014210,2026-01-31 01:47:11,USR76483,MCH9147,604.91,UTR0122911661,4110,SUCCESS,TXN00014210,USR76483,MCH9147,UTR0122911661,0,0,0,0,0,0,0
TXN00003386,2026-02-18 02:19:41,USR74265,MCH7912,21980.85,UTR9195153061,,SUCCESS,TXN00003386,USR74265,MCH7912,UTR9195153061,0,0,1,0,0,0,0
TXN00015635,2026-01-23 05:03:32,USR12116,MCH3698,10187.09,UTR4225172303,,SUCCESS,TXN00015635,USR12116,MCH3698,UTR4225172303,0,0,1,0,0,0,0
TXN00016183,2026-01-18 03:49:22,USR84870,MCH9951,11247.04,UTR2102401895,0110,SUCCESS,TXN00016183,USR84870,MCH9951,UTR2102401895,0,0,0,0,0,0,0
TXN00017985,2026-01-15 06:50:25,USR93098,MCH8057,18466.36,UTR9714108318,0110,SUCCESS,TXN00017985,USR93098,MCH8057,UTR9714108318,0,0,0,0,0,0,0
TXN00010045,2026-03-03 21:18:21,USR79588,MCH5119,19104.68,UTR7479874255,8120,SUCCESS,TXN00010045,USR79588,MCH5119,UTR7479874255,0,0,0,0,0,0,0
TXN00009331,2026-01-30 21:09:43,USR82564,MCH1647,17394.98,UTR4083172712,1310,SUCCESS,TXN00009331,USR82564,MCH1647,UTR4083172712,0,0,0,0,0,0,0
TXN00015024,2026-01-13 09:56:18,USR93620,MCH9134,19330.74,,4110,SUCCESS,TXN00015024,USR93620,MCH9134,,0,1,0,0,0,0,0
TXN00004185,2026-02-06 21:12:27,USR20481,MCH9200,3338.92,UTR9769795878,,SUCCESS,TXN00004185,USR20481,MCH9200,UTR9769795878,0,0,1,0,0,0,0
TXN00000096,2026-02-05 10:07:14,USR33920,MCH3065,12349.95,UTR2139408331,0110,SUCCESS,TXN00000096,USR33920,MCH3065,UTR2139408331,0,0,0,0,0,0,0
TXN00000677,2026-01-05 07:25:41,USR77021,MCH1173,2810.0,UTR9388306669,0110,SUCCESS,TXN00000677,USR77021,MCH1173,UTR9388306669,0,0,0,0,0,0,0
TXN00018730,2026-01-23 09:11:15,USR83234,MCH1165,12593.93,UTR6855004701,,SUCCESS,TXN00018730,USR83234,MCH1165,UTR6855004701,0,0,1,0,0,0,0
TXN00001661,2026-02-16 21:57:23,USR73945,MCH9631,15018.85,UTR1630934299,1310,SUCCESS,TXN00001661,USR73945,MCH9631,UTR1630934299,0,0,0,0,0,0,0
TXN00010346,2026-03-01 08:15:34,USR79054,MCH1777,0.1087085,UTR2678014283,4110,SUCCESS,TXN00010346,USR79054,MCH1777,UTR2678014283,0,0,0,0,0,0,0
TXN00016895,2026-03-04 03:48:44,USR59393,MCH2315,17606.02,UTR4898614522,,SUCCESS,TXN00016895,USR59393,MCH2315,UTR4898614522,0,0,1,0,0,0,0
TXN00003480,2026-03-28 04:43:38,USR66357,MCH3877,10053.16,UTR4267031944,4110,SUCCESS,TXN00003480,USR66357,MCH3877,UTR4267031944,0,0,0,0,0,0,0
TXN00013109,2026-03-21 12:41:59,USR43023,MCH5067,24239.0,UTR6899411741,4110,SUCCESS,TXN00013109,USR43023,MCH5067,UTR6899411741,0,0,0,0,0,0,0
TXN00002255,2026-03-21 12:17:18,USR17396,MCH4911,21975.68,UTR7969748548,4110,SUCCESS,TXN00002255,USR17396,MCH4911,UTR7969748548,0,0,0,0,0,0,0
TXN00003200,2026-01-05 23:39:58,USR85597,MCH2522,9824.34,UTR1282554474,4110,SUCCESS,TXN00003200,USR85597,MCH2522,UTR 1282554474,0,0,0,0,0,0,0
TXN00008159,2026-01-05 19:39:03,USR69889,MCH8171,10063.34,UTR8665576399,1310,SUCCESS,TXN00008159,USR69889,MCH8171,UTR8665576399,0,0,0,0,0,0,0
TXN00019327,2026-02-02 13:23:32,USR48342,MCH8689,0.35398,UTR0621251257,,SUCCESS,TXN00019327,USR48342,MCH8689,UTR0621251257,0,0,1,0,0,0,0
TXN00002043,2026-03-14 20:17:20,USR42272,MCH4309,13089.54,UTR0559582940,4110,SUCCESS,TXN00002043,USR42272,MCH4309,UTR0559582940,0,0,0,0,0,0,0
TXN00015464,2026-03-25 02:49:22,USR75353,MCH8736,7352.11,UTR6396908034,8120,SUCCESS,TXN00015464,USR75353,MCH8736,UTR6396908034,0,0,0,0,0,0,0
TXN00013739,2026-01-24 01:09:09,USR11435,MCH3509,4099.41,UTR4934051922,4110,SUCCESS,TXN00013739,USR11435,MCH3509,UTR4934051922,0,0,0,0,0,0,0
TXN00005980,2026-02-24 12:17:23,USR24761,MCH5438,14399.05,UTR1259191281,,SUCCESS,TXN00005980,USR24761,MCH5438,UTR1259191281,0,0,1,0,0,0,0
TXN00017972,2026-01-12 22:31:13,USR96712,MCH3270,0.1603396,UTR8520897347,8120,SUCCESS,TXN00017972,USR96712,MCH3270,UTR8520897347,0,0,0,0,0,0,0
TXN00009754,2026-02-19 13:22:25,USR92614,MCH1932,19214.01,UTR1518670419,9120,SUCCESS,TXN00009754,USR92614,MCH1932,UTR1518670419,0,0,0,0,0,0,0
TXN00005522,2026-01-25 05:28:20,USR37355,MCH6952,14438.06,UTR9780116550,9120,SUCCESS,TXN00005522,USR37355,MCH6952,UTR9780116550,0,0,0,0,0,0,0
TXN00017868,2026-02-25 01:49:38,USR86510,MCH5372,7469.37,UTR3438402448,4110,FAILED,TXN00017868,USR86510,MCH5372,UTR3438402448,0,0,0,0,0,1,0
TXN00008811,2026-03-10 21:41:41,USR46535,MCH9311,5084.73,UTR0901691260,8120,SUCCESS,TXN00008811,USR46535,MCH9311,UTR0901691260,0,0,0,0,0,0,0
TXN00015027,2026-01-09 10:56:02,USR72341,MCH5520,7612.0,UTR2187457219,1310,SUCCESS,TXN00015027,USR72341,MCH5520,UTR2187457219,0,0,0,0,0,0,0
TXN00010518,2026-03-28 21:41:08,USR28135,MCH1952,13610.0,UTR3312428670,9120,FAILED,TXN00010518,USR28135,MCH1952,UTR 3312428670,0,0,0,0,0,1,0
TXN00001316,2026-03-31 10:32:03,USR28378,MCH6996,16093.01,UTR6590433960,9120,SUCCESS,TXN00001316,USR28378,MCH6996,UTR6590433960,0,0,0,0,0,0,0
TXN00013208,2026-03-10 12:12:30,USR65529,MCH9915,21010.0,UTR2499931572,8120,FAILED,TXN00013208,USR65529,MCH9915,UTR2499931572,0,0,0,0,0,1,0
TXN00013119,2026-02-10 13:01:14,USR47679,MCH3054,23970.44,UTR8467911659,0110,SUCCESS,TXN00013119,USR47679,MCH3054,UTR8467911659,0,0,0,0,0,0,0
TXN00000154,2026-03-14 07:57:00,USR55471,MCH2329,0.1224142,UTR9999459913,4110,SUCCESS,TXN00000154,USR55471,MCH2329,UTR9999459913,0,0,0,0,0,0,0
TXN00015645,2026-01-09 18:02:34,USR46186,MCH9110,6233.01,UTR8357755798,8120,SUCCESS,TXN00015645,USR46186,MCH9110,UTR8357755798,0,0,0,0,0,0,0
TXN00000479,2026-02-19 02:47:48,USR66811,MCH4128,0.2423287,UTR2291759980,8120,SUCCESS,TXN00000479,USR66811,MCH4128,UTR2291759980,0,0,0,0,0,0,0
TXN00006073,2026-09-01 16:05:01,USR40003,MCH4552,4229.79,UTR2119145355,1310,SUCCESS,TXN00006073,USR40003,MCH4552,UTR2119145355,0,0,0,0,0,0,0
TXN00010751,2026-03-10 05:44:39,USR72611,MCH1607,10666.83,UTR8322559615,4110,SUCCESS,TXN00010751,USR72611,MCH1607,UTR8322559615,0,0,0,0,0,0,0
TXN00002055,2026-02-19 06:21:24,USR87481,MCH5555,21250.88,UTR9783997342,4110,SUCCESS,TXN00002055,USR87481,MCH5555,UTR 9783997342,0,0,0,0,0,0,0
TXN00008431,2026-03-04 00:47:01,USR88654,MCH8374,4985.07,UTR2277889072,9120,SUCCESS,TXN00008431,USR88654,MCH8374,UTR2277889072,0,0,0,0,0,0,0
TXN00008338,2026-03-30 00:00:00,USR50744,MCH5648,12164.0,UTR1113733113,1310,SUCCESS,TXN00008338,USR50744,MCH5648,UTR1113733113,0,0,0,0,0,0,0
TXN00002184,2026-03-10 07:40:22,USR15478,MCH2820,0.760562,UTR9303322353,9120,SUCCESS,TXN00002184,USR15478,MCH2820,UTR9303322353,0,0,0,0,0,0,0
TXN00004685,2026-01-13 16:18:23,USR27946,MCH8328,19389.88,UTR8305350790,9120,SUCCESS,TXN00004685,USR27946,MCH8328,UTR8305350790,0,0,0,0,0,0,0
TXN00004912,2026-02-19 15:25:34,USR36335,MCH4493,13854.29,UTR4182097308,9120,SUCCESS,TXN00004912,USR36335,MCH4493,UTR4182097308,0,0,0,0,0,0,0
TXN00018988,2026-02-27 09:39:35,USR66183,MCH9351,3515.3,UTR8447592514,4110,SUCCESS,TXN00018988,USR66183,MCH9351,UTR8447592514,0,0,0,0,0,0,0
TXN00017656,2026-03-04 19:55:55,USR31816,MCH2303,17737.98,UTR4780516209,9120,PENDING,TXN00017656,USR31816,MCH2303,UTR4780516209,0,0,0,0,0,0,1
TXN00010535,2026-01-23 02:46:14,USR92349,MCH9448,-14925.45,,4110,PENDING,TXN00010535,USR92349,MCH9448,,1,1,0,0,0,0,1
TXN00008998,2026-03-01 21:51:09,USR93816,MCH7231,24443.04,UTR1801673960,8120,SUCCESS,TXN00008998,USR93816,MCH7231,UTR1801673960,0,0,0,0,0,0,0
TXN00014860,2026-01-18 16:03:15,USR17577,MCH1479,21060.5,UTR5788646091,,SUCCESS,TXN00014860,USR17577,MCH1479,UTR5788646091,0,0,1,0,0,0,0
TXN00003441,2026-02-01 20:07:28,USR31331,MCH8999,8554.21,UTR4083787638,9120,PENDING,TXN00003441,USR31331,MCH8999,UTR4083787638,0,0,0,0,0,0,1
TXN00000229,2026-01-16 16:26:11,USR65822,MCH2356,22302.24,UTR8454991403,9120,SUCCESS,TXN00000229,USR65822,MCH2356,UTR8454991403,0,0,0,0,0,0,0
TXN00005218,2026-04-01 00:25:35,USR20506,MCH9735,18561.82,UTR7709735104,0110,SUCCESS,TXN00005218,USR20506,MCH9735,UTR7709735104,0,0,0,0,0,0,0
TXN00017775,2026-01-25 04:04:55,USR99244,MCH9499,24297.92,UTR9368735721,4110,SUCCESS,TXN00017775,USR99244,MCH9499,UTR9368735721,0,0,0,0,0,0,0
TXN00004919,2026-02-07 22:28:13,USR38909,MCH6714,18997.99,UTR4521411980,,SUCCESS,TXN00004919,USR38909,MCH6714,UTR4521411980,0,0,1,0,0,0,0
TXN00016693,2026-02-18 21:25:21,USR31067,MCH7190,19554.0,UTR7047920969,4110,SUCCESS,TXN00016693,USR31067,MCH7190,UTR7047920969,0,0,0,0,0,0,0
TXN00011238,2026-03-28 09:12:45,USR61496,MCH3240,21906.0,UTR3723071043,4110,SUCCESS,TXN00011238,USR61496,MCH3240,UTR3723071043,0,0,0,0,0,0,0
TXN00004098,2026-03-18 02:35:48,USR53444,MCH1447,2049.15,UTR7967423773,0110,FAILED,TXN00004098,USR53444,MCH1447,UTR7967423773,0,0,0,0,0,1,0
TXN00003626,2026-03-01 04:58:37,USR70883,MCH3648,6588.55,UTR8563919962,,SUCCESS,TXN00003626,USR70883,MCH3648,UTR8563919962,0,0,1,0,0,0,0
TXN00012992,2026-04-02 00:20:40,USR16470,MCH5550,12965.0,UTR4063388417,9120,SUCCESS,TXN00012992,USR16470,MCH5550,UTR4063388417,0,0,0,0,0,0,0
TXN00005010,2026-02-19 09:38:52,USR63835,MCH6335,10764.0,UTR8888274737,9120,SUCCESS,TXN00005010,USR63835,MCH6335,UTR8888274737,0,0,0,0,0,0,0
TXN00017688,2026-03-05 14:56:05,USR62513,MCH7986,21324.15,UTR4210085883,,SUCCESS,TXN00017688,USR62513,MCH7986,UTR4210085883,0,0,1,0,0,0,0
TXN00004997,2026-01-17 04:51:42,USR41610,MCH5147,2993.33,UTR5887602409,1310,SUCCESS,TXN00004997,USR41610,MCH5147,UTR5887602409,0,0,0,0,0,0,0
TXN00019470,2026-03-18 00:07:16,USR26257,MCH8951,10139.74,UTR4579166508,9120,SUCCESS,TXN00019470,USR26257,MCH8951,UTR4579166508,0,0,0,0,0,0,0
TXN00009853,2026-09-02 21:19:17,USR96249,MCH3638,1402.83,UTR9994007270,4110,SUCCESS,TXN00009853,USR96249,MCH3638,UTR9994007270,0,0,0,0,0,0,0
TXN00002779,2026-02-09 00:00:00,USR89537,MCH1418,0.1114409,UTR6747642299,0110,SUCCESS,TXN00002779,USR89537,MCH1418,UTR6747642299,0,0,0,0,0,0,0
TXN00004729,2026-01-17 01:42:05,USR20441,MCH2439,18559.88,UTR7500849852,8120,PENDING,TXN00004729,USR20441,MCH2439,UTR 7500849852,0,0,0,0,0,0,1
TXN00014813,2026-03-13 06:11:19,USR95316,MCH9385,12536.0,UTR3807521656,4110,SUCCESS,TXN00014813,USR95316,MCH9385,UTR3807521656,0,0,0,0,0,0,0
TXN00009078,2026-02-26 20:11:31,USR11038,MCH5058,19084.5,UTR5481591138,4110,SUCCESS,TXN00009078,USR11038,MCH5058,UTR 5481591138,0,0,0,0,0,0,0
TXN00010659,2026-01-24 05:03:20,USR44329,MCH2272,11158.4,UTR3231346686,9120,SUCCESS,TXN00010659,USR44329,MCH2272,UTR3231346686,0,0,0,0,0,0,0
TXN00012440,2026-03-23 16:55:32,USR40698,MCH9706,6118.86,UTR5900942921,1310,SUCCESS,TXN00012440,USR40698,MCH9706,UTR5900942921,0,0,0,0,0,0,0
TXN00000040,2026-03-15 16:08:57,USR68114,MCH8254,11009.41,UTR0365311787,,SUCCESS,TXN00000040,USR68114,MCH8254,UTR0365311787,0,0,1,0,0,0,0
TXN00010384,2026-02-02 13:46:49,USR40794,MCH7552,21553.48,UTR6619118882,1310,PENDING,TXN00010384,USR40794,MCH7552,UTR6619118882,0,0,0,0,0,0,1
TXN00005255,2026-01-20 04:47:30,USR25093,MCH7220,21575.36,UTR2939726311,0110,SUCCESS,TXN00005255,USR25093,MCH7220,UTR2939726311,0,0,0,0,0,0,0
TXN00003042,2026-01-25 01:41:34,USR37372,MCH8669,24267.21,UTR3727437284,,SUCCESS,TXN00003042,USR37372,MCH8669,UTR3727437284,0,0,1,0,0,0,0
TXN00002159,2026-01-30 22:40:09,USR42266,MCH6908,0.1126427,UTR4192065802,4110,SUCCESS,TXN00002159,USR42266,MCH6908,UTR4192065802,0,0,0,0,0,0,0
TXN00000140,2026-03-11 16:51:41,USR55725,MCH5563,24294.83,UTR8544449130,0110,SUCCESS,TXN00000140,USR55725,MCH5563,UTR8544449130,0,0,0,0,0,0,0
TXN00011407,2026-01-18 09:47:34,USR61891,MCH1357,4805.0,UTR1105444484,1310,SUCCESS,TXN00011407,USR61891,MCH1357,UTR1105444484,0,0,0,0,0,0,0
TXN00009330,2026-01-07 14:04:10,USR94516,MCH2195,20243.76,UTR6758483288,0110,SUCCESS,TXN00009330,USR94516,MCH2195,UTR6758483288,0,0,0,0,0,0,0
TXN00000426,2026-02-21 13:36:48,USR64664,MCH7109,13742.73,UTR4121250262,0110,SUCCESS,TXN00000426,USR64664,MCH7109,UTR4121250262,0,0,0,0,0,0,0
TXN00010214,2026-02-16 10:08:44,USR15602,MCH1163,14263.98,UTR7155202305,4110,SUCCESS,TXN00010214,USR15602,MCH1163,UTR7155202305,0,0,0,0,0,0,0
TXN00002476,2026-02-05 08:52:44,USR83618,MCH6279,21750.53,UTR3810556629,4110,SUCCESS,TXN00002476,USR83618,MCH6279,UTR 3810556629,0,0,0,0,0,0,0
TXN00002261,2026-01-15 05:14:23,USR18342,MCH7780,19349.25,UTR1473960147,9120,SUCCESS,TXN00002261,USR18342,MCH7780,UTR1473960147,0,0,0,0,0,0,0
TXN00018741,2026-01-04 11:34:39,USR39863,MCH7200,0.1259007,UTR7727272531,,FAILED,TXN00018741,USR39863,MCH7200,UTR7727272531,0,0,1,0,0,1,0
TXN00009901,2026-02-21 22:43:04,USR36079,MCH9267,588.0,UTR9550523276,4110,SUCCESS,TXN00009901,USR36079,MCH9267,UTR9550523276,0,0,0,0,0,0,0
TXN00010239,2026-01-06 08:36:46,USR80049,MCH6706,20787.1,UTR1264285610,4110,SUCCESS,TXN00010239,USR80049,MCH6706,UTR1264285610,0,0,0,0,0,0,0
TXN00011848,2026-01-25 10:45:19,USR44049,MCH7770,0.2035357,UTR2495452889,9120,SUCCESS,TXN00011848,USR44049,MCH7770,UTR2495452889,0,0,0,0,0,0,0
TXN00017769,2026-02-20 08:28:06,USR55545,MCH7462,10031.24,,0110,SUCCESS,TXN00017769,USR55545,MCH7462,,0,1,0,0,0,0,0
TXN00007925,2026-01-28 15:11:11,USR80837,MCH4786,23510.52,UTR8665560602,1310,PENDING,TXN00007925,USR80837,MCH4786,UTR8665560602,0,0,0,0,0,0,1
TXN00009704,2026-03-16 21:21:37,USR47367,MCH4762,20003.36,UTR9187934513,4110,SUCCESS,TXN00009704,USR47367,MCH4762,UTR9187934513,0,0,0,0,0,0,0
TXN00011298,2026-02-27 01:12:51,USR44610,MCH4304,3304.6,UTR7587895696,4110,SUCCESS,TXN00011298,USR44610,MCH4304,UTR7587895696,0,0,0,0,0,0,0
TXN00009976,2026-01-18 13:18:57,USR27354,MCH1374,4664.26,UTR6714663889,1310,SUCCESS,TXN00009976,USR27354,MCH1374,UTR6714663889,0,0,0,0,0,0,0
TXN00015163,2026-03-14 12:46:32,USR33828,MCH3016,11239.65,UTR9174556146,1310,FAILED,TXN00015163,USR33828,MCH3016,UTR9174556146,0,0,0,0,0,1,0
TXN00002302,2026-01-06 10:53:25,USR17656,MCH2218,14305.5,UTR4982008483,9120,SUCCESS,TXN00002302,USR17656,MCH2218,UTR4982008483,0,0,0,0,0,0,0
TXN00003898,2026-02-10 00:56:36,USR55643,MCH6681,20824.91,UTR7928875190,1310,SUCCESS,TXN00003898,USR55643,MCH6681,UTR7928875190,0,0,0,0,0,0,0
TXN00017696,2026-03-31 00:03:33,USR65156,MCH4800,15018.91,UTR2321388886,4110,SUCCESS,TXN00017696,USR65156,MCH4800,UTR2321388886,0,0,0,0,0,0,0
TXN00003326,2026-02-26 23:24:51,USR19464,MCH5296,18796.0,UTR8442258072,0110,SUCCESS,TXN00003326,USR19464,MCH5296,UTR8442258072,0,0,0,0,0,0,0
TXN00012950,2026-01-26 02:47:30,USR60213,MCH6333,2143.37,UTR0318006792,1310,SUCCESS,TXN00012950,USR60213,MCH6333,UTR0318006792,0,0,0,0,0,0,0
TXN00013004,2026-02-20 10:54:39,USR59068,MCH5300,9223.25,UTR2547924681,8120,SUCCESS,TXN00013004,USR59068,MCH5300,UTR2547924681,0,0,0,0,0,0,0
TXN00018081,2026-01-29 20:50:19,USR71734,MCH5790,8211.76,UTR0957143497,9120,SUCCESS,TXN00018081,USR71734,MCH5790,UTR0957143497,0,0,0,0,0,0,0
TXN00012513,2026-02-08 08:15:45,USR16528,MCH6977,3951.0,UTR0699053873,0110,SUCCESS,TXN00012513,USR16528,MCH6977,UTR0699053873,0,0,0,0,0,0,0
TXN00002803,2026-01-04 00:00:00,USR92773,MCH2425,23593.1,,,SUCCESS,TXN00002803,USR92773,MCH2425,,0,1,1,0,0,0,0
TXN00016434,2026-02-07 09:09:20,USR27467,MCH7395,6505.31,UTR2905965740,9120,FAILED,TXN00016434,USR27467,MCH7395,UTR2905965740,0,0,0,0,0,1,0
TXN00013879,2026-02-21 16:56:32,USR69105,MCH1726,16808.91,UTR4884634888,4110,SUCCESS,TXN00013879,USR69105,MCH1726,UTR4884634888,0,0,0,0,0,0,0
TXN00005684,2026-02-07 14:01:21,USR94559,MCH1533,5300.74,UTR0787002714,1310,SUCCESS,TXN00005684,USR94559,MCH1533,UTR0787002714,0,0,0,0,0,0,0
TXN00002582,2026-03-29 22:48:03,USR55382,MCH6400,22217.59,UTR9952068225,0110,SUCCESS,TXN00002582,USR55382,MCH6400,UTR9952068225,0,0,0,0,0,0,0
TXN00010220,2026-03-20 20:44:22,USR43975,MCH2482,2290.21,UTR6928634152,4110,SUCCESS,TXN00010220,USR43975,MCH2482,UTR6928634152,0,0,0,0,0,0,0
TXN00002736,2026-02-20 10:00:01,USR52515,MCH8404,19632.0,UTR4712494536,1310,SUCCESS,TXN00002736,USR52515,MCH8404,UTR4712494536,0,0,0,0,0,0,0
TXN00017114,2026-12-01 02:48:24,USR51887,MCH6643,22553.91,UTR6370254320,4110,PENDING,TXN00017114,USR51887,MCH6643,UTR6370254320,0,0,0,0,0,0,1
TXN00019592,2026-08-01 04:10:36,USR17855,MCH5735,3902.19,UTR8462642579,4110,SUCCESS,TXN00019592,USR17855,MCH5735,UTR8462642579,0,0,0,0,0,0,0
TXN00011361,2026-01-23 02:14:23,USR25704,MCH9815,19231.98,UTR8391050906,4110,FAILED,TXN00011361,USR25704,MCH9815,UTR8391050906,0,0,0,0,0,1,0
TXN00011377,2026-03-12 02:42:00,USR71589,MCH9037,18610.15,UTR1660925257,,FAILED,TXN00011377,USR71589,MCH9037,UTR1660925257,0,0,1,0,0,1,0
TXN00006998,2026-08-01 01:08:44,USR70521,MCH7750,22790.31,UTR1360953353,8120,FAILED,TXN00006998,USR70521,MCH7750,UTR 1360953353,0,0,0,0,0,1,0
TXN00009786,2026-02-12 06:03:58,USR53688,MCH6420,19212.31,UTR4418810142,1310,SUCCESS,TXN00009786,USR53688,MCH6420,UTR4418810142,0,0,0,0,0,0,0
TXN00002973,2026-02-02 18:42:38,USR18372,MCH3380,19657.0,UTR6977697015,,SUCCESS,TXN00002973,USR18372,MCH3380,UTR6977697015,0,0,1,0,0,0,0
TXN00006840,2026-01-30 05:44:29,USR91654,MCH4487,24200.87,UTR2745779131,9120,SUCCESS,TXN00006840,USR91654,MCH4487,UTR 2745779131,0,0,0,0,0,0,0
TXN00008740,2026-03-26 08:20:22,USR84126,MCH8154,0.1477294,UTR3240344452,1310,SUCCESS,TXN00008740,USR84126,MCH8154,UTR3240344452,0,0,0,0,0,0,0
TXN00004469,2026-03-03 16:49:34,USR87460,MCH4782,-23732.33,,4110,SUCCESS,TXN00004469,USR87460,MCH4782,,1,1,0,0,0,0,0
TXN00015988,2026-01-10 09:45:48,USR17940,MCH7425,7999.0,UTR2145512171,4110,PENDING,TXN00015988,USR17940,MCH7425,UTR2145512171,0,0,0,0,0,0,1
TXN00018802,2026-03-02 02:27:28,USR47337,MCH7707,20770.71,UTR6667688158,8120,SUCCESS,TXN00018802,USR47337,MCH7707,UTR6667688158,0,0,0,0,0,0,0
TXN00013157,2026-02-08 09:20:31,USR38784,MCH9214,4496.41,UTR9539258893,9120,SUCCESS,TXN00013157,USR38784,MCH9214,UTR9539258893,0,0,0,0,0,0,0
TXN00015769,2026-03-28 10:18:27,USR59017,MCH1954,13773.64,UTR2731356484,0110,SUCCESS,TXN00015769,USR59017,MCH1954,UTR2731356484,0,0,0,0,0,0,0
TXN00013323,2026-03-17 22:14:49,USR11584,MCH6409,14289.57,UTR3682161431,,SUCCESS,TXN00013323,USR11584,MCH6409,UTR3682161431,0,0,1,0,0,0,0
TXN00012368,2026-03-15 01:35:18,USR91265,MCH1423,8892.68,UTR7416758643,8120,SUCCESS,TXN00012368,USR91265,MCH1423,UTR7416758643,0,0,0,0,0,0,0
TXN00017528,2026-03-31 03:10:31,USR62774,MCH2095,22600.36,UTR4321126487,0110,SUCCESS,TXN00017528,USR62774,MCH2095,UTR4321126487,0,0,0,0,0,0,0
TXN00009340,2026-02-02 08:36:19,USR97322,MCH2083,11529.63,UTR5429329519,4110,SUCCESS,TXN00009340,USR97322,MCH2083,UTR 5429329519,0,0,0,0,0,0,0
TXN00016861,2026-02-21 22:54:36,USR34144,MCH7763,11156.97,UTR5833317661,4110,SUCCESS,TXN00016861,USR34144,MCH7763,UTR5833317661,0,0,0,0,0,0,0
TXN00001545,2026-01-02 11:45:44,USR71342,MCH1151,0.2407354,UTR7494435867,9120,FAILED,TXN00001545,USR71342,MCH1151,UTR 7494435867,0,0,0,0,0,1,0
TXN00011738,2026-03-16 16:10:39,USR11275,MCH1195,16113.46,UTR9222703826,4110,SUCCESS,TXN00011738,USR11275,MCH1195,UTR9222703826,0,0,0,0,0,0,0
TXN00017789,2026-01-22 23:42:06,USR48039,MCH9751,6067.52,,9120,SUCCESS,TXN00017789,USR48039,MCH9751,,0,1,0,0,0,0,0
TXN00011524,2026-02-13 16:50:42,USR11307,MCH2649,-1746.3,UTR5774360554,1310,SUCCESS,TXN00011524,USR11307,MCH2649,UTR 5774360554,1,0,0,0,0,0,0
TXN00007452,2026-03-18 15:47:52,USR54791,MCH4010,10934.33,UTR0496955324,4110,SUCCESS,TXN00007452,USR54791,MCH4010,UTR0496955324,0,0,0,0,0,0,0
TXN00005329,2026-02-17 01:23:06,USR16951,MCH5940,10994.68,UTR9226692685,8120,SUCCESS,TXN00005329,USR16951,MCH5940,UTR9226692685,0,0,0,0,0,0,0
TXN00019347,2026-01-31 19:53:31,USR53925,MCH2976,0.49992,UTR0098755944,8120,SUCCESS,TXN00019347,USR53925,MCH2976,UTR0098755944,0,0,0,0,0,0,0
TXN00010396,2026-02-12 14:09:16,USR18185,MCH2778,18640.12,UTR7687811072,9120,SUCCESS,TXN00010396,USR18185,MCH2778,UTR7687811072,0,0,0,0,0,0,0
TXN00008412,2026-03-10 02:10:48,USR57739,MCH5356,24516.0,UTR4701267471,8120,SUCCESS,TXN00008412,USR57739,MCH5356,UTR4701267471,0,0,0,0,0,0,0
TXN00018448,2026-03-28 17:31:08,USR48275,MCH7447,11056.27,UTR0061755144,0110,FAILED,TXN00018448,USR48275,MCH7447,UTR0061755144,0,0,0,0,0,1,0
TXN00015602,2026-01-13 06:27:34,USR59486,MCH3296,-24165.71,UTR0001058262,8120,SUCCESS,TXN00015602,USR59486,MCH3296,UTR0001058262,1,0,0,0,0,0,0
TXN00000057,2026-02-03 09:28:29,USR77677,MCH1149,2221.43,UTR2395582355,4110,SUCCESS,TXN00000057,USR77677,MCH1149,UTR2395582355,0,0,0,0,0,0,0
TXN00012076,2026-01-09 15:31:40,USR49496,MCH2431,21884.47,UTR6505257310,8120,SUCCESS,TXN00012076,USR49496,MCH2431,UTR6505257310,0,0,0,0,0,0,0
TXN00018095,2026-02-12 21:42:17,USR43006,MCH8331,13680.51,UTR6418906010,0110,SUCCESS,TXN00018095,USR43006,MCH8331,UTR6418906010,0,0,0,0,0,0,0
TXN00017225,2026-03-10 16:46:16,USR21245,MCH7583,24292.0,UTR8675544628,8120,SUCCESS,TXN00017225,USR21245,MCH7583,UTR8675544628,0,0,0,0,0,0,0
TXN00019643,2026-03-10 05:49:40,USR81769,MCH3675,13274.0,UTR6356650543,4110,SUCCESS,TXN00019643,USR81769,MCH3675,UTR6356650543,0,0,0,0,0,0,0
TXN00015782,2026-03-29 05:40:47,USR52542,MCH7630,17069.22,,8120,SUCCESS,TXN00015782,USR52542,MCH7630,,0,1,0,0,0,0,0
TXN00017878,2026-03-17 06:28:43,USR72471,MCH4233,6561.67,UTR1700334123,,SUCCESS,TXN00017878,USR72471,MCH4233,UTR1700334123,0,0,1,0,0,0,0
TXN00015948,2026-02-16 12:36:21,USR86459,MCH1963,16981.4,UTR0316168689,,SUCCESS,TXN00015948,USR86459,MCH1963,UTR0316168689,0,0,1,0,0,0,0
TXN00011015,2026-01-09 12:07:10,USR96975,MCH2189,21876.0,UTR0168417940,0110,SUCCESS,TXN00011015,USR96975,MCH2189,UTR0168417940,0,0,0,0,0,0,0
TXN00003364,2026-03-16 15:15:32,USR72710,MCH7814,0.660891,UTR7195456188,8120,PENDING,TXN00003364,USR72710,MCH7814,UTR7195456188,0,0,0,0,0,0,1
TXN00001521,2026-03-30 16:26:47,USR79582,MCH6864,1516.08,UTR1058357990,9120,SUCCESS,TXN00001521,USR79582,MCH6864,UTR1058357990,0,0,0,0,0,0,0
TXN00005434,2026-01-14 18:04:28,USR50334,MCH2548,1611.73,UTR2524217766,,SUCCESS,TXN00005434,USR50334,MCH2548,UTR2524217766,0,0,1,0,0,0,0
TXN00015543,2026-01-22 22:04:18,USR11720,MCH6095,0.122285,UTR1922185514,0110,SUCCESS,TXN00015543,USR11720,MCH6095,UTR1922185514,0,0,0,0,0,0,0
TXN00008741,2026-03-22 00:00:00,USR22381,MCH3582,0.149881,UTR6904032173,9120,SUCCESS,TXN00008741,USR22381,MCH3582,UTR6904032173,0,0,0,0,0,0,0
TXN00001119,2026-02-17 10:28:08,USR34135,MCH3458,6647.35,UTR2968883946,1310,SUCCESS,TXN00001119,USR34135,MCH3458,UTR2968883946,0,0,0,0,0,0,0
TXN00019923,2026-01-30 09:00:43,USR29915,MCH1721,14494.92,,0110,SUCCESS,TXN00019923,USR29915,MCH1721,,0,1,0,0,0,0,0
TXN00018849,2026-02-02 18:30:26,USR33331,MCH1368,24556.66,,9120,SUCCESS,TXN00018849,USR33331,MCH1368,,0,1,0,0,0,0,0
TXN00017119,2026-02-04 00:00:00,USR38247,MCH7783,13597.73,UTR2010487066,4110,SUCCESS,TXN00017119,USR38247,MCH7783,UTR2010487066,0,0,0,0,0,0,0
TXN00005266,2026-02-02 04:34:02,USR97574,MCH8319,12820.25,UTR5318834206,4110,SUCCESS,TXN00005266,USR97574,MCH8319,UTR5318834206,0,0,0,0,0,0,0
TXN00009363,2026-01-16 02:04:34,USR89616,MCH6044,10487.04,UTR1720102725,8120,SUCCESS,TXN00009363,USR89616,MCH6044,UTR1720102725,0,0,0,0,0,0,0
TXN00000932,2026-02-21 20:35:53,USR87193,MCH1405,20874.91,UTR1865071795,4110,SUCCESS,TXN00000932,USR87193,MCH1405,UTR1865071795,0,0,0,0,0,0,0
TXN00019528,2026-01-07 03:53:01,USR65214,MCH3980,7293.76,UTR5223152112,,SUCCESS,TXN00019528,USR65214,MCH3980,UTR5223152112,0,0,1,0,0,0,0
TXN00016411,2026-05-03 16:15:03,USR23889,MCH7221,8065.65,UTR6580374654,1310,SUCCESS,TXN00016411,USR23889,MCH7221,UTR6580374654,0,0,0,0,0,0,0
TXN00001730,2026-01-18 01:16:15,USR55683,MCH5846,15384.33,UTR8848770330,4110,SUCCESS,TXN00001730,USR55683,MCH5846,UTR8848770330,0,0,0,0,0,0,0
TXN00005490,2026-02-28 11:40:02,USR41600,MCH8006,22878.31,UTR7917170496,,SUCCESS,TXN00005490,USR41600,MCH8006,UTR7917170496,0,0,1,0,0,0,0
TXN00002754,2026-01-29 16:53:27,USR66935,MCH8380,8636.0,UTR9461222602,4110,SUCCESS,TXN00002754,USR66935,MCH8380,UTR9461222602,0,0,0,0,0,0,0
TXN00000722,2026-01-17 21:30:47,USR80430,MCH2365,0.453901,UTR3747072653,9120,SUCCESS,TXN00000722,USR80430,MCH2365,UTR 3747072653,0,0,0,0,0,0,0
TXN00004456,2026-02-06 05:51:58,USR96332,MCH3228,1500.0,UTR6301545838,1310,SUCCESS,TXN00004456,USR96332,MCH3228,UTR6301545838,0,0,0,0,0,0,0
TXN00002699,2026-02-20 00:55:50,USR17917,MCH6988,19352.04,UTR0255079213,,SUCCESS,TXN00002699,USR17917,MCH6988,UTR0255079213,0,0,1,0,0,0,0
TXN00014563,2026-12-03 10:05:28,USR72687,MCH4241,11712.53,,,SUCCESS,TXN00014563,USR72687,MCH4241,,0,1,1,0,0,0,0
TXN00018387,2026-01-17 21:26:40,USR25558,MCH5764,13117.73,UTR7908896860,4110,SUCCESS,TXN00018387,USR25558,MCH5764,UTR 7908896860,0,0,0,0,0,0,0
TXN00009307,2026-03-19 08:31:17,USR16416,MCH4971,6317.82,UTR3821828830,9120,SUCCESS,TXN00009307,USR16416,MCH4971,UTR3821828830,0,0,0,0,0,0,0
TXN00016091,2026-03-08 11:27:11,USR37291,MCH6094,7040.65,UTR1246424807,4110,SUCCESS,TXN00016091,USR37291,MCH6094,UTR1246424807,0,0,0,0,0,0,0
TXN00006952,2026-03-21 07:10:32,USR46883,MCH5358,11849.59,UTR3498153608,8120,SUCCESS,TXN00006952,USR46883,MCH5358,UTR3498153608,0,0,0,0,0,0,0
TXN00017549,2026-03-17 04:58:48,USR28141,MCH8398,21426.03,UTR6325505689,,PENDING,TXN00017549,USR28141,MCH8398,UTR6325505689,0,0,1,0,0,0,1
TXN00004970,2026-03-26 19:18:34,USR35351,MCH8052,10683.36,UTR5075985130,,SUCCESS,TXN00004970,USR35351,MCH8052,UTR5075985130,0,0,1,0,0,0,0
TXN00015532,2026-02-01 23:27:31,USR20791,MCH1594,16399.67,UTR3025740793,,SUCCESS,TXN00015532,USR20791,MCH1594,UTR3025740793,0,0,1,0,0,0,0
TXN00019064,2026-01-08 17:41:28,USR45487,MCH9466,11204.07,UTR3520111097,4110,SUCCESS,TXN00019064,USR45487,MCH9466,UTR3520111097,0,0,0,0,0,0,0
TXN00011436,2026-03-23 22:43:52,USR84059,MCH7735,12699.53,UTR7870832217,1310,SUCCESS,TXN00011436,USR84059,MCH7735,UTR7870832217,0,0,0,0,0,0,0
TXN00019723,2026-01-31 09:22:49,USR76132,MCH9558,0.123445,UTR1903431495,4110,SUCCESS,TXN00019723,USR76132,MCH9558,UTR1903431495,0,0,0,0,0,0,0
TXN00003174,2026-03-21 04:49:57,USR24756,MCH8548,4019.96,UTR8686417518,,SUCCESS,TXN00003174,USR24756,MCH8548,UTR 8686417518,0,0,1,0,0,0,0
TXN00012659,2026-03-30 06:17:13,USR85644,MCH2338,0.1348537,UTR8148769668,0110,SUCCESS,TXN00012659,USR85644,MCH2338,UTR8148769668,0,0,0,0,0,0,0
TXN00014797,2026-01-19 07:59:24,USR67215,MCH3251,7255.53,UTR3018344571,4110,SUCCESS,TXN00014797,USR67215,MCH3251,UTR3018344571,0,0,0,0,0,0,0
TXN00003697,2026-03-27 01:49:47,USR25363,MCH7026,24037.69,UTR2885555933,0110,SUCCESS,TXN00003697,USR25363,MCH7026,UTR2885555933,0,0,0,0,0,0,0
TXN00001231,2026-01-12 12:00:43,USR40160,MCH8268,22353.54,UTR8819791017,1310,SUCCESS,TXN00001231,USR40160,MCH8268,UTR8819791017,0,0,0,0,0,0,0
TXN00009692,2026-01-10 11:33:00,USR25900,MCH3779,10972.0,UTR3936399098,8120,SUCCESS,TXN00009692,USR25900,MCH3779,UTR3936399098,0,0,0,0,0,0,0
TXN00008974,2026-02-07 14:50:52,USR63862,MCH7424,2000.33,UTR8152167816,4110,SUCCESS,TXN00008974,USR63862,MCH7424,UTR8152167816,0,0,0,0,0,0,0
TXN00005847,2026-02-17 00:52:27,USR80971,MCH1668,5295.55,UTR8590833628,4110,SUCCESS,TXN00005847,USR80971,MCH1668,UTR 8590833628,0,0,0,0,0,0,0
TXN00015652,2026-01-17 00:00:00,USR31522,MCH3383,5934.0,UTR5717822708,4110,SUCCESS,TXN00015652,USR31522,MCH3383,UTR5717822708,0,0,0,0,0,0,0
TXN00019072,2026-02-17 00:09:42,USR58215,MCH9625,0.1115109,UTR4031014580,0110,SUCCESS,TXN00019072,USR58215,MCH9625,UTR4031014580,0,0,0,0,0,0,0
TXN00013635,2026-03-31 05:41:42,USR24999,MCH4675,16539.41,UTR0548509850,0110,SUCCESS,TXN00013635,USR24999,MCH4675,UTR0548509850,0,0,0,0,0,0,0
TXN00002858,2026-03-06 20:10:46,USR29445,MCH2527,982.86,UTR2959241155,4110,SUCCESS,TXN00002858,USR29445,MCH2527,UTR2959241155,0,0,0,0,0,0,0
TXN00006525,2026-03-02 02:31:43,USR48360,MCH8485,1675.83,UTR7295742128,4110,SUCCESS,TXN00006525,USR48360,MCH8485,UTR7295742128,0,0,0,0,0,0,0
TXN00003036,2026-01-31 23:35:38,USR82093,MCH8233,6915.21,UTR9615074204,4110,SUCCESS,TXN00003036,USR82093,MCH8233,UTR9615074204,0,0,0,0,0,0,0
TXN00007313,2026-01-16 06:40:09,USR45443,MCH3052,7588.99,UTR4669045407,8120,SUCCESS,TXN00007313,USR45443,MCH3052,UTR4669045407,0,0,0,0,0,0,0
TXN00006918,2026-01-29 18:44:28,USR37788,MCH6762,22771.75,UTR8027955774,1310,SUCCESS,TXN00006918,USR37788,MCH6762,UTR8027955774,0,0,0,0,0,0,0
TXN00015851,2026-03-27 14:39:53,USR47915,MCH4492,0.442981,UTR4121567690,,SUCCESS,TXN00015851,USR47915,MCH4492,UTR4121567690,0,0,1,0,0,0,0
TXN00004226,2026-02-27 11:59:20,USR82746,MCH5433,18258.24,UTR2732736801,4110,SUCCESS,TXN00004226,USR82746,MCH5433,UTR2732736801,0,0,0,0,0,0,0
TXN00004934,2026-06-01 14:55:50,USR58605,MCH4760,11126.86,UTR9814290828,1310,SUCCESS,TXN00004934,USR58605,MCH4760,UTR9814290828,0,0,0,0,0,0,0
TXN00002323,2026-02-14 22:11:46,USR41151,MCH9694,0.1520155,UTR5166786892,9120,SUCCESS,TXN00002323,USR41151,MCH9694,UTR5166786892,0,0,0,0,0,0,0
TXN00008963,2026-02-16 06:33:49,USR26970,MCH7600,11268.91,UTR2682284285,1310,SUCCESS,TXN00008963,USR26970,MCH7600,UTR2682284285,0,0,0,0,0,0,0
TXN00005933,2026-02-19 20:01:55,USR82805,MCH6787,6214.7,UTR5491903143,8120,SUCCESS,TXN00005933,USR82805,MCH6787,UTR 5491903143,0,0,0,0,0,0,0
TXN00000710,2026-09-02 01:39:39,USR19154,MCH1732,17040.75,UTR5948325042,8120,FAILED,TXN00000710,USR19154,MCH1732,UTR 5948325042,0,0,0,0,0,1,0
TXN00010501,2026-03-28 10:02:08,USR96604,MCH2243,940.97,UTR1011284370,4110,PENDING,TXN00010501,USR96604,MCH2243,UTR1011284370,0,0,0,0,0,0,1
TXN00004128,2026-01-10 00:51:19,USR86758,MCH7399,23648.66,UTR7472725746,4110,SUCCESS,TXN00004128,USR86758,MCH7399,UTR7472725746,0,0,0,0,0,0,0
TXN00018161,2026-02-16 17:54:05,USR34247,MCH9007,16775.0,UTR6697243996,8120,FAILED,TXN00018161,USR34247,MCH9007,UTR6697243996,0,0,0,0,0,1,0
TXN00003236,2026-03-13 10:37:30,USR82223,MCH9246,5862.74,UTR1029029121,0110,SUCCESS,TXN00003236,USR82223,MCH9246,UTR1029029121,0,0,0,0,0,0,0
TXN00012356,2026-03-26 00:47:50,USR11264,MCH8139,5297.2,UTR9775702303,0110,SUCCESS,TXN00012356,USR11264,MCH8139,UTR9775702303,0,0,0,0,0,0,0
TXN00018878,2026-01-01 20:40:12,USR11699,MCH7228,24768.4,UTR6266701636,,SUCCESS,TXN00018878,USR11699,MCH7228,UTR6266701636,0,0,1,0,0,0,0
TXN00006565,2026-01-29 08:22:15,USR30991,MCH5618,3879.49,UTR6201168464,0110,SUCCESS,TXN00006565,USR30991,MCH5618,UTR6201168464,0,0,0,0,0,0,0
TXN00017557,2026-02-14 03:15:08,USR36252,MCH7299,8887.34,UTR8310781678,1310,SUCCESS,TXN00017557,USR36252,MCH7299,UTR8310781678,0,0,0,0,0,0,0
TXN00018821,2026-03-25 08:28:58,USR56654,MCH2325,23848.11,UTR7109744015,8120,SUCCESS,TXN00018821,USR56654,MCH2325,UTR7109744015,0,0,0,0,0,0,0
TXN00003123,2026-01-12 12:50:59,USR31660,MCH8656,1572.53,UTR6512965443,4110,SUCCESS,TXN00003123,USR31660,MCH8656,UTR6512965443,0,0,0,0,0,0,0
TXN00010725,2026-02-05 11:53:18,USR43038,MCH9713,17347.01,UTR7166286114,9120,SUCCESS,TXN00010725,USR43038,MCH9713,UTR7166286114,0,0,0,0,0,0,0
TXN00003809,2026-02-23 00:00:00,USR63267,MCH7815,1268.23,UTR6189001972,0110,SUCCESS,TXN00003809,USR63267,MCH7815,UTR6189001972,0,0,0,0,0,0,0
TXN00004800,2026-03-31 07:30:31,USR55123,MCH8814,15876.32,UTR8300937426,4110,FAILED,TXN00004800,USR55123,MCH8814,UTR8300937426,0,0,0,0,0,1,0
TXN00018486,2026-03-26 20:30:49,USR41161,MCH5269,0.1155687,UTR0788236562,1310,FAILED,TXN00018486,USR41161,MCH5269,UTR0788236562,0,0,0,0,0,1,0
TXN00016515,2026-03-10 08:21:08,USR45772,MCH1027,21815.44,UTR0762980447,,PENDING,TXN00016515,USR45772,MCH1027,UTR0762980447,0,0,1,0,0,0,1
TXN00005938,2026-03-08 05:38:26,USR60393,MCH4415,5309.91,UTR4140167108,0110,SUCCESS,TXN00005938,USR60393,MCH4415,UTR4140167108,0,0,0,0,0,0,0
TXN00000879,2026-02-10 08:49:27,USR33944,MCH6575,687.13,UTR6276476287,8120,FAILED,TXN00000879,USR33944,MCH6575,UTR 6276476287,0,0,0,0,0,1,0
TXN00007578,2026-04-01 15:58:34,USR26484,MCH5123,17862.55,UTR6302279467,4110,SUCCESS,TXN00007578,USR26484,MCH5123,UTR6302279467,0,0,0,0,0,0,0
TXN00006442,2026-02-25 23:41:22,USR67960,MCH9662,535.71,UTR4596390328,8120,SUCCESS,TXN00006442,USR67960,MCH9662,UTR 4596390328,0,0,0,0,0,0,0
TXN00012549,2026-01-19 00:00:00,USR72375,MCH2300,16076.85,UTR0039896753,4110,SUCCESS,TXN00012549,USR72375,MCH2300,UTR0039896753,0,0,0,0,0,0,0
TXN00008713,2026-02-03 22:53:53,USR68316,MCH2748,16606.5,UTR1281166798,8120,SUCCESS,TXN00008713,USR68316,MCH2748,UTR1281166798,0,0,0,0,0,0,0
TXN00000658,2026-02-26 08:52:19,USR88586,MCH1977,9083.43,UTR3817606907,0110,SUCCESS,TXN00000658,USR88586,MCH1977,UTR3817606907,0,0,0,0,0,0,0
TXN00001296,2026-01-20 04:57:07,USR49412,MCH7860,5011.75,UTR5958901003,,SUCCESS,TXN00001296,USR49412,MCH7860,UTR5958901003,0,0,1,0,0,0,0
TXN00012548,2026-03-09 13:52:23,USR62545,MCH3585,17000.02,UTR0967637401,,SUCCESS,TXN00012548,USR62545,MCH3585,UTR0967637401,0,0,1,0,0,0,0
TXN00013955,2026-01-20 17:01:31,USR27751,MCH6016,24080.43,UTR0968899168,4110,SUCCESS,TXN00013955,USR27751,MCH6016,UTR0968899168,0,0,0,0,0,0,0
TXN00002104,2026-02-08 21:53:42,USR81144,MCH5473,0.1740052,UTR3012577434,0110,SUCCESS,TXN00002104,USR81144,MCH5473,UTR3012577434,0,0,0,0,0,0,0
TXN00014009,2026-02-18 17:11:49,USR94142,MCH1997,12522.41,UTR9149430186,8120,SUCCESS,TXN00014009,USR94142,MCH1997,UTR 9149430186,0,0,0,0,0,0,0
TXN00005671,2026-01-10 09:20:00,USR35437,MCH1091,21272.81,UTR4904385805,9120,SUCCESS,TXN00005671,USR35437,MCH1091,UTR4904385805,0,0,0,0,0,0,0
TXN00008454,2026-02-20 10:29:18,USR63231,MCH9044,11044.27,UTR6295503506,9120,SUCCESS,TXN00008454,USR63231,MCH9044,UTR6295503506,0,0,0,0,0,0,0
TXN00012909,2026-02-12 22:16:11,USR87070,MCH9991,0.1965988,UTR5148748921,0110,SUCCESS,TXN00012909,USR87070,MCH9991,UTR5148748921,0,0,0,0,0,0,0
TXN00016610,2026-03-14 10:17:45,USR22759,MCH9920,13085.22,UTR1047215450,9120,FAILED,TXN00016610,USR22759,MCH9920,UTR1047215450,0,0,0,0,0,1,0
TXN00019621,2026-03-14 04:26:30,USR50889,MCH5054,19387.61,UTR5349844580,,SUCCESS,TXN00019621,USR50889,MCH5054,UTR5349844580,0,0,1,0,0,0,0
TXN00004490,2026-01-14 06:08:56,USR39215,MCH1557,14101.68,UTR0368294075,4110,PENDING,TXN00004490,USR39215,MCH1557,UTR0368294075,0,0,0,0,0,0,1
TXN00011834,2026-03-23 19:45:01,USR89184,MCH6291,22989.07,UTR4504474198,0110,SUCCESS,TXN00011834,USR89184,MCH6291,UTR4504474198,0,0,0,0,0,0,0
TXN00010104,2026-03-05 18:00:06,USR87477,MCH8984,8450.52,UTR6709665783,4110,SUCCESS,TXN00010104,USR87477,MCH8984,UTR6709665783,0,0,0,0,0,0,0
TXN00016969,2026-03-28 18:39:24,USR80667,MCH2754,18599.76,UTR6141259579,,SUCCESS,TXN00016969,USR80667,MCH2754,UTR6141259579,0,0,1,0,0,0,0
TXN00007704,2026-02-10 01:01:19,USR87176,MCH5628,8888.69,UTR9962854645,1310,SUCCESS,TXN00007704,USR87176,MCH5628,UTR9962854645,0,0,0,0,0,0,0
TXN00017802,2026-03-09 03:44:24,USR63502,MCH5142,23586.25,UTR0003011915,,SUCCESS,TXN00017802,USR63502,MCH5142,UTR0003011915,0,0,1,0,0,0,0
TXN00017250,2026-03-12 12:25:51,USR58443,MCH5080,24138.12,UTR2370311453,4110,SUCCESS,TXN00017250,USR58443,MCH5080,UTR2370311453,0,0,0,0,0,0,0
TXN00013092,2026-01-30 10:38:49,USR55922,MCH3816,8908.68,UTR6144989640,,SUCCESS,TXN00013092,USR55922,MCH3816,UTR6144989640,0,0,1,0,0,0,0
TXN00009996,2026-03-12 11:42:01,USR91565,MCH3575,21442.82,UTR1139256727,,PENDING,TXN00009996,USR91565,MCH3575,UTR1139256727,0,0,1,0,0,0,1
TXN00019404,2026-03-03 21:58:58,USR21086,MCH4531,17825.52,UTR9112452294,9120,FAILED,TXN00019404,USR21086,MCH4531,UTR9112452294,0,0,0,0,0,1,0
TXN00007880,2026-02-17 05:54:26,USR94120,MCH9140,1128.76,UTR9275810035,1310,SUCCESS,TXN00007880,USR94120,MCH9140,UTR9275810035,0,0,0,0,0,0,0
TXN00007489,2026-02-20 11:07:58,USR77605,MCH6471,14986.0,UTR1258143768,1310,SUCCESS,TXN00007489,USR77605,MCH6471,UTR1258143768,0,0,0,0,0,0,0
TXN00006276,2026-01-14 07:36:51,USR90135,MCH6097,16321.68,UTR4698472089,,SUCCESS,TXN00006276,USR90135,MCH6097,UTR4698472089,0,0,1,0,0,0,0
TXN00011857,2026-01-31 10:17:56,USR64116,MCH7502,13303.97,UTR0302655542,0110,SUCCESS,TXN00011857,USR64116,MCH7502,UTR0302655542,0,0,0,0,0,0,0
TXN00018162,2026-03-09 01:11:53,USR83705,MCH4602,18296.18,UTR0223513617,0110,SUCCESS,TXN00018162,USR83705,MCH4602,UTR0223513617,0,0,0,0,0,0,0
TXN00012423,2026-03-03 02:58:48,USR65638,MCH2820,0.376971,UTR8635629269,4110,SUCCESS,TXN00012423,USR65638,MCH2820,UTR8635629269,0,0,0,0,0,0,0
TXN00003294,2026-02-06 20:45:05,USR43386,MCH1141,0.1354861,UTR8929163089,4110,SUCCESS,TXN00003294,USR43386,MCH1141,UTR8929163089,0,0,0,0,0,0,0
TXN00011497,2026-03-14 23:22:39,USR16587,MCH9097,1342.97,UTR7359818074,1310,SUCCESS,TXN00011497,USR16587,MCH9097,UTR7359818074,0,0,0,0,0,0,0
TXN00011262,2026-02-11 05:52:03,USR33211,MCH5071,7572.53,UTR7083494687,0110,SUCCESS,TXN00011262,USR33211,MCH5071,UTR7083494687,0,0,0,0,0,0,0
TXN00010082,2026-01-01 19:45:03,USR74517,MCH1728,13928.23,UTR3449464316,9120,FAILED,TXN00010082,USR74517,MCH1728,UTR3449464316,0,0,0,0,0,1,0
TXN00005637,2026-12-01 05:09:19,USR23100,MCH4289,14699.08,UTR2726800687,1310,SUCCESS,TXN00005637,USR23100,MCH4289,UTR2726800687,0,0,0,0,0,0,0
TXN00005673,2026-03-06 20:52:54,USR49117,MCH9588,16014.78,UTR1999937293,,SUCCESS,TXN00005673,USR49117,MCH9588,UTR1999937293,0,0,1,0,0,0,0
TXN00007568,2026-03-31 21:24:51,USR88119,MCH1540,1388.36,UTR7798124601,4110,SUCCESS,TXN00007568,USR88119,MCH1540,UTR7798124601,0,0,0,0,0,0,0
TXN00009546,2026-01-13 15:05:39,USR99776,MCH3844,2692.95,UTR5846275751,,SUCCESS,TXN00009546,USR99776,MCH3844,UTR5846275751,0,0,1,0,0,0,0
TXN00000920,2026-02-02 15:14:18,USR38179,MCH8558,3511.0,UTR8944783555,4110,SUCCESS,TXN00000920,USR38179,MCH8558,UTR8944783555,0,0,0,0,0,0,0
TXN00017345,2026-03-29 05:49:31,USR22243,MCH8168,11113.94,UTR7446340449,,FAILED,TXN00017345,USR22243,MCH8168,UTR7446340449,0,0,1,0,0,1,0
TXN00014496,2026-02-25 06:20:38,USR67676,MCH6774,9773.66,UTR0445820028,0110,PENDING,TXN00014496,USR67676,MCH6774,UTR0445820028,0,0,0,0,0,0,1
TXN00000332,2026-11-02 20:25:19,USR95726,MCH2643,18948.57,UTR5718770918,8120,SUCCESS,TXN00000332,USR95726,MCH2643,UTR5718770918,0,0,0,0,0,0,0
TXN00018918,2026-01-04 00:00:00,USR54793,MCH2548,20325.7,UTR2481364757,4110,SUCCESS,TXN00018918,USR54793,MCH2548,UTR2481364757,0,0,0,0,0,0,0
TXN00010606,2026-02-15 23:18:33,USR48012,MCH3285,5201.65,UTR4373143375,1310,SUCCESS,TXN00010606,USR48012,MCH3285,UTR4373143375,0,0,0,0,0,0,0
TXN00003509,2026-03-22 03:47:44,USR84766,MCH8250,21186.22,UTR5393925320,8120,SUCCESS,TXN00003509,USR84766,MCH8250,UTR5393925320,0,0,0,0,0,0,0
TXN00009365,2026-02-14 17:19:03,USR43260,MCH9896,7128.47,UTR0774687301,4110,SUCCESS,TXN00009365,USR43260,MCH9896,UTR0774687301,0,0,0,0,0,0,0
TXN00012811,2026-02-19 00:47:17,USR31745,MCH4460,7190.97,UTR4499283913,9120,SUCCESS,TXN00012811,USR31745,MCH4460,UTR4499283913,0,0,0,0,0,0,0
TXN00009380,2026-02-24 20:24:42,USR59417,MCH8192,0.745652,UTR1288305067,8120,FAILED,TXN00009380,USR59417,MCH8192,UTR1288305067,0,0,0,0,0,1,0
TXN00009419,2026-01-31 12:50:12,USR19402,MCH6788,13195.34,UTR2305782520,9120,SUCCESS,TXN00009419,USR19402,MCH6788,UTR2305782520,0,0,0,0,0,0,0
TXN00016695,2026-02-18 18:09:26,USR90330,MCH8951,19567.69,UTR9315910708,8120,SUCCESS,TXN00016695,USR90330,MCH8951,UTR 9315910708,0,0,0,0,0,0,0
TXN00018112,2026-01-03 13:34:04,USR79731,MCH5130,2139.5,UTR8014602454,0110,SUCCESS,TXN00018112,USR79731,MCH5130,UTR8014602454,0,0,0,0,0,0,0
TXN00000421,2026-02-26 17:13:56,USR81139,MCH3484,19791.56,UTR8606320453,4110,SUCCESS,TXN00000421,USR81139,MCH3484,UTR8606320453,0,0,0,0,0,0,0
TXN00007612,2026-03-07 10:35:26,USR66536,MCH9611,4479.24,UTR7396692028,1310,SUCCESS,TXN00007612,USR66536,MCH9611,UTR7396692028,0,0,0,0,0,0,0
TXN00012007,2026-03-03 00:02:11,USR53633,MCH2635,10724.5,UTR1946992423,,SUCCESS,TXN00012007,USR53633,MCH2635,UTR1946992423,0,0,1,0,0,0,0
TXN00011227,2026-01-13 17:47:35,USR86648,MCH3175,17569.0,UTR6828925984,8120,SUCCESS,TXN00011227,USR86648,MCH3175,UTR 6828925984,0,0,0,0,0,0,0
TXN00009235,2026-01-30 01:24:24,USR13469,MCH9309,18364.83,UTR5197074924,,SUCCESS,TXN00009235,USR13469,MCH9309,UTR5197074924,0,0,1,0,0,0,0
TXN00000318,2026-03-12 05:32:01,USR62190,MCH2059,4340.63,UTR8594989121,4110,SUCCESS,TXN00000318,USR62190,MCH2059,UTR8594989121,0,0,0,0,0,0,0
TXN00009742,2026-03-30 15:55:12,USR18022,MCH7867,834.09,UTR3922495529,4110,SUCCESS,TXN00009742,USR18022,MCH7867,UTR3922495529,0,0,0,0,0,0,0
TXN00006245,2026-11-01 11:55:21,USR13918,MCH2518,18925.6,UTR5836549828,,SUCCESS,TXN00006245,USR13918,MCH2518,UTR5836549828,0,0,1,0,0,0,0
TXN00002383,2026-01-28 14:06:37,USR70735,MCH8062,22916.71,UTR1052448828,9120,SUCCESS,TXN00002383,USR70735,MCH8062,UTR1052448828,0,0,0,0,0,0,0
TXN00010000,2026-02-26 02:16:20,USR16559,MCH5008,5436.0,UTR8239309027,1310,SUCCESS,TXN00010000,USR16559,MCH5008,UTR 8239309027,0,0,0,0,0,0,0
TXN00006072,2026-05-03 12:56:35,USR54364,MCH3067,7634.44,UTR3215704856,9120,PENDING,TXN00006072,USR54364,MCH3067,UTR3215704856,0,0,0,0,0,0,1
TXN00008009,2026-01-26 00:00:00,USR76890,MCH8889,17340.81,UTR6689973330,4110,SUCCESS,TXN00008009,USR76890,MCH8889,UTR6689973330,0,0,0,0,0,0,0
TXN00014767,2026-03-06 15:08:11,USR86834,MCH3610,11473.63,UTR9544098874,4110,SUCCESS,TXN00014767,USR86834,MCH3610,UTR9544098874,0,0,0,0,0,0,0
TXN00010618,2026-02-12 03:52:22,USR25501,MCH6245,21858.67,UTR1388465790,4110,SUCCESS,TXN00010618,USR25501,MCH6245,UTR1388465790,0,0,0,0,0,0,0
TXN00001587,2026-01-09 00:00:00,USR98111,MCH1626,17381.66,UTR1056014787,4110,SUCCESS,TXN00001587,USR98111,MCH1626,UTR1056014787,0,0,0,0,0,0,0
TXN00016625,2026-01-17 00:04:06,USR55151,MCH8430,0.1208812,,0110,SUCCESS,TXN00016625,USR55151,MCH8430,,0,1,0,0,0,0,0
TXN00018840,2026-01-28 06:04:43,USR63468,MCH9466,6249.0,UTR2928930745,0110,SUCCESS,TXN00018840,USR63468,MCH9466,UTR2928930745,0,0,0,0,0,0,0
TXN00018308,2026-03-02 20:50:32,USR26389,MCH3285,18186.56,UTR4115208243,,SUCCESS,TXN00018308,USR26389,MCH3285,UTR4115208243,0,0,1,0,0,0,0
TXN00006131,2026-03-03 06:24:46,USR52911,MCH5526,0.940552,UTR7566820375,9120,SUCCESS,TXN00006131,USR52911,MCH5526,UTR7566820375,0,0,0,0,0,0,0
TXN00007583,2026-03-05 16:59:56,USR52946,MCH6144,42.0,UTR7719291743,4110,SUCCESS,TXN00007583,USR52946,MCH6144,UTR7719291743,0,0,0,0,0,0,0
TXN00017257,2026-03-06 00:10:54,USR10119,MCH2039,0.58609,UTR8884000249,,SUCCESS,TXN00017257,USR10119,MCH2039,UTR8884000249,0,0,1,0,0,0,0
TXN00017602,2026-01-26 14:31:43,USR44295,MCH4412,16458.35,UTR0507032422,,FAILED,TXN00017602,USR44295,MCH4412,UTR0507032422,0,0,1,0,0,1,0
TXN00014948,2026-02-14 08:41:56,USR54247,MCH1774,11034.18,UTR5146334616,,SUCCESS,TXN00014948,USR54247,MCH1774,UTR5146334616,0,0,1,0,0,0,0
TXN00003281,2026-02-17 11:27:35,USR28287,MCH4253,11287.84,UTR7455254807,4110,SUCCESS,TXN00003281,USR28287,MCH4253,UTR7455254807,0,0,0,0,0,0,0
TXN00001571,2026-11-03 18:43:58,USR87518,MCH2790,14669.35,UTR6856310984,4110,SUCCESS,TXN00001571,USR87518,MCH2790,UTR6856310984,0,0,0,0,0,0,0
TXN00010205,2026-02-02 00:33:41,USR97605,MCH5103,0.399915,UTR3018159284,4110,FAILED,TXN00010205,USR97605,MCH5103,UTR 3018159284,0,0,0,0,0,1,0
TXN00019180,2026-03-13 05:02:46,USR34618,MCH4401,13586.9,,4110,PENDING,TXN00019180,USR34618,MCH4401,,0,1,0,0,0,0,1
TXN00012336,2026-01-21 12:31:13,USR56728,MCH8119,2648.34,UTR8125912651,1310,PENDING,TXN00012336,USR56728,MCH8119,UTR8125912651,0,0,0,0,0,0,1
TXN00010567,2026-02-02 14:41:00,USR99915,MCH5526,21258.97,UTR6424927773,,PENDING,TXN00010567,USR99915,MCH5526,UTR6424927773,0,0,1,0,0,0,1
TXN00010094,2026-03-12 09:57:23,USR29615,MCH5421,-21176.83,UTR1140502270,4110,SUCCESS,TXN00010094,USR29615,MCH5421,UTR1140502270,1,0,0,0,0,0,0
TXN00012734,2026-02-03 01:00:46,USR44093,MCH1460,0.432469,UTR3077000871,1310,SUCCESS,TXN00012734,USR44093,MCH1460,UTR3077000871,0,0,0,0,0,0,0
TXN00017524,2026-02-09 02:37:01,USR89942,MCH8071,20963.68,UTR4615620812,9120,SUCCESS,TXN00017524,USR89942,MCH8071,UTR4615620812,0,0,0,0,0,0,0
TXN00017847,2026-01-26 14:46:24,USR11467,MCH7543,11794.0,UTR2223968468,4110,SUCCESS,TXN00017847,USR11467,MCH7543,UTR2223968468,0,0,0,0,0,0,0
TXN00004541,2026-03-15 18:56:16,USR11862,MCH5740,4304.02,UTR4171127443,1310,SUCCESS,TXN00004541,USR11862,MCH5740,UTR4171127443,0,0,0,0,0,0,0
TXN00019206,2026-03-17 01:14:07,USR47744,MCH2561,0.190574,UTR4533667890,,SUCCESS,TXN00019206,USR47744,MCH2561,UTR4533667890,0,0,1,0,0,0,0
TXN00010155,2026-02-02 07:08:30,USR88346,MCH2956,19891.59,UTR0936541244,8120,SUCCESS,TXN00010155,USR88346,MCH2956,UTR0936541244,0,0,0,0,0,0,0
TXN00011413,2026-02-08 11:36:30,USR44336,MCH9969,1828.33,UTR7477749693,0110,SUCCESS,TXN00011413,USR44336,MCH9969,UTR7477749693,0,0,0,0,0,0,0
TXN00011188,2026-01-14 07:06:55,USR79590,MCH6841,16684.0,UTR9835105226,8120,PENDING,TXN00011188,USR79590,MCH6841,UTR9835105226,0,0,0,0,0,0,1
TXN00004215,2026-01-24 00:00:00,USR53011,MCH1209,15947.98,UTR3258253335,4110,FAILED,TXN00004215,USR53011,MCH1209,UTR3258253335,0,0,0,0,0,1,0
TXN00008888,2026-01-21 01:46:45,USR49129,MCH8335,17455.94,UTR7599964198,1310,SUCCESS,TXN00008888,USR49129,MCH8335,UTR7599964198,0,0,0,0,0,0,0
TXN00001684,2026-02-28 21:01:46,USR65290,MCH1799,20563.79,UTR6044050610,4110,SUCCESS,TXN00001684,USR65290,MCH1799,UTR6044050610,0,0,0,0,0,0,0
TXN00006063,2026-12-03 09:48:26,USR41854,MCH8405,12303.28,UTR8967924499,4110,SUCCESS,TXN00006063,USR41854,MCH8405,UTR8967924499,0,0,0,0,0,0,0
TXN00001303,2026-03-30 04:45:07,USR12077,MCH7864,0.130876,UTR7800741856,4110,SUCCESS,TXN00001303,USR12077,MCH7864,UTR7800741856,0,0,0,0,0,0,0
TXN00006414,2026-03-01 08:34:06,USR83595,MCH4041,9907.4,UTR7398160402,1310,SUCCESS,TXN00006414,USR83595,MCH4041,UTR7398160402,0,0,0,0,0,0,0
TXN00000635,2026-03-01 07:08:31,USR79817,MCH4545,2688.23,UTR7600451284,1310,SUCCESS,TXN00000635,USR79817,MCH4545,UTR7600451284,0,0,0,0,0,0,0
TXN00006043,2026-03-18 04:56:33,USR87200,MCH8268,10694.27,UTR7470121585,9120,SUCCESS,TXN00006043,USR87200,MCH8268,UTR7470121585,0,0,0,0,0,0,0
TXN00003783,2026-02-24 06:12:57,USR84791,MCH2450,280.17,UTR6289527760,4110,SUCCESS,TXN00003783,USR84791,MCH2450,UTR6289527760,0,0,0,0,0,0,0
TXN00019208,2026-01-23 13:12:47,USR47260,MCH3141,0.2463703,UTR8885917087,8120,SUCCESS,TXN00019208,USR47260,MCH3141,UTR8885917087,0,0,0,0,0,0,0
TXN00004853,2026-01-24 05:42:18,USR28924,MCH2123,0.1938311,UTR9023514975,,SUCCESS,TXN00004853,USR28924,MCH2123,UTR9023514975,0,0,1,0,0,0,0
TXN00004959,2026-02-20 18:41:26,USR79248,MCH6851,4668.63,UTR4894640781,8120,SUCCESS,TXN00004959,USR79248,MCH6851,UTR4894640781,0,0,0,0,0,0,0
TXN00014218,2026-02-25 20:03:36,USR73303,MCH4091,0.392113,UTR6867186573,9120,SUCCESS,TXN00014218,USR73303,MCH4091,UTR6867186573,0,0,0,0,0,0,0
TXN00001533,2026-02-18 18:25:23,USR80886,MCH1285,17906.61,UTR0740568386,4110,SUCCESS,TXN00001533,USR80886,MCH1285,UTR0740568386,0,0,0,0,0,0,0
TXN00007255,2026-02-14 03:23:45,USR80451,MCH8117,8023.36,UTR1843666797,4110,SUCCESS,TXN00007255,USR80451,MCH8117,UTR1843666797,0,0,0,0,0,0,0
TXN00013360,2026-02-21 00:00:00,USR39114,MCH9572,7440.62,UTR9129808561,,SUCCESS,TXN00013360,USR39114,MCH9572,UTR9129808561,0,0,1,0,0,0,0
TXN00002621,2026-01-29 06:42:46,USR97154,MCH6971,19725.42,UTR9841706859,4110,SUCCESS,TXN00002621,USR97154,MCH6971,UTR9841706859,0,0,0,0,0,0,0
TXN00011887,2026-02-11 03:28:55,USR28058,MCH3912,6103.54,UTR8132985412,9120,SUCCESS,TXN00011887,USR28058,MCH3912,UTR8132985412,0,0,0,0,0,0,0
TXN00014804,2026-03-09 04:05:47,USR43719,MCH9827,3523.74,UTR7389687754,1310,SUCCESS,TXN00014804,USR43719,MCH9827,UTR7389687754,0,0,0,0,0,0,0
TXN00019309,2026-01-09 10:24:26,USR72971,MCH9140,22398.14,UTR5339577021,9120,SUCCESS,TXN00019309,USR72971,MCH9140,UTR 5339577021,0,0,0,0,0,0,0
TXN00000221,2026-03-23 17:13:54,USR98939,MCH8857,0.1644375,UTR5348973588,4110,SUCCESS,TXN00000221,USR98939,MCH8857,UTR5348973588,0,0,0,0,0,0,0
TXN00014077,2026-02-26 23:49:03,USR13364,MCH2960,14827.93,UTR9541305704,9120,SUCCESS,TXN00014077,USR13364,MCH2960,UTR9541305704,0,0,0,0,0,0,0
TXN00003517,2026-03-18 10:42:24,USR83055,MCH4049,2136.74,UTR0807430099,9120,SUCCESS,TXN00003517,USR83055,MCH4049,UTR0807430099,0,0,0,0,0,0,0
TXN00014552,2026-02-06 08:42:11,USR97890,MCH3238,3169.39,UTR7736042077,0110,PENDING,TXN00014552,USR97890,MCH3238,UTR7736042077,0,0,0,0,0,0,1
TXN00018064,2026-07-03 22:00:20,USR30974,MCH9695,24948.0,UTR8848707879,1310,SUCCESS,TXN00018064,USR30974,MCH9695,UTR8848707879,0,0,0,0,0,0,0
TXN00002416,2026-07-03 01:29:03,USR97424,MCH3814,24100.8,UTR1581559250,1310,SUCCESS,TXN00002416,USR97424,MCH3814,UTR1581559250,0,0,0,0,0,0,0
TXN00017263,2026-01-03 05:55:19,USR24381,MCH6093,0.18793,UTR2956331784,9120,SUCCESS,TXN00017263,USR24381,MCH6093,UTR2956331784,0,0,0,0,0,0,0
TXN00015951,2026-02-11 11:09:06,USR67313,MCH9874,23706.63,UTR6728579546,8120,SUCCESS,TXN00015951,USR67313,MCH9874,UTR6728579546,0,0,0,0,0,0,0
TXN00016868,2026-03-13 01:09:59,USR77387,MCH6298,7434.25,UTR1419378574,,SUCCESS,TXN00016868,USR77387,MCH6298,UTR 1419378574,0,0,1,0,0,0,0
TXN00000875,2026-02-09 13:46:31,USR78543,MCH8392,644.41,UTR3004811958,1310,SUCCESS,TXN00000875,USR78543,MCH8392,UTR3004811958,0,0,0,0,0,0,0
TXN00016446,2026-01-14 10:04:44,USR15614,MCH6368,23445.43,UTR7070406769,4110,SUCCESS,TXN00016446,USR15614,MCH6368,UTR7070406769,0,0,0,0,0,0,0
TXN00017014,2026-03-14 09:37:28,USR59820,MCH3015,2905.16,UTR2891794425,,SUCCESS,TXN00017014,USR59820,MCH3015,UTR2891794425,0,0,1,0,0,0,0
TXN00010039,2026-02-21 11:34:48,USR23071,MCH5526,14072.16,UTR5645354428,,SUCCESS,TXN00010039,USR23071,MCH5526,UTR5645354428,0,0,1,0,0,0,0
TXN00011580,2026-01-13 10:43:23,USR10824,MCH8134,20277.43,,0110,SUCCESS,TXN00011580,USR10824,MCH8134,,0,1,0,0,0,0,0
TXN00012554,2026-03-04 23:24:05,USR26433,MCH9441,16564.13,UTR4911778159,4110,SUCCESS,TXN00012554,USR26433,MCH9441,UTR4911778159,0,0,0,0,0,0,0
TXN00010934,2026-02-16 00:17:30,USR34111,MCH7347,19380.9,UTR4888271098,0110,SUCCESS,TXN00010934,USR34111,MCH7347,UTR4888271098,0,0,0,0,0,0,0
TXN00002072,2026-03-20 08:57:43,USR51984,MCH5964,0.1298945,UTR5325566607,8120,FAILED,TXN00002072,USR51984,MCH5964,UTR5325566607,0,0,0,0,0,1,0
TXN00008261,2026-01-12 14:48:13,USR10818,MCH4613,2149.13,UTR8540044939,9120,SUCCESS,TXN00008261,USR10818,MCH4613,UTR8540044939,0,0,0,0,0,0,0
TXN00007433,2026-02-22 08:37:38,USR49308,MCH3507,0.484425,UTR4558546985,,SUCCESS,TXN00007433,USR49308,MCH3507,UTR4558546985,0,0,1,0,0,0,0
TXN00019792,2026-03-19 22:41:29,USR80521,MCH8159,12778.16,UTR7698306057,8120,SUCCESS,TXN00019792,USR80521,MCH8159,UTR7698306057,0,0,0,0,0,0,0
TXN00007995,2026-01-11 00:01:44,USR58846,MCH3150,0.292893,,4110,FAILED,TXN00007995,USR58846,MCH3150,,0,1,0,0,0,1,0
TXN00019060,2026-03-13 03:32:37,USR45186,MCH4366,22903.61,UTR7745216871,4110,SUCCESS,TXN00019060,USR45186,MCH4366,UTR7745216871,0,0,0,0,0,0,0
TXN00007895,2026-02-16 06:25:02,USR43483,MCH6905,12270.43,UTR3946288219,9120,SUCCESS,TXN00007895,USR43483,MCH6905,UTR 3946288219,0,0,0,0,0,0,0
TXN00018358,2026-02-26 17:58:04,USR18378,MCH9696,12602.39,UTR5875139697,4110,SUCCESS,TXN00018358,USR18378,MCH9696,UTR5875139697,0,0,0,0,0,0,0
TXN00001476,2026-03-18 16:50:52,USR78035,MCH8986,16693.16,UTR2014612671,4110,SUCCESS,TXN00001476,USR78035,MCH8986,UTR2014612671,0,0,0,0,0,0,0
TXN00018401,2026-03-14 19:28:30,USR26581,MCH6202,19950.69,UTR0236636558,9120,SUCCESS,TXN00018401,USR26581,MCH6202,UTR0236636558,0,0,0,0,0,0,0
TXN00015932,2026-01-02 17:09:14,USR49112,MCH5304,8178.7,UTR7359390719,,SUCCESS,TXN00015932,USR49112,MCH5304,UTR7359390719,0,0,1,0,0,0,0
TXN00006650,2026-03-16 00:27:42,USR40992,MCH7237,21476.0,UTR1255368909,4110,SUCCESS,TXN00006650,USR40992,MCH7237,UTR1255368909,0,0,0,0,0,0,0
TXN00005915,2026-01-28 16:15:35,USR74915,MCH1618,12936.63,UTR0625335810,4110,PENDING,TXN00005915,USR74915,MCH1618,UTR0625335810,0,0,0,0,0,0,1
TXN00006342,2026-03-26 20:53:41,USR44302,MCH6371,16134.0,UTR8002148595,4110,FAILED,TXN00006342,USR44302,MCH6371,UTR8002148595,0,0,0,0,0,1,0
TXN00005612,2026-02-23 08:48:24,USR16076,MCH6575,16772.42,UTR3926604186,4110,SUCCESS,TXN00005612,USR16076,MCH6575,UTR3926604186,0,0,0,0,0,0,0
TXN00009936,2026-01-29 07:50:03,USR28611,MCH6097,2724.1,UTR4995247746,8120,SUCCESS,TXN00009936,USR28611,MCH6097,UTR4995247746,0,0,0,0,0,0,0
TXN00006909,2026-03-21 19:39:10,USR65556,MCH6230,21288.71,UTR8474085956,1310,FAILED,TXN00006909,USR65556,MCH6230,UTR8474085956,0,0,0,0,0,1,0
TXN00011485,2026-02-07 03:35:58,USR79936,MCH2003,0.414673,UTR0195539544,4110,SUCCESS,TXN00011485,USR79936,MCH2003,UTR0195539544,0,0,0,0,0,0,0
TXN00011330,2026-11-03 11:57:43,USR89536,MCH5806,700.52,UTR3165819786,0110,SUCCESS,TXN00011330,USR89536,MCH5806,UTR3165819786,0,0,0,0,0,0,0
TXN00004419,2026-12-01 01:32:03,USR84261,MCH3815,8390.94,UTR3768448724,,FAILED,TXN00004419,USR84261,MCH3815,UTR3768448724,0,0,1,0,0,1,0
TXN00018512,2026-01-07 14:20:29,USR82018,MCH3822,11554.9,UTR9714772486,1310,SUCCESS,TXN00018512,USR82018,MCH3822,UTR9714772486,0,0,0,0,0,0,0
TXN00001138,2026-03-06 11:08:20,USR73747,MCH5408,12383.71,UTR9135584862,4110,SUCCESS,TXN00001138,USR73747,MCH5408,UTR9135584862,0,0,0,0,0,0,0
TXN00012382,2026-02-28 14:17:19,USR24042,MCH9636,14358.31,UTR2047429695,8120,SUCCESS,TXN00012382,USR24042,MCH9636,UTR2047429695,0,0,0,0,0,0,0
TXN00008334,2026-01-27 17:33:08,USR77458,MCH5551,0.1080081,UTR9610054338,4110,SUCCESS,TXN00008334,USR77458,MCH5551,UTR9610054338,0,0,0,0,0,0,0
TXN00014971,2026-03-05 23:17:33,USR87165,MCH4159,24995.13,,4110,PENDING,TXN00014971,USR87165,MCH4159,,0,1,0,0,0,0,1
TXN00019033,2026-02-28 22:39:00,USR50059,MCH8569,23174.25,UTR2953116909,8120,SUCCESS,TXN00019033,USR50059,MCH8569,UTR2953116909,0,0,0,0,0,0,0
TXN00012322,2026-03-05 00:00:00,USR97672,MCH4553,24234.05,UTR6700258372,4110,SUCCESS,TXN00012322,USR97672,MCH4553,UTR6700258372,0,0,0,0,0,0,0
TXN00005162,2026-01-31 21:07:41,USR21930,MCH2785,1017.94,UTR8817876159,4110,SUCCESS,TXN00005162,USR21930,MCH2785,UTR 8817876159,0,0,0,0,0,0,0
TXN00003641,2026-01-27 00:00:00,USR89325,MCH2394,5961.0,UTR2274429980,,SUCCESS,TXN00003641,USR89325,MCH2394,UTR2274429980,0,0,1,0,0,0,0
TXN00014783,2026-01-12 08:00:07,USR76333,MCH1688,21990.29,UTR2078889578,1310,SUCCESS,TXN00014783,USR76333,MCH1688,UTR2078889578,0,0,0,0,0,0,0
TXN00011769,2026-03-21 23:23:06,USR77653,MCH7848,265.74,,8120,SUCCESS,TXN00011769,USR77653,MCH7848,,0,1,0,0,0,0,0
TXN00010744,2026-01-12 00:36:30,USR26521,MCH2221,13170.79,UTR9626989125,1310,SUCCESS,TXN00010744,USR26521,MCH2221,UTR9626989125,0,0,0,0,0,0,0
TXN00006311,2026-01-23 18:26:12,USR62907,MCH3390,9050.59,UTR0108136319,,SUCCESS,TXN00006311,USR62907,MCH3390,UTR0108136319,0,0,1,0,0,0,0
TXN00011520,2026-03-27 10:50:29,USR63643,MCH5818,21365.58,UTR1736639688,8120,SUCCESS,TXN00011520,USR63643,MCH5818,UTR 1736639688,0,0,0,0,0,0,0
TXN00011062,2026-03-30 19:48:23,USR79313,MCH4833,2233.5,UTR0000272409,0110,PENDING,TXN00011062,USR79313,MCH4833,UTR0000272409,0,0,0,0,0,0,1
TXN00017962,2026-01-27 19:42:08,USR76476,MCH5215,237.26,UTR7999748368,8120,SUCCESS,TXN00017962,USR76476,MCH5215,UTR7999748368,0,0,0,0,0,0,0
TXN00008789,2026-03-05 13:41:47,USR28101,MCH5112,2203.45,UTR5048504168,0110,SUCCESS,TXN00008789,USR28101,MCH5112,UTR5048504168,0,0,0,0,0,0,0
TXN00015538,2026-03-17 13:02:12,USR65665,MCH7426,16352.05,UTR9362242411,0110,SUCCESS,TXN00015538,USR65665,MCH7426,UTR9362242411,0,0,0,0,0,0,0
TXN00014781,2026-01-16 16:09:11,USR43775,MCH6801,0.2239691,UTR3718024333,9120,SUCCESS,TXN00014781,USR43775,MCH6801,UTR3718024333,0,0,0,0,0,0,0
TXN00002898,2026-01-31 00:41:58,USR48747,MCH9829,7068.99,UTR3369391580,,SUCCESS,TXN00002898,USR48747,MCH9829,UTR 3369391580,0,0,1,0,0,0,0
TXN00016253,2026-01-14 22:25:52,USR91375,MCH8671,2431.0,UTR9682376794,4110,SUCCESS,TXN00016253,USR91375,MCH8671,UTR9682376794,0,0,0,0,0,0,0
TXN00002357,2026-02-12 15:55:37,USR56260,MCH8460,22562.31,UTR5059968875,4110,SUCCESS,TXN00002357,USR56260,MCH8460,UTR5059968875,0,0,0,0,0,0,0
TXN00008808,2026-01-23 10:39:42,USR43025,MCH8566,0.1919884,UTR6243437030,1310,FAILED,TXN00008808,USR43025,MCH8566,UTR6243437030,0,0,0,0,0,1,0
TXN00003640,2026-01-16 01:27:32,USR99415,MCH1969,5196.45,UTR7790943431,8120,SUCCESS,TXN00003640,USR99415,MCH1969,UTR7790943431,0,0,0,0,0,0,0
TXN00016973,2026-12-03 04:04:05,USR19386,MCH3508,17420.87,,9120,SUCCESS,TXN00016973,USR19386,MCH3508,,0,1,0,0,0,0,0
TXN00001440,2026-01-10 01:11:35,USR41172,MCH5542,16839.08,UTR3066209339,4110,SUCCESS,TXN00001440,USR41172,MCH5542,UTR 3066209339,0,0,0,0,0,0,0
TXN00017441,2026-01-24 00:00:00,USR51504,MCH6453,13373.15,UTR1079499388,1310,SUCCESS,TXN00017441,USR51504,MCH6453,UTR1079499388,0,0,0,0,0,0,0
TXN00003882,2026-01-18 20:51:44,USR18479,MCH5079,18289.84,UTR8701036170,8120,SUCCESS,TXN00003882,USR18479,MCH5079,UTR8701036170,0,0,0,0,0,0,0
TXN00016742,2026-02-03 12:47:31,USR59653,MCH3320,22628.05,UTR3517474763,0110,FAILED,TXN00016742,USR59653,MCH3320,UTR3517474763,0,0,0,0,0,1,0
TXN00013820,2026-04-02 22:38:57,USR89209,MCH1194,3041.4,UTR8288941577,0110,SUCCESS,TXN00013820,USR89209,MCH1194,UTR8288941577,0,0,0,0,0,0,0
TXN00017187,2026-02-09 00:00:00,USR38797,MCH4024,0.1023564,,4110,SUCCESS,TXN00017187,USR38797,MCH4024,,0,1,0,0,0,0,0
TXN00017858,2026-02-26 00:00:00,USR82128,MCH6179,17514.93,UTR3569904240,1310,SUCCESS,TXN00017858,USR82128,MCH6179,UTR3569904240,0,0,0,0,0,0,0
TXN00009086,2026-02-13 18:38:24,USR34296,MCH4523,3464.42,UTR3678264114,1310,SUCCESS,TXN00009086,USR34296,MCH4523,UTR3678264114,0,0,0,0,0,0,0
TXN00016820,2026-06-02 06:44:41,USR75550,MCH4725,20438.02,UTR9635207467,0110,SUCCESS,TXN00016820,USR75550,MCH4725,UTR9635207467,0,0,0,0,0,0,0
TXN00011292,2026-01-10 08:52:10,USR81678,MCH9009,7955.3,UTR6728355369,4110,FAILED,TXN00011292,USR81678,MCH9009,UTR6728355369,0,0,0,0,0,1,0
TXN00001788,2026-01-23 16:50:40,USR27436,MCH7622,15352.2,UTR0988802274,8120,SUCCESS,TXN00001788,USR27436,MCH7622,UTR0988802274,0,0,0,0,0,0,0
TXN00013989,2026-02-11 23:48:40,USR10565,MCH9445,2991.3,UTR5591931267,4110,SUCCESS,TXN00013989,USR10565,MCH9445,UTR5591931267,0,0,0,0,0,0,0
TXN00018525,2026-01-31 07:34:13,USR17878,MCH8177,7842.13,UTR8929024337,8120,SUCCESS,TXN00018525,USR17878,MCH8177,UTR8929024337,0,0,0,0,0,0,0
TXN00006109,2026-02-10 02:36:34,USR30868,MCH3764,0.490754,UTR0899560594,4110,SUCCESS,TXN00006109,USR30868,MCH3764,UTR0899560594,0,0,0,0,0,0,0
TXN00005790,2026-01-27 17:45:41,USR41976,MCH9652,5293.67,UTR6578295772,0110,SUCCESS,TXN00005790,USR41976,MCH9652,UTR6578295772,0,0,0,0,0,0,0
TXN00002229,2026-02-12 07:11:59,USR18834,MCH3269,7437.97,UTR3240443670,8120,SUCCESS,TXN00002229,USR18834,MCH3269,UTR3240443670,0,0,0,0,0,0,0
TXN00005994,2026-03-25 15:25:15,USR25894,MCH3262,12479.21,UTR2588268841,9120,SUCCESS,TXN00005994,USR25894,MCH3262,UTR2588268841,0,0,0,0,0,0,0
TXN00003233,2026-02-15 18:55:13,USR58924,MCH1955,6141.35,UTR6725247847,,SUCCESS,TXN00003233,USR58924,MCH1955,UTR6725247847,0,0,1,0,0,0,0
TXN00000743,2026-01-21 17:57:37,USR29134,MCH2635,18693.0,UTR2945853076,1310,SUCCESS,TXN00000743,USR29134,MCH2635,UTR2945853076,0,0,0,0,0,0,0
TXN00019270,2026-01-17 09:27:16,USR47329,MCH5867,19195.84,UTR2854901612,4110,SUCCESS,TXN00019270,USR47329,MCH5867,UTR2854901612,0,0,0,0,0,0,0
TXN00000276,2026-01-20 12:42:57,USR30883,MCH6718,-12542.89,UTR6612021921,0110,SUCCESS,TXN00000276,USR30883,MCH6718,UTR6612021921,1,0,0,0,0,0,0
TXN00008083,2026-01-28 00:00:00,USR82608,MCH1439,5352.89,UTR2353417555,1310,SUCCESS,TXN00008083,USR82608,MCH1439,UTR2353417555,0,0,0,0,0,0,0
TXN00012672,2026-03-12 04:42:01,USR34534,MCH5745,2366.0,UTR1406571115,4110,SUCCESS,TXN00012672,USR34534,MCH5745,UTR1406571115,0,0,0,0,0,0,0
TXN00001958,2026-03-11 04:00:55,USR62615,MCH4645,0.1053699,UTR7970802778,4110,SUCCESS,TXN00001958,USR62615,MCH4645,UTR7970802778,0,0,0,0,0,0,0
TXN00002659,2026-03-05 19:09:51,USR33049,MCH4360,0.530773,UTR6929604524,4110,SUCCESS,TXN00002659,USR33049,MCH4360,UTR6929604524,0,0,0,0,0,0,0
TXN00013747,2026-02-03 09:08:58,USR59012,MCH7524,24820.43,UTR2636143049,,SUCCESS,TXN00013747,USR59012,MCH7524,UTR2636143049,0,0,1,0,0,0,0
TXN00001723,2026-01-13 18:12:42,USR31049,MCH7143,7588.85,UTR0913550716,0110,SUCCESS,TXN00001723,USR31049,MCH7143,UTR 0913550716,0,0,0,0,0,0,0
TXN00011601,2026-01-24 17:05:40,USR33735,MCH1197,9632.18,,8120,SUCCESS,TXN00011601,USR33735,MCH1197,,0,1,0,0,0,0,0
TXN00015170,2026-02-28 03:29:32,USR58697,MCH6127,19655.03,UTR4484054124,1310,FAILED,TXN00015170,USR58697,MCH6127,UTR4484054124,0,0,0,0,0,1,0
TXN00017382,2026-02-08 03:21:02,USR18778,MCH5780,18880.39,UTR8903036307,9120,SUCCESS,TXN00017382,USR18778,MCH5780,UTR8903036307,0,0,0,0,0,0,0
TXN00002190,2026-03-20 06:34:57,USR93571,MCH7803,16627.97,UTR7000285932,8120,SUCCESS,TXN00002190,USR93571,MCH7803,UTR7000285932,0,0,0,0,0,0,0
TXN00008212,2026-01-25 04:07:27,USR85756,MCH8155,19021.38,UTR5348776611,4110,SUCCESS,TXN00008212,USR85756,MCH8155,UTR5348776611,0,0,0,0,0,0,0
TXN00004452,2026-01-24 03:54:53,USR37664,MCH7544,14463.0,UTR8057000219,1310,SUCCESS,TXN00004452,USR37664,MCH7544,UTR8057000219,0,0,0,0,0,0,0
TXN00019216,2026-02-20 00:00:00,USR53223,MCH9781,3247.55,UTR4272177838,4110,SUCCESS,TXN00019216,USR53223,MCH9781,UTR4272177838,0,0,0,0,0,0,0
TXN00006405,2026-03-19 21:24:44,USR33242,MCH4666,-1503.46,UTR5467543225,1310,SUCCESS,TXN00006405,USR33242,MCH4666,UTR5467543225,1,0,0,0,0,0,0
TXN00009478,2026-01-12 05:55:02,USR72542,MCH7734,22007.49,UTR0184018384,1310,SUCCESS,TXN00009478,USR72542,MCH7734,UTR0184018384,0,0,0,0,0,0,0
TXN00005005,2026-07-03 10:48:52,USR19996,MCH5205,21742.55,UTR4758826939,4110,SUCCESS,TXN00005005,USR19996,MCH5205,UTR 4758826939,0,0,0,0,0,0,0
TXN00019250,2026-01-22 17:06:12,USR53009,MCH9299,15320.4,UTR8411757493,,SUCCESS,TXN00019250,USR53009,MCH9299,UTR 8411757493,0,0,1,0,0,0,0
TXN00013314,2026-03-24 03:58:13,USR46814,MCH9677,15912.24,UTR9929631440,0110,SUCCESS,TXN00013314,USR46814,MCH9677,UTR9929631440,0,0,0,0,0,0,0
TXN00018605,2026-03-20 18:36:47,USR10841,MCH9858,8135.43,UTR4385435481,9120,SUCCESS,TXN00018605,USR10841,MCH9858,UTR 4385435481,0,0,0,0,0,0,0
TXN00013706,2026-01-24 14:35:10,USR14337,MCH1564,2759.43,UTR3415143332,,SUCCESS,TXN00013706,USR14337,MCH1564,UTR3415143332,0,0,1,0,0,0,0
TXN00009876,2026-01-28 03:05:47,USR71055,MCH9162,2232.35,UTR7612363878,0110,PENDING,TXN00009876,USR71055,MCH9162,UTR 7612363878,0,0,0,0,0,0,1
TXN00010543,2026-03-28 13:01:52,USR12945,MCH6168,0.1845145,UTR3487948344,4110,FAILED,TXN00010543,USR12945,MCH6168,UTR3487948344,0,0,0,0,0,1,0
TXN00008661,2026-03-14 08:42:35,USR11827,MCH5874,10848.76,UTR7088232487,0110,FAILED,TXN00008661,USR11827,MCH5874,UTR7088232487,0,0,0,0,0,1,0
TXN00000239,2026-01-02 21:23:02,USR88230,MCH6466,0.1614035,UTR9346576288,8120,SUCCESS,TXN00000239,USR88230,MCH6466,UTR9346576288,0,0,0,0,0,0,0
TXN00008699,2026-07-03 05:17:06,USR28542,MCH6622,11784.6,UTR4896643602,4110,PENDING,TXN00008699,USR28542,MCH6622,UTR4896643602,0,0,0,0,0,0,1
TXN00000673,2026-03-29 07:59:52,USR88819,MCH5769,2015.04,UTR1789040493,1310,SUCCESS,TXN00000673,USR88819,MCH5769,UTR1789040493,0,0,0,0,0,0,0
TXN00013115,2026-02-03 20:24:39,USR31302,MCH5054,14548.96,UTR0626929754,4110,SUCCESS,TXN00013115,USR31302,MCH5054,UTR0626929754,0,0,0,0,0,0,0
TXN00005034,2026-01-02 05:51:10,USR94281,MCH5492,15018.57,UTR4524709313,4110,FAILED,TXN00005034,USR94281,MCH5492,UTR4524709313,0,0,0,0,0,1,0
TXN00013570,2026-02-25 12:26:10,USR64859,MCH2857,21262.82,UTR5035574329,1310,SUCCESS,TXN00013570,USR64859,MCH2857,UTR5035574329,0,0,0,0,0,0,0
TXN00009357,2026-02-16 01:39:58,USR28564,MCH2467,20888.8,UTR4994005926,4110,SUCCESS,TXN00009357,USR28564,MCH2467,UTR4994005926,0,0,0,0,0,0,0
TXN00010983,2026-02-13 05:59:33,USR59292,MCH3667,21968.65,UTR0802103341,9120,SUCCESS,TXN00010983,USR59292,MCH3667,UTR0802103341,0,0,0,0,0,0,0
TXN00010928,2026-02-23 00:36:41,USR72287,MCH2278,10513.05,UTR0605525358,,SUCCESS,TXN00010928,USR72287,MCH2278,UTR0605525358,0,0,1,0,0,0,0
TXN00014758,2026-01-04 08:24:30,USR19302,MCH5316,15246.29,UTR3430994360,,FAILED,TXN00014758,USR19302,MCH5316,UTR3430994360,0,0,1,0,0,1,0
TXN00000095,2026-03-22 23:37:05,USR21870,MCH4621,19276.47,UTR4908164764,1310,SUCCESS,TXN00000095,USR21870,MCH4621,UTR4908164764,0,0,0,0,0,0,0
TXN00003818,2026-01-30 22:40:33,USR24075,MCH3469,0.2059057,UTR9575772849,9120,SUCCESS,TXN00003818,USR24075,MCH3469,UTR9575772849,0,0,0,0,0,0,0
TXN00013824,2026-01-20 04:57:56,USR47185,MCH8197,9934.84,UTR2189808860,9120,SUCCESS,TXN00013824,USR47185,MCH8197,UTR2189808860,0,0,0,0,0,0,0
TXN00019024,2026-02-10 14:11:50,USR72681,MCH3919,23362.05,UTR1147198408,0110,FAILED,TXN00019024,USR72681,MCH3919,UTR1147198408,0,0,0,0,0,1,0
TXN00008639,2026-01-15 20:58:33,USR50332,MCH7279,15166.74,UTR6316429004,,SUCCESS,TXN00008639,USR50332,MCH7279,UTR6316429004,0,0,1,0,0,0,0
TXN00018656,2026-03-19 20:15:09,USR38673,MCH7310,-15596.81,UTR9292860485,4110,SUCCESS,TXN00018656,USR38673,MCH7310,UTR9292860485,1,0,0,0,0,0,0
TXN00005410,2026-02-01 22:26:08,USR48223,MCH3703,13157.09,UTR3580808317,8120,SUCCESS,TXN00005410,USR48223,MCH3703,UTR3580808317,0,0,0,0,0,0,0
TXN00016508,2026-03-22 08:57:52,USR56912,MCH3296,8775.32,UTR8483277230,1310,SUCCESS,TXN00016508,USR56912,MCH3296,UTR8483277230,0,0,0,0,0,0,0
TXN00014609,2026-03-03 03:29:58,USR31671,MCH4611,12854.02,UTR1933767028,,FAILED,TXN00014609,USR31671,MCH4611,UTR1933767028,0,0,1,0,0,1,0
TXN00008903,2026-03-30 07:26:05,USR91276,MCH2516,19515.24,UTR6212964073,9120,SUCCESS,TXN00008903,USR91276,MCH2516,UTR6212964073,0,0,0,0,0,0,0
TXN00006203,2026-03-28 05:07:46,USR59866,MCH3837,23001.8,UTR3574572120,,SUCCESS,TXN00006203,USR59866,MCH3837,UTR3574572120,0,0,1,0,0,0,0
TXN00011827,2026-03-07 00:00:00,USR20811,MCH7519,8499.47,UTR2760912193,8120,SUCCESS,TXN00011827,USR20811,MCH7519,UTR2760912193,0,0,0,0,0,0,0
TXN00004684,2026-02-26 02:40:58,USR97139,MCH5984,0.746383,UTR4534692684,4110,SUCCESS,TXN00004684,USR97139,MCH5984,UTR4534692684,0,0,0,0,0,0,0
TXN00001021,2026-03-22 15:22:19,USR29003,MCH8903,17438.53,UTR3613278510,9120,SUCCESS,TXN00001021,USR29003,MCH8903,UTR3613278510,0,0,0,0,0,0,0
TXN00000704,2026-01-30 00:00:00,USR24569,MCH1808,3369.02,UTR2740973591,8120,FAILED,TXN00000704,USR24569,MCH1808,UTR2740973591,0,0,0,0,0,1,0
TXN00002531,2026-03-16 02:11:27,USR64753,MCH7671,0.1692376,UTR8855673840,8120,SUCCESS,TXN00002531,USR64753,MCH7671,UTR8855673840,0,0,0,0,0,0,0
TXN00002167,2026-01-30 06:21:28,USR50598,MCH2622,15857.21,UTR6454776379,0110,SUCCESS,TXN00002167,USR50598,MCH2622,UTR6454776379,0,0,0,0,0,0,0
TXN00011735,2026-03-20 12:57:05,USR66582,MCH6302,11239.0,UTR7296119532,9120,SUCCESS,TXN00011735,USR66582,MCH6302,UTR7296119532,0,0,0,0,0,0,0
TXN00000545,2026-01-16 16:30:47,USR68246,MCH9069,15457.02,,4110,SUCCESS,TXN00000545,USR68246,MCH9069,,0,1,0,0,0,0,0
TXN00019056,2026-01-12 04:56:27,USR23091,MCH7809,24876.34,UTR8908275234,4110,FAILED,TXN00019056,USR23091,MCH7809,UTR8908275234,0,0,0,0,0,1,0
TXN00015165,2026-03-24 10:36:37,USR38001,MCH8818,7472.0,,8120,SUCCESS,TXN00015165,USR38001,MCH8818,,0,1,0,0,0,0,0
TXN00002299,2026-03-19 07:34:57,USR59966,MCH9311,2709.56,UTR7869185010,4110,SUCCESS,TXN00002299,USR59966,MCH9311,UTR 7869185010,0,0,0,0,0,0,0
TXN00001638,2026-03-29 06:36:31,USR46726,MCH9740,0.381888,UTR2310077105,8120,SUCCESS,TXN00001638,USR46726,MCH9740,UTR2310077105,0,0,0,0,0,0,0
TXN00004292,2026-01-17 03:35:48,USR29908,MCH9457,1991.21,UTR7354151161,1310,SUCCESS,TXN00004292,USR29908,MCH9457,UTR7354151161,0,0,0,0,0,0,0
TXN00010111,2026-03-10 17:56:04,USR35624,MCH6302,6579.39,UTR0492048018,0110,SUCCESS,TXN00010111,USR35624,MCH6302,UTR0492048018,0,0,0,0,0,0,0
TXN00012539,2026-01-30 09:14:28,USR99547,MCH6553,6388.23,UTR3156249160,1310,PENDING,TXN00012539,USR99547,MCH6553,UTR3156249160,0,0,0,0,0,0,1
TXN00003500,2026-02-10 08:59:25,USR72210,MCH3610,18438.28,UTR7158542714,4110,SUCCESS,TXN00003500,USR72210,MCH3610,UTR7158542714,0,0,0,0,0,0,0
TXN00018910,2026-01-15 06:18:21,USR88823,MCH1890,6252.0,UTR1540823063,,SUCCESS,TXN00018910,USR88823,MCH1890,UTR1540823063,0,0,1,0,0,0,0
TXN00005286,2026-03-30 00:00:00,USR71251,MCH5842,0.1774469,UTR0024765290,4110,SUCCESS,TXN00005286,USR71251,MCH5842,UTR0024765290,0,0,0,0,0,0,0
TXN00013298,2026-01-27 03:11:15,USR43492,MCH6591,18183.79,UTR2390984816,4110,SUCCESS,TXN00013298,USR43492,MCH6591,UTR2390984816,0,0,0,0,0,0,0
TXN00017190,2026-02-20 05:20:34,USR78186,MCH8081,4938.18,UTR5183709262,8120,SUCCESS,TXN00017190,USR78186,MCH8081,UTR5183709262,0,0,0,0,0,0,0
TXN00019779,2026-02-20 17:28:00,USR32388,MCH1112,8122.37,UTR7900989627,4110,SUCCESS,TXN00019779,USR32388,MCH1112,UTR7900989627,0,0,0,0,0,0,0
TXN00016561,2026-03-17 20:47:12,USR49334,MCH5866,16.31,UTR0102943145,8120,SUCCESS,TXN00016561,USR49334,MCH5866,UTR0102943145,0,0,0,0,0,0,0
TXN00005332,2026-02-24 22:03:45,USR41508,MCH9892,-7918.26,UTR4469164715,9120,SUCCESS,TXN00005332,USR41508,MCH9892,UTR4469164715,1,0,0,0,0,0,0
TXN00006211,2026-01-19 07:03:52,USR90010,MCH4888,12417.92,UTR5236738234,8120,SUCCESS,TXN00006211,USR90010,MCH4888,UTR5236738234,0,0,0,0,0,0,0
TXN00002989,2026-03-16 11:08:38,USR74547,MCH3728,17964.16,UTR5456646979,0110,SUCCESS,TXN00002989,USR74547,MCH3728,UTR5456646979,0,0,0,0,0,0,0
TXN00003489,2026-02-05 16:26:21,USR14395,MCH3525,803.28,UTR6124870528,0110,SUCCESS,TXN00003489,USR14395,MCH3525,UTR 6124870528,0,0,0,0,0,0,0
TXN00009151,2026-03-02 19:44:27,USR58281,MCH6121,13591.31,UTR9344635338,8120,FAILED,TXN00009151,USR58281,MCH6121,UTR9344635338,0,0,0,0,0,1,0
TXN00008734,2026-03-13 19:21:00,USR78452,MCH2609,11359.65,UTR6113553401,9120,SUCCESS,TXN00008734,USR78452,MCH2609,UTR6113553401,0,0,0,0,0,0,0
TXN00003512,2026-01-25 00:38:10,USR35757,MCH7376,1684.74,UTR9554374410,8120,SUCCESS,TXN00003512,USR35757,MCH7376,UTR9554374410,0,0,0,0,0,0,0
TXN00017945,2026-03-07 21:43:19,USR16526,MCH3951,9862.0,UTR4322417592,9120,SUCCESS,TXN00017945,USR16526,MCH3951,UTR4322417592,0,0,0,0,0,0,0
TXN00004280,2026-03-20 20:47:20,USR59394,MCH2338,9799.64,UTR5190975129,4110,SUCCESS,TXN00004280,USR59394,MCH2338,UTR5190975129,0,0,0,0,0,0,0
TXN00002954,2026-01-27 15:31:02,USR92429,MCH4893,11548.29,UTR0894008392,0110,SUCCESS,TXN00002954,USR92429,MCH4893,UTR 0894008392,0,0,0,0,0,0,0
TXN00004242,2026-01-07 17:09:04,USR20633,MCH8731,9904.47,UTR9616579510,9120,SUCCESS,TXN00004242,USR20633,MCH8731,UTR9616579510,0,0,0,0,0,0,0
TXN00009705,2026-03-21 14:25:32,USR39676,MCH1470,8659.22,UTR6021326126,4110,SUCCESS,TXN00009705,USR39676,MCH1470,UTR6021326126,0,0,0,0,0,0,0
TXN00003623,2026-03-23 01:16:31,USR46357,MCH1475,5463.01,UTR1372829565,4110,SUCCESS,TXN00003623,USR46357,MCH1475,UTR1372829565,0,0,0,0,0,0,0
TXN00002509,2026-01-16 17:37:22,USR58492,MCH7124,21175.75,UTR1777202421,9120,SUCCESS,TXN00002509,USR58492,MCH7124,UTR1777202421,0,0,0,0,0,0,0
TXN00010628,2026-02-10 13:28:44,USR82466,MCH5698,13134.8,UTR0160439600,4110,SUCCESS,TXN00010628,USR82466,MCH5698,UTR0160439600,0,0,0,0,0,0,0
TXN00009687,2026-02-27 11:50:24,USR50290,MCH9736,0.714527,UTR0509353845,1310,SUCCESS,TXN00009687,USR50290,MCH9736,UTR0509353845,0,0,0,0,0,0,0
TXN00014992,2026-01-23 16:13:51,USR42132,MCH1300,14503.78,UTR5178879461,8120,SUCCESS,TXN00014992,USR42132,MCH1300,UTR5178879461,0,0,0,0,0,0,0
TXN00001656,2026-03-24 01:42:03,USR87474,MCH8877,23424.58,UTR1523659968,8120,SUCCESS,TXN00001656,USR87474,MCH8877,UTR1523659968,0,0,0,0,0,0,0
TXN00019879,2026-03-04 14:33:47,USR25686,MCH2590,12341.0,UTR4249777745,8120,FAILED,TXN00019879,USR25686,MCH2590,UTR4249777745,0,0,0,0,0,1,0
TXN00000851,2026-03-02 20:25:46,USR70204,MCH2889,1686.24,UTR9736644959,0110,SUCCESS,TXN00000851,USR70204,MCH2889,UTR9736644959,0,0,0,0,0,0,0
TXN00017951,2026-02-21 03:46:55,USR87286,MCH1038,19026.47,UTR5528441162,1310,SUCCESS,TXN00017951,USR87286,MCH1038,UTR5528441162,0,0,0,0,0,0,0
TXN00000166,2026-01-14 10:20:10,USR43844,MCH2425,20884.21,UTR2870999704,1310,SUCCESS,TXN00000166,USR43844,MCH2425,UTR2870999704,0,0,0,0,0,0,0
TXN00015887,2026-03-15 00:00:00,USR16185,MCH2565,0.1719325,UTR3510044796,1310,SUCCESS,TXN00015887,USR16185,MCH2565,UTR3510044796,0,0,0,0,0,0,0
TXN00007671,2026-03-19 00:43:51,USR33729,MCH6346,19246.61,UTR4200552531,8120,SUCCESS,TXN00007671,USR33729,MCH6346,UTR 4200552531,0,0,0,0,0,0,0
TXN00015606,2026-03-13 09:39:30,USR20218,MCH6240,5259.22,UTR5775624113,1310,SUCCESS,TXN00015606,USR20218,MCH6240,UTR5775624113,0,0,0,0,0,0,0
TXN00010629,2026-01-05 07:02:59,USR88882,MCH5754,5216.09,UTR0951766876,,FAILED,TXN00010629,USR88882,MCH5754,UTR0951766876,0,0,1,0,0,1,0
TXN00014733,2026-01-19 20:35:04,USR72028,MCH4121,4022.34,UTR4811960156,9120,SUCCESS,TXN00014733,USR72028,MCH4121,UTR4811960156,0,0,0,0,0,0,0
TXN00005484,2026-02-08 00:29:50,USR71138,MCH6512,18178.19,UTR1458579493,4110,SUCCESS,TXN00005484,USR71138,MCH6512,UTR1458579493,0,0,0,0,0,0,0
TXN00013384,2026-01-26 09:00:51,USR62970,MCH2556,10789.82,UTR3464303775,9120,FAILED,TXN00013384,USR62970,MCH2556,UTR3464303775,0,0,0,0,0,1,0
TXN00016014,2026-03-28 03:18:41,USR86095,MCH4953,24748.14,UTR4523943937,4110,SUCCESS,TXN00016014,USR86095,MCH4953,UTR4523943937,0,0,0,0,0,0,0
TXN00001011,2026-02-25 21:42:13,USR72098,MCH9809,5538.02,UTR2743397515,1310,SUCCESS,TXN00001011,USR72098,MCH9809,UTR2743397515,0,0,0,0,0,0,0
TXN00010810,2026-01-15 14:41:09,USR21980,MCH9607,14902.21,UTR6319001092,9120,SUCCESS,TXN00010810,USR21980,MCH9607,UTR6319001092,0,0,0,0,0,0,0
TXN00007097,2026-02-17 07:14:09,USR29518,MCH5981,-20890.94,UTR8998024509,4110,SUCCESS,TXN00007097,USR29518,MCH5981,UTR 8998024509,1,0,0,0,0,0,0
TXN00013497,2026-03-06 01:32:05,USR94923,MCH8713,23194.03,UTR9072999282,4110,FAILED,TXN00013497,USR94923,MCH8713,UTR 9072999282,0,0,0,0,0,1,0
TXN00001287,2026-01-23 15:55:00,USR65052,MCH1768,2205.78,UTR7304392663,9120,SUCCESS,TXN00001287,USR65052,MCH1768,UTR7304392663,0,0,0,0,0,0,0
TXN00013291,2026-01-03 19:21:24,USR55265,MCH4238,0.1331755,UTR0573821717,1310,FAILED,TXN00013291,USR55265,MCH4238,UTR0573821717,0,0,0,0,0,1,0
TXN00000989,2026-01-12 02:32:48,USR51945,MCH4155,0.616759,UTR0027663802,9120,SUCCESS,TXN00000989,USR51945,MCH4155,UTR0027663802,0,0,0,0,0,0,0
TXN00006746,2026-01-10 22:47:44,USR93548,MCH2386,24864.16,UTR8566375347,8120,SUCCESS,TXN00006746,USR93548,MCH2386,UTR8566375347,0,0,0,0,0,0,0
TXN00012771,2026-02-19 06:06:28,USR94657,MCH4259,17945.41,UTR8616707825,9120,SUCCESS,TXN00012771,USR94657,MCH4259,UTR8616707825,0,0,0,0,0,0,0
TXN00012866,2026-01-15 15:44:37,USR48606,MCH7298,19476.92,UTR4266840421,4110,SUCCESS,TXN00012866,USR48606,MCH7298,UTR4266840421,0,0,0,0,0,0,0
TXN00013650,2026-03-24 12:28:43,USR80703,MCH7958,17048.1,UTR8313893276,,SUCCESS,TXN00013650,USR80703,MCH7958,UTR8313893276,0,0,1,0,0,0,0
TXN00018364,2026-01-03 20:47:27,USR47386,MCH7020,0.263866,UTR1837155917,0110,SUCCESS,TXN00018364,USR47386,MCH7020,UTR1837155917,0,0,0,0,0,0,0
TXN00015245,2026-03-26 01:35:21,USR69301,MCH8603,3904.95,UTR6530591017,4110,SUCCESS,TXN00015245,USR69301,MCH8603,UTR6530591017,0,0,0,0,0,0,0
TXN00004115,2026-01-09 11:25:02,USR13164,MCH3255,15026.79,UTR7592982429,8120,SUCCESS,TXN00004115,USR13164,MCH3255,UTR7592982429,0,0,0,0,0,0,0
TXN00010254,2026-01-20 17:18:18,USR24765,MCH5881,10078.21,UTR5611440503,4110,SUCCESS,TXN00010254,USR24765,MCH5881,UTR5611440503,0,0,0,0,0,0,0
TXN00012346,2026-01-07 20:47:56,USR52186,MCH2104,20302.71,UTR6754434394,4110,SUCCESS,TXN00012346,USR52186,MCH2104,UTR6754434394,0,0,0,0,0,0,0
TXN00008935,2026-03-28 19:28:26,USR17922,MCH2996,15240.04,UTR7522562779,0110,SUCCESS,TXN00008935,USR17922,MCH2996,UTR7522562779,0,0,0,0,0,0,0
TXN00001336,2026-02-01 07:03:49,USR24338,MCH3986,16261.64,UTR1059792592,9120,SUCCESS,TXN00001336,USR24338,MCH3986,UTR1059792592,0,0,0,0,0,0,0
TXN00008450,2026-03-23 00:00:00,USR33219,MCH6399,19643.81,UTR7875068013,1310,SUCCESS,TXN00008450,USR33219,MCH6399,UTR7875068013,0,0,0,0,0,0,0
TXN00008860,2026-01-15 17:30:20,USR99414,MCH2065,15554.52,UTR5992282948,4110,SUCCESS,TXN00008860,USR99414,MCH2065,UTR5992282948,0,0,0,0,0,0,0
TXN00004507,2026-01-09 00:38:11,USR68884,MCH2351,18367.86,UTR3917577950,4110,SUCCESS,TXN00004507,USR68884,MCH2351,UTR3917577950,0,0,0,0,0,0,0
TXN00000976,2026-01-04 21:48:29,USR22395,MCH3018,6563.98,UTR6732555089,4110,SUCCESS,TXN00000976,USR22395,MCH3018,UTR6732555089,0,0,0,0,0,0,0
TXN00011384,2026-01-28 12:51:45,USR38108,MCH7624,17218.85,UTR6775117634,,SUCCESS,TXN00011384,USR38108,MCH7624,UTR6775117634,0,0,1,0,0,0,0
TXN00010749,2026-02-26 07:46:34,USR88296,MCH7888,11282.39,UTR8100373474,9120,SUCCESS,TXN00010749,USR88296,MCH7888,UTR8100373474,0,0,0,0,0,0,0
TXN00019198,2026-02-06 20:00:24,USR59971,MCH6419,8156.69,UTR0169590080,4110,SUCCESS,TXN00019198,USR59971,MCH6419,UTR0169590080,0,0,0,0,0,0,0
TXN00010548,2026-02-17 00:45:06,USR28706,MCH2152,21637.08,UTR9022349800,,FAILED,TXN00010548,USR28706,MCH2152,UTR9022349800,0,0,1,0,0,1,0
TXN00019618,2026-02-01 10:20:16,USR62663,MCH6491,7227.81,UTR7185429435,8120,SUCCESS,TXN00019618,USR62663,MCH6491,UTR7185429435,0,0,0,0,0,0,0
TXN00015067,2026-03-06 14:40:20,USR54142,MCH1003,0.73571,UTR7714060562,9120,SUCCESS,TXN00015067,USR54142,MCH1003,UTR7714060562,0,0,0,0,0,0,0
TXN00015460,2026-01-04 13:35:46,USR90367,MCH8589,0.1370372,UTR8606609860,8120,SUCCESS,TXN00015460,USR90367,MCH8589,UTR8606609860,0,0,0,0,0,0,0
TXN00016647,2026-01-07 08:12:16,USR89657,MCH1294,23678.44,,4110,SUCCESS,TXN00016647,USR89657,MCH1294,,0,1,0,0,0,0,0
TXN00011548,2026-03-16 04:16:29,USR69175,MCH6496,23626.81,UTR0685840582,4110,FAILED,TXN00011548,USR69175,MCH6496,UTR 0685840582,0,0,0,0,0,1,0
TXN00001348,2026-03-16 06:01:15,USR13732,MCH5356,9282.0,UTR2378804998,4110,PENDING,TXN00001348,USR13732,MCH5356,UTR2378804998,0,0,0,0,0,0,1
TXN00002543,2026-03-21 07:03:23,USR16817,MCH1099,21149.58,UTR2643830463,0110,SUCCESS,TXN00002543,USR16817,MCH1099,UTR2643830463,0,0,0,0,0,0,0
TXN00009822,2026-02-10 09:00:48,USR58625,MCH1864,18784.32,UTR5715723217,8120,SUCCESS,TXN00009822,USR58625,MCH1864,UTR 5715723217,0,0,0,0,0,0,0
TXN00003391,2026-01-29 02:30:24,USR21380,MCH6900,8082.45,UTR1091012370,0110,SUCCESS,TXN00003391,USR21380,MCH6900,UTR1091012370,0,0,0,0,0,0,0
TXN00009032,2026-03-22 07:04:23,USR97616,MCH7200,17758.14,UTR5326565310,9120,SUCCESS,TXN00009032,USR97616,MCH7200,UTR5326565310,0,0,0,0,0,0,0
TXN00011590,2026-03-02 16:42:43,USR48421,MCH2866,16971.04,UTR5673178182,4110,SUCCESS,TXN00011590,USR48421,MCH2866,UTR5673178182,0,0,0,0,0,0,0
TXN00019197,2026-02-14 00:47:41,USR79050,MCH3802,4439.0,UTR0420845081,,SUCCESS,TXN00019197,USR79050,MCH3802,UTR0420845081,0,0,1,0,0,0,0
TXN00017754,2026-01-05 18:29:29,USR20793,MCH8869,10394.84,UTR0453805194,4110,SUCCESS,TXN00017754,USR20793,MCH8869,UTR0453805194,0,0,0,0,0,0,0
TXN00001504,2026-02-14 05:01:47,USR28574,MCH8967,8537.78,UTR3802590023,9120,SUCCESS,TXN00001504,USR28574,MCH8967,UTR3802590023,0,0,0,0,0,0,0
TXN00018809,2026-03-17 23:37:10,USR51382,MCH8667,1412.73,UTR0657701040,8120,SUCCESS,TXN00018809,USR51382,MCH8667,UTR0657701040,0,0,0,0,0,0,0
TXN00005425,2026-03-23 23:19:28,USR99546,MCH1601,11123.37,UTR2024113348,4110,FAILED,TXN00005425,USR99546,MCH1601,UTR 2024113348,0,0,0,0,0,1,0
TXN00008115,2026-02-07 20:07:15,USR14015,MCH2883,10211.86,UTR4940700259,4110,SUCCESS,TXN00008115,USR14015,MCH2883,UTR4940700259,0,0,0,0,0,0,0
TXN00003497,2026-03-14 14:20:54,USR44442,MCH2493,21576.29,UTR6083500343,4110,SUCCESS,TXN00003497,USR44442,MCH2493,UTR6083500343,0,0,0,0,0,0,0
TXN00001367,2026-03-21 01:19:41,USR22074,MCH6782,17898.47,,,SUCCESS,TXN00001367,USR22074,MCH6782,,0,1,1,0,0,0,0
TXN00012830,2026-01-14 09:33:00,USR42409,MCH8649,2777.61,,0110,SUCCESS,TXN00012830,USR42409,MCH8649,,0,1,0,0,0,0,0
TXN00006739,2026-01-20 19:21:23,USR37601,MCH6647,5960.74,UTR4964711630,,SUCCESS,TXN00006739,USR37601,MCH6647,UTR4964711630,0,0,1,0,0,0,0
TXN00002305,2026-01-08 04:52:36,USR25681,MCH4617,23294.53,UTR4736029839,0110,SUCCESS,TXN00002305,USR25681,MCH4617,UTR4736029839,0,0,0,0,0,0,0
TXN00009342,2026-02-08 10:51:42,USR66982,MCH5475,13542.24,UTR1689830978,4110,FAILED,TXN00009342,USR66982,MCH5475,UTR1689830978,0,0,0,0,0,1,0
TXN00006516,2026-02-10 00:49:06,USR91259,MCH7857,5830.22,UTR0966346226,8120,SUCCESS,TXN00006516,USR91259,MCH7857,UTR 0966346226,0,0,0,0,0,0,0
TXN00010973,2026-02-21 02:40:47,USR18559,MCH6212,6172.97,UTR3538537575,4110,SUCCESS,TXN00010973,USR18559,MCH6212,UTR3538537575,0,0,0,0,0,0,0
TXN00016052,2026-03-28 13:32:50,USR66251,MCH8075,13146.0,UTR0983607007,,SUCCESS,TXN00016052,USR66251,MCH8075,UTR0983607007,0,0,1,0,0,0,0
TXN00002267,2026-03-15 19:25:48,USR96246,MCH3414,14796.51,UTR2505889572,0110,SUCCESS,TXN00002267,USR96246,MCH3414,UTR2505889572,0,0,0,0,0,0,0
TXN00016878,2026-01-07 06:13:46,USR39740,MCH4245,10821.05,UTR7170371356,1310,SUCCESS,TXN00016878,USR39740,MCH4245,UTR7170371356,0,0,0,0,0,0,0
TXN00010901,2026-01-18 21:54:29,USR39130,MCH7681,12864.44,UTR4933469226,4110,SUCCESS,TXN00010901,USR39130,MCH7681,UTR4933469226,0,0,0,0,0,0,0
TXN00008810,2026-02-19 08:59:05,USR46362,MCH1769,3082.0,UTR7788255197,1310,PENDING,TXN00008810,USR46362,MCH1769,UTR7788255197,0,0,0,0,0,0,1
TXN00016816,2026-02-19 18:09:47,USR25874,MCH5212,314.57,UTR6895151293,9120,SUCCESS,TXN00016816,USR25874,MCH5212,UTR6895151293,0,0,0,0,0,0,0
TXN00000196,2026-02-22 03:13:53,USR54128,MCH1130,8736.75,UTR0362699061,8120,SUCCESS,TXN00000196,USR54128,MCH1130,UTR0362699061,0,0,0,0,0,0,0
TXN00015701,2026-02-28 23:16:58,USR10325,MCH3948,0.747411,UTR1578715611,,SUCCESS,TXN00015701,USR10325,MCH3948,UTR1578715611,0,0,1,0,0,0,0
TXN00018193,2026-03-20 05:13:23,USR62573,MCH5387,5642.8,UTR9115934723,0110,SUCCESS,TXN00018193,USR62573,MCH5387,UTR9115934723,0,0,0,0,0,0,0
TXN00000680,2026-01-01 03:56:27,USR70000,MCH8135,21639.02,,,SUCCESS,TXN00000680,USR70000,MCH8135,,0,1,1,0,0,0,0
TXN00008118,2026-01-22 10:01:03,USR66197,MCH8298,6062.16,UTR0089074624,,FAILED,TXN00008118,USR66197,MCH8298,UTR0089074624,0,0,1,0,0,1,0
TXN00016809,2026-03-25 04:57:25,USR10649,MCH7962,18085.02,UTR9936251806,4110,SUCCESS,TXN00016809,USR10649,MCH7962,UTR9936251806,0,0,0,0,0,0,0
TXN00019697,2026-03-16 12:11:28,USR41933,MCH1657,16165.25,UTR1231202919,1310,SUCCESS,TXN00019697,USR41933,MCH1657,UTR1231202919,0,0,0,0,0,0,0
TXN00009987,2026-03-23 07:46:57,USR23315,MCH5611,8126.72,UTR8182813921,8120,SUCCESS,TXN00009987,USR23315,MCH5611,UTR8182813921,0,0,0,0,0,0,0
TXN00012476,2026-01-18 16:34:32,USR13580,MCH5723,8742.7,UTR6973982627,1310,SUCCESS,TXN00012476,USR13580,MCH5723,UTR6973982627,0,0,0,0,0,0,0
TXN00014360,2026-01-28 00:00:00,USR87642,MCH6897,21081.55,UTR0044232859,4110,SUCCESS,TXN00014360,USR87642,MCH6897,UTR0044232859,0,0,0,0,0,0,0
TXN00016136,2026-02-21 19:17:54,USR35068,MCH5538,11927.87,,1310,SUCCESS,TXN00016136,USR35068,MCH5538,,0,1,0,0,0,0,0
TXN00006945,2026-03-22 11:07:27,USR65862,MCH6167,14162.0,UTR5792486921,4110,SUCCESS,TXN00006945,USR65862,MCH6167,UTR5792486921,0,0,0,0,0,0,0
TXN00014770,2026-01-26 08:56:40,USR78513,MCH2791,1640.73,UTR6150478766,1310,SUCCESS,TXN00014770,USR78513,MCH2791,UTR6150478766,0,0,0,0,0,0,0
TXN00016190,2026-03-17 18:43:39,USR45665,MCH9102,16145.68,UTR2373058062,,SUCCESS,TXN00016190,USR45665,MCH9102,UTR2373058062,0,0,1,0,0,0,0
TXN00003446,2026-01-18 22:34:17,USR65932,MCH2270,16241.23,UTR7867730788,0110,SUCCESS,TXN00003446,USR65932,MCH2270,UTR7867730788,0,0,0,0,0,0,0
TXN00005834,2026-01-27 03:47:38,USR98081,MCH1147,10807.36,UTR0843217928,9120,SUCCESS,TXN00005834,USR98081,MCH1147,UTR0843217928,0,0,0,0,0,0,0
TXN00019891,2026-03-26 14:21:41,USR30014,MCH1264,0.388581,UTR2084803894,4110,FAILED,TXN00019891,USR30014,MCH1264,UTR2084803894,0,0,0,0,0,1,0
TXN00010653,2026-03-13 01:11:08,USR80891,MCH2308,21112.21,UTR9785224018,4110,SUCCESS,TXN00010653,USR80891,MCH2308,UTR9785224018,0,0,0,0,0,0,0
TXN00018136,2026-08-02 02:57:45,USR55266,MCH8926,18721.85,UTR5986887859,,SUCCESS,TXN00018136,USR55266,MCH8926,UTR5986887859,0,0,1,0,0,0,0
TXN00003297,2026-03-21 10:57:27,USR31587,MCH5857,16211.47,UTR5017286926,1310,SUCCESS,TXN00003297,USR31587,MCH5857,UTR5017286926,0,0,0,0,0,0,0
TXN00016157,2026-02-03 17:38:41,USR64212,MCH7689,0.756175,,4110,SUCCESS,TXN00016157,USR64212,MCH7689,,0,1,0,0,0,0,0
TXN00016027,2026-01-19 11:44:32,USR87645,MCH6479,17570.45,UTR4762061709,,PENDING,TXN00016027,USR87645,MCH6479,UTR4762061709,0,0,1,0,0,0,1
TXN00019932,2026-02-07 10:20:58,USR59942,MCH1324,18857.5,UTR3264237337,0110,PENDING,TXN00019932,USR59942,MCH1324,UTR3264237337,0,0,0,0,0,0,1
TXN00016589,2026-02-25 13:00:30,USR76838,MCH7351,1093.21,UTR0617604858,1310,PENDING,TXN00016589,USR76838,MCH7351,UTR 0617604858,0,0,0,0,0,0,1
TXN00019176,2026-03-15 13:28:33,USR65658,MCH4807,0.928716,UTR3776520161,8120,SUCCESS,TXN00019176,USR65658,MCH4807,UTR3776520161,0,0,0,0,0,0,0
TXN00007002,2026-01-29 03:22:05,USR15783,MCH4069,4677.45,UTR3499900190,0110,SUCCESS,TXN00007002,USR15783,MCH4069,UTR3499900190,0,0,0,0,0,0,0
TXN00019458,2026-02-17 11:51:32,USR29731,MCH9553,0.62011,UTR3573966160,9120,SUCCESS,TXN00019458,USR29731,MCH9553,UTR3573966160,0,0,0,0,0,0,0
TXN00014078,2026-03-18 07:27:13,USR68186,MCH3119,3027.25,UTR3850694547,,SUCCESS,TXN00014078,USR68186,MCH3119,UTR3850694547,0,0,1,0,0,0,0
TXN00016662,2026-02-25 00:00:00,USR58661,MCH4870,-3649.69,UTR1878050443,9120,SUCCESS,TXN00016662,USR58661,MCH4870,UTR1878050443,1,0,0,0,0,0,0
TXN00001273,2026-03-08 22:21:04,USR64411,MCH9501,19498.48,UTR6912919530,9120,SUCCESS,TXN00001273,USR64411,MCH9501,UTR6912919530,0,0,0,0,0,0,0
TXN00000554,2026-01-08 00:00:00,USR43514,MCH8235,14028.0,UTR9103051245,4110,SUCCESS,TXN00000554,USR43514,MCH8235,UTR9103051245,0,0,0,0,0,0,0
TXN00001035,2026-03-17 23:40:21,USR63580,MCH2907,1933.06,UTR4563553369,8120,SUCCESS,TXN00001035,USR63580,MCH2907,UTR4563553369,0,0,0,0,0,0,0
TXN00004158,2026-01-07 03:25:23,USR49703,MCH8592,21280.26,UTR8663995632,9120,SUCCESS,TXN00004158,USR49703,MCH8592,UTR8663995632,0,0,0,0,0,0,0
TXN00006662,2026-03-09 23:09:05,USR44967,MCH4915,11051.92,UTR5547206691,1310,SUCCESS,TXN00006662,USR44967,MCH4915,UTR5547206691,0,0,0,0,0,0,0
TXN00004005,2026-02-25 00:42:10,USR27813,MCH9714,3739.74,UTR9153423729,0110,PENDING,TXN00004005,USR27813,MCH9714,UTR9153423729,0,0,0,0,0,0,1
TXN00012952,2026-03-22 19:14:02,USR28594,MCH7698,21237.06,UTR8328890863,1310,SUCCESS,TXN00012952,USR28594,MCH7698,UTR8328890863,0,0,0,0,0,0,0
TXN00012722,2026-03-20 08:00:59,USR46521,MCH7806,2126.06,,,SUCCESS,TXN00012722,USR46521,MCH7806,,0,1,1,0,0,0,0
TXN00017371,2026-02-08 19:55:57,USR52054,MCH1415,5103.45,UTR0942482811,1310,FAILED,TXN00017371,USR52054,MCH1415,UTR0942482811,0,0,0,0,0,1,0
TXN00010231,2026-01-12 18:25:29,USR24020,MCH1072,12820.0,UTR4013973616,,SUCCESS,TXN00010231,USR24020,MCH1072,UTR 4013973616,0,0,1,0,0,0,0
TXN00016881,2026-02-28 16:16:58,USR55105,MCH8203,12607.34,UTR7930288118,1310,SUCCESS,TXN00016881,USR55105,MCH8203,UTR7930288118,0,0,0,0,0,0,0
TXN00006250,2026-03-08 23:14:00,USR91204,MCH8126,2162.53,UTR7789697611,1310,SUCCESS,TXN00006250,USR91204,MCH8126,UTR7789697611,0,0,0,0,0,0,0
TXN00012547,2026-02-01 13:00:55,USR81891,MCH8185,15143.2,UTR3112279759,4110,SUCCESS,TXN00012547,USR81891,MCH8185,UTR3112279759,0,0,0,0,0,0,0
TXN00006233,2026-01-04 15:03:47,USR99333,MCH7753,13856.94,UTR3757487803,9120,SUCCESS,TXN00006233,USR99333,MCH7753,UTR3757487803,0,0,0,0,0,0,0
TXN00009437,2026-02-06 07:59:08,USR51134,MCH3677,18141.95,UTR9594872795,4110,SUCCESS,TXN00009437,USR51134,MCH3677,UTR9594872795,0,0,0,0,0,0,0
TXN00014870,2026-03-14 19:25:49,USR20097,MCH1089,0.1050349,UTR2297900954,4110,SUCCESS,TXN00014870,USR20097,MCH1089,UTR2297900954,0,0,0,0,0,0,0
TXN00017154,2026-01-02 12:11:15,USR70156,MCH4791,0.152841,UTR6047229328,,SUCCESS,TXN00017154,USR70156,MCH4791,UTR6047229328,0,0,1,0,0,0,0
TXN00017354,2026-01-13 06:57:12,USR21165,MCH8314,3885.79,UTR3550526278,,FAILED,TXN00017354,USR21165,MCH8314,UTR3550526278,0,0,1,0,0,1,0
TXN00016435,2026-02-04 05:38:16,USR95643,MCH6408,7522.51,UTR1763470481,4110,SUCCESS,TXN00016435,USR95643,MCH6408,UTR1763470481,0,0,0,0,0,0,0
TXN00019729,2026-02-16 21:27:46,USR80421,MCH1344,19194.21,,9120,SUCCESS,TXN00019729,USR80421,MCH1344,,0,1,0,0,0,0,0
TXN00010050,2026-03-31 03:11:34,USR55436,MCH1494,24630.33,UTR7023185474,,FAILED,TXN00010050,USR55436,MCH1494,UTR7023185474,0,0,1,0,0,1,0
TXN00018951,2026-02-19 14:47:56,USR33880,MCH6685,24271.48,UTR3077462260,4110,SUCCESS,TXN00018951,USR33880,MCH6685,UTR3077462260,0,0,0,0,0,0,0
TXN00002445,2026-01-10 19:40:30,USR16914,MCH6345,11016.63,UTR8583219659,4110,FAILED,TXN00002445,USR16914,MCH6345,UTR8583219659,0,0,0,0,0,1,0
TXN00012436,2026-01-13 09:46:18,USR74576,MCH8131,23872.69,UTR9083690755,8120,SUCCESS,TXN00012436,USR74576,MCH8131,UTR9083690755,0,0,0,0,0,0,0
TXN00014182,2026-02-20 21:55:49,USR80842,MCH2362,7886.53,UTR5449701402,8120,SUCCESS,TXN00014182,USR80842,MCH2362,UTR5449701402,0,0,0,0,0,0,0
TXN00008228,2026-02-07 18:43:19,USR16925,MCH2187,3153.8,UTR6665878857,4110,SUCCESS,TXN00008228,USR16925,MCH2187,UTR6665878857,0,0,0,0,0,0,0
TXN00005506,2026-02-01 00:31:56,USR20071,MCH6669,4552.0,UTR2099820504,4110,SUCCESS,TXN00005506,USR20071,MCH6669,UTR2099820504,0,0,0,0,0,0,0
TXN00006631,2026-02-26 04:07:45,USR30341,MCH1540,10306.32,UTR0333355397,0110,SUCCESS,TXN00006631,USR30341,MCH1540,UTR0333355397,0,0,0,0,0,0,0
TXN00001648,2026-02-03 13:13:34,USR20891,MCH5653,20653.43,UTR2575190050,4110,SUCCESS,TXN00001648,USR20891,MCH5653,UTR 2575190050,0,0,0,0,0,0,0
TXN00009830,2026-02-03 12:16:27,USR97916,MCH8170,16535.02,,4110,SUCCESS,TXN00009830,USR97916,MCH8170,,0,1,0,0,0,0,0
TXN00005236,2026-03-17 19:46:07,USR86787,MCH1413,193.75,,1310,SUCCESS,TXN00005236,USR86787,MCH1413,,0,1,0,0,0,0,0
TXN00004872,2026-02-10 20:40:59,USR56291,MCH6505,3315.0,UTR9305523121,8120,SUCCESS,TXN00004872,USR56291,MCH6505,UTR9305523121,0,0,0,0,0,0,0
TXN00007542,2026-02-13 08:38:29,USR44238,MCH9352,0.15398,UTR4993727730,9120,SUCCESS,TXN00007542,USR44238,MCH9352,UTR4993727730,0,0,0,0,0,0,0
TXN00001721,2026-02-05 10:11:17,USR93205,MCH1943,0.356481,UTR0452415448,,SUCCESS,TXN00001721,USR93205,MCH1943,UTR0452415448,0,0,1,0,0,0,0
TXN00001297,2026-02-11 06:38:44,USR40062,MCH1828,4195.39,UTR2492682436,,SUCCESS,TXN00001297,USR40062,MCH1828,UTR2492682436,0,0,1,0,0,0,0
TXN00006877,2026-02-24 12:00:16,USR52813,MCH8406,0.482906,UTR5304165718,9120,SUCCESS,TXN00006877,USR52813,MCH8406,UTR 5304165718,0,0,0,0,0,0,0
TXN00015058,2026-01-28 05:16:52,USR52187,MCH9936,0.1677128,UTR1394983299,9120,SUCCESS,TXN00015058,USR52187,MCH9936,UTR1394983299,0,0,0,0,0,0,0
TXN00014402,2026-03-06 02:00:20,USR45829,MCH8779,10751.14,UTR1228459399,9120,SUCCESS,TXN00014402,USR45829,MCH8779,UTR1228459399,0,0,0,0,0,0,0
TXN00000260,2026-01-13 05:02:35,USR32553,MCH8166,2438.44,UTR7702625844,8120,SUCCESS,TXN00000260,USR32553,MCH8166,UTR7702625844,0,0,0,0,0,0,0
TXN00013892,2026-02-27 00:34:06,USR78584,MCH4737,20998.09,UTR1451065595,4110,SUCCESS,TXN00013892,USR78584,MCH4737,UTR1451065595,0,0,0,0,0,0,0
TXN00006610,2026-03-05 22:18:55,USR82007,MCH4674,7715.72,UTR3136985581,8120,SUCCESS,TXN00006610,USR82007,MCH4674,UTR 3136985581,0,0,0,0,0,0,0
TXN00013207,2026-03-22 13:19:08,USR45569,MCH8930,15705.81,UTR1892749501,,SUCCESS,TXN00013207,USR45569,MCH8930,UTR1892749501,0,0,1,0,0,0,0
TXN00001253,2026-01-06 20:20:48,USR67481,MCH9936,-2941.53,UTR3977633540,,SUCCESS,TXN00001253,USR67481,MCH9936,UTR3977633540,1,0,1,0,0,0,0
TXN00015734,2026-01-29 03:53:59,USR48326,MCH6386,9410.37,UTR7026016253,,SUCCESS,TXN00015734,USR48326,MCH6386,UTR7026016253,0,0,1,0,0,0,0
TXN00013752,2026-01-20 12:58:21,USR86751,MCH3816,6929.77,UTR3698446717,4110,SUCCESS,TXN00013752,USR86751,MCH3816,UTR3698446717,0,0,0,0,0,0,0
TXN00008615,2026-03-26 10:44:58,USR19552,MCH6764,5834.0,UTR8485665641,4110,SUCCESS,TXN00008615,USR19552,MCH6764,UTR8485665641,0,0,0,0,0,0,0
TXN00016638,2026-03-17 00:00:00,USR89002,MCH3963,1911.77,UTR1463604010,9120,SUCCESS,TXN00016638,USR89002,MCH3963,UTR1463604010,0,0,0,0,0,0,0
TXN00014433,2026-01-22 09:57:37,USR53276,MCH8083,536.81,UTR3613594639,,FAILED,TXN00014433,USR53276,MCH8083,UTR3613594639,0,0,1,0,0,1,0
TXN00016304,2026-03-15 18:09:48,USR10564,MCH5529,8498.56,UTR1188763260,4110,SUCCESS,TXN00016304,USR10564,MCH5529,UTR1188763260,0,0,0,0,0,0,0
TXN00011123,2026-03-09 09:42:29,USR29373,MCH4774,9282.91,UTR4675310595,4110,PENDING,TXN00011123,USR29373,MCH4774,UTR4675310595,0,0,0,0,0,0,1
TXN00017770,2026-02-12 02:16:49,USR38873,MCH5011,0.2040498,UTR3943927089,1310,SUCCESS,TXN00017770,USR38873,MCH5011,UTR3943927089,0,0,0,0,0,0,0
TXN00015153,2026-01-29 19:38:56,USR72988,MCH1839,23859.92,UTR5285442859,9120,SUCCESS,TXN00015153,USR72988,MCH1839,UTR5285442859,0,0,0,0,0,0,0
TXN00003020,2026-02-28 21:37:15,USR30005,MCH3549,19596.16,UTR0186168463,8120,SUCCESS,TXN00003020,USR30005,MCH3549,UTR0186168463,0,0,0,0,0,0,0
TXN00005961,2026-02-03 20:33:04,USR32445,MCH9656,0.1001491,UTR0051941862,9120,SUCCESS,TXN00005961,USR32445,MCH9656,UTR0051941862,0,0,0,0,0,0,0
TXN00015160,2026-02-28 09:30:57,USR10326,MCH2326,8343.09,UTR0433151536,,SUCCESS,TXN00015160,USR10326,MCH2326,UTR0433151536,0,0,1,0,0,0,0
TXN00001981,2026-02-19 02:01:09,USR11648,MCH3749,4660.67,UTR7541838843,8120,SUCCESS,TXN00001981,USR11648,MCH3749,UTR7541838843,0,0,0,0,0,0,0
TXN00003805,2026-01-20 20:33:00,USR73734,MCH3881,6499.17,UTR3031913069,8120,SUCCESS,TXN00003805,USR73734,MCH3881,UTR3031913069,0,0,0,0,0,0,0
TXN00010026,2026-02-16 01:52:25,USR46929,MCH7131,3812.18,UTR7416825177,4110,SUCCESS,TXN00010026,USR46929,MCH7131,UTR7416825177,0,0,0,0,0,0,0
TXN00008580,2026-03-12 06:03:53,USR60706,MCH4210,1547.96,UTR6287602941,9120,SUCCESS,TXN00008580,USR60706,MCH4210,UTR6287602941,0,0,0,0,0,0,0
TXN00012316,2026-03-06 00:50:16,USR25930,MCH3999,5396.0,UTR4232357099,8120,SUCCESS,TXN00012316,USR25930,MCH3999,UTR4232357099,0,0,0,0,0,0,0
TXN00016448,2026-03-05 11:49:25,USR48543,MCH3534,21439.07,UTR9760111317,4110,SUCCESS,TXN00016448,USR48543,MCH3534,UTR9760111317,0,0,0,0,0,0,0
TXN00013756,2026-01-19 09:13:49,USR70100,MCH2554,14373.14,UTR5459217768,8120,SUCCESS,TXN00013756,USR70100,MCH2554,UTR5459217768,0,0,0,0,0,0,0
TXN00016149,2026-03-04 08:55:51,USR44375,MCH7883,8873.22,UTR9529919593,4110,PENDING,TXN00016149,USR44375,MCH7883,UTR9529919593,0,0,0,0,0,0,1
TXN00016633,2026-11-01 12:35:32,USR46471,MCH2587,12234.61,UTR6449516055,9120,FAILED,TXN00016633,USR46471,MCH2587,UTR6449516055,0,0,0,0,0,1,0
TXN00018231,2026-03-08 03:35:30,USR22290,MCH1644,4821.45,UTR5612706966,,SUCCESS,TXN00018231,USR22290,MCH1644,UTR5612706966,0,0,1,0,0,0,0
TXN00016483,2026-02-24 05:06:24,USR35188,MCH9459,992.59,UTR5663011338,1310,SUCCESS,TXN00016483,USR35188,MCH9459,UTR 5663011338,0,0,0,0,0,0,0
TXN00011780,2026-01-15 00:00:00,USR85975,MCH9285,16954.73,UTR6597737915,4110,SUCCESS,TXN00011780,USR85975,MCH9285,UTR6597737915,0,0,0,0,0,0,0
TXN00004120,2026-02-23 20:38:16,USR70331,MCH9563,17870.82,UTR3912936386,,SUCCESS,TXN00004120,USR70331,MCH9563,UTR 3912936386,0,0,1,0,0,0,0
TXN00017638,2026-01-28 05:42:33,USR13007,MCH5666,4359.86,UTR0004565871,1310,SUCCESS,TXN00017638,USR13007,MCH5666,UTR0004565871,0,0,0,0,0,0,0
TXN00003143,2026-03-11 06:47:22,USR59993,MCH6366,14615.38,UTR9996513614,4110,SUCCESS,TXN00003143,USR59993,MCH6366,UTR 9996513614,0,0,0,0,0,0,0
TXN00000850,2026-02-17 01:11:34,USR75377,MCH5241,14888.67,UTR5122884675,0110,SUCCESS,TXN00000850,USR75377,MCH5241,UTR5122884675,0,0,0,0,0,0,0
TXN00018258,2026-01-10 17:03:45,USR21386,MCH4685,0.766838,UTR0267873736,4110,SUCCESS,TXN00018258,USR21386,MCH4685,UTR0267873736,0,0,0,0,0,0,0
TXN00006844,2026-02-23 09:57:58,USR84957,MCH4551,2144.36,UTR1432805637,4110,SUCCESS,TXN00006844,USR84957,MCH4551,UTR1432805637,0,0,0,0,0,0,0
TXN00012482,2026-03-27 02:59:16,USR26056,MCH5747,21329.25,UTR5317292082,,FAILED,TXN00012482,USR26056,MCH5747,UTR5317292082,0,0,1,0,0,1,0
TXN00018754,2026-01-27 23:42:38,USR73249,MCH8443,3350.42,UTR0587095815,8120,SUCCESS,TXN00018754,USR73249,MCH8443,UTR 0587095815,0,0,0,0,0,0,0
TXN00001719,2026-04-01 05:44:41,USR52534,MCH3352,24592.0,UTR2497852829,8120,SUCCESS,TXN00001719,USR52534,MCH3352,UTR2497852829,0,0,0,0,0,0,0
TXN00013769,2026-03-01 19:37:27,USR59377,MCH7451,18971.51,UTR3021874476,0110,SUCCESS,TXN00013769,USR59377,MCH7451,UTR3021874476,0,0,0,0,0,0,0
TXN00019164,2026-03-13 17:24:30,USR12128,MCH2632,3067.9,UTR0104238946,,SUCCESS,TXN00019164,USR12128,MCH2632,UTR0104238946,0,0,1,0,0,0,0
TXN00013256,2026-01-06 16:19:08,USR15898,MCH8865,6651.0,UTR2455161111,8120,FAILED,TXN00013256,USR15898,MCH8865,UTR2455161111,0,0,0,0,0,1,0
TXN00006412,2026-03-17 15:35:03,USR78645,MCH5310,8812.25,,,SUCCESS,TXN00006412,USR78645,MCH5310,,0,1,1,0,0,0,0
TXN00011044,2026-02-02 13:34:39,USR77936,MCH1250,17812.73,UTR6858905892,9120,SUCCESS,TXN00011044,USR77936,MCH1250,UTR6858905892,0,0,0,0,0,0,0
TXN00010411,2026-03-27 09:40:45,USR89877,MCH2258,19845.0,UTR0059388177,1310,SUCCESS,TXN00010411,USR89877,MCH2258,UTR0059388177,0,0,0,0,0,0,0
TXN00014529,2026-04-03 04:41:14,USR94277,MCH5752,20660.72,UTR0180120804,4110,SUCCESS,TXN00014529,USR94277,MCH5752,UTR0180120804,0,0,0,0,0,0,0
TXN00019725,2026-01-23 21:18:44,USR94559,MCH6661,0.673359,UTR6209030743,4110,SUCCESS,TXN00019725,USR94559,MCH6661,UTR 6209030743,0,0,0,0,0,0,0
TXN00011416,2026-03-05 22:31:43,USR32332,MCH6004,7641.48,UTR6217461387,0110,SUCCESS,TXN00011416,USR32332,MCH6004,UTR6217461387,0,0,0,0,0,0,0
TXN00003506,2026-02-22 04:30:25,USR13160,MCH8151,15569.54,,0110,SUCCESS,TXN00003506,USR13160,MCH8151,,0,1,0,0,0,0,0
TXN00011158,2026-01-19 19:37:16,USR72168,MCH9119,4499.05,UTR5800999285,4110,SUCCESS,TXN00011158,USR72168,MCH9119,UTR5800999285,0,0,0,0,0,0,0
TXN00011203,2026-01-22 11:13:54,USR37392,MCH7177,15165.38,UTR8880482664,8120,PENDING,TXN00011203,USR37392,MCH7177,UTR8880482664,0,0,0,0,0,0,1
TXN00003168,2026-02-21 16:26:30,USR93454,MCH1195,2643.78,UTR8900651687,4110,FAILED,TXN00003168,USR93454,MCH1195,UTR8900651687,0,0,0,0,0,1,0
TXN00019352,2026-03-23 07:49:51,USR73500,MCH6404,2290.15,UTR1671219083,9120,SUCCESS,TXN00019352,USR73500,MCH6404,UTR 1671219083,0,0,0,0,0,0,0
TXN00010619,2026-02-26 06:15:21,USR14115,MCH2163,3372.0,UTR5948494931,8120,SUCCESS,TXN00010619,USR14115,MCH2163,UTR5948494931,0,0,0,0,0,0,0
TXN00006823,2026-03-24 03:21:21,USR60145,MCH4279,24381.36,UTR0635680614,,FAILED,TXN00006823,USR60145,MCH4279,UTR0635680614,0,0,1,0,0,1,0
TXN00002336,2026-02-01 05:12:41,USR39339,MCH2904,9602.0,UTR4245958091,0110,PENDING,TXN00002336,USR39339,MCH2904,UTR4245958091,0,0,0,0,0,0,1
TXN00002128,2026-01-06 02:35:14,USR22930,MCH1546,4157.21,UTR0931828929,4110,PENDING,TXN00002128,USR22930,MCH1546,UTR0931828929,0,0,0,0,0,0,1
TXN00013630,2026-03-09 00:00:00,USR53066,MCH7925,0.249576,UTR9079524611,8120,SUCCESS,TXN00013630,USR53066,MCH7925,UTR9079524611,0,0,0,0,0,0,0
TXN00017256,2026-01-26 06:57:42,USR95601,MCH8973,-19561.75,UTR9180560320,1310,FAILED,TXN00017256,USR95601,MCH8973,UTR9180560320,1,0,0,0,0,1,0
TXN00011628,2026-01-26 21:16:01,USR27111,MCH6698,12144.3,UTR8135015319,1310,SUCCESS,TXN00011628,USR27111,MCH6698,UTR8135015319,0,0,0,0,0,0,0
TXN00004938,2026-12-02 04:25:12,USR45626,MCH2203,0.142282,UTR0756422105,4110,FAILED,TXN00004938,USR45626,MCH2203,UTR0756422105,0,0,0,0,0,1,0
TXN00006668,2026-03-10 02:36:00,USR74631,MCH2375,18613.61,UTR8845537942,4110,SUCCESS,TXN00006668,USR74631,MCH2375,UTR8845537942,0,0,0,0,0,0,0
TXN00005083,2026-03-17 07:56:43,USR30572,MCH1129,-20938.44,UTR8762023522,0110,SUCCESS,TXN00005083,USR30572,MCH1129,UTR8762023522,1,0,0,0,0,0,0
TXN00007519,2026-03-18 02:21:33,USR59352,MCH2252,19676.53,UTR4646980719,1310,SUCCESS,TXN00007519,USR59352,MCH2252,UTR4646980719,0,0,0,0,0,0,0
TXN00004477,2026-02-17 12:56:55,USR12348,MCH4406,10465.55,UTR9937786440,0110,SUCCESS,TXN00004477,USR12348,MCH4406,UTR9937786440,0,0,0,0,0,0,0
TXN00008564,2026-02-05 15:21:54,USR14359,MCH8601,22047.55,UTR4376730718,4110,SUCCESS,TXN00008564,USR14359,MCH8601,UTR4376730718,0,0,0,0,0,0,0
TXN00010299,2026-02-02 18:56:28,USR62336,MCH8936,1146.71,UTR3036140976,4110,SUCCESS,TXN00010299,USR62336,MCH8936,UTR3036140976,0,0,0,0,0,0,0
TXN00000423,2026-02-18 19:43:34,USR33426,MCH3368,0.228924,UTR0915808900,8120,SUCCESS,TXN00000423,USR33426,MCH3368,UTR0915808900,0,0,0,0,0,0,0
TXN00018119,2026-03-30 01:06:38,USR70015,MCH7535,18107.57,UTR4890046040,8120,SUCCESS,TXN00018119,USR70015,MCH7535,UTR4890046040,0,0,0,0,0,0,0
TXN00008329,2026-02-22 18:43:39,USR71894,MCH4925,21607.12,UTR2167202973,4110,SUCCESS,TXN00008329,USR71894,MCH4925,UTR2167202973,0,0,0,0,0,0,0
TXN00014703,2026-03-30 22:44:31,USR37175,MCH7600,13527.59,UTR2797266008,9120,SUCCESS,TXN00014703,USR37175,MCH7600,UTR2797266008,0,0,0,0,0,0,0
TXN00013189,2026-01-06 03:12:22,USR64786,MCH1185,23873.15,UTR8130946130,,SUCCESS,TXN00013189,USR64786,MCH1185,UTR8130946130,0,0,1,0,0,0,0
TXN00012711,2026-03-27 12:39:36,USR70140,MCH9545,3964.4,UTR7200469343,0110,FAILED,TXN00012711,USR70140,MCH9545,UTR7200469343,0,0,0,0,0,1,0
TXN00007061,2026-01-21 13:22:58,USR32935,MCH2103,23583.32,UTR4366073186,8120,SUCCESS,TXN00007061,USR32935,MCH2103,UTR4366073186,0,0,0,0,0,0,0
TXN00002356,2026-02-12 12:03:02,USR92116,MCH4725,3022.75,UTR2879449621,1310,SUCCESS,TXN00002356,USR92116,MCH4725,UTR 2879449621,0,0,0,0,0,0,0
TXN00011291,2026-03-15 06:13:46,USR83428,MCH5160,0.1469585,UTR4931809660,8120,SUCCESS,TXN00011291,USR83428,MCH5160,UTR4931809660,0,0,0,0,0,0,0
TXN00015791,2026-03-05 18:04:00,USR32391,MCH1054,19967.34,UTR3740405228,1310,SUCCESS,TXN00015791,USR32391,MCH1054,UTR3740405228,0,0,0,0,0,0,0
TXN00002410,2026-02-06 13:43:35,USR33634,MCH1644,11355.5,UTR3622106424,9120,SUCCESS,TXN00002410,USR33634,MCH1644,UTR3622106424,0,0,0,0,0,0,0
TXN00012404,2026-02-05 18:03:07,USR90539,MCH9518,6727.24,UTR2855304769,4110,SUCCESS,TXN00012404,USR90539,MCH9518,UTR2855304769,0,0,0,0,0,0,0
TXN00007826,2026-01-27 03:46:00,USR93275,MCH4379,21419.68,UTR6051624471,,SUCCESS,TXN00007826,USR93275,MCH4379,UTR6051624471,0,0,1,0,0,0,0
TXN00013833,2026-03-24 06:53:52,USR97369,MCH5710,17193.16,UTR5386880571,4110,SUCCESS,TXN00013833,USR97369,MCH5710,UTR5386880571,0,0,0,0,0,0,0
TXN00008347,2026-03-21 13:23:01,USR30149,MCH8154,-20280.95,UTR7813726412,8120,SUCCESS,TXN00008347,USR30149,MCH8154,UTR 7813726412,1,0,0,0,0,0,0
TXN00008601,2026-02-07 01:04:00,USR10364,MCH6125,10464.89,UTR7120517145,,SUCCESS,TXN00008601,USR10364,MCH6125,UTR7120517145,0,0,1,0,0,0,0
TXN00019077,2026-02-10 15:59:30,USR63916,MCH6183,23430.37,UTR9969773280,,SUCCESS,TXN00019077,USR63916,MCH6183,UTR9969773280,0,0,1,0,0,0,0
TXN00006897,2026-02-07 00:39:45,USR55251,MCH8902,20169.63,UTR4749001988,9120,SUCCESS,TXN00006897,USR55251,MCH8902,UTR4749001988,0,0,0,0,0,0,0
TXN00016167,2026-03-12 02:34:02,USR13352,MCH9399,11911.06,UTR4136887766,8120,SUCCESS,TXN00016167,USR13352,MCH9399,UTR4136887766,0,0,0,0,0,0,0
TXN00010130,2026-01-29 00:00:00,USR31785,MCH9324,17049.01,UTR0109778245,8120,SUCCESS,TXN00010130,USR31785,MCH9324,UTR0109778245,0,0,0,0,0,0,0
TXN00001814,2026-01-12 06:34:49,USR11627,MCH9304,533.41,UTR5755686972,4110,SUCCESS,TXN00001814,USR11627,MCH9304,UTR5755686972,0,0,0,0,0,0,0
TXN00008684,2026-03-01 19:22:35,USR21498,MCH1197,15159.35,UTR4989270947,4110,SUCCESS,TXN00008684,USR21498,MCH1197,UTR4989270947,0,0,0,0,0,0,0
TXN00011260,2026-01-13 15:25:49,USR42685,MCH5286,6873.18,UTR9673679402,1310,SUCCESS,TXN00011260,USR42685,MCH5286,UTR9673679402,0,0,0,0,0,0,0
TXN00006299,2026-03-10 07:07:35,USR99198,MCH1182,18116.7,UTR5764893132,0110,SUCCESS,TXN00006299,USR99198,MCH1182,UTR5764893132,0,0,0,0,0,0,0
TXN00015891,2026-01-15 19:20:26,USR95854,MCH9125,943.42,UTR7420141471,0110,SUCCESS,TXN00015891,USR95854,MCH9125,UTR7420141471,0,0,0,0,0,0,0
TXN00013372,2026-01-28 03:11:06,USR81071,MCH9074,6186.16,UTR2549648872,4110,SUCCESS,TXN00013372,USR81071,MCH9074,UTR2549648872,0,0,0,0,0,0,0
TXN00001636,2026-06-03 17:51:05,USR93631,MCH4658,5874.0,UTR9788802870,4110,SUCCESS,TXN00001636,USR93631,MCH4658,UTR9788802870,0,0,0,0,0,0,0
TXN00014585,2026-03-24 00:00:00,USR72791,MCH8248,19485.61,UTR8793750337,,SUCCESS,TXN00014585,USR72791,MCH8248,UTR 8793750337,0,0,1,0,0,0,0
TXN00017451,2026-01-01 22:26:47,USR49298,MCH3651,24562.42,UTR0784158662,,SUCCESS,TXN00017451,USR49298,MCH3651,UTR0784158662,0,0,1,0,0,0,0
TXN00019521,2026-03-10 10:08:28,USR72301,MCH1969,22379.69,UTR2014827853,4110,SUCCESS,TXN00019521,USR72301,MCH1969,UTR2014827853,0,0,0,0,0,0,0
TXN00004731,2026-02-08 00:00:00,USR85675,MCH8249,3017.89,UTR7590589719,,SUCCESS,TXN00004731,USR85675,MCH8249,UTR7590589719,0,0,1,0,0,0,0
TXN00001164,2026-09-03 00:11:51,USR77305,MCH1219,18590.27,UTR9322503271,4110,SUCCESS,TXN00001164,USR77305,MCH1219,UTR9322503271,0,0,0,0,0,0,0
TXN00019946,2026-01-17 03:04:44,USR11457,MCH9274,13420.16,UTR2423857793,1310,SUCCESS,TXN00019946,USR11457,MCH9274,UTR2423857793,0,0,0,0,0,0,0
TXN00019708,2026-03-08 21:28:50,USR69664,MCH9555,11612.03,UTR4104221683,9120,SUCCESS,TXN00019708,USR69664,MCH9555,UTR4104221683,0,0,0,0,0,0,0
TXN00013290,2026-02-17 00:12:05,USR45214,MCH5596,5868.0,,0110,SUCCESS,TXN00013290,USR45214,MCH5596,,0,1,0,0,0,0,0
TXN00017863,2026-02-15 21:09:49,USR89848,MCH3012,7316.39,UTR0324814757,4110,SUCCESS,TXN00017863,USR89848,MCH3012,UTR 0324814757,0,0,0,0,0,0,0
TXN00002965,2026-02-26 00:00:00,USR52469,MCH8870,21414.87,UTR5710151271,8120,SUCCESS,TXN00002965,USR52469,MCH8870,UTR5710151271,0,0,0,0,0,0,0
TXN00002871,2026-03-09 23:37:44,USR46203,MCH9864,22353.42,UTR5786441205,1310,SUCCESS,TXN00002871,USR46203,MCH9864,UTR5786441205,0,0,0,0,0,0,0
TXN00002867,2026-03-24 15:49:02,USR18772,MCH2693,12922.0,UTR2868332587,0110,SUCCESS,TXN00002867,USR18772,MCH2693,UTR2868332587,0,0,0,0,0,0,0
TXN00006169,2026-03-15 11:34:58,USR89918,MCH8760,1407.6,UTR0907121860,1310,SUCCESS,TXN00006169,USR89918,MCH8760,UTR0907121860,0,0,0,0,0,0,0
TXN00013547,2026-02-20 07:42:55,USR63113,MCH7591,14567.97,UTR2306382301,4110,SUCCESS,TXN00013547,USR63113,MCH7591,UTR2306382301,0,0,0,0,0,0,0
TXN00010728,2026-01-04 23:14:38,USR88027,MCH3285,11398.84,UTR0174765813,9120,SUCCESS,TXN00010728,USR88027,MCH3285,UTR0174765813,0,0,0,0,0,0,0
TXN00013571,2026-03-20 10:00:51,USR68935,MCH2696,3639.37,UTR3232055310,4110,SUCCESS,TXN00013571,USR68935,MCH2696,UTR3232055310,0,0,0,0,0,0,0
TXN00005428,2026-01-06 18:46:31,USR35122,MCH7505,6047.62,UTR4600528981,0110,SUCCESS,TXN00005428,USR35122,MCH7505,UTR4600528981,0,0,0,0,0,0,0
TXN00007360,2026-02-01 19:23:16,USR96328,MCH9048,21885.33,UTR4503355848,4110,SUCCESS,TXN00007360,USR96328,MCH9048,UTR4503355848,0,0,0,0,0,0,0
TXN00002508,2026-02-10 15:33:01,USR21142,MCH5165,10984.35,UTR5738329713,4110,SUCCESS,TXN00002508,USR21142,MCH5165,UTR5738329713,0,0,0,0,0,0,0
TXN00008941,2026-01-19 05:55:01,USR95986,MCH4116,11564.41,UTR3953994933,1310,SUCCESS,TXN00008941,USR95986,MCH4116,UTR3953994933,0,0,0,0,0,0,0
TXN00013758,2026-02-16 04:31:11,USR42590,MCH6674,20510.42,UTR5659758679,4110,SUCCESS,TXN00013758,USR42590,MCH6674,UTR5659758679,0,0,0,0,0,0,0
TXN00012394,2026-02-07 16:18:50,USR59421,MCH6075,21783.11,UTR3267905421,1310,SUCCESS,TXN00012394,USR59421,MCH6075,UTR3267905421,0,0,0,0,0,0,0
TXN00010875,2026-01-17 03:39:14,USR56743,MCH8063,22756.44,,0110,SUCCESS,TXN00010875,USR56743,MCH8063,,0,1,0,0,0,0,0
TXN00009390,2026-02-02 04:57:43,USR93287,MCH1639,13733.11,UTR9767354693,0110,FAILED,TXN00009390,USR93287,MCH1639,UTR9767354693,0,0,0,0,0,1,0
TXN00006317,2026-11-01 17:19:21,USR89683,MCH3250,18091.13,UTR4959877131,4110,SUCCESS,TXN00006317,USR89683,MCH3250,UTR4959877131,0,0,0,0,0,0,0
TXN00012143,2026-03-11 06:11:35,USR80364,MCH1735,16757.93,UTR6325358414,,SUCCESS,TXN00012143,USR80364,MCH1735,UTR6325358414,0,0,1,0,0,0,0
TXN00011599,2026-06-01 11:32:10,USR28883,MCH2200,0.538464,UTR2931168985,0110,SUCCESS,TXN00011599,USR28883,MCH2200,UTR2931168985,0,0,0,0,0,0,0
TXN00001922,2026-03-14 00:19:42,USR18339,MCH8379,90.42,UTR8702002024,9120,SUCCESS,TXN00001922,USR18339,MCH8379,UTR 8702002024,0,0,0,0,0,0,0
TXN00002212,2026-12-01 04:22:24,USR36493,MCH3094,20124.62,UTR3781623850,4110,SUCCESS,TXN00002212,USR36493,MCH3094,UTR3781623850,0,0,0,0,0,0,0
TXN00016069,2026-02-16 21:03:12,USR89746,MCH8057,2331.56,UTR7471494758,0110,SUCCESS,TXN00016069,USR89746,MCH8057,UTR 7471494758,0,0,0,0,0,0,0
TXN00000776,2026-01-08 00:00:00,USR29401,MCH3319,3756.44,UTR9884972221,0110,PENDING,TXN00000776,USR29401,MCH3319,UTR9884972221,0,0,0,0,0,0,1
TXN00013567,2026-02-02 11:55:15,USR57027,MCH2708,5676.97,UTR8810179977,8120,SUCCESS,TXN00013567,USR57027,MCH2708,UTR8810179977,0,0,0,0,0,0,0
TXN00018086,2026-01-18 19:17:17,USR41942,MCH6594,11270.42,UTR0066260450,9120,SUCCESS,TXN00018086,USR41942,MCH6594,UTR0066260450,0,0,0,0,0,0,0
TXN00005070,2026-01-20 00:00:00,USR56779,MCH3207,309.96,UTR9140071765,4110,SUCCESS,TXN00005070,USR56779,MCH3207,UTR9140071765,0,0,0,0,0,0,0
TXN00007176,2026-03-03 07:47:47,USR89034,MCH7596,11906.66,UTR1105675845,9120,SUCCESS,TXN00007176,USR89034,MCH7596,UTR1105675845,0,0,0,0,0,0,0
TXN00000263,2026-02-16 03:29:17,USR20534,MCH7601,0.35107,UTR9700509005,9120,SUCCESS,TXN00000263,USR20534,MCH7601,UTR9700509005,0,0,0,0,0,0,0
TXN00011218,2026-03-15 10:19:20,USR69029,MCH9900,-16701.66,UTR1568794303,0110,SUCCESS,TXN00011218,USR69029,MCH9900,UTR1568794303,1,0,0,0,0,0,0
TXN00000368,2026-03-25 02:32:50,USR95697,MCH1043,22634.71,UTR7173048646,0110,SUCCESS,TXN00000368,USR95697,MCH1043,UTR7173048646,0,0,0,0,0,0,0
TXN00012246,2026-03-10 13:00:45,USR31819,MCH4352,2844.55,UTR0499004402,4110,SUCCESS,TXN00012246,USR31819,MCH4352,UTR 0499004402,0,0,0,0,0,0,0
TXN00007948,2026-03-03 06:58:25,USR75531,MCH9307,18224.47,UTR9971878694,4110,SUCCESS,TXN00007948,USR75531,MCH9307,UTR9971878694,0,0,0,0,0,0,0
TXN00018409,2026-01-03 20:38:43,USR24620,MCH7126,8653.79,UTR1275494455,9120,SUCCESS,TXN00018409,USR24620,MCH7126,UTR1275494455,0,0,0,0,0,0,0
TXN00006178,2026-01-25 03:47:59,USR69226,MCH4793,4278.63,UTR3672365495,,SUCCESS,TXN00006178,USR69226,MCH4793,UTR3672365495,0,0,1,0,0,0,0
TXN00001005,2026-01-16 21:36:07,USR30701,MCH7534,20165.96,UTR6119669105,0110,SUCCESS,TXN00001005,USR30701,MCH7534,UTR6119669105,0,0,0,0,0,0,0
TXN00005884,2026-01-27 14:24:49,USR79181,MCH7389,24891.17,UTR8797727119,9120,SUCCESS,TXN00005884,USR79181,MCH7389,UTR8797727119,0,0,0,0,0,0,0
TXN00015066,2026-01-12 22:50:21,USR12469,MCH9322,-17300.83,UTR9292655003,1310,FAILED,TXN00015066,USR12469,MCH9322,UTR9292655003,1,0,0,0,0,1,0
TXN00000641,2026-03-25 00:00:00,USR22887,MCH9799,511.58,UTR3807767990,8120,SUCCESS,TXN00000641,USR22887,MCH9799,UTR3807767990,0,0,0,0,0,0,0
TXN00012534,2026-07-03 10:04:30,USR27839,MCH2057,7842.0,UTR0619896207,4110,PENDING,TXN00012534,USR27839,MCH2057,UTR0619896207,0,0,0,0,0,0,1
TXN00013700,2026-02-10 00:00:00,USR71898,MCH4651,3237.12,UTR6727772145,4110,SUCCESS,TXN00013700,USR71898,MCH4651,UTR6727772145,0,0,0,0,0,0,0
TXN00007734,2026-01-19 11:07:20,USR42929,MCH4965,20255.4,UTR4599417311,1310,SUCCESS,TXN00007734,USR42929,MCH4965,UTR4599417311,0,0,0,0,0,0,0
TXN00009035,2026-03-27 05:22:31,USR63171,MCH3765,11362.23,UTR7053580695,8120,SUCCESS,TXN00009035,USR63171,MCH3765,UTR7053580695,0,0,0,0,0,0,0
TXN00016133,2026-01-17 14:42:47,USR55150,MCH8308,22690.32,,,SUCCESS,TXN00016133,USR55150,MCH8308,,0,1,1,0,0,0,0
TXN00015420,2026-03-15 02:46:38,USR52506,MCH7692,8898.63,UTR3826726233,4110,SUCCESS,TXN00015420,USR52506,MCH7692,UTR3826726233,0,0,0,0,0,0,0
TXN00013485,2026-03-21 17:21:22,USR52290,MCH5830,19525.52,UTR8444061211,8120,SUCCESS,TXN00013485,USR52290,MCH5830,UTR8444061211,0,0,0,0,0,0,0
TXN00016062,2026-02-13 13:02:21,USR48801,MCH1960,3203.3,UTR4224793755,4110,SUCCESS,TXN00016062,USR48801,MCH1960,UTR4224793755,0,0,0,0,0,0,0
TXN00009676,2026-01-23 22:16:46,USR55702,MCH5559,14503.4,UTR4656641371,4110,SUCCESS,TXN00009676,USR55702,MCH5559,UTR4656641371,0,0,0,0,0,0,0
TXN00015965,2026-01-05 14:48:51,USR33245,MCH6818,16692.03,,4110,SUCCESS,TXN00015965,USR33245,MCH6818,,0,1,0,0,0,0,0
TXN00000655,2026-03-27 00:00:00,USR91254,MCH4980,0.1079717,UTR2815986884,9120,SUCCESS,TXN00000655,USR91254,MCH4980,UTR 2815986884,0,0,0,0,0,0,0
TXN00012944,2026-01-03 06:34:35,USR29810,MCH2571,18894.49,UTR6141560779,4110,SUCCESS,TXN00012944,USR29810,MCH2571,UTR 6141560779,0,0,0,0,0,0,0
TXN00002650,2026-01-25 00:00:00,USR47757,MCH6843,11447.91,UTR3527947998,0110,SUCCESS,TXN00002650,USR47757,MCH6843,UTR3527947998,0,0,0,0,0,0,0
TXN00005044,2026-06-02 04:42:21,USR42809,MCH3935,16670.47,UTR6067589355,4110,SUCCESS,TXN00005044,USR42809,MCH3935,UTR6067589355,0,0,0,0,0,0,0
TXN00001652,2026-11-02 04:42:41,USR41816,MCH8560,7585.18,UTR4232662411,1310,SUCCESS,TXN00001652,USR41816,MCH8560,UTR4232662411,0,0,0,0,0,0,0
TXN00019370,2026-02-17 00:59:00,USR14363,MCH3120,7747.74,UTR2249743446,0110,FAILED,TXN00019370,USR14363,MCH3120,UTR2249743446,0,0,0,0,0,1,0
TXN00002578,2026-02-15 13:06:20,USR65641,MCH1765,15091.29,UTR1997946310,0110,SUCCESS,TXN00002578,USR65641,MCH1765,UTR1997946310,0,0,0,0,0,0,0
TXN00014478,2026-05-03 02:28:53,USR59081,MCH4222,24334.75,,0110,SUCCESS,TXN00014478,USR59081,MCH4222,,0,1,0,0,0,0,0
TXN00014076,2026-02-20 01:57:36,USR66525,MCH8227,15813.7,UTR8512631271,4110,SUCCESS,TXN00014076,USR66525,MCH8227,UTR8512631271,0,0,0,0,0,0,0
TXN00008721,2026-01-05 08:34:20,USR33715,MCH2732,7838.14,UTR0783624128,,SUCCESS,TXN00008721,USR33715,MCH2732,UTR0783624128,0,0,1,0,0,0,0
TXN00000234,2026-03-31 04:14:41,USR13742,MCH4342,12318.02,UTR0918248945,1310,SUCCESS,TXN00000234,USR13742,MCH4342,UTR0918248945,0,0,0,0,0,0,0
TXN00012230,2026-03-24 19:42:44,USR53077,MCH2533,0.6789,UTR3421484124,1310,SUCCESS,TXN00012230,USR53077,MCH2533,UTR3421484124,0,0,0,0,0,0,0
TXN00018349,2026-05-03 23:21:36,USR71784,MCH2519,23910.46,,9120,SUCCESS,TXN00018349,USR71784,MCH2519,,0,1,0,0,0,0,0
TXN00015878,2026-02-27 23:18:47,USR14896,MCH6751,-251.56,UTR6315006306,,PENDING,TXN00015878,USR14896,MCH6751,UTR 6315006306,1,0,1,0,0,0,1
TXN00011363,2026-01-11 22:56:56,USR60298,MCH8203,18963.81,UTR4333154026,,SUCCESS,TXN00011363,USR60298,MCH8203,UTR4333154026,0,0,1,0,0,0,0
TXN00001972,2026-02-26 19:59:54,USR17982,MCH2457,20794.11,UTR9777266968,1310,SUCCESS,TXN00001972,USR17982,MCH2457,UTR 9777266968,0,0,0,0,0,0,0
TXN00006640,2026-02-28 20:27:25,USR52854,MCH4013,11250.6,UTR6930214107,4110,SUCCESS,TXN00006640,USR52854,MCH4013,UTR6930214107,0,0,0,0,0,0,0
TXN00016912,2026-03-26 06:38:04,USR69160,MCH2576,16617.84,UTR0654237327,9120,FAILED,TXN00016912,USR69160,MCH2576,UTR0654237327,0,0,0,0,0,1,0
TXN00018545,2026-03-28 05:15:19,USR20065,MCH5280,8378.56,UTR0921056947,,SUCCESS,TXN00018545,USR20065,MCH5280,UTR0921056947,0,0,1,0,0,0,0
TXN00000973,2026-01-07 15:53:32,USR66625,MCH8172,18316.98,UTR5977021855,8120,SUCCESS,TXN00000973,USR66625,MCH8172,UTR5977021855,0,0,0,0,0,0,0
TXN00015034,2026-01-17 07:35:29,USR54123,MCH8659,22972.13,UTR7370566746,9120,SUCCESS,TXN00015034,USR54123,MCH8659,UTR7370566746,0,0,0,0,0,0,0
TXN00016539,2026-01-24 18:59:53,USR87601,MCH5689,15336.03,UTR5920066943,,SUCCESS,TXN00016539,USR87601,MCH5689,UTR5920066943,0,0,1,0,0,0,0
TXN00012729,2026-12-01 17:13:24,USR39136,MCH6203,14247.0,UTR9888900188,9120,SUCCESS,TXN00012729,USR39136,MCH6203,UTR9888900188,0,0,0,0,0,0,0
TXN00009219,2026-03-01 07:56:32,USR14766,MCH7568,21165.39,UTR8662515933,9120,SUCCESS,TXN00009219,USR14766,MCH7568,UTR8662515933,0,0,0,0,0,0,0
TXN00018912,2026-03-01 23:55:34,USR48778,MCH4483,14096.92,UTR3972717218,9120,SUCCESS,TXN00018912,USR48778,MCH4483,UTR3972717218,0,0,0,0,0,0,0
TXN00001243,2026-02-13 17:46:29,USR27997,MCH5899,19275.0,UTR7025689315,0110,SUCCESS,TXN00001243,USR27997,MCH5899,UTR7025689315,0,0,0,0,0,0,0
TXN00007205,2026-01-13 23:57:57,USR84509,MCH1644,23350.35,UTR3118906231,,SUCCESS,TXN00007205,USR84509,MCH1644,UTR3118906231,0,0,1,0,0,0,0
TXN00015289,2026-01-18 10:34:29,USR24257,MCH3848,0.1791111,UTR7107115380,9120,SUCCESS,TXN00015289,USR24257,MCH3848,UTR7107115380,0,0,0,0,0,0,0
TXN00010805,2026-01-27 18:59:35,USR42654,MCH3381,24658.06,UTR7685380215,8120,FAILED,TXN00010805,USR42654,MCH3381,UTR 7685380215,0,0,0,0,0,1,0
TXN00010285,2026-01-07 02:47:00,USR75860,MCH6398,2733.91,UTR4795278423,4110,SUCCESS,TXN00010285,USR75860,MCH6398,UTR4795278423,0,0,0,0,0,0,0
TXN00006158,2026-02-16 08:25:23,USR81078,MCH6834,18086.02,,4110,SUCCESS,TXN00006158,USR81078,MCH6834,,0,1,0,0,0,0,0
TXN00018181,2026-01-14 05:50:29,USR34653,MCH4624,21930.2,UTR8505766244,9120,SUCCESS,TXN00018181,USR34653,MCH4624,UTR8505766244,0,0,0,0,0,0,0
TXN00003600,2026-02-13 13:10:02,USR90595,MCH7405,16545.06,UTR2493159917,9120,SUCCESS,TXN00003600,USR90595,MCH7405,UTR2493159917,0,0,0,0,0,0,0
TXN00018452,2026-02-09 14:46:21,USR20613,MCH4034,13979.57,,9120,SUCCESS,TXN00018452,USR20613,MCH4034,,0,1,0,0,0,0,0
TXN00001181,2026-01-23 02:04:27,USR33812,MCH4753,24075.17,UTR2320933356,8120,SUCCESS,TXN00001181,USR33812,MCH4753,UTR 2320933356,0,0,0,0,0,0,0
TXN00011327,2026-01-02 08:35:08,USR62708,MCH1838,11070.3,UTR9678827343,4110,SUCCESS,TXN00011327,USR62708,MCH1838,UTR9678827343,0,0,0,0,0,0,0
TXN00016221,2026-03-12 12:22:09,USR38378,MCH1488,21501.82,,8120,SUCCESS,TXN00016221,USR38378,MCH1488,,0,1,0,0,0,0,0
TXN00004996,2026-02-25 00:56:25,USR71785,MCH1218,22435.96,UTR4904988019,4110,SUCCESS,TXN00004996,USR71785,MCH1218,UTR4904988019,0,0,0,0,0,0,0
TXN00014603,2026-03-26 17:33:06,USR59291,MCH6136,2234.51,UTR2764320896,1310,SUCCESS,TXN00014603,USR59291,MCH6136,UTR2764320896,0,0,0,0,0,0,0
TXN00019918,2026-12-02 16:32:58,USR80195,MCH7839,0.546404,UTR2866687368,8120,SUCCESS,TXN00019918,USR80195,MCH7839,UTR 2866687368,0,0,0,0,0,0,0
TXN00006563,2026-03-03 12:32:15,USR44392,MCH5466,4603.48,UTR0114044247,1310,SUCCESS,TXN00006563,USR44392,MCH5466,UTR0114044247,0,0,0,0,0,0,0
TXN00018237,2026-02-11 23:27:25,USR56855,MCH5214,0.749945,UTR0378777711,0110,SUCCESS,TXN00018237,USR56855,MCH5214,UTR0378777711,0,0,0,0,0,0,0
TXN00004195,2026-03-05 05:01:32,USR81817,MCH8552,0.1548313,,4110,PENDING,TXN00004195,USR81817,MCH8552,,0,1,0,0,0,0,1
TXN00012122,2026-01-26 10:02:13,USR70764,MCH1229,11351.79,UTR1850825697,,SUCCESS,TXN00012122,USR70764,MCH1229,UTR1850825697,0,0,1,0,0,0,0
TXN00004587,2026-01-06 18:18:49,USR26003,MCH8499,9844.95,UTR1073177735,,SUCCESS,TXN00004587,USR26003,MCH8499,UTR1073177735,0,0,1,0,0,0,0
TXN00009044,2026-02-20 02:39:44,USR45201,MCH5105,6428.22,UTR0721094034,9120,PENDING,TXN00009044,USR45201,MCH5105,UTR0721094034,0,0,0,0,0,0,1
TXN00014594,2026-03-31 02:20:42,USR15232,MCH2367,13897.03,UTR9185880008,1310,SUCCESS,TXN00014594,USR15232,MCH2367,UTR9185880008,0,0,0,0,0,0,0
TXN00002634,2026-02-05 00:16:03,USR99863,MCH8359,4182.16,UTR8965139021,1310,FAILED,TXN00002634,USR99863,MCH8359,UTR8965139021,0,0,0,0,0,1,0
TXN00006308,2026-03-08 19:37:52,USR31978,MCH9810,9190.0,UTR6412059962,8120,PENDING,TXN00006308,USR31978,MCH9810,UTR6412059962,0,0,0,0,0,0,1
TXN00016120,2026-02-18 21:58:49,USR49039,MCH6455,5859.22,UTR1986838869,8120,FAILED,TXN00016120,USR49039,MCH6455,UTR1986838869,0,0,0,0,0,1,0
TXN00014549,2026-01-08 16:59:28,USR74867,MCH3937,14171.02,UTR8029437327,4110,SUCCESS,TXN00014549,USR74867,MCH3937,UTR8029437327,0,0,0,0,0,0,0
TXN00007810,2026-01-01 19:37:00,USR99795,MCH1983,-532.53,UTR9036238758,1310,SUCCESS,TXN00007810,USR99795,MCH1983,UTR9036238758,1,0,0,0,0,0,0
TXN00009277,2026-03-01 02:42:38,USR29445,MCH2020,7264.19,,0110,SUCCESS,TXN00009277,USR29445,MCH2020,,0,1,0,0,0,0,0
TXN00000624,2026-01-20 09:02:18,USR39504,MCH7259,12118.23,UTR4912548234,9120,SUCCESS,TXN00000624,USR39504,MCH7259,UTR4912548234,0,0,0,0,0,0,0
TXN00012532,2026-02-05 00:33:32,USR66178,MCH5324,16335.26,UTR6891565024,,SUCCESS,TXN00012532,USR66178,MCH5324,UTR6891565024,0,0,1,0,0,0,0
TXN00013619,2026-02-13 08:19:05,USR16790,MCH5501,454.45,UTR7157157637,,SUCCESS,TXN00013619,USR16790,MCH5501,UTR7157157637,0,0,1,0,0,0,0
TXN00018838,2026-03-30 03:07:25,USR41883,MCH7895,9943.92,UTR7395398158,0110,SUCCESS,TXN00018838,USR41883,MCH7895,UTR7395398158,0,0,0,0,0,0,0
TXN00000228,2026-03-16 00:46:44,USR65179,MCH1807,9833.51,UTR4775023625,0110,SUCCESS,TXN00000228,USR65179,MCH1807,UTR4775023625,0,0,0,0,0,0,0
TXN00006270,2026-03-06 07:41:49,USR70383,MCH2522,15959.23,UTR8305014778,4110,SUCCESS,TXN00006270,USR70383,MCH2522,UTR8305014778,0,0,0,0,0,0,0
TXN00015387,2026-02-22 07:55:06,USR90985,MCH5707,5793.6,UTR0210514816,,SUCCESS,TXN00015387,USR90985,MCH5707,UTR0210514816,0,0,1,0,0,0,0
TXN00006368,2026-03-02 08:54:55,USR57739,MCH1596,4115.12,UTR1869178686,8120,SUCCESS,TXN00006368,USR57739,MCH1596,UTR1869178686,0,0,0,0,0,0,0
TXN00019661,2026-02-08 13:53:21,USR31505,MCH1151,24323.41,UTR4886906721,0110,PENDING,TXN00019661,USR31505,MCH1151,UTR4886906721,0,0,0,0,0,0,1
TXN00000928,2026-02-15 09:05:52,USR24617,MCH5850,13545.44,UTR3486449467,4110,SUCCESS,TXN00000928,USR24617,MCH5850,UTR3486449467,0,0,0,0,0,0,0
TXN00008987,2026-02-10 02:27:44,USR77271,MCH1268,9407.0,UTR9412736917,8120,PENDING,TXN00008987,USR77271,MCH1268,UTR9412736917,0,0,0,0,0,0,1
TXN00001409,2026-02-20 08:03:04,USR42739,MCH2002,0.1463801,UTR2950245455,1310,FAILED,TXN00001409,USR42739,MCH2002,UTR2950245455,0,0,0,0,0,1,0
TXN00014686,2026-01-25 23:31:59,USR74587,MCH3814,0.421088,UTR3324621743,1310,SUCCESS,TXN00014686,USR74587,MCH3814,UTR3324621743,0,0,0,0,0,0,0
TXN00018121,2026-03-18 08:59:08,USR46747,MCH9732,21799.0,,1310,SUCCESS,TXN00018121,USR46747,MCH9732,,0,1,0,0,0,0,0
TXN00018963,2026-03-04 07:42:18,USR43843,MCH5380,16245.08,UTR1736118896,4110,SUCCESS,TXN00018963,USR43843,MCH5380,UTR1736118896,0,0,0,0,0,0,0
TXN00015829,2026-02-02 03:47:00,USR35713,MCH2648,6458.52,UTR3085594967,,SUCCESS,TXN00015829,USR35713,MCH2648,UTR3085594967,0,0,1,0,0,0,0
TXN00012153,2026-01-06 16:54:10,USR33821,MCH4557,3459.31,UTR1101010578,,FAILED,TXN00012153,USR33821,MCH4557,UTR 1101010578,0,0,1,0,0,1,0
TXN00006119,2026-03-28 16:28:47,USR23749,MCH3507,6633.53,UTR3218787533,8120,SUCCESS,TXN00006119,USR23749,MCH3507,UTR3218787533,0,0,0,0,0,0,0
TXN00018034,2026-01-14 20:23:06,USR43181,MCH6420,0.633458,UTR9260100353,,SUCCESS,TXN00018034,USR43181,MCH6420,UTR9260100353,0,0,1,0,0,0,0
TXN00005685,2026-03-21 11:01:20,USR59060,MCH8897,3614.56,UTR6425310492,8120,SUCCESS,TXN00005685,USR59060,MCH8897,UTR6425310492,0,0,0,0,0,0,0
TXN00004539,2026-03-15 11:26:23,USR95996,MCH3577,2048.56,UTR0260245778,9120,SUCCESS,TXN00004539,USR95996,MCH3577,UTR0260245778,0,0,0,0,0,0,0
TXN00006103,2026-01-12 15:11:28,USR33651,MCH3523,-7987.44,UTR1738096759,4110,SUCCESS,TXN00006103,USR33651,MCH3523,UTR1738096759,1,0,0,0,0,0,0
TXN00016391,2026-01-28 20:46:17,USR71150,MCH4323,6291.84,UTR3010673950,9120,SUCCESS,TXN00016391,USR71150,MCH4323,UTR3010673950,0,0,0,0,0,0,0
TXN00017387,2026-02-27 01:09:28,USR67636,MCH4593,15565.86,UTR7645726951,,SUCCESS,TXN00017387,USR67636,MCH4593,UTR7645726951,0,0,1,0,0,0,0
TXN00018933,2026-01-25 23:53:25,USR29070,MCH3570,12494.06,UTR5085903948,8120,SUCCESS,TXN00018933,USR29070,MCH3570,UTR5085903948,0,0,0,0,0,0,0
TXN00008544,2026-03-16 21:46:44,USR22293,MCH8423,16482.3,UTR8973593625,9120,SUCCESS,TXN00008544,USR22293,MCH8423,UTR 8973593625,0,0,0,0,0,0,0
TXN00007193,2026-03-05 11:42:59,USR40578,MCH4976,12628.27,UTR9633267945,9120,FAILED,TXN00007193,USR40578,MCH4976,UTR9633267945,0,0,0,0,0,1,0
TXN00012378,2026-03-31 11:42:58,USR38887,MCH6846,17870.04,UTR0898476618,8120,SUCCESS,TXN00012378,USR38887,MCH6846,UTR0898476618,0,0,0,0,0,0,0
TXN00003333,2026-01-22 21:51:10,USR93656,MCH9770,4255.33,UTR0119339144,9120,SUCCESS,TXN00003333,USR93656,MCH9770,UTR0119339144,0,0,0,0,0,0,0
TXN00001115,2026-01-09 07:29:33,USR51151,MCH8989,14827.57,UTR8547461857,4110,SUCCESS,TXN00001115,USR51151,MCH8989,UTR 8547461857,0,0,0,0,0,0,0
TXN00002079,2026-01-03 13:43:45,USR62984,MCH8865,24624.89,UTR3539146382,4110,SUCCESS,TXN00002079,USR62984,MCH8865,UTR3539146382,0,0,0,0,0,0,0
TXN00000496,2026-03-20 08:40:45,USR34341,MCH9896,8840.0,UTR8524493114,0110,PENDING,TXN00000496,USR34341,MCH9896,UTR8524493114,0,0,0,0,0,0,1
TXN00009178,2026-02-09 19:43:19,USR31443,MCH3928,19950.6,UTR3919527212,1310,SUCCESS,TXN00009178,USR31443,MCH3928,UTR3919527212,0,0,0,0,0,0,0
TXN00016479,2026-01-20 00:00:00,USR11010,MCH3308,10615.18,UTR9807313605,9120,PENDING,TXN00016479,USR11010,MCH3308,UTR 9807313605,0,0,0,0,0,0,1
TXN00015637,2026-03-03 17:08:14,USR72174,MCH1814,14138.98,UTR8680470258,1310,SUCCESS,TXN00015637,USR72174,MCH1814,UTR8680470258,0,0,0,0,0,0,0
TXN00010101,2026-01-09 22:14:19,USR52008,MCH4630,24303.0,UTR0014563925,1310,SUCCESS,TXN00010101,USR52008,MCH4630,UTR0014563925,0,0,0,0,0,0,0
TXN00019714,2026-01-27 00:49:22,USR52901,MCH7803,94.57,UTR0193855008,9120,FAILED,TXN00019714,USR52901,MCH7803,UTR0193855008,0,0,0,0,0,1,0
TXN00001452,2026-01-29 08:05:12,USR63170,MCH5802,15450.0,UTR4701266602,4110,SUCCESS,TXN00001452,USR63170,MCH5802,UTR 4701266602,0,0,0,0,0,0,0
TXN00012669,2026-01-13 17:37:17,USR37175,MCH9467,8038.17,UTR6463974921,0110,SUCCESS,TXN00012669,USR37175,MCH9467,UTR6463974921,0,0,0,0,0,0,0
TXN00007966,2026-03-04 14:07:48,USR11953,MCH4494,784.0,,,SUCCESS,TXN00007966,USR11953,MCH4494,,0,1,1,0,0,0,0
TXN00014858,2026-01-20 05:25:16,USR95056,MCH6282,17089.48,UTR3310122030,,SUCCESS,TXN00014858,USR95056,MCH6282,UTR3310122030,0,0,1,0,0,0,0
TXN00002195,2026-03-14 01:04:53,USR18716,MCH5134,2783.63,UTR3226135699,9120,SUCCESS,TXN00002195,USR18716,MCH5134,UTR3226135699,0,0,0,0,0,0,0
TXN00015624,2026-03-19 12:34:02,USR15192,MCH6884,18279.59,UTR4664211254,0110,SUCCESS,TXN00015624,USR15192,MCH6884,UTR 4664211254,0,0,0,0,0,0,0
TXN00003824,2026-02-15 05:52:05,USR85974,MCH2369,0.821121,,8120,SUCCESS,TXN00003824,USR85974,MCH2369,,0,1,0,0,0,0,0
TXN00007999,2026-02-15 22:36:10,USR18088,MCH8812,22711.85,UTR2665406706,1310,SUCCESS,TXN00007999,USR18088,MCH8812,UTR 2665406706,0,0,0,0,0,0,0
TXN00006031,2026-02-26 14:32:37,USR70713,MCH6330,15582.0,UTR9925303276,4110,SUCCESS,TXN00006031,USR70713,MCH6330,UTR9925303276,0,0,0,0,0,0,0
TXN00000816,2026-02-15 02:41:49,USR91062,MCH1195,12975.76,UTR9963763422,4110,SUCCESS,TXN00000816,USR91062,MCH1195,UTR9963763422,0,0,0,0,0,0,0
TXN00010709,2026-03-18 11:27:18,USR31233,MCH7786,0.1655803,UTR0515801747,1310,SUCCESS,TXN00010709,USR31233,MCH7786,UTR0515801747,0,0,0,0,0,0,0
TXN00010844,2026-03-18 09:26:01,USR23291,MCH4038,7296.5,UTR7795157569,4110,SUCCESS,TXN00010844,USR23291,MCH4038,UTR7795157569,0,0,0,0,0,0,0
TXN00008589,2026-03-10 05:45:15,USR99157,MCH8950,12831.8,UTR6197756179,8120,SUCCESS,TXN00008589,USR99157,MCH8950,UTR6197756179,0,0,0,0,0,0,0
TXN00006098,2026-07-01 21:56:40,USR80860,MCH4235,21315.04,UTR0687094102,4110,FAILED,TXN00006098,USR80860,MCH4235,UTR0687094102,0,0,0,0,0,1,0
TXN00018100,2026-03-11 04:28:29,USR54199,MCH6843,414.45,UTR5245147308,,SUCCESS,TXN00018100,USR54199,MCH6843,UTR5245147308,0,0,1,0,0,0,0
TXN00009639,2026-02-09 09:19:00,USR56936,MCH2333,10950.05,UTR6862757093,,SUCCESS,TXN00009639,USR56936,MCH2333,UTR6862757093,0,0,1,0,0,0,0
TXN00010436,2026-02-20 18:52:50,USR19749,MCH3526,9086.1,UTR5560571008,9120,FAILED,TXN00010436,USR19749,MCH3526,UTR5560571008,0,0,0,0,0,1,0
TXN00013546,2026-03-08 00:55:08,USR32494,MCH7715,16966.7,UTR1042408622,4110,SUCCESS,TXN00013546,USR32494,MCH7715,UTR1042408622,0,0,0,0,0,0,0
TXN00006876,2026-02-16 02:29:50,USR97152,MCH3002,10872.61,,8120,SUCCESS,TXN00006876,USR97152,MCH3002,,0,1,0,0,0,0,0
TXN00015975,2026-02-15 19:58:30,USR62990,MCH8522,17521.29,UTR9566249806,4110,SUCCESS,TXN00015975,USR62990,MCH8522,UTR9566249806,0,0,0,0,0,0,0
TXN00009282,2026-02-25 20:10:46,USR39732,MCH8146,23573.39,UTR3362643143,8120,SUCCESS,TXN00009282,USR39732,MCH8146,UTR3362643143,0,0,0,0,0,0,0
TXN00015442,2026-01-14 13:53:09,USR65882,MCH8959,3949.32,UTR2018688311,4110,FAILED,TXN00015442,USR65882,MCH8959,UTR2018688311,0,0,0,0,0,1,0
TXN00003610,2026-02-22 08:39:38,USR75160,MCH4739,24248.46,UTR6529574196,,SUCCESS,TXN00003610,USR75160,MCH4739,UTR6529574196,0,0,1,0,0,0,0
TXN00006958,2026-02-14 14:04:20,USR44217,MCH3390,0.1693574,UTR4170952712,0110,SUCCESS,TXN00006958,USR44217,MCH3390,UTR4170952712,0,0,0,0,0,0,0
TXN00013771,2026-02-10 15:37:50,USR68832,MCH4299,14209.53,UTR6665852090,8120,SUCCESS,TXN00013771,USR68832,MCH4299,UTR6665852090,0,0,0,0,0,0,0
TXN00006598,2026-10-02 05:47:09,USR91082,MCH9919,6307.0,UTR5479471209,,SUCCESS,TXN00006598,USR91082,MCH9919,UTR5479471209,0,0,1,0,0,0,0
TXN00016329,2026-02-19 15:58:48,USR59881,MCH3411,17674.04,UTR3378989514,,SUCCESS,TXN00016329,USR59881,MCH3411,UTR3378989514,0,0,1,0,0,0,0
TXN00019924,2026-02-18 13:57:30,USR20973,MCH7408,18338.7,UTR5670812231,9120,SUCCESS,TXN00019924,USR20973,MCH7408,UTR5670812231,0,0,0,0,0,0,0
TXN00018158,2026-03-21 19:15:33,USR55022,MCH8920,337.92,UTR1087170684,0110,SUCCESS,TXN00018158,USR55022,MCH8920,UTR1087170684,0,0,0,0,0,0,0
TXN00019073,2026-02-28 18:15:41,USR10959,MCH8872,8511.0,UTR7737622698,0110,SUCCESS,TXN00019073,USR10959,MCH8872,UTR7737622698,0,0,0,0,0,0,0
TXN00013331,2026-01-01 02:19:57,USR51019,MCH6373,4575.54,UTR0617496804,4110,SUCCESS,TXN00013331,USR51019,MCH6373,UTR0617496804,0,0,0,0,0,0,0
TXN00000716,2026-02-10 19:42:39,USR78126,MCH7563,23238.93,UTR3606342300,4110,SUCCESS,TXN00000716,USR78126,MCH7563,UTR 3606342300,0,0,0,0,0,0,0
TXN00013407,2026-03-29 12:31:08,USR53846,MCH4275,16229.62,UTR5075216889,8120,SUCCESS,TXN00013407,USR53846,MCH4275,UTR5075216889,0,0,0,0,0,0,0
TXN00015643,2026-01-31 08:43:47,USR93317,MCH5032,22434.5,UTR9175258833,8120,SUCCESS,TXN00015643,USR93317,MCH5032,UTR9175258833,0,0,0,0,0,0,0
TXN00001037,2026-02-03 17:02:36,USR94645,MCH1160,8503.48,UTR7876816129,1310,SUCCESS,TXN00001037,USR94645,MCH1160,UTR7876816129,0,0,0,0,0,0,0
TXN00009562,2026-02-27 13:13:19,USR93484,MCH2937,1816.07,UTR5226099694,4110,SUCCESS,TXN00009562,USR93484,MCH2937,UTR 5226099694,0,0,0,0,0,0,0
TXN00014586,2026-03-13 03:43:05,USR37879,MCH3715,0.888,UTR6984771361,4110,SUCCESS,TXN00014586,USR37879,MCH3715,UTR6984771361,0,0,0,0,0,0,0
TXN00010472,2026-02-03 19:46:02,USR10822,MCH4662,21326.81,UTR9893871362,,SUCCESS,TXN00010472,USR10822,MCH4662,UTR9893871362,0,0,1,0,0,0,0
TXN00016036,2026-02-03 07:00:36,USR69987,MCH9899,13705.35,UTR1681142079,,SUCCESS,TXN00016036,USR69987,MCH9899,UTR1681142079,0,0,1,0,0,0,0
TXN00018560,2026-01-23 21:01:40,USR99157,MCH8809,23358.91,UTR5499304598,,SUCCESS,TXN00018560,USR99157,MCH8809,UTR5499304598,0,0,1,0,0,0,0
TXN00005989,2026-07-01 04:45:04,USR74978,MCH3569,16652.0,UTR9203523757,8120,PENDING,TXN00005989,USR74978,MCH3569,UTR9203523757,0,0,0,0,0,0,1
TXN00004436,2026-02-14 10:53:32,USR36510,MCH3402,7022.0,UTR1761153978,0110,SUCCESS,TXN00004436,USR36510,MCH3402,UTR1761153978,0,0,0,0,0,0,0
TXN00000910,2026-02-28 13:40:49,USR35745,MCH8931,0.949851,UTR8978352844,1310,SUCCESS,TXN00000910,USR35745,MCH8931,UTR8978352844,0,0,0,0,0,0,0
TXN00002217,2026-03-19 19:12:57,USR26661,MCH5320,20736.57,UTR2942623938,0110,SUCCESS,TXN00002217,USR26661,MCH5320,UTR 2942623938,0,0,0,0,0,0,0
TXN00010556,2026-01-18 00:00:00,USR85247,MCH5221,12752.15,UTR1870748519,,SUCCESS,TXN00010556,USR85247,MCH5221,UTR 1870748519,0,0,1,0,0,0,0
TXN00017867,2026-01-02 16:31:24,USR86124,MCH9421,2049.97,UTR9095656928,0110,SUCCESS,TXN00017867,USR86124,MCH9421,UTR9095656928,0,0,0,0,0,0,0
TXN00007986,2026-03-06 06:37:27,USR98701,MCH7189,19552.23,UTR6427932984,4110,SUCCESS,TXN00007986,USR98701,MCH7189,UTR6427932984,0,0,0,0,0,0,0
TXN00010825,2026-03-13 14:59:13,USR42293,MCH5572,17439.56,UTR9501594576,9120,SUCCESS,TXN00010825,USR42293,MCH5572,UTR9501594576,0,0,0,0,0,0,0
TXN00014941,2026-01-06 13:22:56,USR45992,MCH3436,12139.47,UTR9510820241,0110,SUCCESS,TXN00014941,USR45992,MCH3436,UTR9510820241,0,0,0,0,0,0,0
TXN00007405,2026-02-20 18:00:20,USR10044,MCH1264,9096.65,UTR4870744531,1310,SUCCESS,TXN00007405,USR10044,MCH1264,UTR4870744531,0,0,0,0,0,0,0
TXN00004016,2026-02-24 17:04:23,USR78819,MCH7771,6503.11,UTR9345073421,1310,SUCCESS,TXN00004016,USR78819,MCH7771,UTR9345073421,0,0,0,0,0,0,0
TXN00016335,2026-03-30 13:30:11,USR41305,MCH4350,16175.04,UTR6763765339,4110,SUCCESS,TXN00016335,USR41305,MCH4350,UTR 6763765339,0,0,0,0,0,0,0
TXN00011350,2026-01-18 23:22:27,USR27797,MCH9295,21568.23,UTR8684880534,0110,SUCCESS,TXN00011350,USR27797,MCH9295,UTR8684880534,0,0,0,0,0,0,0
TXN00004395,2026-02-13 15:35:08,USR96007,MCH8319,23649.81,UTR0299137374,1310,SUCCESS,TXN00004395,USR96007,MCH8319,UTR0299137374,0,0,0,0,0,0,0
TXN00011805,2026-02-23 11:14:17,USR20774,MCH7052,24870.38,UTR3549851158,4110,SUCCESS,TXN00011805,USR20774,MCH7052,UTR3549851158,0,0,0,0,0,0,0
TXN00014994,2026-02-17 01:03:03,USR35426,MCH8587,9971.74,,8120,SUCCESS,TXN00014994,USR35426,MCH8587,,0,1,0,0,0,0,0
TXN00000656,2026-01-26 08:40:31,USR75976,MCH6302,3198.23,UTR6641533137,9120,SUCCESS,TXN00000656,USR75976,MCH6302,UTR6641533137,0,0,0,0,0,0,0
TXN00017793,2026-03-11 11:59:21,USR86615,MCH4242,9809.28,UTR2573625145,1310,SUCCESS,TXN00017793,USR86615,MCH4242,UTR2573625145,0,0,0,0,0,0,0
TXN00017904,2026-03-17 00:00:00,USR73287,MCH2274,534.37,UTR7308230221,9120,SUCCESS,TXN00017904,USR73287,MCH2274,UTR7308230221,0,0,0,0,0,0,0
TXN00010213,2026-02-17 15:21:57,USR33577,MCH7641,2975.21,UTR4317844450,9120,SUCCESS,TXN00010213,USR33577,MCH7641,UTR4317844450,0,0,0,0,0,0,0
TXN00011877,2026-03-25 18:42:09,USR82159,MCH9941,20080.07,UTR7319402564,4110,SUCCESS,TXN00011877,USR82159,MCH9941,UTR7319402564,0,0,0,0,0,0,0
TXN00008076,2026-01-01 00:12:54,USR83622,MCH6101,6256.47,UTR5266228933,4110,SUCCESS,TXN00008076,USR83622,MCH6101,UTR5266228933,0,0,0,0,0,0,0
TXN00017306,2026-01-16 15:23:55,USR70041,MCH5487,1501.19,UTR9598424542,8120,SUCCESS,TXN00017306,USR70041,MCH5487,UTR9598424542,0,0,0,0,0,0,0
TXN00018176,2026-02-20 02:58:56,USR40479,MCH1084,22882.8,UTR9329510604,9120,SUCCESS,TXN00018176,USR40479,MCH1084,UTR9329510604,0,0,0,0,0,0,0
TXN00006312,2026-01-01 06:22:48,USR87217,MCH4981,0.1311113,UTR0592633539,8120,SUCCESS,TXN00006312,USR87217,MCH4981,UTR0592633539,0,0,0,0,0,0,0
TXN00018973,2026-02-02 12:34:24,USR38524,MCH4672,17132.18,UTR9073311407,9120,SUCCESS,TXN00018973,USR38524,MCH4672,UTR9073311407,0,0,0,0,0,0,0
TXN00002510,2026-03-21 07:29:40,USR19029,MCH5562,22328.32,UTR6061408271,,SUCCESS,TXN00002510,USR19029,MCH5562,UTR6061408271,0,0,1,0,0,0,0
TXN00014337,2026-01-04 16:01:16,USR61879,MCH1428,14466.05,UTR1976037051,1310,SUCCESS,TXN00014337,USR61879,MCH1428,UTR1976037051,0,0,0,0,0,0,0
TXN00007854,2026-03-20 01:39:35,USR18776,MCH5673,7400.86,UTR8177172949,4110,SUCCESS,TXN00007854,USR18776,MCH5673,UTR8177172949,0,0,0,0,0,0,0
TXN00018908,2026-03-03 04:47:39,USR98153,MCH7329,0.1950372,UTR6801772953,,SUCCESS,TXN00018908,USR98153,MCH7329,UTR6801772953,0,0,1,0,0,0,0
TXN00000549,2026-03-10 12:19:27,USR37608,MCH7638,13012.49,UTR4443737976,4110,FAILED,TXN00000549,USR37608,MCH7638,UTR4443737976,0,0,0,0,0,1,0
TXN00010388,2026-01-14 17:06:20,USR82502,MCH8216,24390.37,UTR7022825223,9120,SUCCESS,TXN00010388,USR82502,MCH8216,UTR7022825223,0,0,0,0,0,0,0
TXN00006540,2026-01-22 15:26:12,USR32658,MCH8986,15178.26,UTR9648978633,4110,SUCCESS,TXN00006540,USR32658,MCH8986,UTR9648978633,0,0,0,0,0,0,0
TXN00019778,2026-01-27 07:43:35,USR19958,MCH3385,12967.77,UTR0603214064,8120,SUCCESS,TXN00019778,USR19958,MCH3385,UTR0603214064,0,0,0,0,0,0,0
TXN00019403,2026-01-23 18:55:38,USR12483,MCH6945,14268.56,UTR6240574571,4110,SUCCESS,TXN00019403,USR12483,MCH6945,UTR6240574571,0,0,0,0,0,0,0
TXN00013198,2026-01-12 16:16:48,USR56397,MCH9204,12708.85,UTR3250134203,1310,SUCCESS,TXN00013198,USR56397,MCH9204,UTR3250134203,0,0,0,0,0,0,0
TXN00007143,2026-03-27 05:37:20,USR51293,MCH6963,19369.08,UTR6228392955,8120,SUCCESS,TXN00007143,USR51293,MCH6963,UTR6228392955,0,0,0,0,0,0,0
TXN00015070,2026-02-21 21:34:34,USR81893,MCH3948,23629.58,UTR2229763851,4110,SUCCESS,TXN00015070,USR81893,MCH3948,UTR2229763851,0,0,0,0,0,0,0
TXN00018343,2026-03-05 23:30:56,USR33029,MCH1984,20255.06,UTR1982542349,1310,SUCCESS,TXN00018343,USR33029,MCH1984,UTR1982542349,0,0,0,0,0,0,0
TXN00014271,2026-03-13 04:34:56,USR98882,MCH7299,12508.7,UTR9285526340,,SUCCESS,TXN00014271,USR98882,MCH7299,UTR 9285526340,0,0,1,0,0,0,0
TXN00000427,2026-01-16 06:50:41,USR12296,MCH6726,11043.85,UTR5990484636,,SUCCESS,TXN00000427,USR12296,MCH6726,UTR 5990484636,0,0,1,0,0,0,0
TXN00017299,2026-06-02 10:24:21,USR23504,MCH4658,15043.0,UTR2842893761,4110,SUCCESS,TXN00017299,USR23504,MCH4658,UTR 2842893761,0,0,0,0,0,0,0
TXN00012232,2026-03-05 19:53:54,USR11235,MCH9179,24429.92,UTR5349976065,9120,SUCCESS,TXN00012232,USR11235,MCH9179,UTR5349976065,0,0,0,0,0,0,0
TXN00014632,2026-03-12 09:20:49,USR90851,MCH8172,19482.29,UTR3278544586,0110,SUCCESS,TXN00014632,USR90851,MCH8172,UTR3278544586,0,0,0,0,0,0,0
TXN00002109,2026-01-03 23:26:10,USR80030,MCH6717,6929.84,UTR5219267503,4110,SUCCESS,TXN00002109,USR80030,MCH6717,UTR5219267503,0,0,0,0,0,0,0
TXN00018750,2026-02-18 10:32:19,USR24891,MCH1974,18935.97,UTR6438621816,9120,SUCCESS,TXN00018750,USR24891,MCH1974,UTR6438621816,0,0,0,0,0,0,0
TXN00007325,2026-12-01 00:05:53,USR72539,MCH3806,1709.58,UTR9288568025,,SUCCESS,TXN00007325,USR72539,MCH3806,UTR9288568025,0,0,1,0,0,0,0
TXN00010943,2026-03-12 17:37:48,USR63555,MCH4860,7782.93,UTR9393043006,9120,SUCCESS,TXN00010943,USR63555,MCH4860,UTR9393043006,0,0,0,0,0,0,0
TXN00010517,2026-01-07 21:06:52,USR22347,MCH3040,15510.77,UTR6537025099,4110,SUCCESS,TXN00010517,USR22347,MCH3040,UTR6537025099,0,0,0,0,0,0,0
TXN00000098,2026-02-05 22:35:03,USR34334,MCH9084,10694.25,UTR4757174166,0110,SUCCESS,TXN00000098,USR34334,MCH9084,UTR4757174166,0,0,0,0,0,0,0
TXN00002441,2026-01-08 11:48:27,USR18566,MCH9029,13847.25,UTR2671494790,1310,SUCCESS,TXN00002441,USR18566,MCH9029,UTR2671494790,0,0,0,0,0,0,0
TXN00015842,2026-02-18 02:45:22,USR53927,MCH6916,0.23348,UTR6933695467,,SUCCESS,TXN00015842,USR53927,MCH6916,UTR6933695467,0,0,1,0,0,0,0
TXN00014815,2026-03-15 01:21:50,USR96577,MCH3896,14756.43,UTR9451314194,4110,SUCCESS,TXN00014815,USR96577,MCH3896,UTR9451314194,0,0,0,0,0,0,0
TXN00008769,2026-03-09 20:13:03,USR80120,MCH2380,9970.0,UTR5532448872,9120,SUCCESS,TXN00008769,USR80120,MCH2380,UTR5532448872,0,0,0,0,0,0,0
TXN00015371,2026-02-09 08:29:18,USR52323,MCH9170,4678.15,UTR6370407076,4110,SUCCESS,TXN00015371,USR52323,MCH9170,UTR6370407076,0,0,0,0,0,0,0
TXN00009039,2026-02-08 09:50:27,USR58469,MCH9518,18396.0,UTR2960744736,,SUCCESS,TXN00009039,USR58469,MCH9518,UTR2960744736,0,0,1,0,0,0,0
TXN00003208,2026-03-17 04:57:47,USR45033,MCH8328,18711.41,UTR7948221346,4110,FAILED,TXN00003208,USR45033,MCH8328,UTR7948221346,0,0,0,0,0,1,0
TXN00008757,2026-01-21 13:42:18,USR70784,MCH2833,5770.07,UTR2944107855,4110,SUCCESS,TXN00008757,USR70784,MCH2833,UTR2944107855,0,0,0,0,0,0,0
TXN00019890,2026-03-13 13:57:11,USR54727,MCH3686,0.2127181,UTR4685386449,8120,SUCCESS,TXN00019890,USR54727,MCH3686,UTR4685386449,0,0,0,0,0,0,0
TXN00012412,2026-02-19 20:10:20,USR52710,MCH9951,22003.87,,1310,SUCCESS,TXN00012412,USR52710,MCH9951,,0,1,0,0,0,0,0
TXN00009602,2026-01-22 17:28:43,USR68697,MCH2163,19314.72,UTR7667629027,4110,SUCCESS,TXN00009602,USR68697,MCH2163,UTR7667629027,0,0,0,0,0,0,0
TXN00016460,2026-03-21 18:00:37,USR15311,MCH2999,16849.9,UTR9075298077,,SUCCESS,TXN00016460,USR15311,MCH2999,UTR 9075298077,0,0,1,0,0,0,0
TXN00000615,2026-03-18 00:00:00,USR23846,MCH5692,21840.73,UTR6585601772,0110,SUCCESS,TXN00000615,USR23846,MCH5692,UTR6585601772,0,0,0,0,0,0,0
TXN00002794,2026-01-13 06:08:14,USR28543,MCH4871,6495.95,UTR8969608897,9120,SUCCESS,TXN00002794,USR28543,MCH4871,UTR8969608897,0,0,0,0,0,0,0
TXN00013058,2026-11-03 01:06:03,USR79113,MCH6333,821.71,UTR8648155173,0110,SUCCESS,TXN00013058,USR79113,MCH6333,UTR8648155173,0,0,0,0,0,0,0
TXN00001591,2026-03-03 12:44:22,USR93460,MCH7322,17313.98,UTR3417406801,4110,SUCCESS,TXN00001591,USR93460,MCH7322,UTR 3417406801,0,0,0,0,0,0,0
TXN00014396,2026-03-03 15:10:07,USR55720,MCH3630,13171.97,UTR8164375304,,SUCCESS,TXN00014396,USR55720,MCH3630,UTR8164375304,0,0,1,0,0,0,0
TXN00017750,2026-12-02 20:23:53,USR79964,MCH1304,9250.12,UTR2284252364,0110,SUCCESS,TXN00017750,USR79964,MCH1304,UTR2284252364,0,0,0,0,0,0,0
TXN00015946,2026-02-02 15:21:04,USR32789,MCH1090,13660.74,UTR9104066175,4110,SUCCESS,TXN00015946,USR32789,MCH1090,UTR9104066175,0,0,0,0,0,0,0
TXN00014259,2026-01-29 21:06:20,USR14239,MCH9079,3800.16,UTR1842738121,,SUCCESS,TXN00014259,USR14239,MCH9079,UTR1842738121,0,0,1,0,0,0,0
TXN00018289,2026-02-13 03:42:43,USR66555,MCH8585,20717.96,UTR8562297780,,FAILED,TXN00018289,USR66555,MCH8585,UTR8562297780,0,0,1,0,0,1,0
TXN00015572,2026-02-28 23:30:02,USR26837,MCH7551,14268.12,UTR9244714087,1310,SUCCESS,TXN00015572,USR26837,MCH7551,UTR9244714087,0,0,0,0,0,0,0
TXN00010219,2026-03-17 19:42:54,USR96932,MCH2768,13551.59,UTR1254053178,9120,SUCCESS,TXN00010219,USR96932,MCH2768,UTR1254053178,0,0,0,0,0,0,0
TXN00019893,2026-03-06 21:42:38,USR64653,MCH8310,17258.93,UTR7815229616,0110,SUCCESS,TXN00019893,USR64653,MCH8310,UTR7815229616,0,0,0,0,0,0,0
TXN00006488,2026-01-28 00:00:00,USR25169,MCH4919,9596.39,UTR9593211024,4110,SUCCESS,TXN00006488,USR25169,MCH4919,UTR9593211024,0,0,0,0,0,0,0
TXN00003736,2026-03-24 11:06:28,USR84377,MCH6237,11779.3,UTR8240005372,8120,SUCCESS,TXN00003736,USR84377,MCH6237,UTR8240005372,0,0,0,0,0,0,0
TXN00003340,2026-03-11 15:33:55,USR25869,MCH8307,16356.78,UTR2781732404,4110,SUCCESS,TXN00003340,USR25869,MCH8307,UTR2781732404,0,0,0,0,0,0,0
TXN00013084,2026-01-29 02:47:41,USR20505,MCH7025,17549.54,UTR1701868084,9120,SUCCESS,TXN00013084,USR20505,MCH7025,UTR1701868084,0,0,0,0,0,0,0
TXN00011360,2026-02-19 22:17:30,USR83393,MCH5320,-14748.59,UTR1819340889,4110,SUCCESS,TXN00011360,USR83393,MCH5320,UTR1819340889,1,0,0,0,0,0,0
TXN00013539,2026-03-24 21:38:15,USR69970,MCH4340,20858.05,UTR6625508410,1310,SUCCESS,TXN00013539,USR69970,MCH4340,UTR6625508410,0,0,0,0,0,0,0
TXN00006936,2026-03-17 02:34:38,USR46428,MCH4268,0.1188452,UTR8889280531,4110,SUCCESS,TXN00006936,USR46428,MCH4268,UTR8889280531,0,0,0,0,0,0,0
TXN00015244,2026-02-26 08:23:31,USR15215,MCH3624,23865.89,,4110,SUCCESS,TXN00015244,USR15215,MCH3624,,0,1,0,0,0,0,0
TXN00017108,2026-01-21 13:41:43,USR68629,MCH9610,0.2281594,UTR7364705955,,SUCCESS,TXN00017108,USR68629,MCH9610,UTR7364705955,0,0,1,0,0,0,0
TXN00004378,2026-02-11 09:30:45,USR47024,MCH5692,20980.27,UTR7276231742,0110,SUCCESS,TXN00004378,USR47024,MCH5692,UTR7276231742,0,0,0,0,0,0,0
TXN00001431,2026-03-19 14:32:09,USR60466,MCH4246,11373.95,UTR2760843827,8120,FAILED,TXN00001431,USR60466,MCH4246,UTR2760843827,0,0,0,0,0,1,0
TXN00003915,2026-03-01 20:35:39,USR57785,MCH1898,24144.02,UTR6383496570,8120,SUCCESS,TXN00003915,USR57785,MCH1898,UTR 6383496570,0,0,0,0,0,0,0
TXN00017560,2026-03-04 05:51:52,USR21566,MCH3959,24005.0,,4110,SUCCESS,TXN00017560,USR21566,MCH3959,,0,1,0,0,0,0,0
TXN00018074,2026-01-14 04:10:56,USR30218,MCH9493,21719.0,UTR7557298183,,SUCCESS,TXN00018074,USR30218,MCH9493,UTR7557298183,0,0,1,0,0,0,0
TXN00018055,2026-03-28 16:55:09,USR48885,MCH6752,3290.24,UTR4674905493,4110,SUCCESS,TXN00018055,USR48885,MCH6752,UTR4674905493,0,0,0,0,0,0,0
TXN00008061,2026-03-30 05:56:40,USR68591,MCH1496,15798.05,UTR5372789968,1310,SUCCESS,TXN00008061,USR68591,MCH1496,UTR5372789968,0,0,0,0,0,0,0
TXN00015715,2026-02-19 20:58:17,USR33667,MCH6746,0.1774,UTR3353939426,4110,SUCCESS,TXN00015715,USR33667,MCH6746,UTR3353939426,0,0,0,0,0,0,0
TXN00019950,2026-03-11 01:33:36,USR28238,MCH8062,0.115929,,9120,SUCCESS,TXN00019950,USR28238,MCH8062,,0,1,0,0,0,0,0
TXN00017266,2026-03-26 04:06:51,USR79546,MCH9537,0.443879,UTR6159837460,4110,SUCCESS,TXN00017266,USR79546,MCH9537,UTR6159837460,0,0,0,0,0,0,0
TXN00006694,2026-01-02 07:12:11,USR31245,MCH9150,20082.27,UTR3101463510,9120,SUCCESS,TXN00006694,USR31245,MCH9150,UTR3101463510,0,0,0,0,0,0,0
TXN00004699,2026-03-23 05:39:26,USR63329,MCH2584,3467.91,UTR6685591326,1310,SUCCESS,TXN00004699,USR63329,MCH2584,UTR6685591326,0,0,0,0,0,0,0
TXN00015680,2026-01-19 11:09:39,USR90260,MCH8246,8023.41,UTR5826370692,9120,SUCCESS,TXN00015680,USR90260,MCH8246,UTR5826370692,0,0,0,0,0,0,0
TXN00010608,2026-02-14 22:18:56,USR11294,MCH9884,21780.96,UTR8563235832,0110,SUCCESS,TXN00010608,USR11294,MCH9884,UTR8563235832,0,0,0,0,0,0,0
TXN00004683,2026-02-23 03:19:33,USR49348,MCH6071,23552.03,UTR8238615035,8120,SUCCESS,TXN00004683,USR49348,MCH6071,UTR 8238615035,0,0,0,0,0,0,0
TXN00010958,2026-01-30 21:53:00,USR99857,MCH1566,17562.88,UTR6856626616,4110,SUCCESS,TXN00010958,USR99857,MCH1566,UTR6856626616,0,0,0,0,0,0,0
TXN00007712,2026-01-25 02:28:55,USR20372,MCH7979,9175.13,UTR8432459475,0110,SUCCESS,TXN00007712,USR20372,MCH7979,UTR 8432459475,0,0,0,0,0,0,0
TXN00007722,2026-01-18 07:54:06,USR63549,MCH2587,0.2327151,UTR3617947647,4110,SUCCESS,TXN00007722,USR63549,MCH2587,UTR3617947647,0,0,0,0,0,0,0
TXN00018892,2026-03-29 02:15:52,USR25798,MCH8347,11588.52,UTR9323643886,4110,SUCCESS,TXN00018892,USR25798,MCH8347,UTR9323643886,0,0,0,0,0,0,0
TXN00010099,2026-01-03 07:13:33,USR59398,MCH7776,6037.76,UTR7327129781,,FAILED,TXN00010099,USR59398,MCH7776,UTR7327129781,0,0,1,0,0,1,0
TXN00014541,2026-01-13 01:04:18,USR53266,MCH8766,8233.28,UTR5049626170,4110,SUCCESS,TXN00014541,USR53266,MCH8766,UTR 5049626170,0,0,0,0,0,0,0
TXN00002551,2026-02-18 17:45:40,USR15302,MCH6405,8727.03,UTR5465730875,8120,SUCCESS,TXN00002551,USR15302,MCH6405,UTR 5465730875,0,0,0,0,0,0,0
TXN00005478,2026-01-13 08:44:35,USR23392,MCH4233,17337.5,UTR7679198198,9120,FAILED,TXN00005478,USR23392,MCH4233,UTR7679198198,0,0,0,0,0,1,0
TXN00012202,2026-02-18 11:14:42,USR25306,MCH8527,19814.62,UTR4951038390,8120,SUCCESS,TXN00012202,USR25306,MCH8527,UTR4951038390,0,0,0,0,0,0,0
TXN00006752,2026-03-25 23:13:36,USR12272,MCH3120,13951.4,UTR8789510613,,SUCCESS,TXN00006752,USR12272,MCH3120,UTR8789510613,0,0,1,0,0,0,0
TXN00019337,2026-03-08 19:00:38,USR93841,MCH1809,12751.84,UTR3555030651,8120,SUCCESS,TXN00019337,USR93841,MCH1809,UTR 3555030651,0,0,0,0,0,0,0
TXN00018046,2026-01-25 03:34:45,USR96856,MCH8251,16852.79,UTR9542839068,0110,SUCCESS,TXN00018046,USR96856,MCH8251,UTR9542839068,0,0,0,0,0,0,0
TXN00017675,2026-02-03 01:18:22,USR59412,MCH3265,14260.28,UTR1469042906,8120,SUCCESS,TXN00017675,USR59412,MCH3265,UTR1469042906,0,0,0,0,0,0,0
TXN00003083,2026-02-28 00:19:10,USR98060,MCH2216,5073.79,UTR7158806330,4110,FAILED,TXN00003083,USR98060,MCH2216,UTR7158806330,0,0,0,0,0,1,0
TXN00017514,2026-03-04 11:51:06,USR65993,MCH6153,13634.82,UTR2466238276,0110,SUCCESS,TXN00017514,USR65993,MCH6153,UTR2466238276,0,0,0,0,0,0,0
TXN00016246,2026-01-18 06:09:03,USR64687,MCH8328,11011.07,UTR4305001601,1310,SUCCESS,TXN00016246,USR64687,MCH8328,UTR4305001601,0,0,0,0,0,0,0
TXN00013074,2026-02-05 20:36:21,USR26427,MCH2186,13610.48,UTR1045942192,,SUCCESS,TXN00013074,USR26427,MCH2186,UTR1045942192,0,0,1,0,0,0,0
TXN00014264,2026-03-24 12:16:47,USR30831,MCH5360,20734.0,UTR9205747302,4110,SUCCESS,TXN00014264,USR30831,MCH5360,UTR9205747302,0,0,0,0,0,0,0
TXN00015525,2026-01-13 02:23:18,USR55269,MCH7759,13378.82,UTR6280989493,9120,SUCCESS,TXN00015525,USR55269,MCH7759,UTR6280989493,0,0,0,0,0,0,0
TXN00012981,2026-03-14 00:00:00,USR22332,MCH8394,4601.64,UTR1443109121,,SUCCESS,TXN00012981,USR22332,MCH8394,UTR1443109121,0,0,1,0,0,0,0
TXN00018905,2026-02-18 01:16:04,USR17377,MCH8936,359.38,UTR1602524656,,SUCCESS,TXN00018905,USR17377,MCH8936,UTR 1602524656,0,0,1,0,0,0,0
TXN00011269,2026-03-17 00:00:00,USR99516,MCH9440,23317.72,UTR2229430499,1310,SUCCESS,TXN00011269,USR99516,MCH9440,UTR2229430499,0,0,0,0,0,0,0
TXN00001044,2026-03-04 20:53:06,USR96776,MCH9673,0.1565103,UTR4272388263,9120,PENDING,TXN00001044,USR96776,MCH9673,UTR4272388263,0,0,0,0,0,0,1
TXN00018105,2026-02-15 07:08:46,USR50055,MCH1522,9496.87,UTR4850986858,1310,SUCCESS,TXN00018105,USR50055,MCH1522,UTR4850986858,0,0,0,0,0,0,0
TXN00015704,2026-03-07 11:45:02,USR54993,MCH2170,723.0,UTR6820614147,1310,SUCCESS,TXN00015704,USR54993,MCH2170,UTR6820614147,0,0,0,0,0,0,0
TXN00010175,2026-01-22 04:52:38,USR81137,MCH3107,4616.44,UTR5179283480,4110,SUCCESS,TXN00010175,USR81137,MCH3107,UTR5179283480,0,0,0,0,0,0,0
TXN00006207,2026-03-29 12:22:35,USR92289,MCH5670,6471.35,UTR7944053991,0110,SUCCESS,TXN00006207,USR92289,MCH5670,UTR 7944053991,0,0,0,0,0,0,0
TXN00012649,2026-01-28 23:06:49,USR48604,MCH1905,17337.94,UTR7081314613,8120,SUCCESS,TXN00012649,USR48604,MCH1905,UTR7081314613,0,0,0,0,0,0,0
TXN00011765,2026-01-20 18:19:28,USR24579,MCH2592,10798.6,UTR1254710452,8120,SUCCESS,TXN00011765,USR24579,MCH2592,UTR1254710452,0,0,0,0,0,0,0
TXN00016797,2026-03-05 03:17:25,USR33177,MCH1342,3594.0,UTR9280183837,1310,SUCCESS,TXN00016797,USR33177,MCH1342,UTR9280183837,0,0,0,0,0,0,0
TXN00006166,2026-01-02 08:48:07,USR49077,MCH5812,12228.88,UTR8513615884,8120,SUCCESS,TXN00006166,USR49077,MCH5812,UTR8513615884,0,0,0,0,0,0,0
TXN00004893,2026-01-28 19:33:53,USR64185,MCH1282,15249.0,UTR7054850486,4110,SUCCESS,TXN00004893,USR64185,MCH1282,UTR7054850486,0,0,0,0,0,0,0
TXN00011314,2026-03-25 00:36:58,USR79319,MCH4817,23789.99,UTR3563334311,0110,SUCCESS,TXN00011314,USR79319,MCH4817,UTR3563334311,0,0,0,0,0,0,0
TXN00008685,2026-03-13 10:13:48,USR32412,MCH8668,-8429.68,UTR6592841082,9120,SUCCESS,TXN00008685,USR32412,MCH8668,UTR6592841082,1,0,0,0,0,0,0
TXN00003949,2026-02-21 02:43:52,USR81819,MCH1795,4083.85,UTR6501776716,0110,SUCCESS,TXN00003949,USR81819,MCH1795,UTR6501776716,0,0,0,0,0,0,0
TXN00018318,2026-02-04 03:54:34,USR40035,MCH9305,24974.0,UTR9385694402,4110,SUCCESS,TXN00018318,USR40035,MCH9305,UTR9385694402,0,0,0,0,0,0,0
TXN00009212,2026-01-05 18:15:04,USR13222,MCH4524,23550.37,UTR9638838423,9120,PENDING,TXN00009212,USR13222,MCH4524,UTR9638838423,0,0,0,0,0,0,1
TXN00011978,2026-01-16 00:00:00,USR13848,MCH5628,22926.37,UTR0304919820,9120,SUCCESS,TXN00011978,USR13848,MCH5628,UTR0304919820,0,0,0,0,0,0,0
TXN00009526,2026-02-22 16:11:00,USR67389,MCH8832,11522.52,UTR0440261048,,SUCCESS,TXN00009526,USR67389,MCH8832,UTR0440261048,0,0,1,0,0,0,0
TXN00019185,2026-03-30 23:13:52,USR49309,MCH7149,22983.27,UTR0039957921,9120,SUCCESS,TXN00019185,USR49309,MCH7149,UTR0039957921,0,0,0,0,0,0,0
TXN00011624,2026-02-25 03:39:03,USR56284,MCH2952,1257.56,,8120,SUCCESS,TXN00011624,USR56284,MCH2952,,0,1,0,0,0,0,0
TXN00015799,2026-02-11 14:06:28,USR69782,MCH9411,3303.35,UTR1760702924,9120,SUCCESS,TXN00015799,USR69782,MCH9411,UTR1760702924,0,0,0,0,0,0,0
TXN00006489,2026-05-01 21:19:32,USR52726,MCH3539,10615.06,UTR3066214687,0110,SUCCESS,TXN00006489,USR52726,MCH3539,UTR3066214687,0,0,0,0,0,0,0
TXN00007512,2026-01-27 18:06:09,USR23708,MCH8175,24887.14,UTR5333737728,4110,SUCCESS,TXN00007512,USR23708,MCH8175,UTR5333737728,0,0,0,0,0,0,0
TXN00008842,2026-04-02 12:05:27,USR57077,MCH8855,21342.0,UTR1747669330,4110,SUCCESS,TXN00008842,USR57077,MCH8855,UTR1747669330,0,0,0,0,0,0,0
TXN00006490,2026-02-19 05:13:51,USR51599,MCH1716,17870.26,UTR7559638706,1310,SUCCESS,TXN00006490,USR51599,MCH1716,UTR7559638706,0,0,0,0,0,0,0
TXN00003282,2026-01-31 18:45:30,USR36976,MCH5505,4594.22,UTR4489036496,4110,SUCCESS,TXN00003282,USR36976,MCH5505,UTR4489036496,0,0,0,0,0,0,0
TXN00016590,2026-02-18 17:26:51,USR98360,MCH1120,9117.03,UTR5240383329,,SUCCESS,TXN00016590,USR98360,MCH1120,UTR5240383329,0,0,1,0,0,0,0
TXN00008257,2026-01-17 05:58:40,USR19501,MCH3923,6302.85,UTR7463625657,,SUCCESS,TXN00008257,USR19501,MCH3923,UTR7463625657,0,0,1,0,0,0,0
TXN00006999,2026-02-04 17:30:06,USR66909,MCH5690,0.864705,UTR4931217309,4110,SUCCESS,TXN00006999,USR66909,MCH5690,UTR4931217309,0,0,0,0,0,0,0
TXN00010243,2026-05-02 11:20:22,USR94196,MCH6780,11893.41,UTR4278371045,9120,FAILED,TXN00010243,USR94196,MCH6780,UTR4278371045,0,0,0,0,0,1,0
TXN00011593,2026-01-10 10:50:31,USR57257,MCH4625,8410.63,UTR6374731096,0110,SUCCESS,TXN00011593,USR57257,MCH4625,UTR 6374731096,0,0,0,0,0,0,0
TXN00016928,2026-03-26 20:02:43,USR85431,MCH9899,6690.77,UTR0718774848,4110,SUCCESS,TXN00016928,USR85431,MCH9899,UTR0718774848,0,0,0,0,0,0,0
TXN00016598,2026-02-20 15:11:07,USR75237,MCH9017,15677.43,UTR0306018338,8120,SUCCESS,TXN00016598,USR75237,MCH9017,UTR0306018338,0,0,0,0,0,0,0
TXN00002530,2026-01-09 03:26:35,USR87374,MCH9024,24945.54,UTR2807120430,8120,SUCCESS,TXN00002530,USR87374,MCH9024,UTR2807120430,0,0,0,0,0,0,0
TXN00011380,2026-02-01 20:33:51,USR57073,MCH7013,4991.76,UTR9841328879,4110,SUCCESS,TXN00011380,USR57073,MCH7013,UTR9841328879,0,0,0,0,0,0,0
TXN00013548,2026-02-15 07:13:33,USR86980,MCH6262,13827.99,UTR8786757632,,SUCCESS,TXN00013548,USR86980,MCH6262,UTR8786757632,0,0,1,0,0,0,0
TXN00004962,2026-03-21 20:34:47,USR12565,MCH3222,5109.57,UTR1404189637,8120,SUCCESS,TXN00004962,USR12565,MCH3222,UTR1404189637,0,0,0,0,0,0,0
TXN00012443,2026-02-11 12:41:14,USR83765,MCH7175,-22832.01,UTR1517594089,4110,SUCCESS,TXN00012443,USR83765,MCH7175,UTR1517594089,1,0,0,0,0,0,0
TXN00018042,2026-01-22 05:58:32,USR95893,MCH9156,22042.38,UTR5127499421,4110,SUCCESS,TXN00018042,USR95893,MCH9156,UTR 5127499421,0,0,0,0,0,0,0
TXN00004001,2026-03-29 12:07:05,USR89431,MCH7494,14304.0,UTR2249899028,4110,SUCCESS,TXN00004001,USR89431,MCH7494,UTR2249899028,0,0,0,0,0,0,0
TXN00001729,2026-02-10 08:11:32,USR62601,MCH6604,20351.12,UTR8259829716,4110,SUCCESS,TXN00001729,USR62601,MCH6604,UTR8259829716,0,0,0,0,0,0,0
TXN00002525,2026-03-24 03:04:18,USR56492,MCH6427,20112.89,UTR0076578776,0110,SUCCESS,TXN00002525,USR56492,MCH6427,UTR 0076578776,0,0,0,0,0,0,0
TXN00009790,2026-01-17 20:04:29,USR87975,MCH6939,510.09,UTR4685237808,8120,SUCCESS,TXN00009790,USR87975,MCH6939,UTR 4685237808,0,0,0,0,0,0,0
TXN00016645,2026-02-22 13:56:40,USR30083,MCH4194,12463.81,UTR5805065501,,SUCCESS,TXN00016645,USR30083,MCH4194,UTR5805065501,0,0,1,0,0,0,0
TXN00017088,2026-02-01 14:16:35,USR63319,MCH2421,6419.45,UTR5704900220,8120,SUCCESS,TXN00017088,USR63319,MCH2421,UTR 5704900220,0,0,0,0,0,0,0
TXN00000077,2026-02-26 01:19:40,USR76252,MCH2202,19284.05,UTR7517285555,8120,SUCCESS,TXN00000077,USR76252,MCH2202,UTR7517285555,0,0,0,0,0,0,0
TXN00006818,2026-02-24 00:58:07,USR89408,MCH3907,23313.27,UTR7623782296,,SUCCESS,TXN00006818,USR89408,MCH3907,UTR7623782296,0,0,1,0,0,0,0
TXN00019668,2026-01-11 13:52:05,USR75061,MCH9343,3130.83,UTR6968090149,9120,PENDING,TXN00019668,USR75061,MCH9343,UTR6968090149,0,0,0,0,0,0,1
TXN00019329,2026-02-14 00:38:52,USR83790,MCH5034,0.189928,UTR2152075067,4110,PENDING,TXN00019329,USR83790,MCH5034,UTR2152075067,0,0,0,0,0,0,1
TXN00008697,2026-01-09 16:46:14,USR33485,MCH8146,24072.13,UTR2375989514,,SUCCESS,TXN00008697,USR33485,MCH8146,UTR2375989514,0,0,1,0,0,0,0
TXN00019609,2026-02-27 02:35:43,USR21372,MCH8839,17238.0,UTR5326723067,9120,PENDING,TXN00019609,USR21372,MCH8839,UTR5326723067,0,0,0,0,0,0,1
TXN00005042,2026-08-01 13:29:24,USR25568,MCH8259,14797.01,UTR2163644113,0110,SUCCESS,TXN00005042,USR25568,MCH8259,UTR2163644113,0,0,0,0,0,0,0
TXN00013860,2026-02-06 03:38:20,USR59408,MCH7918,-10212.59,UTR5760943752,4110,SUCCESS,TXN00013860,USR59408,MCH7918,UTR5760943752,1,0,0,0,0,0,0
TXN00018682,2026-01-12 21:09:27,USR33056,MCH1539,18044.25,UTR8607593725,4110,PENDING,TXN00018682,USR33056,MCH1539,UTR8607593725,0,0,0,0,0,0,1
TXN00007434,2026-03-22 08:15:55,USR19680,MCH5989,5267.2,UTR9007899119,4110,SUCCESS,TXN00007434,USR19680,MCH5989,UTR 9007899119,0,0,0,0,0,0,0
TXN00008695,2026-03-31 17:23:52,USR64929,MCH4614,0.1297824,UTR3614130026,0110,SUCCESS,TXN00008695,USR64929,MCH4614,UTR3614130026,0,0,0,0,0,0,0
TXN00006951,2026-03-04 18:35:48,USR26578,MCH5466,18820.65,UTR1696787595,4110,SUCCESS,TXN00006951,USR26578,MCH5466,UTR1696787595,0,0,0,0,0,0,0
TXN00011219,2026-03-19 22:08:51,USR97249,MCH1025,10741.18,UTR8873058322,0110,SUCCESS,TXN00011219,USR97249,MCH1025,UTR8873058322,0,0,0,0,0,0,0
TXN00013430,2026-03-21 05:32:58,USR37692,MCH1859,8221.52,UTR7956257395,1310,SUCCESS,TXN00013430,USR37692,MCH1859,UTR7956257395,0,0,0,0,0,0,0
TXN00018984,2026-01-05 07:57:00,USR91495,MCH5084,9358.89,,8120,SUCCESS,TXN00018984,USR91495,MCH5084,,0,1,0,0,0,0,0
TXN00015504,2026-11-03 08:46:38,USR19040,MCH9146,0.2346562,UTR7961897865,4110,SUCCESS,TXN00015504,USR19040,MCH9146,UTR7961897865,0,0,0,0,0,0,0
TXN00014322,2026-02-14 00:00:00,USR73722,MCH5147,563.11,UTR5314819133,1310,SUCCESS,TXN00014322,USR73722,MCH5147,UTR5314819133,0,0,0,0,0,0,0
TXN00005990,2026-02-02 15:35:51,USR81580,MCH8962,20568.21,UTR0641305382,8120,SUCCESS,TXN00005990,USR81580,MCH8962,UTR0641305382,0,0,0,0,0,0,0
TXN00003301,2026-01-15 05:18:50,USR74117,MCH8934,10842.47,UTR7922202344,1310,SUCCESS,TXN00003301,USR74117,MCH8934,UTR7922202344,0,0,0,0,0,0,0
TXN00003934,2026-03-20 22:47:37,USR34382,MCH3243,5575.0,UTR9882493041,8120,SUCCESS,TXN00003934,USR34382,MCH3243,UTR9882493041,0,0,0,0,0,0,0
TXN00005952,2026-01-30 00:00:00,USR35594,MCH2284,4000.06,UTR4077620727,9120,SUCCESS,TXN00005952,USR35594,MCH2284,UTR4077620727,0,0,0,0,0,0,0
TXN00009271,2026-03-08 20:40:50,USR90657,MCH3683,7751.04,UTR2847882111,4110,SUCCESS,TXN00009271,USR90657,MCH3683,UTR2847882111,0,0,0,0,0,0,0
TXN00001432,2026-01-24 05:36:12,USR92821,MCH5065,12894.74,UTR2976487791,4110,FAILED,TXN00001432,USR92821,MCH5065,UTR2976487791,0,0,0,0,0,1,0
TXN00015286,2026-01-10 07:48:26,USR87814,MCH7615,18554.89,UTR3396284467,8120,SUCCESS,TXN00015286,USR87814,MCH7615,UTR3396284467,0,0,0,0,0,0,0
TXN00015183,2026-01-21 22:37:45,USR83810,MCH4194,19370.34,UTR8548690654,4110,SUCCESS,TXN00015183,USR83810,MCH4194,UTR8548690654,0,0,0,0,0,0,0
TXN00014428,2026-03-21 15:57:55,USR55926,MCH1756,1013.08,UTR1566992088,0110,SUCCESS,TXN00014428,USR55926,MCH1756,UTR1566992088,0,0,0,0,0,0,0
TXN00004661,2026-01-10 01:02:08,USR83585,MCH9273,12782.73,UTR8749031969,0110,SUCCESS,TXN00004661,USR83585,MCH9273,UTR8749031969,0,0,0,0,0,0,0
TXN00017426,2026-03-22 00:00:00,USR29873,MCH3138,573.82,UTR3202688716,0110,FAILED,TXN00017426,USR29873,MCH3138,UTR3202688716,0,0,0,0,0,1,0
TXN00001786,2026-01-11 12:27:52,USR56373,MCH8411,22378.99,UTR2313003208,,SUCCESS,TXN00001786,USR56373,MCH8411,UTR2313003208,0,0,1,0,0,0,0
TXN00016636,2026-02-05 05:09:21,USR10086,MCH2137,12874.26,UTR6422700877,4110,SUCCESS,TXN00016636,USR10086,MCH2137,UTR6422700877,0,0,0,0,0,0,0
TXN00015240,2026-01-13 17:01:14,USR81387,MCH9186,443.47,UTR0606742566,0110,SUCCESS,TXN00015240,USR81387,MCH9186,UTR0606742566,0,0,0,0,0,0,0
TXN00019925,2026-03-15 18:56:44,USR92944,MCH7406,1588.1,UTR7006314767,0110,SUCCESS,TXN00019925,USR92944,MCH7406,UTR7006314767,0,0,0,0,0,0,0
TXN00015537,2026-02-02 09:09:06,USR25060,MCH8040,7115.75,UTR5511278450,9120,SUCCESS,TXN00015537,USR25060,MCH8040,UTR5511278450,0,0,0,0,0,0,0
TXN00018008,2026-01-12 23:37:34,USR71547,MCH1269,23269.18,UTR4766747937,8120,SUCCESS,TXN00018008,USR71547,MCH1269,UTR4766747937,0,0,0,0,0,0,0
TXN00019259,2026-03-31 18:16:41,USR14932,MCH6860,3780.44,UTR8191217453,9120,SUCCESS,TXN00019259,USR14932,MCH6860,UTR8191217453,0,0,0,0,0,0,0
TXN00014262,2026-03-21 22:43:48,USR99619,MCH6318,20709.79,UTR8737147553,,SUCCESS,TXN00014262,USR99619,MCH6318,UTR 8737147553,0,0,1,0,0,0,0
TXN00009953,2026-01-28 06:42:43,USR86247,MCH3289,9684.39,UTR6639925872,9120,SUCCESS,TXN00009953,USR86247,MCH3289,UTR6639925872,0,0,0,0,0,0,0
TXN00007409,2026-03-08 10:41:33,USR44854,MCH3653,0.440112,UTR0986578810,1310,SUCCESS,TXN00007409,USR44854,MCH3653,UTR0986578810,0,0,0,0,0,0,0
TXN00018931,2026-03-11 09:01:16,USR92852,MCH1746,10292.0,UTR8447158954,9120,FAILED,TXN00018931,USR92852,MCH1746,UTR8447158954,0,0,0,0,0,1,0
TXN00006949,2026-03-17 00:00:00,USR39910,MCH5460,22063.55,UTR9913124222,0110,SUCCESS,TXN00006949,USR39910,MCH5460,UTR9913124222,0,0,0,0,0,0,0
TXN00009033,2026-03-27 05:20:43,USR79337,MCH9408,9103.85,UTR2572928080,9120,SUCCESS,TXN00009033,USR79337,MCH9408,UTR2572928080,0,0,0,0,0,0,0
TXN00008496,2026-02-28 05:54:17,USR15744,MCH3657,24450.06,UTR9179483192,8120,SUCCESS,TXN00008496,USR15744,MCH3657,UTR 9179483192,0,0,0,0,0,0,0
TXN00001917,2026-01-02 12:46:21,USR56969,MCH2897,22156.03,UTR1703331266,4110,SUCCESS,TXN00001917,USR56969,MCH2897,UTR1703331266,0,0,0,0,0,0,0
TXN00015659,2026-02-17 00:00:00,USR61832,MCH5626,6127.85,UTR1608159806,1310,SUCCESS,TXN00015659,USR61832,MCH5626,UTR1608159806,0,0,0,0,0,0,0
TXN00016879,2026-01-31 19:19:38,USR10061,MCH7854,5690.29,UTR8947396258,8120,SUCCESS,TXN00016879,USR10061,MCH7854,UTR8947396258,0,0,0,0,0,0,0
TXN00002127,2026-03-27 18:20:11,USR38114,MCH8214,15870.44,UTR9476265377,4110,SUCCESS,TXN00002127,USR38114,MCH8214,UTR9476265377,0,0,0,0,0,0,0
TXN00004125,2026-01-09 16:49:37,USR58230,MCH2621,19806.86,UTR9653984901,1310,SUCCESS,TXN00004125,USR58230,MCH2621,UTR9653984901,0,0,0,0,0,0,0
TXN00014162,2026-01-11 03:04:02,USR99256,MCH9657,2323.48,,1310,FAILED,TXN00014162,USR99256,MCH9657,,0,1,0,0,0,1,0
TXN00009138,2026-03-26 08:29:38,USR12368,MCH4482,8079.3,,0110,SUCCESS,TXN00009138,USR12368,MCH4482,,0,1,0,0,0,0,0
TXN00011501,2026-03-18 23:11:53,USR81585,MCH8869,7715.79,UTR8255121038,4110,SUCCESS,TXN00011501,USR81585,MCH8869,UTR8255121038,0,0,0,0,0,0,0
TXN00002972,2026-02-28 18:04:33,USR75100,MCH3063,4084.25,UTR5657644418,4110,SUCCESS,TXN00002972,USR75100,MCH3063,UTR5657644418,0,0,0,0,0,0,0
TXN00012857,2026-01-16 22:54:15,USR82664,MCH6500,20010.12,UTR5341862888,1310,PENDING,TXN00012857,USR82664,MCH6500,UTR5341862888,0,0,0,0,0,0,1
TXN00002295,2026-02-15 12:39:55,USR23604,MCH5068,147.59,UTR7982591255,4110,SUCCESS,TXN00002295,USR23604,MCH5068,UTR 7982591255,0,0,0,0,0,0,0
TXN00007162,2026-03-28 12:52:21,USR79361,MCH4135,10279.21,UTR8119947609,8120,SUCCESS,TXN00007162,USR79361,MCH4135,UTR8119947609,0,0,0,0,0,0,0
TXN00013757,2026-03-06 20:13:36,USR57740,MCH2480,8209.31,UTR0732906827,9120,PENDING,TXN00013757,USR57740,MCH2480,UTR0732906827,0,0,0,0,0,0,1
TXN00001951,2026-02-16 12:06:31,USR33253,MCH6375,2224.12,UTR9916474276,0110,SUCCESS,TXN00001951,USR33253,MCH6375,UTR9916474276,0,0,0,0,0,0,0
TXN00016703,2026-02-16 07:22:52,USR52350,MCH4626,3727.05,,9120,SUCCESS,TXN00016703,USR52350,MCH4626,,0,1,0,0,0,0,0
TXN00013836,2026-01-18 00:00:00,USR16618,MCH1825,-15617.72,UTR1696817912,4110,SUCCESS,TXN00013836,USR16618,MCH1825,UTR1696817912,1,0,0,0,0,0,0
TXN00016795,2026-03-27 02:45:39,USR70818,MCH8752,8405.73,UTR8627126844,8120,SUCCESS,TXN00016795,USR70818,MCH8752,UTR8627126844,0,0,0,0,0,0,0
TXN00006932,2026-01-07 08:33:37,USR72824,MCH7843,2347.07,UTR5178756936,4110,SUCCESS,TXN00006932,USR72824,MCH7843,UTR5178756936,0,0,0,0,0,0,0
TXN00014665,2026-03-15 19:41:03,USR84500,MCH2511,-3436.21,,1310,SUCCESS,TXN00014665,USR84500,MCH2511,,1,1,0,0,0,0,0
TXN00015841,2026-02-23 09:52:51,USR94807,MCH2619,14415.73,UTR2364335970,4110,SUCCESS,TXN00015841,USR94807,MCH2619,UTR2364335970,0,0,0,0,0,0,0
TXN00002572,2026-02-15 20:53:59,USR98067,MCH9141,0.2265371,UTR2549581125,4110,PENDING,TXN00002572,USR98067,MCH9141,UTR2549581125,0,0,0,0,0,0,1
TXN00015196,2026-03-13 03:13:01,USR38844,MCH5809,9474.0,UTR8215074564,4110,SUCCESS,TXN00015196,USR38844,MCH5809,UTR8215074564,0,0,0,0,0,0,0
TXN00017523,2026-03-23 17:10:12,USR57810,MCH1469,10255.39,UTR6613789920,4110,SUCCESS,TXN00017523,USR57810,MCH1469,UTR6613789920,0,0,0,0,0,0,0
TXN00013526,2026-02-21 17:50:37,USR84271,MCH3662,21535.45,UTR0105639212,9120,SUCCESS,TXN00013526,USR84271,MCH3662,UTR0105639212,0,0,0,0,0,0,0
TXN00012798,2026-03-24 09:22:11,USR57629,MCH3930,12031.47,UTR7197799112,4110,SUCCESS,TXN00012798,USR57629,MCH3930,UTR7197799112,0,0,0,0,0,0,0
TXN00015467,2026-01-14 00:43:38,USR37303,MCH8101,22457.49,,,SUCCESS,TXN00015467,USR37303,MCH8101,,0,1,1,0,0,0,0
TXN00004256,2026-01-15 23:10:47,USR72019,MCH2570,16456.0,UTR3344961609,4110,SUCCESS,TXN00004256,USR72019,MCH2570,UTR3344961609,0,0,0,0,0,0,0
TXN00005476,2026-03-08 20:19:03,USR39082,MCH5042,10235.47,UTR9131847807,8120,SUCCESS,TXN00005476,USR39082,MCH5042,UTR9131847807,0,0,0,0,0,0,0
TXN00018581,2026-02-16 11:37:06,USR26960,MCH1713,8009.0,UTR0986811180,4110,SUCCESS,TXN00018581,USR26960,MCH1713,UTR0986811180,0,0,0,0,0,0,0
TXN00003323,2026-01-11 14:30:58,USR24129,MCH8773,19165.21,UTR7068831920,1310,SUCCESS,TXN00003323,USR24129,MCH8773,UTR7068831920,0,0,0,0,0,0,0
TXN00012561,2026-03-25 07:43:34,USR16831,MCH9983,19467.0,UTR2267897038,4110,SUCCESS,TXN00012561,USR16831,MCH9983,UTR 2267897038,0,0,0,0,0,0,0
TXN00019865,2026-02-27 12:56:57,USR57259,MCH2091,0.193393,UTR1495227344,,FAILED,TXN00019865,USR57259,MCH2091,UTR1495227344,0,0,1,0,0,1,0
TXN00011662,2026-03-24 06:25:53,USR63032,MCH6999,24965.3,UTR4771157066,1310,SUCCESS,TXN00011662,USR63032,MCH6999,UTR4771157066,0,0,0,0,0,0,0
TXN00019372,2026-01-19 03:59:09,USR53311,MCH9624,18566.83,UTR3412311166,0110,SUCCESS,TXN00019372,USR53311,MCH9624,UTR3412311166,0,0,0,0,0,0,0
TXN00007179,2026-02-26 11:54:11,USR23376,MCH4863,5271.11,UTR0127457115,4110,SUCCESS,TXN00007179,USR23376,MCH4863,UTR0127457115,0,0,0,0,0,0,0
TXN00019188,2026-01-09 03:14:37,USR80621,MCH7007,14347.87,UTR3517020810,1310,FAILED,TXN00019188,USR80621,MCH7007,UTR3517020810,0,0,0,0,0,1,0
TXN00006618,2026-01-05 17:10:48,USR69921,MCH5958,9288.06,UTR3956086295,4110,SUCCESS,TXN00006618,USR69921,MCH5958,UTR3956086295,0,0,0,0,0,0,0
TXN00010792,2026-01-19 06:53:44,USR10800,MCH6190,8480.02,UTR4578843598,8120,SUCCESS,TXN00010792,USR10800,MCH6190,UTR4578843598,0,0,0,0,0,0,0
TXN00012384,2026-02-04 20:38:01,USR88733,MCH2701,12244.13,UTR2050253307,1310,SUCCESS,TXN00012384,USR88733,MCH2701,UTR 2050253307,0,0,0,0,0,0,0
TXN00009675,2026-09-03 09:26:50,USR61573,MCH2388,9960.0,UTR6011653407,0110,SUCCESS,TXN00009675,USR61573,MCH2388,UTR 6011653407,0,0,0,0,0,0,0
TXN00004402,2026-01-20 23:30:45,USR18658,MCH4175,12968.86,UTR2993088610,4110,SUCCESS,TXN00004402,USR18658,MCH4175,UTR 2993088610,0,0,0,0,0,0,0
TXN00007226,2026-01-18 09:26:18,USR63836,MCH8353,24301.62,UTR3444970619,0110,SUCCESS,TXN00007226,USR63836,MCH8353,UTR3444970619,0,0,0,0,0,0,0
TXN00001376,2026-01-11 03:44:07,USR27616,MCH4871,21770.0,UTR4573420410,4110,SUCCESS,TXN00001376,USR27616,MCH4871,UTR4573420410,0,0,0,0,0,0,0
TXN00017413,2026-03-03 10:17:39,USR99301,MCH2207,4073.0,UTR8062204811,4110,PENDING,TXN00017413,USR99301,MCH2207,UTR8062204811,0,0,0,0,0,0,1
TXN00007413,2026-02-28 18:56:34,USR75773,MCH6477,6361.14,UTR2148994489,,SUCCESS,TXN00007413,USR75773,MCH6477,UTR2148994489,0,0,1,0,0,0,0
TXN00003547,2026-02-17 11:03:06,USR27964,MCH3842,0.207759,UTR4031207289,9120,SUCCESS,TXN00003547,USR27964,MCH3842,UTR4031207289,0,0,0,0,0,0,0
TXN00019325,2026-01-16 05:12:02,USR74408,MCH1609,5616.0,UTR0497686376,,SUCCESS,TXN00019325,USR74408,MCH1609,UTR0497686376,0,0,1,0,0,0,0
TXN00009844,2026-01-01 17:18:47,USR12453,MCH4627,17758.98,UTR9785336468,9120,SUCCESS,TXN00009844,USR12453,MCH4627,UTR9785336468,0,0,0,0,0,0,0
TXN00010849,2026-03-09 15:48:35,USR74127,MCH9221,23446.3,UTR3071316856,1310,SUCCESS,TXN00010849,USR74127,MCH9221,UTR3071316856,0,0,0,0,0,0,0
TXN00005348,2026-03-20 12:18:00,USR45102,MCH9177,0.644822,,9120,SUCCESS,TXN00005348,USR45102,MCH9177,,0,1,0,0,0,0,0
TXN00003850,2026-01-29 15:50:52,USR75409,MCH4148,0.172058,UTR3728819588,4110,SUCCESS,TXN00003850,USR75409,MCH4148,UTR3728819588,0,0,0,0,0,0,0
TXN00002657,2026-01-24 09:51:50,USR10827,MCH3974,20556.28,UTR9863897564,4110,SUCCESS,TXN00002657,USR10827,MCH3974,UTR9863897564,0,0,0,0,0,0,0
TXN00009462,2026-01-14 21:54:05,USR12216,MCH7820,501.88,UTR0265373439,1310,SUCCESS,TXN00009462,USR12216,MCH7820,UTR 0265373439,0,0,0,0,0,0,0
TXN00010886,2026-03-09 06:28:44,USR49358,MCH8258,17366.6,UTR2730470467,4110,SUCCESS,TXN00010886,USR49358,MCH8258,UTR2730470467,0,0,0,0,0,0,0
TXN00002668,2026-05-01 07:18:34,USR34667,MCH5461,16294.0,UTR0596681258,8120,FAILED,TXN00002668,USR34667,MCH5461,UTR0596681258,0,0,0,0,0,1,0
TXN00008949,2026-01-26 21:50:05,USR89253,MCH3180,6151.3,UTR3241611317,4110,SUCCESS,TXN00008949,USR89253,MCH3180,UTR3241611317,0,0,0,0,0,0,0
TXN00001248,2026-02-27 03:21:46,USR68189,MCH7315,822.83,UTR2992917340,0110,SUCCESS,TXN00001248,USR68189,MCH7315,UTR2992917340,0,0,0,0,0,0,0
TXN00016344,2026-01-28 20:24:00,USR96195,MCH4232,18676.9,UTR7889626886,9120,SUCCESS,TXN00016344,USR96195,MCH4232,UTR7889626886,0,0,0,0,0,0,0
TXN00003908,2026-02-19 02:26:35,USR94542,MCH7461,7718.62,UTR7555218427,9120,SUCCESS,TXN00003908,USR94542,MCH7461,UTR7555218427,0,0,0,0,0,0,0
TXN00005320,2026-03-19 04:07:33,USR50648,MCH8657,14499.94,UTR0115625234,4110,SUCCESS,TXN00005320,USR50648,MCH8657,UTR 0115625234,0,0,0,0,0,0,0
TXN00017882,2026-03-20 01:12:20,USR66863,MCH6385,20189.71,UTR5141983251,8120,SUCCESS,TXN00017882,USR66863,MCH6385,UTR5141983251,0,0,0,0,0,0,0
TXN00002503,2026-01-28 08:34:32,USR74456,MCH6006,14342.49,UTR6603640795,,SUCCESS,TXN00002503,USR74456,MCH6006,UTR6603640795,0,0,1,0,0,0,0
TXN00017900,2026-03-10 22:47:09,USR67778,MCH5609,9634.67,UTR8813495288,4110,SUCCESS,TXN00017900,USR67778,MCH5609,UTR8813495288,0,0,0,0,0,0,0
TXN00015617,2026-03-01 02:22:50,USR27516,MCH9328,13662.28,UTR3279508878,8120,SUCCESS,TXN00015617,USR27516,MCH9328,UTR3279508878,0,0,0,0,0,0,0
TXN00014933,2026-01-31 14:31:28,USR56985,MCH1996,14036.28,UTR6598220565,4110,SUCCESS,TXN00014933,USR56985,MCH1996,UTR6598220565,0,0,0,0,0,0,0
TXN00003302,2026-01-29 04:48:13,USR25325,MCH9979,24929.59,UTR4998030182,8120,SUCCESS,TXN00003302,USR25325,MCH9979,UTR 4998030182,0,0,0,0,0,0,0
TXN00005784,2026-02-17 03:29:40,USR52700,MCH4521,2695.19,UTR5197024299,9120,FAILED,TXN00005784,USR52700,MCH4521,UTR5197024299,0,0,0,0,0,1,0
TXN00009941,2026-01-28 20:19:44,USR51312,MCH1953,23465.0,UTR9619433334,4110,SUCCESS,TXN00009941,USR51312,MCH1953,UTR9619433334,0,0,0,0,0,0,0
TXN00016030,2026-02-13 06:43:08,USR23534,MCH4600,0.2189373,UTR3179208648,4110,SUCCESS,TXN00016030,USR23534,MCH4600,UTR3179208648,0,0,0,0,0,0,0
TXN00017045,2026-02-10 04:48:54,USR31452,MCH7956,2128.67,UTR8455242783,8120,SUCCESS,TXN00017045,USR31452,MCH7956,UTR8455242783,0,0,0,0,0,0,0
TXN00014931,2026-03-28 00:00:00,USR52267,MCH7635,3185.0,UTR2131946283,8120,SUCCESS,TXN00014931,USR52267,MCH7635,UTR2131946283,0,0,0,0,0,0,0
TXN00004588,2026-02-25 08:22:10,USR73077,MCH4656,3276.63,UTR2210887436,8120,SUCCESS,TXN00004588,USR73077,MCH4656,UTR2210887436,0,0,0,0,0,0,0
TXN00005475,2026-03-13 06:19:56,USR61736,MCH2200,255.59,UTR5924819175,1310,SUCCESS,TXN00005475,USR61736,MCH2200,UTR5924819175,0,0,0,0,0,0,0
TXN00000963,2026-03-23 01:29:00,USR33878,MCH3364,6141.27,UTR1594708925,4110,FAILED,TXN00000963,USR33878,MCH3364,UTR1594708925,0,0,0,0,0,1,0
TXN00013187,2026-02-26 00:10:15,USR24535,MCH5580,5899.0,UTR4001418445,4110,SUCCESS,TXN00013187,USR24535,MCH5580,UTR4001418445,0,0,0,0,0,0,0
TXN00009483,2026-03-24 08:16:19,USR32115,MCH1968,15358.45,UTR1668192425,4110,SUCCESS,TXN00009483,USR32115,MCH1968,UTR1668192425,0,0,0,0,0,0,0
TXN00006701,2026-02-26 14:02:13,USR79074,MCH1202,14285.0,UTR3666387390,,SUCCESS,TXN00006701,USR79074,MCH1202,UTR 3666387390,0,0,1,0,0,0,0
TXN00017541,2026-01-30 05:22:36,USR44867,MCH8586,12970.97,UTR5791362971,,SUCCESS,TXN00017541,USR44867,MCH8586,UTR5791362971,0,0,1,0,0,0,0
TXN00017894,2026-02-05 08:51:20,USR13229,MCH2375,15645.48,UTR2667584012,9120,SUCCESS,TXN00017894,USR13229,MCH2375,UTR2667584012,0,0,0,0,0,0,0
TXN00007312,2026-01-19 03:31:18,USR87388,MCH7792,13169.61,UTR2704761196,4110,SUCCESS,TXN00007312,USR87388,MCH7792,UTR2704761196,0,0,0,0,0,0,0
TXN00015506,2026-02-24 17:22:53,USR55476,MCH1848,0.211099,UTR0649060470,1310,SUCCESS,TXN00015506,USR55476,MCH1848,UTR0649060470,0,0,0,0,0,0,0
TXN00005984,2026-01-28 10:41:05,USR77278,MCH9622,1124.26,UTR0251048580,9120,PENDING,TXN00005984,USR77278,MCH9622,UTR0251048580,0,0,0,0,0,0,1
TXN00009204,2026-03-06 18:12:52,USR94633,MCH2830,11913.69,UTR9413867315,8120,SUCCESS,TXN00009204,USR94633,MCH2830,UTR9413867315,0,0,0,0,0,0,0
TXN00006988,2026-03-04 06:37:23,USR58754,MCH6323,11772.94,UTR0047253728,4110,SUCCESS,TXN00006988,USR58754,MCH6323,UTR0047253728,0,0,0,0,0,0,0
TXN00014957,2026-03-01 11:50:23,USR19344,MCH2730,22227.16,UTR8184016312,8120,SUCCESS,TXN00014957,USR19344,MCH2730,UTR8184016312,0,0,0,0,0,0,0
TXN00007216,2026-03-24 07:56:27,USR13448,MCH7473,15295.28,UTR3915061621,,SUCCESS,TXN00007216,USR13448,MCH7473,UTR3915061621,0,0,1,0,0,0,0
TXN00007436,2026-03-29 02:05:20,USR24804,MCH5142,22419.7,UTR1080246821,,SUCCESS,TXN00007436,USR24804,MCH5142,UTR1080246821,0,0,1,0,0,0,0
TXN00012188,2026-03-27 05:38:51,USR68552,MCH1488,0.1535495,UTR4681349305,4110,FAILED,TXN00012188,USR68552,MCH1488,UTR4681349305,0,0,0,0,0,1,0
TXN00005801,2026-03-27 08:07:11,USR25440,MCH7610,7492.58,UTR7254065203,9120,SUCCESS,TXN00005801,USR25440,MCH7610,UTR7254065203,0,0,0,0,0,0,0
TXN00014908,2026-06-03 14:18:47,USR85226,MCH9761,12668.78,UTR9282622049,1310,SUCCESS,TXN00014908,USR85226,MCH9761,UTR9282622049,0,0,0,0,0,0,0
TXN00014566,2026-03-13 18:35:25,USR81049,MCH8266,3735.75,UTR2560229114,1310,SUCCESS,TXN00014566,USR81049,MCH8266,UTR2560229114,0,0,0,0,0,0,0
TXN00015431,2026-01-01 00:11:57,USR90990,MCH5146,15380.13,UTR4565916666,9120,PENDING,TXN00015431,USR90990,MCH5146,UTR4565916666,0,0,0,0,0,0,1
TXN00012888,2026-03-30 06:39:41,USR17540,MCH2593,7778.05,,8120,SUCCESS,TXN00012888,USR17540,MCH2593,,0,1,0,0,0,0,0
TXN00012724,2026-02-02 18:58:44,USR66784,MCH3976,22678.86,UTR6328560694,4110,SUCCESS,TXN00012724,USR66784,MCH3976,UTR6328560694,0,0,0,0,0,0,0
TXN00012931,2026-02-20 12:46:56,USR68502,MCH2895,11308.0,UTR2221283988,0110,SUCCESS,TXN00012931,USR68502,MCH2895,UTR2221283988,0,0,0,0,0,0,0
TXN00013595,2026-03-02 19:22:40,USR17117,MCH5763,11427.79,UTR5558614706,4110,SUCCESS,TXN00013595,USR17117,MCH5763,UTR5558614706,0,0,0,0,0,0,0
TXN00016432,2026-01-18 15:47:35,USR61080,MCH3458,17889.12,UTR9602064267,8120,SUCCESS,TXN00016432,USR61080,MCH3458,UTR9602064267,0,0,0,0,0,0,0
TXN00015419,2026-03-24 16:01:21,USR24920,MCH8824,12075.61,UTR9029817737,1310,SUCCESS,TXN00015419,USR24920,MCH8824,UTR9029817737,0,0,0,0,0,0,0
TXN00000203,2026-01-29 11:54:17,USR71189,MCH2806,0.40491,UTR2275840932,,SUCCESS,TXN00000203,USR71189,MCH2806,UTR2275840932,0,0,1,0,0,0,0
TXN00002153,2026-03-07 00:00:00,USR58730,MCH9767,17803.23,UTR7405557285,9120,PENDING,TXN00002153,USR58730,MCH9767,UTR7405557285,0,0,0,0,0,0,1
TXN00010855,2026-01-30 12:33:47,USR17174,MCH2055,0.702195,UTR9675443644,0110,SUCCESS,TXN00010855,USR17174,MCH2055,UTR9675443644,0,0,0,0,0,0,0
TXN00011979,2026-03-09 19:34:53,USR95834,MCH3334,11702.07,UTR6959186406,8120,SUCCESS,TXN00011979,USR95834,MCH3334,UTR6959186406,0,0,0,0,0,0,0
TXN00017195,2026-03-10 22:28:40,USR18829,MCH7185,0.372412,UTR3306527732,4110,SUCCESS,TXN00017195,USR18829,MCH7185,UTR3306527732,0,0,0,0,0,0,0
TXN00014508,2026-03-09 08:29:11,USR52781,MCH3550,-9046.14,UTR9068255977,,FAILED,TXN00014508,USR52781,MCH3550,UTR9068255977,1,0,1,0,0,1,0
TXN00016202,2026-02-28 16:13:05,USR64953,MCH9562,19255.09,UTR5976647814,1310,SUCCESS,TXN00016202,USR64953,MCH9562,UTR 5976647814,0,0,0,0,0,0,0
TXN00006295,2026-03-22 17:31:57,USR31551,MCH5573,21703.77,UTR7443632079,4110,SUCCESS,TXN00006295,USR31551,MCH5573,UTR 7443632079,0,0,0,0,0,0,0
TXN00004766,2026-02-07 04:37:03,USR53786,MCH4642,24803.47,UTR8104413262,9120,FAILED,TXN00004766,USR53786,MCH4642,UTR8104413262,0,0,0,0,0,1,0
TXN00016089,2026-02-08 14:13:39,USR13030,MCH9864,16140.81,UTR2793868988,,SUCCESS,TXN00016089,USR13030,MCH9864,UTR2793868988,0,0,1,0,0,0,0
TXN00007549,2026-02-08 21:22:28,USR27664,MCH1501,20743.0,UTR9039389637,8120,SUCCESS,TXN00007549,USR27664,MCH1501,UTR9039389637,0,0,0,0,0,0,0
TXN00010832,2026-03-26 00:00:00,USR82632,MCH4100,3049.36,UTR0297229053,1310,SUCCESS,TXN00010832,USR82632,MCH4100,UTR0297229053,0,0,0,0,0,0,0
TXN00005203,2026-03-25 03:57:37,USR66062,MCH8130,16073.01,,9120,SUCCESS,TXN00005203,USR66062,MCH8130,,0,1,0,0,0,0,0
TXN00018186,2026-03-24 17:53:58,USR41326,MCH1765,2832.04,UTR8061976183,1310,SUCCESS,TXN00018186,USR41326,MCH1765,UTR8061976183,0,0,0,0,0,0,0
TXN00004217,2026-02-06 12:16:20,USR49396,MCH2694,0.104906,UTR7326528812,4110,SUCCESS,TXN00004217,USR49396,MCH2694,UTR7326528812,0,0,0,0,0,0,0
TXN00008098,2026-02-27 23:07:10,USR80770,MCH2986,-4784.39,UTR4574420352,,SUCCESS,TXN00008098,USR80770,MCH2986,UTR4574420352,1,0,1,0,0,0,0
TXN00007178,2026-03-20 21:35:38,USR48353,MCH3798,19263.24,UTR5539952638,8120,SUCCESS,TXN00007178,USR48353,MCH3798,UTR5539952638,0,0,0,0,0,0,0
TXN00015323,2026-03-21 10:31:58,USR69596,MCH8476,1274.53,UTR3829346119,4110,SUCCESS,TXN00015323,USR69596,MCH8476,UTR3829346119,0,0,0,0,0,0,0
TXN00006263,2026-08-03 13:53:24,USR54909,MCH9108,3923.75,UTR3186268054,9120,SUCCESS,TXN00006263,USR54909,MCH9108,UTR3186268054,0,0,0,0,0,0,0
TXN00001632,2026-03-03 22:25:31,USR74819,MCH5632,8695.81,UTR5310982459,9120,SUCCESS,TXN00001632,USR74819,MCH5632,UTR 5310982459,0,0,0,0,0,0,0
TXN00009012,2026-03-22 00:49:28,USR41381,MCH1898,9180.28,,1310,SUCCESS,TXN00009012,USR41381,MCH1898,,0,1,0,0,0,0,0
TXN00007501,2026-11-02 08:49:07,USR62521,MCH3137,13576.52,UTR4434043964,4110,PENDING,TXN00007501,USR62521,MCH3137,UTR4434043964,0,0,0,0,0,0,1
TXN00008020,2026-01-28 14:10:35,USR63564,MCH3182,22353.0,UTR1853120475,1310,SUCCESS,TXN00008020,USR63564,MCH3182,UTR1853120475,0,0,0,0,0,0,0
TXN00006472,2026-01-02 03:08:04,USR27842,MCH1657,20599.17,UTR8845153536,4110,SUCCESS,TXN00006472,USR27842,MCH1657,UTR8845153536,0,0,0,0,0,0,0
TXN00003145,2026-03-20 01:22:34,USR30904,MCH2500,6728.65,UTR4617821475,0110,FAILED,TXN00003145,USR30904,MCH2500,UTR4617821475,0,0,0,0,0,1,0
TXN00019892,2026-03-01 19:07:16,USR17218,MCH2349,0.39026,UTR8465387822,9120,SUCCESS,TXN00019892,USR17218,MCH2349,UTR8465387822,0,0,0,0,0,0,0
TXN00005223,2026-03-14 15:08:56,USR46216,MCH6153,4208.82,UTR7386745329,4110,SUCCESS,TXN00005223,USR46216,MCH6153,UTR7386745329,0,0,0,0,0,0,0
TXN00000742,2026-03-07 14:19:32,USR23582,MCH7123,0.754143,UTR6212032826,1310,SUCCESS,TXN00000742,USR23582,MCH7123,UTR6212032826,0,0,0,0,0,0,0
TXN00002049,2026-01-28 22:13:30,USR62990,MCH2210,13593.02,UTR1656809325,1310,FAILED,TXN00002049,USR62990,MCH2210,UTR1656809325,0,0,0,0,0,1,0
TXN00014726,2026-03-27 22:11:54,USR27337,MCH2843,21314.24,,9120,SUCCESS,TXN00014726,USR27337,MCH2843,,0,1,0,0,0,0,0
TXN00001690,2026-01-28 18:52:50,USR70390,MCH3206,19122.6,UTR5811723272,,SUCCESS,TXN00001690,USR70390,MCH3206,UTR5811723272,0,0,1,0,0,0,0
TXN00004414,2026-01-19 03:38:52,USR27419,MCH4550,16049.07,UTR0451607151,,SUCCESS,TXN00004414,USR27419,MCH4550,UTR 0451607151,0,0,1,0,0,0,0
TXN00019192,2026-02-27 15:04:45,USR43731,MCH7610,0.2463477,UTR0084623290,1310,SUCCESS,TXN00019192,USR43731,MCH7610,UTR0084623290,0,0,0,0,0,0,0
TXN00005228,2026-01-10 21:27:40,USR13581,MCH6274,22109.74,UTR6110017585,,SUCCESS,TXN00005228,USR13581,MCH6274,UTR6110017585,0,0,1,0,0,0,0
TXN00003054,2026-01-16 12:07:37,USR37889,MCH3540,7193.67,UTR1419494058,8120,SUCCESS,TXN00003054,USR37889,MCH3540,UTR1419494058,0,0,0,0,0,0,0
TXN00012312,2026-01-08 20:53:27,USR37955,MCH2574,16995.08,UTR2961305289,,FAILED,TXN00012312,USR37955,MCH2574,UTR2961305289,0,0,1,0,0,1,0
TXN00001875,2026-01-24 15:33:23,USR12898,MCH2991,18322.71,UTR4662493221,,SUCCESS,TXN00001875,USR12898,MCH2991,UTR4662493221,0,0,1,0,0,0,0
TXN00001040,2026-03-06 05:27:23,USR45940,MCH6932,7889.11,UTR6839392863,0110,SUCCESS,TXN00001040,USR45940,MCH6932,UTR6839392863,0,0,0,0,0,0,0
TXN00010574,2026-01-14 06:04:17,USR90977,MCH9156,8863.1,UTR3503334071,0110,SUCCESS,TXN00010574,USR90977,MCH9156,UTR3503334071,0,0,0,0,0,0,0
TXN00006187,2026-02-18 20:51:32,USR56784,MCH9577,19703.0,UTR4791278380,,SUCCESS,TXN00006187,USR56784,MCH9577,UTR4791278380,0,0,1,0,0,0,0
TXN00005105,2026-03-15 16:25:59,USR66599,MCH6962,7895.17,,0110,SUCCESS,TXN00005105,USR66599,MCH6962,,0,1,0,0,0,0,0
TXN00019284,2026-01-03 12:03:55,USR43844,MCH7652,-15894.92,UTR4302406508,9120,PENDING,TXN00019284,USR43844,MCH7652,UTR4302406508,1,0,0,0,0,0,1
TXN00012073,2026-02-28 07:00:59,USR75614,MCH4762,3735.9,UTR6539784972,4110,SUCCESS,TXN00012073,USR75614,MCH4762,UTR6539784972,0,0,0,0,0,0,0
TXN00019981,2026-03-27 01:54:53,USR26003,MCH4883,22250.1,UTR9898908859,,SUCCESS,TXN00019981,USR26003,MCH4883,UTR9898908859,0,0,1,0,0,0,0
TXN00014793,2026-03-29 00:00:00,USR96748,MCH5746,15742.89,UTR7621389699,,SUCCESS,TXN00014793,USR96748,MCH5746,UTR7621389699,0,0,1,0,0,0,0
TXN00017939,2026-02-06 16:17:13,USR68616,MCH5916,24111.84,,8120,SUCCESS,TXN00017939,USR68616,MCH5916,,0,1,0,0,0,0,0
TXN00016486,2026-03-31 09:51:43,USR25953,MCH6015,16192.99,UTR5238231661,4110,SUCCESS,TXN00016486,USR25953,MCH6015,UTR5238231661,0,0,0,0,0,0,0
TXN00011517,2026-03-16 04:10:02,USR84873,MCH8512,9397.46,UTR8688233774,4110,SUCCESS,TXN00011517,USR84873,MCH8512,UTR 8688233774,0,0,0,0,0,0,0
TXN00016557,2026-02-09 22:55:00,USR80837,MCH1898,15997.3,UTR8066812075,0110,FAILED,TXN00016557,USR80837,MCH1898,UTR8066812075,0,0,0,0,0,1,0
TXN00011853,2026-02-28 05:41:05,USR36667,MCH9028,22019.91,UTR4865708795,0110,SUCCESS,TXN00011853,USR36667,MCH9028,UTR4865708795,0,0,0,0,0,0,0
TXN00013094,2026-02-17 04:17:18,USR23931,MCH8186,2666.58,UTR1978813647,8120,SUCCESS,TXN00013094,USR23931,MCH8186,UTR1978813647,0,0,0,0,0,0,0
TXN00008028,2026-01-03 18:34:33,USR12215,MCH2961,5698.54,UTR3824440656,,SUCCESS,TXN00008028,USR12215,MCH2961,UTR3824440656,0,0,1,0,0,0,0
TXN00014681,2026-02-22 03:45:40,USR34157,MCH1725,13122.44,UTR8227919563,,SUCCESS,TXN00014681,USR34157,MCH1725,UTR8227919563,0,0,1,0,0,0,0
TXN00002993,2026-03-04 00:57:26,USR78770,MCH7557,13822.15,UTR1075612414,9120,SUCCESS,TXN00002993,USR78770,MCH7557,UTR 1075612414,0,0,0,0,0,0,0
TXN00012752,2026-10-03 14:02:33,USR80899,MCH1041,-3435.33,UTR4480348679,4110,SUCCESS,TXN00012752,USR80899,MCH1041,UTR4480348679,1,0,0,0,0,0,0
TXN00009943,2026-01-09 00:15:45,USR17427,MCH5099,0.31437,UTR9675833845,4110,SUCCESS,TXN00009943,USR17427,MCH5099,UTR9675833845,0,0,0,0,0,0,0
TXN00011347,2026-05-02 13:55:14,USR53076,MCH2652,-23658.26,UTR1662434828,1310,SUCCESS,TXN00011347,USR53076,MCH2652,UTR1662434828,1,0,0,0,0,0,0
TXN00016306,2026-03-28 15:25:12,USR78256,MCH7072,14781.0,UTR8577224000,0110,SUCCESS,TXN00016306,USR78256,MCH7072,UTR8577224000,0,0,0,0,0,0,0
TXN00004053,2026-03-14 09:02:22,USR68974,MCH7059,20583.6,UTR4849105991,,SUCCESS,TXN00004053,USR68974,MCH7059,UTR4849105991,0,0,1,0,0,0,0
TXN00004011,2026-03-08 10:50:04,USR98804,MCH5183,876.47,UTR8301958916,0110,SUCCESS,TXN00004011,USR98804,MCH5183,UTR 8301958916,0,0,0,0,0,0,0
TXN00017840,2026-02-01 05:40:27,USR34127,MCH6822,17884.9,UTR6082076715,4110,SUCCESS,TXN00017840,USR34127,MCH6822,UTR6082076715,0,0,0,0,0,0,0
TXN00002333,2026-02-25 12:03:23,USR69535,MCH4856,15098.85,UTR3396816105,,SUCCESS,TXN00002333,USR69535,MCH4856,UTR3396816105,0,0,1,0,0,0,0
TXN00005396,2026-03-23 05:38:41,USR41813,MCH8361,9307.37,,9120,SUCCESS,TXN00005396,USR41813,MCH8361,,0,1,0,0,0,0,0
TXN00002112,2026-02-21 12:06:51,USR49707,MCH6399,0.505837,UTR8714684075,1310,FAILED,TXN00002112,USR49707,MCH6399,UTR8714684075,0,0,0,0,0,1,0
TXN00002591,2026-03-01 02:47:36,USR98055,MCH9901,20565.14,UTR1214916416,9120,SUCCESS,TXN00002591,USR98055,MCH9901,UTR1214916416,0,0,0,0,0,0,0
TXN00016566,2026-01-11 19:16:12,USR41796,MCH6397,22712.07,UTR4485748510,0110,SUCCESS,TXN00016566,USR41796,MCH6397,UTR4485748510,0,0,0,0,0,0,0
TXN00002641,2026-02-23 19:16:03,USR91979,MCH7744,7458.32,UTR1454320274,0110,SUCCESS,TXN00002641,USR91979,MCH7744,UTR1454320274,0,0,0,0,0,0,0
TXN00008165,2026-01-27 03:16:12,USR48901,MCH7444,9414.03,UTR3870304374,8120,SUCCESS,TXN00008165,USR48901,MCH7444,UTR3870304374,0,0,0,0,0,0,0
TXN00010923,2026-02-14 11:18:44,USR18954,MCH7472,0.812735,UTR6663254136,4110,SUCCESS,TXN00010923,USR18954,MCH7472,UTR6663254136,0,0,0,0,0,0,0
TXN00014930,2026-08-03 04:50:56,USR62244,MCH6607,0.108233,UTR3514327347,4110,SUCCESS,TXN00014930,USR62244,MCH6607,UTR3514327347,0,0,0,0,0,0,0
TXN00013606,2026-03-21 18:32:43,USR60641,MCH4371,0.370739,UTR0616797178,0110,SUCCESS,TXN00013606,USR60641,MCH4371,UTR0616797178,0,0,0,0,0,0,0
TXN00014662,2026-03-01 03:59:29,USR68007,MCH8555,19727.23,UTR4697883935,1310,SUCCESS,TXN00014662,USR68007,MCH8555,UTR4697883935,0,0,0,0,0,0,0
TXN00002914,2026-02-13 16:30:59,USR13777,MCH7558,24171.47,UTR7322562765,0110,SUCCESS,TXN00002914,USR13777,MCH7558,UTR7322562765,0,0,0,0,0,0,0
TXN00003324,2026-03-01 18:37:53,USR74907,MCH3953,14597.0,UTR6249307107,9120,SUCCESS,TXN00003324,USR74907,MCH3953,UTR6249307107,0,0,0,0,0,0,0
TXN00010873,2026-01-28 14:39:29,USR93706,MCH9275,14634.66,UTR2678884410,1310,SUCCESS,TXN00010873,USR93706,MCH9275,UTR2678884410,0,0,0,0,0,0,0
TXN00000648,2026-02-08 19:19:05,USR34756,MCH3716,16980.77,UTR2002264852,4110,SUCCESS,TXN00000648,USR34756,MCH3716,UTR2002264852,0,0,0,0,0,0,0
TXN00009458,2026-02-20 20:08:29,USR54855,MCH6682,0.2178308,UTR1850750525,1310,FAILED,TXN00009458,USR54855,MCH6682,UTR1850750525,0,0,0,0,0,1,0
TXN00007817,2026-01-02 14:19:16,USR81159,MCH4137,6344.81,UTR1397334204,4110,SUCCESS,TXN00007817,USR81159,MCH4137,UTR 1397334204,0,0,0,0,0,0,0
TXN00005331,2026-03-30 14:41:29,USR37252,MCH6968,6477.22,,1310,SUCCESS,TXN00005331,USR37252,MCH6968,,0,1,0,0,0,0,0
TXN00001271,2026-02-09 15:54:53,USR56974,MCH5985,17377.6,UTR7467632330,8120,SUCCESS,TXN00001271,USR56974,MCH5985,UTR 7467632330,0,0,0,0,0,0,0
TXN00000285,2026-02-20 06:02:20,USR59321,MCH6855,14461.22,UTR2102423970,4110,SUCCESS,TXN00000285,USR59321,MCH6855,UTR2102423970,0,0,0,0,0,0,0
TXN00000640,2026-01-28 00:00:00,USR99568,MCH2633,9438.33,UTR4262209421,9120,SUCCESS,TXN00000640,USR99568,MCH2633,UTR4262209421,0,0,0,0,0,0,0
TXN00001300,2026-01-22 19:50:38,USR94355,MCH5703,17664.83,UTR9695465095,4110,SUCCESS,TXN00001300,USR94355,MCH5703,UTR9695465095,0,0,0,0,0,0,0
TXN00009006,2026-02-11 12:16:37,USR59842,MCH5014,8520.99,UTR5179534752,4110,SUCCESS,TXN00009006,USR59842,MCH5014,UTR5179534752,0,0,0,0,0,0,0
TXN00010092,2026-02-04 03:05:33,USR57279,MCH9114,0.404381,UTR8972007273,9120,SUCCESS,TXN00010092,USR57279,MCH9114,UTR8972007273,0,0,0,0,0,0,0
TXN00015917,2026-01-19 07:37:50,USR30751,MCH8282,6577.95,UTR8061084821,4110,SUCCESS,TXN00015917,USR30751,MCH8282,UTR8061084821,0,0,0,0,0,0,0
TXN00003549,2026-03-29 06:33:50,USR41939,MCH3114,7567.0,,8120,PENDING,TXN00003549,USR41939,MCH3114,,0,1,0,0,0,0,1
TXN00004613,2026-01-27 22:12:38,USR92781,MCH6328,12159.48,UTR4998558759,4110,SUCCESS,TXN00004613,USR92781,MCH6328,UTR4998558759,0,0,0,0,0,0,0
TXN00012721,2026-01-04 02:29:43,USR83819,MCH7696,14011.15,UTR8258005820,4110,SUCCESS,TXN00012721,USR83819,MCH7696,UTR 8258005820,0,0,0,0,0,0,0
TXN00013498,2026-03-13 17:33:47,USR83535,MCH2400,2370.48,UTR9067076692,1310,SUCCESS,TXN00013498,USR83535,MCH2400,UTR9067076692,0,0,0,0,0,0,0
TXN00005820,2026-02-17 17:33:20,USR82170,MCH4073,12423.62,UTR1974113759,8120,SUCCESS,TXN00005820,USR82170,MCH4073,UTR1974113759,0,0,0,0,0,0,0
TXN00004489,2026-02-17 01:13:14,USR87449,MCH5112,19507.51,UTR9900417434,4110,SUCCESS,TXN00004489,USR87449,MCH5112,UTR9900417434,0,0,0,0,0,0,0
TXN00017023,2026-01-21 23:38:10,USR74341,MCH8946,11727.64,UTR2186861382,9120,SUCCESS,TXN00017023,USR74341,MCH8946,UTR2186861382,0,0,0,0,0,0,0
TXN00013753,2026-03-18 05:47:50,USR21799,MCH5718,6230.0,UTR0708294312,4110,SUCCESS,TXN00013753,USR21799,MCH5718,UTR0708294312,0,0,0,0,0,0,0
TXN00017054,2026-02-02 14:31:57,USR18337,MCH8796,787.4,UTR6335951745,9120,SUCCESS,TXN00017054,USR18337,MCH8796,UTR 6335951745,0,0,0,0,0,0,0
TXN00015962,2026-01-24 23:28:43,USR93489,MCH3139,19785.62,UTR9761081100,9120,SUCCESS,TXN00015962,USR93489,MCH3139,UTR9761081100,0,0,0,0,0,0,0
TXN00004999,2026-01-16 06:33:31,USR53703,MCH7669,20395.48,UTR5841649317,4110,SUCCESS,TXN00004999,USR53703,MCH7669,UTR5841649317,0,0,0,0,0,0,0
TXN00016743,2026-03-25 02:30:50,USR11959,MCH7179,19750.0,UTR2207594628,4110,SUCCESS,TXN00016743,USR11959,MCH7179,UTR2207594628,0,0,0,0,0,0,0
TXN00009880,2026-02-20 19:30:34,USR49596,MCH8353,13874.62,UTR5789598857,8120,SUCCESS,TXN00009880,USR49596,MCH8353,UTR5789598857,0,0,0,0,0,0,0
TXN00019258,2026-01-11 00:00:00,USR10593,MCH6996,958.38,UTR0773724630,8120,SUCCESS,TXN00019258,USR10593,MCH6996,UTR 0773724630,0,0,0,0,0,0,0
TXN00003169,2026-02-17 13:25:31,USR99368,MCH3820,19113.37,UTR0307267593,8120,SUCCESS,TXN00003169,USR99368,MCH3820,UTR0307267593,0,0,0,0,0,0,0
TXN00000131,2026-03-20 03:53:33,USR48657,MCH9768,10441.1,UTR4038322553,8120,SUCCESS,TXN00000131,USR48657,MCH9768,UTR4038322553,0,0,0,0,0,0,0
TXN00014720,2026-02-17 12:44:12,USR21116,MCH6553,8593.0,UTR9473752329,4110,SUCCESS,TXN00014720,USR21116,MCH6553,UTR9473752329,0,0,0,0,0,0,0
TXN00017348,2026-02-01 19:13:22,USR77627,MCH1608,0.1743617,UTR4833477126,9120,PENDING,TXN00017348,USR77627,MCH1608,UTR4833477126,0,0,0,0,0,0,1
TXN00017938,2026-03-31 09:15:48,USR78531,MCH2876,11660.11,UTR8732019248,,SUCCESS,TXN00017938,USR78531,MCH2876,UTR8732019248,0,0,1,0,0,0,0
TXN00001862,2026-03-24 08:03:37,USR39355,MCH5918,16407.48,UTR7266764548,1310,SUCCESS,TXN00001862,USR39355,MCH5918,UTR7266764548,0,0,0,0,0,0,0
TXN00003835,2026-01-31 09:09:40,USR29711,MCH9655,11483.51,UTR2642941921,9120,SUCCESS,TXN00003835,USR29711,MCH9655,UTR2642941921,0,0,0,0,0,0,0
TXN00005453,2026-03-13 02:30:14,USR27596,MCH2939,5346.44,UTR6208282900,,SUCCESS,TXN00005453,USR27596,MCH2939,UTR6208282900,0,0,1,0,0,0,0
TXN00012839,2026-02-20 02:43:44,USR30180,MCH8014,4816.66,UTR2922225010,1310,SUCCESS,TXN00012839,USR30180,MCH8014,UTR2922225010,0,0,0,0,0,0,0
TXN00006920,2026-03-05 06:10:14,USR43994,MCH3305,10304.54,UTR2863054251,0110,SUCCESS,TXN00006920,USR43994,MCH3305,UTR2863054251,0,0,0,0,0,0,0
TXN00014108,2026-01-01 22:33:31,USR60269,MCH6154,6241.31,UTR7774703156,4110,SUCCESS,TXN00014108,USR60269,MCH6154,UTR 7774703156,0,0,0,0,0,0,0
TXN00006351,2026-03-13 16:55:24,USR77149,MCH1034,193.87,UTR1470162914,1310,SUCCESS,TXN00006351,USR77149,MCH1034,UTR1470162914,0,0,0,0,0,0,0
TXN00008111,2026-01-16 20:26:43,USR73608,MCH6371,0.1249546,UTR7542662436,0110,SUCCESS,TXN00008111,USR73608,MCH6371,UTR 7542662436,0,0,0,0,0,0,0
TXN00003706,2026-02-24 01:14:50,USR94866,MCH2879,22122.53,UTR7593633173,9120,PENDING,TXN00003706,USR94866,MCH2879,UTR 7593633173,0,0,0,0,0,0,1
TXN00019652,2026-02-06 04:32:30,USR88695,MCH2299,12064.21,UTR2223392228,0110,PENDING,TXN00019652,USR88695,MCH2299,UTR2223392228,0,0,0,0,0,0,1
TXN00006336,2026-01-26 15:27:21,USR12048,MCH9122,18621.32,UTR4639243194,8120,SUCCESS,TXN00006336,USR12048,MCH9122,UTR4639243194,0,0,0,0,0,0,0
TXN00000529,2026-03-29 21:35:12,USR89864,MCH4512,1418.82,UTR9795101550,0110,FAILED,TXN00000529,USR89864,MCH4512,UTR9795101550,0,0,0,0,0,1,0
TXN00015358,2026-02-12 02:29:34,USR35035,MCH9263,-23176.03,UTR0550025187,4110,FAILED,TXN00015358,USR35035,MCH9263,UTR0550025187,1,0,0,0,0,1,0
TXN00013912,2026-01-21 07:33:31,USR48992,MCH8859,3488.52,UTR8574399369,4110,SUCCESS,TXN00013912,USR48992,MCH8859,UTR8574399369,0,0,0,0,0,0,0
TXN00016144,2026-01-13 21:50:44,USR49396,MCH6055,24114.86,UTR0459334093,1310,SUCCESS,TXN00016144,USR49396,MCH6055,UTR0459334093,0,0,0,0,0,0,0
TXN00010872,2026-02-04 06:49:52,USR57988,MCH3597,15557.95,UTR8717604940,,SUCCESS,TXN00010872,USR57988,MCH3597,UTR8717604940,0,0,1,0,0,0,0
TXN00016541,2026-01-02 05:04:30,USR11003,MCH5456,666.86,UTR5594634675,,SUCCESS,TXN00016541,USR11003,MCH5456,UTR 5594634675,0,0,1,0,0,0,0
TXN00005688,2026-02-21 23:50:20,USR16999,MCH7137,22795.51,UTR1414913519,4110,SUCCESS,TXN00005688,USR16999,MCH7137,UTR1414913519,0,0,0,0,0,0,0
TXN00008907,2026-03-16 18:20:47,USR29770,MCH8863,15953.7,,4110,PENDING,TXN00008907,USR29770,MCH8863,,0,1,0,0,0,0,1
TXN00007366,2026-01-28 12:29:49,USR93885,MCH5273,9336.45,UTR2804971198,0110,SUCCESS,TXN00007366,USR93885,MCH5273,UTR2804971198,0,0,0,0,0,0,0
TXN00016941,2026-01-09 23:24:13,USR17847,MCH8856,18234.01,UTR1264784873,1310,SUCCESS,TXN00016941,USR17847,MCH8856,UTR1264784873,0,0,0,0,0,0,0
TXN00014886,2026-01-17 03:06:07,USR52541,MCH1749,22243.95,UTR0892634130,4110,SUCCESS,TXN00014886,USR52541,MCH1749,UTR0892634130,0,0,0,0,0,0,0
TXN00009778,2026-02-27 07:10:53,USR13589,MCH7119,24879.03,UTR4407246349,8120,SUCCESS,TXN00009778,USR13589,MCH7119,UTR4407246349,0,0,0,0,0,0,0
TXN00011389,2026-08-03 16:56:04,USR11825,MCH6696,24747.41,UTR3586293166,8120,SUCCESS,TXN00011389,USR11825,MCH6696,UTR3586293166,0,0,0,0,0,0,0
TXN00012624,2026-03-11 08:25:01,USR27070,MCH6328,5050.6,UTR6875741570,,FAILED,TXN00012624,USR27070,MCH6328,UTR6875741570,0,0,1,0,0,1,0
TXN00001308,2026-01-06 18:58:00,USR28446,MCH7802,20045.18,UTR5240431949,1310,SUCCESS,TXN00001308,USR28446,MCH7802,UTR5240431949,0,0,0,0,0,0,0
TXN00002119,2026-02-05 22:17:10,USR66859,MCH5272,2095.77,UTR0384267294,4110,PENDING,TXN00002119,USR66859,MCH5272,UTR0384267294,0,0,0,0,0,0,1
TXN00010003,2026-02-03 12:05:04,USR93862,MCH8424,0.441209,UTR2169146319,4110,PENDING,TXN00010003,USR93862,MCH8424,UTR2169146319,0,0,0,0,0,0,1
TXN00012814,2026-01-26 19:51:40,USR58680,MCH9255,1396.71,UTR6851441436,,FAILED,TXN00012814,USR58680,MCH9255,UTR6851441436,0,0,1,0,0,1,0
TXN00004956,2026-01-16 21:45:27,USR33979,MCH1971,18726.59,UTR1986074335,4110,SUCCESS,TXN00004956,USR33979,MCH1971,UTR1986074335,0,0,0,0,0,0,0
TXN00002906,2026-09-02 18:02:57,USR65442,MCH2011,1375.31,UTR3459859755,,SUCCESS,TXN00002906,USR65442,MCH2011,UTR3459859755,0,0,1,0,0,0,0
TXN00011603,2026-01-23 18:42:32,USR87032,MCH2110,23749.38,UTR8161176218,,SUCCESS,TXN00011603,USR87032,MCH2110,UTR8161176218,0,0,1,0,0,0,0
TXN00015032,2026-03-26 22:23:54,USR27685,MCH5663,23688.6,UTR3179821567,1310,SUCCESS,TXN00015032,USR27685,MCH5663,UTR3179821567,0,0,0,0,0,0,0
TXN00007034,2026-03-30 18:10:04,USR13995,MCH1812,14673.33,UTR3427943883,,SUCCESS,TXN00007034,USR13995,MCH1812,UTR3427943883,0,0,1,0,0,0,0
TXN00005101,2026-03-27 04:01:15,USR36760,MCH5839,-11232.47,UTR9242111733,,SUCCESS,TXN00005101,USR36760,MCH5839,UTR9242111733,1,0,1,0,0,0,0
TXN00014132,2026-03-31 12:45:06,USR88941,MCH5967,10376.62,UTR1241101757,,SUCCESS,TXN00014132,USR88941,MCH5967,UTR1241101757,0,0,1,0,0,0,0
TXN00008059,2026-02-21 19:48:25,USR46987,MCH8424,12021.39,UTR9751071827,0110,SUCCESS,TXN00008059,USR46987,MCH8424,UTR 9751071827,0,0,0,0,0,0,0
TXN00014670,2026-02-01 22:09:47,USR82235,MCH9186,9761.0,UTR6074167181,4110,FAILED,TXN00014670,USR82235,MCH9186,UTR6074167181,0,0,0,0,0,1,0
TXN00004071,2026-01-27 12:53:53,USR70725,MCH4248,8114.99,UTR5494523598,4110,PENDING,TXN00004071,USR70725,MCH4248,UTR5494523598,0,0,0,0,0,0,1
TXN00016393,2026-03-26 23:50:05,USR81146,MCH7697,15424.79,UTR1959117525,8120,PENDING,TXN00016393,USR81146,MCH7697,UTR1959117525,0,0,0,0,0,0,1
TXN00002039,2026-02-09 21:15:12,USR97648,MCH8872,5640.67,,,SUCCESS,TXN00002039,USR97648,MCH8872,,0,1,1,0,0,0,0
TXN00018711,2026-01-31 22:59:42,USR37159,MCH9379,20623.0,UTR8170057228,0110,SUCCESS,TXN00018711,USR37159,MCH9379,UTR8170057228,0,0,0,0,0,0,0
TXN00011583,2026-03-02 20:56:30,USR50159,MCH5693,22364.53,UTR8683550726,1310,SUCCESS,TXN00011583,USR50159,MCH5693,UTR8683550726,0,0,0,0,0,0,0
TXN00008965,2026-02-18 18:30:04,USR60507,MCH1393,13924.74,UTR5247223558,,SUCCESS,TXN00008965,USR60507,MCH1393,UTR5247223558,0,0,1,0,0,0,0
TXN00010496,2026-12-02 04:51:30,USR94312,MCH5270,4171.97,UTR1630690441,8120,SUCCESS,TXN00010496,USR94312,MCH5270,UTR1630690441,0,0,0,0,0,0,0
TXN00014460,2026-01-21 18:08:36,USR68673,MCH2623,19253.06,,0110,SUCCESS,TXN00014460,USR68673,MCH2623,,0,1,0,0,0,0,0
TXN00008461,2026-01-19 09:28:29,USR99468,MCH9670,24055.03,UTR8604000451,4110,SUCCESS,TXN00008461,USR99468,MCH9670,UTR8604000451,0,0,0,0,0,0,0
TXN00006124,2026-03-25 17:31:24,USR19550,MCH6905,24986.52,UTR0441478498,,SUCCESS,TXN00006124,USR19550,MCH6905,UTR0441478498,0,0,1,0,0,0,0
TXN00018749,2026-01-03 01:36:30,USR87838,MCH2110,4223.48,UTR1284499237,4110,SUCCESS,TXN00018749,USR87838,MCH2110,UTR1284499237,0,0,0,0,0,0,0
TXN00019085,2026-01-24 18:45:38,USR18536,MCH6211,23096.93,UTR1732098578,1310,FAILED,TXN00019085,USR18536,MCH6211,UTR1732098578,0,0,0,0,0,1,0
TXN00006912,2026-02-19 22:25:37,USR52813,MCH5057,24446.56,UTR6863578978,8120,FAILED,TXN00006912,USR52813,MCH5057,UTR6863578978,0,0,0,0,0,1,0
TXN00012192,2026-01-31 19:24:11,USR89218,MCH8886,5842.55,UTR6312979843,0110,SUCCESS,TXN00012192,USR89218,MCH8886,UTR6312979843,0,0,0,0,0,0,0
TXN00014849,2026-01-28 00:00:00,USR75691,MCH7413,0.1485042,UTR3541494673,,SUCCESS,TXN00014849,USR75691,MCH7413,UTR3541494673,0,0,1,0,0,0,0
TXN00002458,2026-03-02 00:07:03,USR86473,MCH2881,0.156596,UTR5023338045,0110,FAILED,TXN00002458,USR86473,MCH2881,UTR5023338045,0,0,0,0,0,1,0
TXN00001424,2026-03-27 00:00:00,USR52984,MCH6681,3717.0,UTR3016626650,4110,SUCCESS,TXN00001424,USR52984,MCH6681,UTR3016626650,0,0,0,0,0,0,0
TXN00012987,2026-06-03 14:46:30,USR93866,MCH6518,23622.44,UTR5009298531,4110,SUCCESS,TXN00012987,USR93866,MCH6518,UTR5009298531,0,0,0,0,0,0,0
TXN00011420,2026-01-14 22:04:14,USR14567,MCH5452,13260.89,,4110,SUCCESS,TXN00011420,USR14567,MCH5452,,0,1,0,0,0,0,0
TXN00006258,2026-02-16 01:25:24,USR26361,MCH1491,0.1659062,UTR3789620165,4110,SUCCESS,TXN00006258,USR26361,MCH1491,UTR3789620165,0,0,0,0,0,0,0
TXN00013335,2026-03-02 06:24:19,USR21976,MCH5861,10422.59,UTR2822082861,8120,FAILED,TXN00013335,USR21976,MCH5861,UTR2822082861,0,0,0,0,0,1,0
TXN00017095,2026-03-02 13:37:09,USR26988,MCH4895,21537.58,UTR4195681189,4110,SUCCESS,TXN00017095,USR26988,MCH4895,UTR4195681189,0,0,0,0,0,0,0
TXN00016763,2026-01-14 20:20:04,USR20822,MCH5758,4436.0,UTR3574955573,0110,SUCCESS,TXN00016763,USR20822,MCH5758,UTR3574955573,0,0,0,0,0,0,0
TXN00005166,2026-01-08 06:02:03,USR17050,MCH1507,24616.52,UTR3349864400,4110,SUCCESS,TXN00005166,USR17050,MCH1507,UTR3349864400,0,0,0,0,0,0,0
TXN00009637,2026-02-19 07:36:30,USR84112,MCH3273,0.2340945,UTR9142694601,4110,SUCCESS,TXN00009637,USR84112,MCH3273,UTR9142694601,0,0,0,0,0,0,0
TXN00019604,2026-02-28 17:27:12,USR84409,MCH5832,0.1751064,UTR1410943397,8120,SUCCESS,TXN00019604,USR84409,MCH5832,UTR1410943397,0,0,0,0,0,0,0
TXN00015871,2026-03-08 10:51:19,USR36975,MCH7949,8151.0,UTR1703524832,9120,PENDING,TXN00015871,USR36975,MCH7949,UTR1703524832,0,0,0,0,0,0,1
TXN00000038,2026-03-26 09:36:59,USR25653,MCH9333,2450.83,UTR1696129054,,SUCCESS,TXN00000038,USR25653,MCH9333,UTR1696129054,0,0,1,0,0,0,0
TXN00000492,2026-02-22 17:47:22,USR71986,MCH8536,15507.11,UTR5087993388,8120,SUCCESS,TXN00000492,USR71986,MCH8536,UTR5087993388,0,0,0,0,0,0,0
TXN00016182,2026-01-28 03:43:28,USR55862,MCH6687,22740.13,UTR1849156522,,SUCCESS,TXN00016182,USR55862,MCH6687,UTR1849156522,0,0,1,0,0,0,0
TXN00002203,2026-01-31 09:29:02,USR47330,MCH9388,10569.49,UTR7295121558,0110,SUCCESS,TXN00002203,USR47330,MCH9388,UTR7295121558,0,0,0,0,0,0,0
TXN00018083,2026-03-03 00:05:20,USR76570,MCH1290,17046.39,UTR1388577734,,FAILED,TXN00018083,USR76570,MCH1290,UTR1388577734,0,0,1,0,0,1,0
TXN00007188,2026-01-26 07:16:48,USR73572,MCH7464,9504.31,UTR3332640727,8120,FAILED,TXN00007188,USR73572,MCH7464,UTR3332640727,0,0,0,0,0,1,0
TXN00011680,2026-11-03 16:22:41,USR75562,MCH6476,5464.55,UTR1997982055,0110,SUCCESS,TXN00011680,USR75562,MCH6476,UTR1997982055,0,0,0,0,0,0,0
TXN00004510,2026-03-19 06:32:12,USR10294,MCH8976,23537.44,UTR1764972528,,SUCCESS,TXN00004510,USR10294,MCH8976,UTR1764972528,0,0,1,0,0,0,0
TXN00001017,2026-01-20 06:08:30,USR44452,MCH3237,4522.58,UTR0636128116,,SUCCESS,TXN00001017,USR44452,MCH3237,UTR0636128116,0,0,1,0,0,0,0
TXN00005234,2026-01-06 23:41:58,USR31616,MCH9624,10274.18,UTR6978932380,9120,SUCCESS,TXN00005234,USR31616,MCH9624,UTR6978932380,0,0,0,0,0,0,0
TXN00001421,2026-01-13 17:16:58,USR85650,MCH6234,7911.0,UTR9944146084,4110,SUCCESS,TXN00001421,USR85650,MCH6234,UTR9944146084,0,0,0,0,0,0,0
TXN00008441,2026-03-10 18:46:13,USR88777,MCH1767,6758.76,UTR9489467779,4110,SUCCESS,TXN00008441,USR88777,MCH1767,UTR9489467779,0,0,0,0,0,0,0
TXN00007640,2026-02-24 06:49:47,USR27151,MCH6089,606.87,UTR9312354691,1310,FAILED,TXN00007640,USR27151,MCH6089,UTR 9312354691,0,0,0,0,0,1,0
TXN00012244,2026-01-26 06:21:56,USR12966,MCH2444,0.2318235,UTR6993246321,8120,PENDING,TXN00012244,USR12966,MCH2444,UTR6993246321,0,0,0,0,0,0,1
TXN00011083,2026-01-03 14:32:30,USR78560,MCH2183,9546.71,UTR8344151921,1310,SUCCESS,TXN00011083,USR78560,MCH2183,UTR8344151921,0,0,0,0,0,0,0
TXN00012008,2026-01-30 15:58:38,USR41011,MCH5619,0.2174661,UTR7940973760,4110,SUCCESS,TXN00012008,USR41011,MCH5619,UTR 7940973760,0,0,0,0,0,0,0
TXN00002301,2026-02-27 10:06:28,USR83755,MCH2902,20066.62,UTR1053127828,0110,SUCCESS,TXN00002301,USR83755,MCH2902,UTR1053127828,0,0,0,0,0,0,0
TXN00010103,2026-02-27 16:26:35,USR44166,MCH1206,24535.58,UTR9152337873,,SUCCESS,TXN00010103,USR44166,MCH1206,UTR 9152337873,0,0,1,0,0,0,0
TXN00011417,2026-03-07 16:24:09,USR40493,MCH1037,23139.35,UTR2783286838,9120,SUCCESS,TXN00011417,USR40493,MCH1037,UTR2783286838,0,0,0,0,0,0,0
TXN00009410,2026-01-19 04:37:28,USR83254,MCH9270,-12715.07,UTR3632020069,4110,SUCCESS,TXN00009410,USR83254,MCH9270,UTR3632020069,1,0,0,0,0,0,0
TXN00019240,2026-01-31 12:31:44,USR89305,MCH5363,0.2321882,UTR9180740885,,SUCCESS,TXN00019240,USR89305,MCH5363,UTR9180740885,0,0,1,0,0,0,0
TXN00013733,2026-02-20 06:16:59,USR78409,MCH1348,23913.63,UTR4388953080,4110,SUCCESS,TXN00013733,USR78409,MCH1348,UTR4388953080,0,0,0,0,0,0,0
TXN00012325,2026-01-05 06:10:15,USR56191,MCH3108,5032.0,UTR5638475686,0110,SUCCESS,TXN00012325,USR56191,MCH3108,UTR 5638475686,0,0,0,0,0,0,0
TXN00001854,2026-03-29 13:06:16,USR80170,MCH7437,21164.39,UTR0052570273,4110,SUCCESS,TXN00001854,USR80170,MCH7437,UTR0052570273,0,0,0,0,0,0,0
TXN00007033,2026-03-28 02:48:31,USR87692,MCH8737,14648.6,UTR4681474988,,SUCCESS,TXN00007033,USR87692,MCH8737,UTR 4681474988,0,0,1,0,0,0,0
TXN00016945,2026-02-03 04:57:44,USR19076,MCH6826,4668.56,UTR7677468239,1310,SUCCESS,TXN00016945,USR19076,MCH6826,UTR7677468239,0,0,0,0,0,0,0
TXN00014786,2026-04-03 13:33:17,USR87237,MCH9059,19373.5,UTR9859180372,4110,SUCCESS,TXN00014786,USR87237,MCH9059,UTR9859180372,0,0,0,0,0,0,0
TXN00006955,2026-03-08 14:35:50,USR24029,MCH2105,0.2048676,UTR2509219119,,SUCCESS,TXN00006955,USR24029,MCH2105,UTR2509219119,0,0,1,0,0,0,0
TXN00007749,2026-03-02 01:26:06,USR32125,MCH2497,7572.98,UTR3843965738,4110,FAILED,TXN00007749,USR32125,MCH2497,UTR3843965738,0,0,0,0,0,1,0
TXN00001450,2026-02-18 09:17:56,USR92406,MCH3928,17084.37,UTR1248133390,0110,SUCCESS,TXN00001450,USR92406,MCH3928,UTR1248133390,0,0,0,0,0,0,0
TXN00009140,2026-01-18 08:47:23,USR80013,MCH5817,15437.68,UTR4817719896,4110,SUCCESS,TXN00009140,USR80013,MCH5817,UTR4817719896,0,0,0,0,0,0,0
TXN00003214,2026-01-24 00:00:00,USR68718,MCH9686,-17351.8,UTR3254055875,0110,SUCCESS,TXN00003214,USR68718,MCH9686,UTR3254055875,1,0,0,0,0,0,0
TXN00007731,2026-03-14 10:40:12,USR17008,MCH1353,0.1319114,UTR3073858268,8120,SUCCESS,TXN00007731,USR17008,MCH1353,UTR3073858268,0,0,0,0,0,0,0
TXN00001810,2026-05-01 09:39:56,USR67718,MCH5299,2468.91,UTR6138101340,4110,SUCCESS,TXN00001810,USR67718,MCH5299,UTR6138101340,0,0,0,0,0,0,0
TXN00007548,2026-02-19 08:31:34,USR90438,MCH9823,6322.12,UTR0733223037,9120,SUCCESS,TXN00007548,USR90438,MCH9823,UTR0733223037,0,0,0,0,0,0,0
TXN00006298,2026-02-04 18:01:05,USR99714,MCH7207,2090.61,UTR2523251915,0110,SUCCESS,TXN00006298,USR99714,MCH7207,UTR2523251915,0,0,0,0,0,0,0
TXN00009820,2026-03-04 08:32:03,USR81046,MCH9132,0.883159,UTR8274667313,8120,SUCCESS,TXN00009820,USR81046,MCH9132,UTR8274667313,0,0,0,0,0,0,0
TXN00017591,2026-03-08 19:43:06,USR11168,MCH5261,6787.83,UTR6026419004,1310,SUCCESS,TXN00017591,USR11168,MCH5261,UTR6026419004,0,0,0,0,0,0,0
TXN00005512,2026-10-03 20:00:36,USR61031,MCH3935,23194.37,UTR8103916073,1310,SUCCESS,TXN00005512,USR61031,MCH3935,UTR8103916073,0,0,0,0,0,0,0
TXN00015454,2026-03-08 18:59:37,USR49080,MCH7912,12526.74,UTR9645451495,8120,SUCCESS,TXN00015454,USR49080,MCH7912,UTR9645451495,0,0,0,0,0,0,0
TXN00019941,2026-01-08 14:13:06,USR45519,MCH1705,2308.19,UTR7413835145,8120,FAILED,TXN00019941,USR45519,MCH1705,UTR 7413835145,0,0,0,0,0,1,0
TXN00016445,2026-02-02 09:01:48,USR96944,MCH3597,2338.79,UTR1169726292,9120,FAILED,TXN00016445,USR96944,MCH3597,UTR1169726292,0,0,0,0,0,1,0
TXN00018594,2026-02-16 08:52:17,USR57865,MCH2948,19844.0,UTR6780921018,0110,SUCCESS,TXN00018594,USR57865,MCH2948,UTR6780921018,0,0,0,0,0,0,0
TXN00008953,2026-01-23 10:03:44,USR64635,MCH8086,143.05,,4110,SUCCESS,TXN00008953,USR64635,MCH8086,,0,1,0,0,0,0,0
TXN00005076,2026-03-02 11:02:13,USR92209,MCH2981,12955.08,UTR6969149404,1310,SUCCESS,TXN00005076,USR92209,MCH2981,UTR6969149404,0,0,0,0,0,0,0
TXN00017329,2026-01-25 17:01:49,USR21955,MCH1851,19656.35,UTR5653187541,9120,SUCCESS,TXN00017329,USR21955,MCH1851,UTR5653187541,0,0,0,0,0,0,0
TXN00003493,2026-01-13 23:14:16,USR65345,MCH4608,22025.52,UTR1836232650,8120,FAILED,TXN00003493,USR65345,MCH4608,UTR1836232650,0,0,0,0,0,1,0
TXN00014406,2026-09-03 00:37:27,USR15746,MCH9158,735.68,UTR7423526874,1310,SUCCESS,TXN00014406,USR15746,MCH9158,UTR7423526874,0,0,0,0,0,0,0
TXN00000762,2026-01-23 19:17:00,USR74431,MCH3815,7799.93,UTR5062169669,8120,SUCCESS,TXN00000762,USR74431,MCH3815,UTR5062169669,0,0,0,0,0,0,0
TXN00006522,2026-01-09 19:48:07,USR68851,MCH6543,5303.0,UTR4459157419,1310,SUCCESS,TXN00006522,USR68851,MCH6543,UTR 4459157419,0,0,0,0,0,0,0
TXN00017115,2026-01-19 23:41:18,USR12855,MCH8889,16278.0,UTR3850549093,4110,SUCCESS,TXN00017115,USR12855,MCH8889,UTR3850549093,0,0,0,0,0,0,0
TXN00007664,2026-01-12 08:39:02,USR65770,MCH9226,12513.96,UTR6950907905,8120,SUCCESS,TXN00007664,USR65770,MCH9226,UTR6950907905,0,0,0,0,0,0,0
TXN00019235,2026-02-20 09:40:19,USR92779,MCH2259,18164.51,UTR8866606299,8120,SUCCESS,TXN00019235,USR92779,MCH2259,UTR8866606299,0,0,0,0,0,0,0
TXN00019489,2026-02-17 03:18:34,USR76773,MCH9559,12785.24,UTR5871985041,9120,SUCCESS,TXN00019489,USR76773,MCH9559,UTR5871985041,0,0,0,0,0,0,0
TXN00001006,2026-01-31 04:46:23,USR89970,MCH6632,16473.0,UTR6049445575,1310,SUCCESS,TXN00001006,USR89970,MCH6632,UTR 6049445575,0,0,0,0,0,0,0
TXN00004963,2026-03-11 23:30:19,USR52909,MCH1975,7304.86,UTR7577370063,8120,SUCCESS,TXN00004963,USR52909,MCH1975,UTR7577370063,0,0,0,0,0,0,0
TXN00010408,2026-03-17 12:04:58,USR82851,MCH8868,0.1476884,UTR7324281336,0110,SUCCESS,TXN00010408,USR82851,MCH8868,UTR7324281336,0,0,0,0,0,0,0
TXN00015700,2026-05-01 02:41:47,USR52385,MCH1824,12405.86,UTR0884800332,4110,PENDING,TXN00015700,USR52385,MCH1824,UTR0884800332,0,0,0,0,0,0,1
TXN00001583,2026-03-31 09:55:13,USR29902,MCH9205,14865.96,UTR4304577709,4110,SUCCESS,TXN00001583,USR29902,MCH9205,UTR4304577709,0,0,0,0,0,0,0
TXN00009030,2026-02-13 20:19:35,USR20313,MCH9959,10644.64,UTR4421495117,9120,SUCCESS,TXN00009030,USR20313,MCH9959,UTR 4421495117,0,0,0,0,0,0,0
TXN00007494,2026-03-08 18:36:45,USR85135,MCH8739,14241.36,UTR9158809240,4110,SUCCESS,TXN00007494,USR85135,MCH8739,UTR9158809240,0,0,0,0,0,0,0
TXN00009128,2026-03-16 14:10:34,USR17318,MCH6246,15031.06,UTR0446776531,8120,SUCCESS,TXN00009128,USR17318,MCH6246,UTR0446776531,0,0,0,0,0,0,0
TXN00019465,2026-01-27 00:18:28,USR21636,MCH4563,21313.98,UTR9972423017,4110,SUCCESS,TXN00019465,USR21636,MCH4563,UTR9972423017,0,0,0,0,0,0,0
TXN00016860,2026-03-04 00:00:00,USR29165,MCH4328,7122.9,,0110,SUCCESS,TXN00016860,USR29165,MCH4328,,0,1,0,0,0,0,0
TXN00015899,2026-03-25 21:39:16,USR37228,MCH7304,1036.25,,,SUCCESS,TXN00015899,USR37228,MCH7304,,0,1,1,0,0,0,0
TXN00005309,2026-01-14 07:46:59,USR40907,MCH8845,22186.74,UTR5084035996,4110,SUCCESS,TXN00005309,USR40907,MCH8845,UTR5084035996,0,0,0,0,0,0,0
TXN00018479,2026-01-14 09:16:07,USR87915,MCH9171,15197.0,UTR7630994091,,SUCCESS,TXN00018479,USR87915,MCH9171,UTR7630994091,0,0,1,0,0,0,0
TXN00017100,2026-02-18 20:55:02,USR79970,MCH4522,904.87,UTR3549029431,4110,FAILED,TXN00017100,USR79970,MCH4522,UTR3549029431,0,0,0,0,0,1,0
TXN00014877,2026-03-26 15:00:41,USR50101,MCH7024,576.94,UTR4669179628,0110,SUCCESS,TXN00014877,USR50101,MCH7024,UTR4669179628,0,0,0,0,0,0,0
TXN00010705,2026-02-22 15:57:55,USR95672,MCH2050,2415.2,UTR1624425766,4110,PENDING,TXN00010705,USR95672,MCH2050,UTR1624425766,0,0,0,0,0,0,1
TXN00015007,2026-10-01 18:04:43,USR53618,MCH6285,6454.03,UTR2401901845,4110,SUCCESS,TXN00015007,USR53618,MCH6285,UTR2401901845,0,0,0,0,0,0,0
TXN00003419,2026-03-04 22:36:51,USR98505,MCH3887,5808.13,UTR3448201353,9120,SUCCESS,TXN00003419,USR98505,MCH3887,UTR3448201353,0,0,0,0,0,0,0
TXN00008418,2026-02-28 19:58:27,USR11275,MCH5861,14271.37,UTR2332624253,9120,SUCCESS,TXN00008418,USR11275,MCH5861,UTR2332624253,0,0,0,0,0,0,0
TXN00011443,2026-02-18 11:00:39,USR94311,MCH3520,5605.19,UTR4681046693,,SUCCESS,TXN00011443,USR94311,MCH3520,UTR4681046693,0,0,1,0,0,0,0
TXN00002425,2026-03-07 02:16:32,USR35927,MCH4012,7238.23,UTR7762380624,0110,SUCCESS,TXN00002425,USR35927,MCH4012,UTR 7762380624,0,0,0,0,0,0,0
TXN00009160,2026-01-25 13:47:28,USR57546,MCH8408,10051.0,UTR4281239757,0110,SUCCESS,TXN00009160,USR57546,MCH8408,UTR4281239757,0,0,0,0,0,0,0
TXN00015135,2026-03-19 10:21:07,USR84783,MCH3523,19270.51,UTR6700136828,8120,SUCCESS,TXN00015135,USR84783,MCH3523,UTR6700136828,0,0,0,0,0,0,0
TXN00010562,2026-01-19 20:24:49,USR10504,MCH5637,23956.7,UTR5229196610,8120,SUCCESS,TXN00010562,USR10504,MCH5637,UTR5229196610,0,0,0,0,0,0,0
TXN00008397,2026-01-04 00:52:23,USR16217,MCH8553,14747.33,UTR9019659179,4110,SUCCESS,TXN00008397,USR16217,MCH8553,UTR9019659179,0,0,0,0,0,0,0
TXN00007677,2026-02-24 16:16:40,USR50713,MCH1477,18735.39,UTR5458780660,1310,SUCCESS,TXN00007677,USR50713,MCH1477,UTR5458780660,0,0,0,0,0,0,0
TXN00001943,2026-03-26 04:12:42,USR59976,MCH6794,19624.58,UTR7428095118,0110,SUCCESS,TXN00001943,USR59976,MCH6794,UTR7428095118,0,0,0,0,0,0,0
TXN00010055,2026-01-27 05:54:19,USR97767,MCH5966,13128.0,UTR7283777211,1310,SUCCESS,TXN00010055,USR97767,MCH5966,UTR7283777211,0,0,0,0,0,0,0
TXN00016733,2026-02-20 19:20:50,USR51330,MCH2657,6390.29,UTR8127847626,0110,SUCCESS,TXN00016733,USR51330,MCH2657,UTR8127847626,0,0,0,0,0,0,0
TXN00019121,2026-02-23 20:15:43,USR19253,MCH4961,3829.0,UTR0044687014,,SUCCESS,TXN00019121,USR19253,MCH4961,UTR0044687014,0,0,1,0,0,0,0
TXN00015232,2026-03-09 14:40:27,USR65144,MCH9950,15495.41,UTR7693278816,8120,SUCCESS,TXN00015232,USR65144,MCH9950,UTR7693278816,0,0,0,0,0,0,0
TXN00016028,2026-01-19 17:33:13,USR29757,MCH4609,18646.33,UTR4616737521,8120,SUCCESS,TXN00016028,USR29757,MCH4609,UTR4616737521,0,0,0,0,0,0,0
TXN00007584,2026-02-20 00:00:00,USR58809,MCH7889,3012.78,UTR8005619673,1310,FAILED,TXN00007584,USR58809,MCH7889,UTR8005619673,0,0,0,0,0,1,0
TXN00000006,2026-01-24 18:38:21,USR14394,MCH5295,3908.3,UTR1872160779,0110,SUCCESS,TXN00000006,USR14394,MCH5295,UTR1872160779,0,0,0,0,0,0,0
TXN00004597,2026-01-29 09:53:17,USR60840,MCH5040,18632.92,UTR6567124090,9120,SUCCESS,TXN00004597,USR60840,MCH5040,UTR6567124090,0,0,0,0,0,0,0
TXN00018178,2026-02-24 00:00:00,USR74418,MCH7328,-9438.37,UTR4292407319,8120,SUCCESS,TXN00018178,USR74418,MCH7328,UTR4292407319,1,0,0,0,0,0,0
TXN00007819,2026-03-01 11:52:35,USR18817,MCH4192,22649.54,UTR0790647634,1310,SUCCESS,TXN00007819,USR18817,MCH4192,UTR0790647634,0,0,0,0,0,0,0
TXN00019739,2026-03-09 21:23:00,USR21819,MCH6615,17783.0,UTR5482509036,4110,SUCCESS,TXN00019739,USR21819,MCH6615,UTR5482509036,0,0,0,0,0,0,0
TXN00009857,2026-05-02 15:06:07,USR14282,MCH6116,1972.39,UTR9433508657,4110,SUCCESS,TXN00009857,USR14282,MCH6116,UTR9433508657,0,0,0,0,0,0,0
TXN00014425,2026-03-01 17:06:52,USR61024,MCH5677,-9520.59,UTR7228379017,9120,SUCCESS,TXN00014425,USR61024,MCH5677,UTR7228379017,1,0,0,0,0,0,0
TXN00017924,2026-01-14 18:01:44,USR66168,MCH4610,16472.85,UTR0957901291,0110,SUCCESS,TXN00017924,USR66168,MCH4610,UTR0957901291,0,0,0,0,0,0,0
TXN00013283,2026-01-27 03:29:07,USR50324,MCH4703,15531.92,UTR2282366000,,SUCCESS,TXN00013283,USR50324,MCH4703,UTR 2282366000,0,0,1,0,0,0,0
TXN00014688,2026-02-15 00:23:08,USR71268,MCH3563,0.1903417,UTR6846518262,1310,SUCCESS,TXN00014688,USR71268,MCH3563,UTR6846518262,0,0,0,0,0,0,0
TXN00001230,2026-01-25 02:19:36,USR51331,MCH4457,10239.26,UTR4504793774,4110,SUCCESS,TXN00001230,USR51331,MCH4457,UTR4504793774,0,0,0,0,0,0,0
TXN00019297,2026-03-31 03:05:01,USR91425,MCH1254,12448.21,,8120,SUCCESS,TXN00019297,USR91425,MCH1254,,0,1,0,0,0,0,0
TXN00012855,2026-02-08 23:54:51,USR86139,MCH1678,8362.04,UTR0281466252,9120,SUCCESS,TXN00012855,USR86139,MCH1678,UTR0281466252,0,0,0,0,0,0,0
TXN00000538,2026-01-05 06:43:46,USR72338,MCH2219,6191.23,UTR1788736159,9120,SUCCESS,TXN00000538,USR72338,MCH2219,UTR1788736159,0,0,0,0,0,0,0
TXN00016140,2026-03-04 02:24:42,USR28178,MCH9760,2818.99,UTR9690306870,0110,SUCCESS,TXN00016140,USR28178,MCH9760,UTR9690306870,0,0,0,0,0,0,0
TXN00015926,2026-08-02 23:03:27,USR26546,MCH2884,21984.25,UTR9269197047,,FAILED,TXN00015926,USR26546,MCH2884,UTR9269197047,0,0,1,0,0,1,0
TXN00017337,2026-02-20 07:00:56,USR89470,MCH1612,0.19269,UTR3097463794,8120,SUCCESS,TXN00017337,USR89470,MCH1612,UTR3097463794,0,0,0,0,0,0,0
TXN00004172,2026-02-18 03:18:12,USR10074,MCH7343,24683.53,UTR8117220127,8120,SUCCESS,TXN00004172,USR10074,MCH7343,UTR8117220127,0,0,0,0,0,0,0
TXN00019522,2026-02-02 08:37:03,USR46882,MCH9335,17136.62,UTR2488340314,,SUCCESS,TXN00019522,USR46882,MCH9335,UTR2488340314,0,0,1,0,0,0,0
TXN00001832,2026-03-27 23:09:49,USR85426,MCH1551,15051.02,UTR7198245593,4110,SUCCESS,TXN00001832,USR85426,MCH1551,UTR7198245593,0,0,0,0,0,0,0
TXN00018200,2026-01-01 00:04:59,USR66902,MCH4852,11233.77,UTR7002926398,8120,SUCCESS,TXN00018200,USR66902,MCH4852,UTR7002926398,0,0,0,0,0,0,0
TXN00014707,2026-03-25 15:48:07,USR41200,MCH2392,13597.1,UTR5828598500,9120,SUCCESS,TXN00014707,USR41200,MCH2392,UTR5828598500,0,0,0,0,0,0,0
TXN00018613,2026-03-13 15:29:11,USR44711,MCH9794,0.1511802,UTR0929872948,0110,SUCCESS,TXN00018613,USR44711,MCH9794,UTR0929872948,0,0,0,0,0,0,0
TXN00009343,2026-12-03 07:57:59,USR44359,MCH8776,21087.26,UTR5003189560,4110,SUCCESS,TXN00009343,USR44359,MCH8776,UTR5003189560,0,0,0,0,0,0,0
TXN00005543,2026-02-23 00:19:41,USR88128,MCH5285,21701.0,UTR4034495894,9120,SUCCESS,TXN00005543,USR88128,MCH5285,UTR4034495894,0,0,0,0,0,0,0
TXN00000329,2026-01-10 03:47:42,USR22170,MCH3706,10495.81,UTR0277166345,0110,SUCCESS,TXN00000329,USR22170,MCH3706,UTR0277166345,0,0,0,0,0,0,0
TXN00016401,2026-03-20 17:06:47,USR61174,MCH3222,14552.61,UTR5159486237,4110,SUCCESS,TXN00016401,USR61174,MCH3222,UTR5159486237,0,0,0,0,0,0,0
TXN00004318,2026-02-13 06:44:21,USR35198,MCH8914,1016.74,UTR7080924636,9120,SUCCESS,TXN00004318,USR35198,MCH8914,UTR 7080924636,0,0,0,0,0,0,0
TXN00017392,2026-03-12 02:31:21,USR57807,MCH8792,21635.7,UTR6923472795,,SUCCESS,TXN00017392,USR57807,MCH8792,UTR6923472795,0,0,1,0,0,0,0
TXN00014081,2026-02-15 12:14:22,USR26865,MCH3603,4687.59,UTR9628058319,4110,FAILED,TXN00014081,USR26865,MCH3603,UTR9628058319,0,0,0,0,0,1,0
TXN00001434,2026-01-16 09:02:52,USR35938,MCH2615,16675.0,UTR4328350237,1310,SUCCESS,TXN00001434,USR35938,MCH2615,UTR4328350237,0,0,0,0,0,0,0
TXN00014991,2026-02-13 03:18:30,USR12605,MCH5394,23481.07,UTR3194839216,4110,SUCCESS,TXN00014991,USR12605,MCH5394,UTR3194839216,0,0,0,0,0,0,0
TXN00007628,2026-01-20 10:45:25,USR80453,MCH3847,11016.46,UTR3874296344,4110,SUCCESS,TXN00007628,USR80453,MCH3847,UTR3874296344,0,0,0,0,0,0,0
TXN00001132,2026-01-29 13:37:06,USR28385,MCH5512,12401.93,UTR7550348704,4110,SUCCESS,TXN00001132,USR28385,MCH5512,UTR7550348704,0,0,0,0,0,0,0
TXN00003540,2026-02-20 12:29:01,USR78755,MCH5357,1574.0,UTR4711225872,0110,SUCCESS,TXN00003540,USR78755,MCH5357,UTR4711225872,0,0,0,0,0,0,0
TXN00006267,2026-02-10 20:42:05,USR33927,MCH8247,24535.72,UTR1729200955,4110,SUCCESS,TXN00006267,USR33927,MCH8247,UTR 1729200955,0,0,0,0,0,0,0
TXN00002560,2026-01-10 00:00:00,USR27124,MCH6314,12520.6,UTR2638081720,9120,SUCCESS,TXN00002560,USR27124,MCH6314,UTR2638081720,0,0,0,0,0,0,0
TXN00006413,2026-02-04 19:35:45,USR71982,MCH4072,21416.0,UTR5358290937,9120,PENDING,TXN00006413,USR71982,MCH4072,UTR5358290937,0,0,0,0,0,0,1
TXN00006995,2026-01-05 10:03:43,USR23949,MCH7481,23213.41,UTR6798053554,9120,SUCCESS,TXN00006995,USR23949,MCH7481,UTR6798053554,0,0,0,0,0,0,0
TXN00004948,2026-03-13 21:51:31,USR47068,MCH2039,18543.27,UTR5495973018,4110,FAILED,TXN00004948,USR47068,MCH2039,UTR5495973018,0,0,0,0,0,1,0
TXN00015961,2026-02-10 14:11:00,USR82108,MCH8420,0.1389213,,1310,SUCCESS,TXN00015961,USR82108,MCH8420,,0,1,0,0,0,0,0
TXN00010838,2026-02-02 14:39:03,USR50012,MCH3878,22249.38,UTR1014848671,,FAILED,TXN00010838,USR50012,MCH3878,UTR1014848671,0,0,1,0,0,1,0
TXN00000299,2026-01-07 21:25:33,USR61622,MCH3988,15576.03,UTR4428413887,8120,FAILED,TXN00000299,USR61622,MCH3988,UTR4428413887,0,0,0,0,0,1,0
TXN00007559,2026-01-16 14:32:48,USR56040,MCH9355,13219.32,UTR1651813859,1310,SUCCESS,TXN00007559,USR56040,MCH9355,UTR1651813859,0,0,0,0,0,0,0
TXN00005780,2026-02-09 21:26:35,USR39898,MCH7997,5883.43,UTR5231085687,,SUCCESS,TXN00005780,USR39898,MCH7997,UTR5231085687,0,0,1,0,0,0,0
TXN00013791,2026-01-24 04:57:17,USR46488,MCH1037,6277.6,UTR9028711941,,SUCCESS,TXN00013791,USR46488,MCH1037,UTR9028711941,0,0,1,0,0,0,0
TXN00016408,2026-03-25 15:56:20,USR17648,MCH8271,4989.0,UTR8440508922,8120,SUCCESS,TXN00016408,USR17648,MCH8271,UTR8440508922,0,0,0,0,0,0,0
TXN00012133,2026-01-09 07:47:08,USR47683,MCH3858,0.68616,,,SUCCESS,TXN00012133,USR47683,MCH3858,,0,1,1,0,0,0,0
TXN00003615,2026-01-12 12:26:07,USR64698,MCH3671,9191.09,UTR0448563401,4110,SUCCESS,TXN00003615,USR64698,MCH3671,UTR0448563401,0,0,0,0,0,0,0
TXN00019524,2026-02-04 05:51:07,USR44752,MCH6658,9045.0,UTR9111971789,8120,SUCCESS,TXN00019524,USR44752,MCH6658,UTR9111971789,0,0,0,0,0,0,0
TXN00015175,2026-01-12 23:41:31,USR80894,MCH7379,23787.97,UTR8208697066,9120,SUCCESS,TXN00015175,USR80894,MCH7379,UTR8208697066,0,0,0,0,0,0,0
TXN00006330,2026-03-29 20:17:19,USR74177,MCH9432,1327.22,UTR0942862475,8120,SUCCESS,TXN00006330,USR74177,MCH9432,UTR0942862475,0,0,0,0,0,0,0
TXN00011142,2026-02-04 16:46:06,USR35579,MCH9564,23549.94,UTR3783289510,,SUCCESS,TXN00011142,USR35579,MCH9564,UTR3783289510,0,0,1,0,0,0,0
TXN00019776,2026-03-27 11:04:32,USR49791,MCH2218,13014.6,UTR7080329920,4110,SUCCESS,TXN00019776,USR49791,MCH2218,UTR7080329920,0,0,0,0,0,0,0
TXN00012351,2026-02-08 17:24:27,USR29030,MCH2034,16407.18,UTR2333547617,0110,SUCCESS,TXN00012351,USR29030,MCH2034,UTR2333547617,0,0,0,0,0,0,0
TXN00004806,2026-01-22 02:13:00,USR47704,MCH8050,13620.0,UTR8038870983,0110,SUCCESS,TXN00004806,USR47704,MCH8050,UTR8038870983,0,0,0,0,0,0,0
TXN00000066,2026-03-31 13:06:14,USR35289,MCH1273,13571.98,UTR0889817771,4110,SUCCESS,TXN00000066,USR35289,MCH1273,UTR0889817771,0,0,0,0,0,0,0
TXN00000142,2026-01-21 15:27:20,USR78556,MCH4584,-6302.04,UTR2471929565,4110,SUCCESS,TXN00000142,USR78556,MCH4584,UTR2471929565,1,0,0,0,0,0,0
TXN00009970,2026-01-18 00:42:36,USR12147,MCH6100,3405.79,UTR6878934938,4110,SUCCESS,TXN00009970,USR12147,MCH6100,UTR6878934938,0,0,0,0,0,0,0
TXN00006160,2026-01-01 10:52:47,USR88410,MCH5940,20903.61,UTR7482936099,8120,SUCCESS,TXN00006160,USR88410,MCH5940,UTR7482936099,0,0,0,0,0,0,0
TXN00013621,2026-01-13 02:51:59,USR59756,MCH3389,12079.0,,8120,SUCCESS,TXN00013621,USR59756,MCH3389,,0,1,0,0,0,0,0
TXN00011273,2026-05-01 03:04:17,USR23741,MCH4427,14088.96,UTR2515150959,0110,SUCCESS,TXN00011273,USR23741,MCH4427,UTR2515150959,0,0,0,0,0,0,0
TXN00001389,2026-01-04 13:30:37,USR90427,MCH7661,24245.83,UTR0295879026,4110,SUCCESS,TXN00001389,USR90427,MCH7661,UTR0295879026,0,0,0,0,0,0,0
TXN00019256,2026-02-28 20:28:44,USR78555,MCH4587,8933.08,UTR6129642228,1310,SUCCESS,TXN00019256,USR78555,MCH4587,UTR6129642228,0,0,0,0,0,0,0
TXN00003791,2026-03-30 06:06:35,USR86561,MCH2414,5375.25,UTR8084843941,8120,SUCCESS,TXN00003791,USR86561,MCH2414,UTR8084843941,0,0,0,0,0,0,0
TXN00001952,2026-03-24 06:20:55,USR66408,MCH8739,5523.09,UTR6007838019,4110,FAILED,TXN00001952,USR66408,MCH8739,UTR6007838019,0,0,0,0,0,1,0
TXN00014458,2026-01-12 17:29:37,USR65450,MCH6640,2866.93,UTR5407728218,0110,SUCCESS,TXN00014458,USR65450,MCH6640,UTR5407728218,0,0,0,0,0,0,0
TXN00016214,2026-03-25 07:48:02,USR44773,MCH3492,10706.91,UTR0079858978,0110,FAILED,TXN00016214,USR44773,MCH3492,UTR0079858978,0,0,0,0,0,1,0
TXN00006820,2026-01-13 15:04:37,USR21696,MCH3369,17748.0,,0110,SUCCESS,TXN00006820,USR21696,MCH3369,,0,1,0,0,0,0,0
TXN00007643,2026-02-03 19:07:14,USR43828,MCH8921,10963.08,UTR9859359305,0110,SUCCESS,TXN00007643,USR43828,MCH8921,UTR9859359305,0,0,0,0,0,0,0
TXN00006477,2026-02-15 13:31:20,USR50218,MCH3292,12933.13,UTR6826225153,0110,SUCCESS,TXN00006477,USR50218,MCH3292,UTR 6826225153,0,0,0,0,0,0,0
TXN00012265,2026-01-13 00:08:06,USR82420,MCH1270,19423.02,UTR5033052658,8120,SUCCESS,TXN00012265,USR82420,MCH1270,UTR5033052658,0,0,0,0,0,0,0
TXN00019364,2026-01-22 09:07:31,USR87047,MCH3154,17468.0,UTR6033813906,1310,SUCCESS,TXN00019364,USR87047,MCH3154,UTR6033813906,0,0,0,0,0,0,0
TXN00019452,2026-03-17 02:48:33,USR42060,MCH3715,15585.0,UTR7901923096,4110,FAILED,TXN00019452,USR42060,MCH3715,UTR7901923096,0,0,0,0,0,1,0
TXN00005095,2026-01-23 14:55:26,USR68912,MCH7485,0.113833,UTR9837860386,4110,SUCCESS,TXN00005095,USR68912,MCH7485,UTR9837860386,0,0,0,0,0,0,0
TXN00005687,2026-02-10 15:29:00,USR26270,MCH1119,0.1252048,UTR2404715350,9120,SUCCESS,TXN00005687,USR26270,MCH1119,UTR2404715350,0,0,0,0,0,0,0
TXN00009770,2026-01-11 15:36:56,USR49896,MCH6656,4518.79,UTR3254270641,0110,SUCCESS,TXN00009770,USR49896,MCH6656,UTR3254270641,0,0,0,0,0,0,0
TXN00014427,2026-02-02 17:32:19,USR92477,MCH6904,17675.71,UTR2577644733,9120,SUCCESS,TXN00014427,USR92477,MCH6904,UTR 2577644733,0,0,0,0,0,0,0
TXN00000760,2026-03-21 11:03:53,USR19708,MCH3269,19717.04,UTR7311446655,9120,SUCCESS,TXN00000760,USR19708,MCH3269,UTR7311446655,0,0,0,0,0,0,0
TXN00007526,2026-02-16 23:14:34,USR90924,MCH8478,15320.98,UTR4531060913,1310,PENDING,TXN00007526,USR90924,MCH8478,UTR4531060913,0,0,0,0,0,0,1
TXN00016008,2026-03-05 03:11:18,USR51652,MCH1044,1538.0,UTR0393078392,1310,FAILED,TXN00016008,USR51652,MCH1044,UTR0393078392,0,0,0,0,0,1,0
TXN00013329,2026-02-13 20:38:06,USR54199,MCH8430,8161.36,,8120,SUCCESS,TXN00013329,USR54199,MCH8430,,0,1,0,0,0,0,0
TXN00001209,2026-01-18 21:35:54,USR97215,MCH6780,6847.93,UTR0347235003,1310,SUCCESS,TXN00001209,USR97215,MCH6780,UTR0347235003,0,0,0,0,0,0,0
TXN00002598,2026-01-30 05:43:59,USR26846,MCH8293,0.1242242,UTR3135508756,0110,SUCCESS,TXN00002598,USR26846,MCH8293,UTR 3135508756,0,0,0,0,0,0,0
TXN00012680,2026-02-04 23:27:22,USR44883,MCH7969,6153.22,UTR3462071570,,SUCCESS,TXN00012680,USR44883,MCH7969,UTR3462071570,0,0,1,0,0,0,0
TXN00000734,2026-03-18 06:57:02,USR57628,MCH5888,13081.4,UTR4067427621,9120,SUCCESS,TXN00000734,USR57628,MCH5888,UTR4067427621,0,0,0,0,0,0,0
TXN00015858,2026-03-22 03:52:44,USR23513,MCH2552,11467.11,UTR9604830045,0110,SUCCESS,TXN00015858,USR23513,MCH2552,UTR9604830045,0,0,0,0,0,0,0
TXN00010294,2026-02-13 14:57:42,USR52898,MCH2538,16933.0,UTR8689817374,4110,FAILED,TXN00010294,USR52898,MCH2538,UTR 8689817374,0,0,0,0,0,1,0
TXN00014221,2026-01-20 00:00:00,USR32044,MCH4747,17540.43,UTR4604337524,,SUCCESS,TXN00014221,USR32044,MCH4747,UTR4604337524,0,0,1,0,0,0,0
TXN00009693,2026-03-21 19:27:09,USR61841,MCH9500,9839.89,UTR9998123523,0110,SUCCESS,TXN00009693,USR61841,MCH9500,UTR9998123523,0,0,0,0,0,0,0
TXN00007392,2026-02-03 06:28:54,USR23396,MCH3641,627.19,UTR6163059842,1310,FAILED,TXN00007392,USR23396,MCH3641,UTR6163059842,0,0,0,0,0,1,0
TXN00011459,2026-02-28 13:28:38,USR83140,MCH7000,22628.15,UTR8444564016,9120,SUCCESS,TXN00011459,USR83140,MCH7000,UTR8444564016,0,0,0,0,0,0,0
TXN00004211,2026-03-03 10:46:10,USR12913,MCH1756,2646.03,UTR3435634215,4110,SUCCESS,TXN00004211,USR12913,MCH1756,UTR3435634215,0,0,0,0,0,0,0
TXN00013154,2026-07-02 14:19:23,USR16540,MCH7624,8772.73,,8120,SUCCESS,TXN00013154,USR16540,MCH7624,,0,1,0,0,0,0,0
TXN00011923,2026-03-29 16:30:30,USR91232,MCH5852,2469.95,UTR7589072505,1310,SUCCESS,TXN00011923,USR91232,MCH5852,UTR 7589072505,0,0,0,0,0,0,0
TXN00007607,2026-02-20 01:55:58,USR99444,MCH9456,4706.0,UTR7071842533,0110,SUCCESS,TXN00007607,USR99444,MCH9456,UTR7071842533,0,0,0,0,0,0,0
TXN00005843,2026-03-30 16:27:09,USR43021,MCH2951,2348.05,UTR0490186890,4110,FAILED,TXN00005843,USR43021,MCH2951,UTR0490186890,0,0,0,0,0,1,0
TXN00000825,2026-03-01 11:35:00,USR59068,MCH1439,-13439.52,UTR4465210843,1310,SUCCESS,TXN00000825,USR59068,MCH1439,UTR 4465210843,1,0,0,0,0,0,0
TXN00011499,2026-03-16 12:34:21,USR11572,MCH6769,6775.64,UTR3406962577,4110,SUCCESS,TXN00011499,USR11572,MCH6769,UTR 3406962577,0,0,0,0,0,0,0
TXN00003738,2026-01-30 04:45:59,USR36108,MCH1983,18781.92,UTR1126256063,,SUCCESS,TXN00003738,USR36108,MCH1983,UTR1126256063,0,0,1,0,0,0,0
TXN00014489,2026-02-18 12:05:47,USR75149,MCH3876,5251.38,UTR7311305063,4110,SUCCESS,TXN00014489,USR75149,MCH3876,UTR7311305063,0,0,0,0,0,0,0
TXN00000191,2026-08-03 01:10:30,USR11035,MCH7607,0.233664,UTR1627347149,1310,SUCCESS,TXN00000191,USR11035,MCH7607,UTR1627347149,0,0,0,0,0,0,0
TXN00011889,2026-08-03 06:53:45,USR39162,MCH7795,14013.89,UTR6868967157,,SUCCESS,TXN00011889,USR39162,MCH7795,UTR6868967157,0,0,1,0,0,0,0
TXN00002291,2026-01-31 16:39:25,USR52160,MCH5229,15273.39,UTR6317819421,0110,SUCCESS,TXN00002291,USR52160,MCH5229,UTR6317819421,0,0,0,0,0,0,0
TXN00019332,2026-02-19 19:00:48,USR36792,MCH6568,21489.62,UTR9145006477,8120,SUCCESS,TXN00019332,USR36792,MCH6568,UTR9145006477,0,0,0,0,0,0,0
TXN00013889,2026-01-05 11:38:33,USR78837,MCH3284,-5123.59,UTR0091809029,1310,SUCCESS,TXN00013889,USR78837,MCH3284,UTR0091809029,1,0,0,0,0,0,0
TXN00019655,2026-03-11 09:05:20,USR12198,MCH1600,13376.62,UTR1127587997,,SUCCESS,TXN00019655,USR12198,MCH1600,UTR1127587997,0,0,1,0,0,0,0
TXN00016639,2026-03-24 04:44:33,USR66351,MCH6306,8718.9,UTR2971896913,1310,FAILED,TXN00016639,USR66351,MCH6306,UTR2971896913,0,0,0,0,0,1,0
TXN00016213,2026-03-20 10:09:15,USR81499,MCH8644,12448.69,UTR0938972618,4110,SUCCESS,TXN00016213,USR81499,MCH8644,UTR0938972618,0,0,0,0,0,0,0
TXN00009421,2026-04-01 01:41:56,USR60510,MCH9718,23109.62,UTR8825111455,1310,SUCCESS,TXN00009421,USR60510,MCH9718,UTR8825111455,0,0,0,0,0,0,0
TXN00003852,2026-01-20 01:09:35,USR90692,MCH7431,2918.0,UTR4458849958,4110,SUCCESS,TXN00003852,USR90692,MCH7431,UTR4458849958,0,0,0,0,0,0,0
TXN00000718,2026-02-06 19:28:21,USR60504,MCH8035,24126.0,UTR2621858479,0110,SUCCESS,TXN00000718,USR60504,MCH8035,UTR2621858479,0,0,0,0,0,0,0
TXN00016592,2026-03-10 20:54:42,USR89985,MCH1938,20133.71,UTR9791463327,4110,SUCCESS,TXN00016592,USR89985,MCH1938,UTR9791463327,0,0,0,0,0,0,0
TXN00008346,2026-01-29 16:58:02,USR15951,MCH8510,18827.12,UTR1262894729,8120,SUCCESS,TXN00008346,USR15951,MCH8510,UTR1262894729,0,0,0,0,0,0,0
TXN00005954,2026-03-10 20:56:51,USR36563,MCH3294,15411.11,,1310,SUCCESS,TXN00005954,USR36563,MCH3294,,0,1,0,0,0,0,0
TXN00012893,2026-03-29 09:38:16,USR51032,MCH4861,4193.0,UTR1293222425,,FAILED,TXN00012893,USR51032,MCH4861,UTR1293222425,0,0,1,0,0,1,0
TXN00002163,2026-02-28 04:31:42,USR65422,MCH4888,8816.0,UTR3810172230,,SUCCESS,TXN00002163,USR65422,MCH4888,UTR3810172230,0,0,1,0,0,0,0
TXN00001666,2026-04-02 20:26:07,USR89511,MCH2120,21287.11,UTR5073944287,0110,SUCCESS,TXN00001666,USR89511,MCH2120,UTR5073944287,0,0,0,0,0,0,0
TXN00003197,2026-02-26 01:59:08,USR64057,MCH5779,23528.61,UTR7463374955,8120,SUCCESS,TXN00003197,USR64057,MCH5779,UTR7463374955,0,0,0,0,0,0,0
TXN00006628,2026-03-30 08:52:35,USR52706,MCH4822,17325.03,UTR8544451540,1310,SUCCESS,TXN00006628,USR52706,MCH4822,UTR8544451540,0,0,0,0,0,0,0
TXN00008817,2026-02-27 23:21:31,USR78799,MCH1923,14658.7,UTR6451090526,4110,SUCCESS,TXN00008817,USR78799,MCH1923,UTR6451090526,0,0,0,0,0,0,0
TXN00009939,2026-03-02 14:45:50,USR89948,MCH5895,21864.0,UTR5506985863,,SUCCESS,TXN00009939,USR89948,MCH5895,UTR5506985863,0,0,1,0,0,0,0
TXN00014922,2026-02-17 04:17:24,USR99703,MCH8623,22683.17,UTR0932872575,1310,SUCCESS,TXN00014922,USR99703,MCH8623,UTR 0932872575,0,0,0,0,0,0,0
TXN00012387,2026-03-22 18:49:25,USR51470,MCH6746,18895.19,UTR9392064086,8120,PENDING,TXN00012387,USR51470,MCH6746,UTR9392064086,0,0,0,0,0,0,1
TXN00003671,2026-02-09 01:20:46,USR35145,MCH8488,5944.59,UTR0878572084,4110,SUCCESS,TXN00003671,USR35145,MCH8488,UTR0878572084,0,0,0,0,0,0,0
TXN00017601,2026-01-08 06:51:39,USR97742,MCH3591,8188.16,UTR2731193675,9120,SUCCESS,TXN00017601,USR97742,MCH3591,UTR2731193675,0,0,0,0,0,0,0
TXN00004227,2026-02-22 23:24:28,USR39311,MCH5943,9126.91,UTR2403254763,9120,SUCCESS,TXN00004227,USR39311,MCH5943,UTR2403254763,0,0,0,0,0,0,0
TXN00004338,2026-03-12 21:22:28,USR77487,MCH3188,0.2256106,UTR8309654651,0110,SUCCESS,TXN00004338,USR77487,MCH3188,UTR8309654651,0,0,0,0,0,0,0
TXN00000398,2026-02-14 04:14:46,USR35901,MCH3187,-10730.56,UTR9231177835,1310,SUCCESS,TXN00000398,USR35901,MCH3187,UTR9231177835,1,0,0,0,0,0,0
TXN00011457,2026-02-16 04:45:20,USR13691,MCH5519,10598.09,UTR6782697646,0110,SUCCESS,TXN00011457,USR13691,MCH5519,UTR6782697646,0,0,0,0,0,0,0
TXN00011729,2026-03-21 23:50:41,USR39360,MCH8987,3185.14,UTR3609556438,8120,PENDING,TXN00011729,USR39360,MCH8987,UTR 3609556438,0,0,0,0,0,0,1
TXN00004130,2026-02-28 01:32:34,USR67461,MCH4797,37.79,UTR0015426508,9120,PENDING,TXN00004130,USR67461,MCH4797,UTR0015426508,0,0,0,0,0,0,1
TXN00012849,2026-03-20 06:41:28,USR47182,MCH1272,2107.0,,4110,SUCCESS,TXN00012849,USR47182,MCH1272,,0,1,0,0,0,0,0
TXN00006184,2026-01-13 12:25:49,USR95830,MCH2123,24253.22,UTR4833326531,1310,SUCCESS,TXN00006184,USR95830,MCH2123,UTR4833326531,0,0,0,0,0,0,0
TXN00004111,2026-03-15 22:03:57,USR38664,MCH1113,14102.35,,1310,SUCCESS,TXN00004111,USR38664,MCH1113,,0,1,0,0,0,0,0
TXN00002730,2026-02-18 04:14:14,USR32354,MCH3219,0.1210709,UTR9283423897,4110,SUCCESS,TXN00002730,USR32354,MCH3219,UTR9283423897,0,0,0,0,0,0,0
TXN00010057,2026-03-19 21:31:57,USR69561,MCH9623,11196.12,UTR5738082373,,SUCCESS,TXN00010057,USR69561,MCH9623,UTR5738082373,0,0,1,0,0,0,0
TXN00012375,2026-02-11 23:28:05,USR48382,MCH3905,22794.74,UTR6025248650,1310,FAILED,TXN00012375,USR48382,MCH3905,UTR6025248650,0,0,0,0,0,1,0
TXN00015209,2026-02-08 00:58:42,USR99038,MCH1128,0.335863,UTR3275335603,,SUCCESS,TXN00015209,USR99038,MCH1128,UTR3275335603,0,0,1,0,0,0,0
TXN00013340,2026-01-06 20:13:04,USR87328,MCH5778,8920.34,,8120,SUCCESS,TXN00013340,USR87328,MCH5778,,0,1,0,0,0,0,0
TXN00007876,2026-02-21 20:16:10,USR69026,MCH8495,13594.45,UTR9361232270,,SUCCESS,TXN00007876,USR69026,MCH8495,UTR9361232270,0,0,1,0,0,0,0
TXN00002806,2026-03-07 22:19:45,USR92635,MCH6161,24432.92,UTR5534764039,,SUCCESS,TXN00002806,USR92635,MCH6161,UTR5534764039,0,0,1,0,0,0,0
TXN00012683,2026-03-19 15:33:51,USR62103,MCH2108,9942.37,UTR6264659858,8120,SUCCESS,TXN00012683,USR62103,MCH2108,UTR6264659858,0,0,0,0,0,0,0
TXN00001395,2026-01-12 06:07:00,USR35727,MCH9245,8431.71,UTR3130999801,8120,SUCCESS,TXN00001395,USR35727,MCH9245,UTR3130999801,0,0,0,0,0,0,0
TXN00012413,2026-02-03 04:19:23,USR12238,MCH1804,5356.9,UTR4633188038,0110,SUCCESS,TXN00012413,USR12238,MCH1804,UTR 4633188038,0,0,0,0,0,0,0
TXN00010491,2026-01-06 05:53:36,USR56182,MCH7685,6169.0,UTR2239397592,8120,SUCCESS,TXN00010491,USR56182,MCH7685,UTR2239397592,0,0,0,0,0,0,0
TXN00016086,2026-01-19 11:10:37,USR21584,MCH1301,20925.11,UTR0932781313,1310,SUCCESS,TXN00016086,USR21584,MCH1301,UTR0932781313,0,0,0,0,0,0,0
TXN00013425,2026-01-08 12:38:31,USR44997,MCH4786,21745.0,UTR0774398740,,SUCCESS,TXN00013425,USR44997,MCH4786,UTR0774398740,0,0,1,0,0,0,0
TXN00001536,2026-03-26 00:00:00,USR36502,MCH7725,3055.93,UTR0932031370,4110,FAILED,TXN00001536,USR36502,MCH7725,UTR0932031370,0,0,0,0,0,1,0
TXN00010126,2026-01-11 18:17:15,USR11539,MCH1855,20529.94,UTR4812674157,1310,SUCCESS,TXN00010126,USR11539,MCH1855,UTR4812674157,0,0,0,0,0,0,0
TXN00015187,2026-02-06 13:47:41,USR81926,MCH5586,10598.02,,9120,SUCCESS,TXN00015187,USR81926,MCH5586,,0,1,0,0,0,0,0
TXN00004670,2026-03-19 06:03:50,USR25696,MCH3029,17428.63,UTR0822004827,4110,FAILED,TXN00004670,USR25696,MCH3029,UTR0822004827,0,0,0,0,0,1,0
TXN00007245,2026-01-05 03:45:03,USR77234,MCH3995,7119.95,UTR3983628498,9120,SUCCESS,TXN00007245,USR77234,MCH3995,UTR3983628498,0,0,0,0,0,0,0
TXN00013847,2026-01-14 00:00:00,USR26883,MCH4665,17478.0,UTR2070805824,8120,SUCCESS,TXN00013847,USR26883,MCH4665,UTR2070805824,0,0,0,0,0,0,0
TXN00014832,2026-03-14 15:38:33,USR28018,MCH7261,12982.1,UTR5026065672,4110,SUCCESS,TXN00014832,USR28018,MCH7261,UTR5026065672,0,0,0,0,0,0,0
TXN00017966,2026-02-26 06:22:19,USR74671,MCH2445,19921.35,UTR9335942007,,SUCCESS,TXN00017966,USR74671,MCH2445,UTR9335942007,0,0,1,0,0,0,0
TXN00007695,2026-02-07 03:41:35,USR77773,MCH8246,23400.49,UTR1906442004,4110,SUCCESS,TXN00007695,USR77773,MCH8246,UTR1906442004,0,0,0,0,0,0,0
TXN00019043,2026-02-25 20:24:54,USR40085,MCH4173,4514.04,UTR9490305179,1310,SUCCESS,TXN00019043,USR40085,MCH4173,UTR9490305179,0,0,0,0,0,0,0
TXN00002186,2026-02-18 13:41:44,USR26893,MCH2362,23458.24,UTR0906088857,1310,SUCCESS,TXN00002186,USR26893,MCH2362,UTR0906088857,0,0,0,0,0,0,0
TXN00016902,2026-02-06 22:07:40,USR25501,MCH4059,0.39349,UTR2641209163,1310,SUCCESS,TXN00016902,USR25501,MCH4059,UTR2641209163,0,0,0,0,0,0,0
TXN00015790,2026-03-16 00:00:00,USR64074,MCH3505,23984.0,UTR2066553195,8120,SUCCESS,TXN00015790,USR64074,MCH3505,UTR2066553195,0,0,0,0,0,0,0
TXN00009528,2026-02-23 08:06:53,USR61039,MCH3731,2371.0,UTR2277604346,1310,SUCCESS,TXN00009528,USR61039,MCH3731,UTR 2277604346,0,0,0,0,0,0,0
TXN00017959,2026-07-02 23:09:25,USR11729,MCH6457,0.192431,UTR0627177890,4110,SUCCESS,TXN00017959,USR11729,MCH6457,UTR0627177890,0,0,0,0,0,0,0
TXN00005301,2026-02-10 00:00:41,USR77618,MCH6011,19589.7,UTR8384013872,8120,SUCCESS,TXN00005301,USR77618,MCH6011,UTR8384013872,0,0,0,0,0,0,0
TXN00012800,2026-02-12 15:11:48,USR12844,MCH9735,10880.25,UTR3733833157,1310,SUCCESS,TXN00012800,USR12844,MCH9735,UTR3733833157,0,0,0,0,0,0,0
TXN00006594,2026-03-11 14:14:12,USR84870,MCH2127,21361.44,UTR9720771764,4110,SUCCESS,TXN00006594,USR84870,MCH2127,UTR9720771764,0,0,0,0,0,0,0
TXN00013083,2026-02-25 12:18:30,USR58920,MCH1108,12104.93,UTR9003529379,,SUCCESS,TXN00013083,USR58920,MCH1108,UTR9003529379,0,0,1,0,0,0,0
TXN00012834,2026-03-31 03:08:30,USR31990,MCH7653,10443.89,UTR0263753302,4110,SUCCESS,TXN00012834,USR31990,MCH7653,UTR 0263753302,0,0,0,0,0,0,0
TXN00006646,2026-02-10 15:33:34,USR40968,MCH2516,10270.86,UTR8362784756,4110,SUCCESS,TXN00006646,USR40968,MCH2516,UTR8362784756,0,0,0,0,0,0,0
TXN00001444,2026-12-01 00:23:00,USR11535,MCH1826,11099.32,UTR2425488244,8120,SUCCESS,TXN00001444,USR11535,MCH1826,UTR2425488244,0,0,0,0,0,0,0
TXN00002961,2026-02-18 19:04:49,USR90357,MCH1040,4889.06,UTR1786779775,8120,SUCCESS,TXN00002961,USR90357,MCH1040,UTR1786779775,0,0,0,0,0,0,0
TXN00018873,2026-01-18 08:35:52,USR31848,MCH2702,17477.55,UTR5772728608,0110,SUCCESS,TXN00018873,USR31848,MCH2702,UTR5772728608,0,0,0,0,0,0,0
TXN00019673,2026-03-20 14:41:34,USR46469,MCH5578,16608.81,UTR8007289618,0110,SUCCESS,TXN00019673,USR46469,MCH5578,UTR8007289618,0,0,0,0,0,0,0
TXN00002625,2026-02-04 06:07:15,USR17361,MCH6777,9439.18,UTR0358470372,1310,SUCCESS,TXN00002625,USR17361,MCH6777,UTR0358470372,0,0,0,0,0,0,0
TXN00009310,2026-03-24 08:08:45,USR15971,MCH4070,8790.38,UTR7157267409,1310,SUCCESS,TXN00009310,USR15971,MCH4070,UTR7157267409,0,0,0,0,0,0,0
TXN00015267,2026-03-13 09:25:01,USR82080,MCH1484,4573.1,UTR9115959787,9120,PENDING,TXN00015267,USR82080,MCH1484,UTR9115959787,0,0,0,0,0,0,1
TXN00007060,2026-02-03 09:13:56,USR62509,MCH7543,22771.5,UTR5291111959,4110,SUCCESS,TXN00007060,USR62509,MCH7543,UTR5291111959,0,0,0,0,0,0,0
TXN00000422,2026-02-16 06:59:51,USR45027,MCH4895,0.1974256,UTR9082202736,9120,SUCCESS,TXN00000422,USR45027,MCH4895,UTR9082202736,0,0,0,0,0,0,0
TXN00018441,2026-03-03 01:56:44,USR77350,MCH6921,10642.2,UTR2296777441,9120,SUCCESS,TXN00018441,USR77350,MCH6921,UTR2296777441,0,0,0,0,0,0,0
TXN00010118,2026-03-05 17:30:37,USR49941,MCH4296,15318.69,UTR7189656019,0110,SUCCESS,TXN00010118,USR49941,MCH4296,UTR7189656019,0,0,0,0,0,0,0
TXN00012848,2026-11-03 16:11:20,USR54255,MCH5661,22102.91,UTR3629685621,4110,SUCCESS,TXN00012848,USR54255,MCH5661,UTR3629685621,0,0,0,0,0,0,0
TXN00003409,2026-02-18 22:54:02,USR82433,MCH1575,6045.0,UTR5577764459,8120,SUCCESS,TXN00003409,USR82433,MCH1575,UTR5577764459,0,0,0,0,0,0,0
TXN00012917,2026-03-17 00:00:00,USR88026,MCH2711,9695.28,UTR5425534069,1310,SUCCESS,TXN00012917,USR88026,MCH2711,UTR5425534069,0,0,0,0,0,0,0
TXN00019442,2026-01-18 02:33:46,USR99129,MCH3986,14532.0,UTR6990684893,4110,SUCCESS,TXN00019442,USR99129,MCH3986,UTR6990684893,0,0,0,0,0,0,0
TXN00014550,2026-01-06 19:37:50,USR44582,MCH8349,16357.67,UTR1493559279,,SUCCESS,TXN00014550,USR44582,MCH8349,UTR1493559279,0,0,1,0,0,0,0
TXN00019805,2026-03-24 18:13:37,USR79844,MCH2611,6198.78,UTR3874640149,0110,SUCCESS,TXN00019805,USR79844,MCH2611,UTR3874640149,0,0,0,0,0,0,0
TXN00004536,2026-02-05 14:50:59,USR53068,MCH9837,14704.0,UTR7000785172,4110,SUCCESS,TXN00004536,USR53068,MCH9837,UTR7000785172,0,0,0,0,0,0,0
TXN00010540,2026-03-26 10:58:55,USR27891,MCH5814,11981.23,UTR3345818755,4110,SUCCESS,TXN00010540,USR27891,MCH5814,UTR3345818755,0,0,0,0,0,0,0
TXN00012934,2026-01-21 18:02:15,USR23090,MCH9737,0.846863,UTR1092064367,4110,SUCCESS,TXN00012934,USR23090,MCH9737,UTR1092064367,0,0,0,0,0,0,0
TXN00001420,2026-02-23 07:46:28,USR77751,MCH5541,23347.54,UTR6432004374,1310,SUCCESS,TXN00001420,USR77751,MCH5541,UTR6432004374,0,0,0,0,0,0,0
TXN00016209,2026-01-27 00:00:00,USR23158,MCH7369,17235.21,UTR8858998109,4110,SUCCESS,TXN00016209,USR23158,MCH7369,UTR8858998109,0,0,0,0,0,0,0
TXN00001792,2026-03-27 20:24:59,USR90402,MCH3087,0.1843847,UTR1553252134,0110,SUCCESS,TXN00001792,USR90402,MCH3087,UTR1553252134,0,0,0,0,0,0,0
TXN00010465,2026-03-25 18:18:32,USR95281,MCH8022,0.40512,UTR2305950712,4110,SUCCESS,TXN00010465,USR95281,MCH8022,UTR2305950712,0,0,0,0,0,0,0
TXN00013751,2026-03-30 04:57:32,USR12433,MCH4366,1979.0,UTR1684916308,8120,SUCCESS,TXN00013751,USR12433,MCH4366,UTR1684916308,0,0,0,0,0,0,0
TXN00004107,2026-01-01 12:06:20,USR45338,MCH7946,24132.92,UTR6336676591,4110,SUCCESS,TXN00004107,USR45338,MCH7946,UTR6336676591,0,0,0,0,0,0,0
TXN00010655,2026-01-22 03:59:30,USR41058,MCH2920,9565.29,UTR7702277763,4110,SUCCESS,TXN00010655,USR41058,MCH2920,UTR7702277763,0,0,0,0,0,0,0
TXN00014399,2026-03-04 05:39:59,USR96715,MCH3142,0.1933707,UTR7662549778,8120,SUCCESS,TXN00014399,USR96715,MCH3142,UTR7662549778,0,0,0,0,0,0,0
TXN00003986,2026-02-18 12:45:16,USR30435,MCH2873,23260.66,UTR4457538440,4110,SUCCESS,TXN00003986,USR30435,MCH2873,UTR4457538440,0,0,0,0,0,0,0
TXN00014831,2026-01-21 08:13:47,USR31410,MCH8295,11305.69,UTR9342989334,9120,SUCCESS,TXN00014831,USR31410,MCH8295,UTR9342989334,0,0,0,0,0,0,0
TXN00004101,2026-03-13 19:31:18,USR76416,MCH5467,15788.07,UTR7447789341,0110,SUCCESS,TXN00004101,USR76416,MCH5467,UTR 7447789341,0,0,0,0,0,0,0
TXN00014063,2026-03-05 12:08:33,USR34887,MCH8834,12863.02,UTR9971683337,4110,SUCCESS,TXN00014063,USR34887,MCH8834,UTR9971683337,0,0,0,0,0,0,0
TXN00013724,2026-01-15 03:19:48,USR52737,MCH2893,0.550591,UTR8394632429,9120,SUCCESS,TXN00013724,USR52737,MCH2893,UTR8394632429,0,0,0,0,0,0,0
TXN00009025,2026-03-10 08:42:04,USR44175,MCH6790,12945.8,UTR8402724416,1310,SUCCESS,TXN00009025,USR44175,MCH6790,UTR8402724416,0,0,0,0,0,0,0
TXN00007672,2026-02-25 19:35:59,USR69234,MCH8589,14038.28,UTR9644314929,1310,SUCCESS,TXN00007672,USR69234,MCH8589,UTR9644314929,0,0,0,0,0,0,0
TXN00000569,2026-01-30 22:17:38,USR48249,MCH1412,22604.93,UTR7613231008,4110,SUCCESS,TXN00000569,USR48249,MCH1412,UTR7613231008,0,0,0,0,0,0,0
TXN00008216,2026-01-24 23:55:46,USR75135,MCH5746,0.1266868,UTR8946232409,8120,SUCCESS,TXN00008216,USR75135,MCH5746,UTR 8946232409,0,0,0,0,0,0,0
TXN00002607,2026-07-01 02:21:04,USR41056,MCH9314,1180.83,UTR0194029032,9120,SUCCESS,TXN00002607,USR41056,MCH9314,UTR 0194029032,0,0,0,0,0,0,0
TXN00012102,2026-02-17 23:29:42,USR85344,MCH5186,6556.77,UTR1957824231,4110,SUCCESS,TXN00012102,USR85344,MCH5186,UTR 1957824231,0,0,0,0,0,0,0
TXN00016096,2026-01-17 01:41:07,USR71804,MCH9269,24495.28,UTR7167405471,0110,PENDING,TXN00016096,USR71804,MCH9269,UTR7167405471,0,0,0,0,0,0,1
TXN00020000,2026-05-02 19:31:24,USR59820,MCH4261,-4314.9,UTR8047960937,4110,SUCCESS,TXN00020000,USR59820,MCH4261,UTR8047960937,1,0,0,0,0,0,0
TXN00017015,2026-01-19 05:16:20,USR59805,MCH1284,7294.1,,,SUCCESS,TXN00017015,USR59805,MCH1284,,0,1,1,0,0,0,0
TXN00018338,2026-03-04 15:16:16,USR58007,MCH9226,5210.1,UTR2713965164,,FAILED,TXN00018338,USR58007,MCH9226,UTR2713965164,0,0,1,0,0,1,0
TXN00008768,2026-03-09 11:37:59,USR72750,MCH3961,-3188.26,UTR8120875593,1310,SUCCESS,TXN00008768,USR72750,MCH3961,UTR8120875593,1,0,0,0,0,0,0
TXN00011693,2026-01-21 08:43:39,USR83997,MCH5542,19306.09,UTR7197657747,,SUCCESS,TXN00011693,USR83997,MCH5542,UTR7197657747,0,0,1,0,0,0,0
TXN00006527,2026-01-30 00:00:00,USR64169,MCH1887,630.18,UTR8323019740,4110,FAILED,TXN00006527,USR64169,MCH1887,UTR8323019740,0,0,0,0,0,1,0
TXN00016282,2026-01-25 02:40:51,USR36923,MCH7924,19790.4,UTR6392024674,0110,SUCCESS,TXN00016282,USR36923,MCH7924,UTR 6392024674,0,0,0,0,0,0,0
TXN00018836,2026-01-24 03:06:32,USR51075,MCH1722,22654.38,UTR6204708256,4110,SUCCESS,TXN00018836,USR51075,MCH1722,UTR6204708256,0,0,0,0,0,0,0
TXN00005816,2026-01-30 10:10:09,USR66904,MCH2554,1425.07,UTR5112437768,8120,SUCCESS,TXN00005816,USR66904,MCH2554,UTR 5112437768,0,0,0,0,0,0,0
TXN00010390,2026-02-10 07:22:46,USR64778,MCH6675,22331.97,UTR5439977731,1310,FAILED,TXN00010390,USR64778,MCH6675,UTR 5439977731,0,0,0,0,0,1,0
TXN00014103,2026-02-26 01:41:31,USR87737,MCH8327,7267.37,UTR9841400932,1310,SUCCESS,TXN00014103,USR87737,MCH8327,UTR9841400932,0,0,0,0,0,0,0
TXN00012117,2026-02-09 15:55:48,USR81657,MCH5151,11831.15,UTR2424013921,4110,SUCCESS,TXN00012117,USR81657,MCH5151,UTR2424013921,0,0,0,0,0,0,0
TXN00016117,2026-03-18 18:20:26,USR62197,MCH6315,23427.0,UTR5578328191,4110,SUCCESS,TXN00016117,USR62197,MCH6315,UTR5578328191,0,0,0,0,0,0,0
TXN00007877,2026-03-11 23:01:38,USR82413,MCH6966,0.1634791,UTR2054077625,4110,PENDING,TXN00007877,USR82413,MCH6966,UTR2054077625,0,0,0,0,0,0,1
TXN00010617,2026-02-01 18:39:17,USR32400,MCH9578,23227.62,UTR7048266375,4110,SUCCESS,TXN00010617,USR32400,MCH9578,UTR7048266375,0,0,0,0,0,0,0
TXN00008122,2026-03-02 17:06:29,USR20162,MCH4221,15726.34,UTR2348084103,1310,SUCCESS,TXN00008122,USR20162,MCH4221,UTR2348084103,0,0,0,0,0,0,0
TXN00019110,2026-01-20 05:36:58,USR52570,MCH6259,15623.75,UTR5058004647,0110,FAILED,TXN00019110,USR52570,MCH6259,UTR5058004647,0,0,0,0,0,1,0
TXN00016420,2026-02-16 10:49:38,USR37290,MCH9800,8631.12,UTR1503763902,8120,SUCCESS,TXN00016420,USR37290,MCH9800,UTR 1503763902,0,0,0,0,0,0,0
TXN00004728,2026-03-05 00:04:21,USR80950,MCH6648,21098.55,UTR2565449041,,FAILED,TXN00004728,USR80950,MCH6648,UTR2565449041,0,0,1,0,0,1,0
TXN00012886,2026-03-14 02:36:38,USR31193,MCH6328,0.210795,UTR6605659849,1310,FAILED,TXN00012886,USR31193,MCH6328,UTR6605659849,0,0,0,0,0,1,0
TXN00004548,2026-03-13 10:58:40,USR72896,MCH8023,16238.0,UTR1163109642,0110,SUCCESS,TXN00004548,USR72896,MCH8023,UTR1163109642,0,0,0,0,0,0,0
TXN00010084,2026-01-07 00:00:00,USR43361,MCH9249,12430.62,UTR1776429466,1310,SUCCESS,TXN00010084,USR43361,MCH9249,UTR1776429466,0,0,0,0,0,0,0
TXN00004614,2026-03-26 04:22:02,USR56056,MCH6774,2734.25,UTR2564232280,4110,SUCCESS,TXN00004614,USR56056,MCH6774,UTR2564232280,0,0,0,0,0,0,0
TXN00002987,2026-03-05 05:14:34,USR55032,MCH9772,0.13012,UTR9992863157,8120,SUCCESS,TXN00002987,USR55032,MCH9772,UTR9992863157,0,0,0,0,0,0,0
TXN00011412,2026-01-11 05:04:05,USR15179,MCH5182,10423.55,UTR4305702690,4110,SUCCESS,TXN00011412,USR15179,MCH5182,UTR 4305702690,0,0,0,0,0,0,0
TXN00010365,2026-03-20 18:58:51,USR55591,MCH6825,63.5,UTR5275123026,4110,SUCCESS,TXN00010365,USR55591,MCH6825,UTR5275123026,0,0,0,0,0,0,0
TXN00007581,2026-02-08 21:34:12,USR85925,MCH4733,16797.76,UTR3672338959,4110,FAILED,TXN00007581,USR85925,MCH4733,UTR3672338959,0,0,0,0,0,1,0
TXN00003526,2026-02-24 18:36:30,USR83356,MCH1103,3690.42,UTR0491782303,1310,SUCCESS,TXN00003526,USR83356,MCH1103,UTR0491782303,0,0,0,0,0,0,0
TXN00006590,2026-02-14 08:59:39,USR73417,MCH1402,19764.94,UTR6058657063,0110,SUCCESS,TXN00006590,USR73417,MCH1402,UTR6058657063,0,0,0,0,0,0,0
TXN00006648,2026-03-30 22:13:31,USR82175,MCH9832,22407.46,UTR3832394628,1310,SUCCESS,TXN00006648,USR82175,MCH9832,UTR 3832394628,0,0,0,0,0,0,0
TXN00017936,2026-01-09 16:01:24,USR93702,MCH3832,19676.12,UTR2672593509,9120,SUCCESS,TXN00017936,USR93702,MCH3832,UTR2672593509,0,0,0,0,0,0,0
TXN00007119,2026-01-15 19:06:21,USR18888,MCH5661,0.1731739,,,FAILED,TXN00007119,USR18888,MCH5661,,0,1,1,0,0,1,0
TXN00013396,2026-02-01 21:21:39,USR14398,MCH7891,4424.0,UTR8074134393,1310,SUCCESS,TXN00013396,USR14398,MCH7891,UTR8074134393,0,0,0,0,0,0,0
TXN00006248,2026-02-01 22:00:05,USR61138,MCH4053,19938.0,UTR5913727470,1310,SUCCESS,TXN00006248,USR61138,MCH4053,UTR5913727470,0,0,0,0,0,0,0
TXN00005038,2026-03-11 22:23:33,USR22252,MCH1263,24245.77,UTR3812889448,1310,SUCCESS,TXN00005038,USR22252,MCH1263,UTR3812889448,0,0,0,0,0,0,0
TXN00010122,2026-02-24 23:02:09,USR76659,MCH9226,6241.9,,8120,SUCCESS,TXN00010122,USR76659,MCH9226,,0,1,0,0,0,0,0
TXN00017796,2026-08-02 03:29:21,USR28341,MCH3127,636.0,UTR8600245156,9120,FAILED,TXN00017796,USR28341,MCH3127,UTR8600245156,0,0,0,0,0,1,0
TXN00002959,2026-02-21 19:05:38,USR33330,MCH3403,6859.0,UTR9098834370,9120,SUCCESS,TXN00002959,USR33330,MCH3403,UTR9098834370,0,0,0,0,0,0,0
TXN00016296,2026-03-21 10:40:23,USR86410,MCH9562,8147.86,UTR7694735859,4110,FAILED,TXN00016296,USR86410,MCH9562,UTR7694735859,0,0,0,0,0,1,0
TXN00014334,2026-03-25 02:05:45,USR40999,MCH8331,6020.4,UTR2963959125,4110,SUCCESS,TXN00014334,USR40999,MCH8331,UTR2963959125,0,0,0,0,0,0,0
TXN00016772,2026-01-09 11:06:55,USR46639,MCH3301,22365.0,UTR6304511726,,FAILED,TXN00016772,USR46639,MCH3301,UTR 6304511726,0,0,1,0,0,1,0
TXN00013607,2026-02-02 09:19:02,USR93101,MCH5443,9460.0,UTR1107488167,1310,SUCCESS,TXN00013607,USR93101,MCH5443,UTR 1107488167,0,0,0,0,0,0,0
TXN00017464,2026-02-24 12:43:02,USR11045,MCH9993,1694.92,UTR7446020459,,SUCCESS,TXN00017464,USR11045,MCH9993,UTR7446020459,0,0,1,0,0,0,0
TXN00007389,2026-01-17 06:49:11,USR30047,MCH3277,7163.61,UTR7968027705,4110,SUCCESS,TXN00007389,USR30047,MCH3277,UTR7968027705,0,0,0,0,0,0,0
TXN00003384,2026-08-02 13:03:51,USR56013,MCH8840,6496.82,UTR0867376486,8120,FAILED,TXN00003384,USR56013,MCH8840,UTR0867376486,0,0,0,0,0,1,0
TXN00009518,2026-01-27 13:37:12,USR65884,MCH2269,18010.87,UTR6077234238,4110,SUCCESS,TXN00009518,USR65884,MCH2269,UTR6077234238,0,0,0,0,0,0,0
TXN00000467,2026-02-14 09:24:37,USR77191,MCH6571,7149.95,UTR7498807409,4110,SUCCESS,TXN00000467,USR77191,MCH6571,UTR 7498807409,0,0,0,0,0,0,0
TXN00006726,2026-01-26 22:06:16,USR44774,MCH5560,2250.41,UTR9545832967,4110,SUCCESS,TXN00006726,USR44774,MCH5560,UTR9545832967,0,0,0,0,0,0,0
TXN00011075,2026-03-23 00:43:28,USR44431,MCH3717,7512.68,UTR9272341074,1310,SUCCESS,TXN00011075,USR44431,MCH3717,UTR9272341074,0,0,0,0,0,0,0
TXN00009887,2026-03-14 00:15:14,USR58052,MCH4580,22283.15,UTR4844800412,4110,SUCCESS,TXN00009887,USR58052,MCH4580,UTR4844800412,0,0,0,0,0,0,0
TXN00001974,2026-03-11 03:26:10,USR17752,MCH7627,12956.79,UTR1000300830,4110,PENDING,TXN00001974,USR17752,MCH7627,UTR1000300830,0,0,0,0,0,0,1
TXN00009087,2026-01-03 10:02:57,USR62310,MCH2569,9982.02,UTR6436601325,8120,FAILED,TXN00009087,USR62310,MCH2569,UTR6436601325,0,0,0,0,0,1,0
TXN00016200,2026-03-02 19:13:14,USR72421,MCH1818,0.1911859,UTR1002972831,,SUCCESS,TXN00016200,USR72421,MCH1818,UTR1002972831,0,0,1,0,0,0,0
TXN00016692,2026-03-13 23:42:24,USR90449,MCH5458,7920.28,UTR7731159679,8120,SUCCESS,TXN00016692,USR90449,MCH5458,UTR7731159679,0,0,0,0,0,0,0
TXN00018103,2026-02-04 09:19:53,USR56665,MCH6377,3453.26,UTR5825977796,8120,SUCCESS,TXN00018103,USR56665,MCH6377,UTR5825977796,0,0,0,0,0,0,0
TXN00006020,2026-01-03 11:18:54,USR40999,MCH5289,2245.93,UTR7010365281,4110,SUCCESS,TXN00006020,USR40999,MCH5289,UTR7010365281,0,0,0,0,0,0,0
TXN00001066,2026-03-01 19:10:47,USR72872,MCH3765,18442.18,UTR1004095881,4110,SUCCESS,TXN00001066,USR72872,MCH3765,UTR1004095881,0,0,0,0,0,0,0
TXN00017498,2026-01-05 13:01:58,USR35357,MCH6978,15121.7,UTR5558026166,4110,SUCCESS,TXN00017498,USR35357,MCH6978,UTR5558026166,0,0,0,0,0,0,0
TXN00004121,2026-02-19 00:00:00,USR55472,MCH7167,0.73409,UTR5007787694,8120,SUCCESS,TXN00004121,USR55472,MCH7167,UTR5007787694,0,0,0,0,0,0,0
TXN00008466,2026-02-25 08:15:38,USR27725,MCH8668,6324.05,UTR9286926113,4110,SUCCESS,TXN00008466,USR27725,MCH8668,UTR9286926113,0,0,0,0,0,0,0
TXN00005279,2026-01-03 20:41:55,USR15565,MCH7085,0.2349871,UTR4123739088,,SUCCESS,TXN00005279,USR15565,MCH7085,UTR 4123739088,0,0,1,0,0,0,0
TXN00006983,2026-02-07 19:36:18,USR58613,MCH6024,23371.2,UTR1322463817,,SUCCESS,TXN00006983,USR58613,MCH6024,UTR1322463817,0,0,1,0,0,0,0
TXN00007759,2026-02-17 19:59:32,USR40482,MCH1442,22297.0,UTR2136432782,4110,SUCCESS,TXN00007759,USR40482,MCH1442,UTR 2136432782,0,0,0,0,0,0,0
TXN00004473,2026-04-03 15:33:53,USR69826,MCH9147,0.52158,UTR3206050668,4110,SUCCESS,TXN00004473,USR69826,MCH9147,UTR3206050668,0,0,0,0,0,0,0
TXN00016850,2026-08-01 02:03:09,USR17619,MCH5997,9405.27,UTR4700458045,0110,SUCCESS,TXN00016850,USR17619,MCH5997,UTR4700458045,0,0,0,0,0,0,0
TXN00011156,2026-01-08 11:01:08,USR26469,MCH5462,7752.9,UTR2999134781,4110,SUCCESS,TXN00011156,USR26469,MCH5462,UTR2999134781,0,0,0,0,0,0,0
TXN00002938,2026-01-30 12:39:41,USR31351,MCH1633,14598.48,UTR5383650137,4110,SUCCESS,TXN00002938,USR31351,MCH1633,UTR5383650137,0,0,0,0,0,0,0
TXN00005262,2026-03-29 20:59:04,USR21146,MCH9112,20663.35,UTR8718583395,0110,SUCCESS,TXN00005262,USR21146,MCH9112,UTR8718583395,0,0,0,0,0,0,0
TXN00009474,2026-02-07 15:08:45,USR75097,MCH7396,5182.59,UTR8994328325,8120,SUCCESS,TXN00009474,USR75097,MCH7396,UTR8994328325,0,0,0,0,0,0,0
TXN00007849,2026-01-23 04:35:56,USR67742,MCH8755,2970.36,,0110,SUCCESS,TXN00007849,USR67742,MCH8755,,0,1,0,0,0,0,0
TXN00019415,2026-01-29 08:40:45,USR90005,MCH5030,13371.32,UTR4389099670,9120,SUCCESS,TXN00019415,USR90005,MCH5030,UTR4389099670,0,0,0,0,0,0,0
TXN00019900,2026-01-23 12:12:19,USR64965,MCH1949,7918.7,UTR1219052449,4110,FAILED,TXN00019900,USR64965,MCH1949,UTR1219052449,0,0,0,0,0,1,0
TXN00014352,2026-02-23 05:55:52,USR91768,MCH6823,-11418.23,UTR0354640344,,SUCCESS,TXN00014352,USR91768,MCH6823,UTR0354640344,1,0,1,0,0,0,0
TXN00004576,2026-03-01 06:00:47,USR18648,MCH1489,7821.82,UTR0936102967,9120,FAILED,TXN00004576,USR18648,MCH1489,UTR0936102967,0,0,0,0,0,1,0
TXN00001024,2026-01-10 21:26:50,USR56390,MCH7267,24276.75,UTR9791296528,,SUCCESS,TXN00001024,USR56390,MCH7267,UTR9791296528,0,0,1,0,0,0,0
TXN00019803,2026-03-14 12:05:12,USR17272,MCH4892,12160.36,UTR2469943397,,PENDING,TXN00019803,USR17272,MCH4892,UTR2469943397,0,0,1,0,0,0,1
TXN00011707,2026-01-20 00:00:00,USR62909,MCH9356,23737.89,UTR0932639503,1310,SUCCESS,TXN00011707,USR62909,MCH9356,UTR0932639503,0,0,0,0,0,0,0
TXN00007063,2026-03-29 22:15:58,USR35762,MCH9431,16930.57,UTR4601925285,4110,SUCCESS,TXN00007063,USR35762,MCH9431,UTR4601925285,0,0,0,0,0,0,0
TXN00009511,2026-03-17 00:43:28,USR14762,MCH2920,13617.84,UTR7421081751,4110,SUCCESS,TXN00009511,USR14762,MCH2920,UTR7421081751,0,0,0,0,0,0,0
TXN00013698,2026-01-25 21:11:23,USR24441,MCH4901,7300.18,UTR6842861361,4110,SUCCESS,TXN00013698,USR24441,MCH4901,UTR6842861361,0,0,0,0,0,0,0
TXN00010784,2026-03-02 06:55:16,USR67288,MCH6891,17672.06,,,SUCCESS,TXN00010784,USR67288,MCH6891,,0,1,1,0,0,0,0
TXN00005391,2026-02-25 02:43:24,USR50304,MCH7735,3494.86,UTR8177774350,1310,SUCCESS,TXN00005391,USR50304,MCH7735,UTR8177774350,0,0,0,0,0,0,0
TXN00016428,2026-01-15 01:06:01,USR93643,MCH4019,14972.1,UTR5421841586,9120,FAILED,TXN00016428,USR93643,MCH4019,UTR5421841586,0,0,0,0,0,1,0
TXN00010478,2026-01-11 22:33:40,USR44917,MCH6924,0.125997,UTR2533969389,8120,SUCCESS,TXN00010478,USR44917,MCH6924,UTR2533969389,0,0,0,0,0,0,0
TXN00002761,2026-03-08 23:16:06,USR22431,MCH7199,3691.1,UTR6109423679,0110,SUCCESS,TXN00002761,USR22431,MCH7199,UTR6109423679,0,0,0,0,0,0,0
TXN00004751,2026-03-08 00:28:28,USR10525,MCH9247,8537.7,UTR4975613994,9120,SUCCESS,TXN00004751,USR10525,MCH9247,UTR4975613994,0,0,0,0,0,0,0
TXN00007923,2026-01-17 22:42:17,USR21736,MCH7090,4469.48,UTR9263976620,,FAILED,TXN00007923,USR21736,MCH7090,UTR9263976620,0,0,1,0,0,1,0
TXN00013293,2026-03-03 12:15:29,USR53940,MCH4195,0.1373638,UTR8906051266,1310,FAILED,TXN00013293,USR53940,MCH4195,UTR8906051266,0,0,0,0,0,1,0
TXN00013478,2026-03-29 19:39:19,USR90991,MCH1890,17151.37,UTR3234667077,4110,SUCCESS,TXN00013478,USR90991,MCH1890,UTR3234667077,0,0,0,0,0,0,0
TXN00009899,2026-03-29 17:30:22,USR54141,MCH4791,20774.75,UTR6672873513,0110,SUCCESS,TXN00009899,USR54141,MCH4791,UTR6672873513,0,0,0,0,0,0,0
TXN00002030,2026-01-13 15:11:27,USR30349,MCH1415,16357.82,UTR6355174778,0110,PENDING,TXN00002030,USR30349,MCH1415,UTR6355174778,0,0,0,0,0,0,1
TXN00011460,2026-02-09 06:25:18,USR72215,MCH9335,21734.81,UTR5924824734,8120,SUCCESS,TXN00011460,USR72215,MCH9335,UTR5924824734,0,0,0,0,0,0,0
TXN00019554,2026-01-02 07:47:08,USR14390,MCH7242,11122.24,UTR6666414586,4110,SUCCESS,TXN00019554,USR14390,MCH7242,UTR6666414586,0,0,0,0,0,0,0
TXN00008583,2026-02-16 20:23:01,USR44441,MCH5652,0.2212653,UTR4184225946,9120,FAILED,TXN00008583,USR44441,MCH5652,UTR4184225946,0,0,0,0,0,1,0
TXN00019308,2026-01-26 12:57:58,USR61404,MCH7502,4023.07,,1310,SUCCESS,TXN00019308,USR61404,MCH7502,,0,1,0,0,0,0,0
TXN00011149,2026-03-30 13:21:28,USR85454,MCH3097,21561.48,UTR2316302314,,SUCCESS,TXN00011149,USR85454,MCH3097,UTR2316302314,0,0,1,0,0,0,0
TXN00009320,2026-03-20 06:13:03,USR59955,MCH3582,18137.49,UTR1748963994,1310,SUCCESS,TXN00009320,USR59955,MCH3582,UTR1748963994,0,0,0,0,0,0,0
TXN00011510,2026-02-22 15:58:20,USR87929,MCH8044,8387.23,UTR1224089165,9120,SUCCESS,TXN00011510,USR87929,MCH8044,UTR1224089165,0,0,0,0,0,0,0
TXN00001309,2026-01-17 02:37:41,USR42636,MCH3088,8492.86,UTR9102724531,4110,FAILED,TXN00001309,USR42636,MCH3088,UTR9102724531,0,0,0,0,0,1,0
TXN00008498,2026-02-04 04:58:28,USR23093,MCH5209,13894.87,UTR6856785565,,SUCCESS,TXN00008498,USR23093,MCH5209,UTR 6856785565,0,0,1,0,0,0,0
TXN00008611,2026-12-02 04:00:09,USR31060,MCH6985,10459.11,,9120,SUCCESS,TXN00008611,USR31060,MCH6985,,0,1,0,0,0,0,0
TXN00015511,2026-02-28 17:37:23,USR86425,MCH6003,7307.43,UTR3268118075,9120,SUCCESS,TXN00015511,USR86425,MCH6003,UTR3268118075,0,0,0,0,0,0,0
TXN00011859,2026-03-22 19:28:45,USR13928,MCH9257,19807.5,UTR6896111099,9120,SUCCESS,TXN00011859,USR13928,MCH9257,UTR6896111099,0,0,0,0,0,0,0
TXN00009423,2026-02-10 04:23:09,USR62598,MCH9587,14579.13,UTR7401214622,,SUCCESS,TXN00009423,USR62598,MCH9587,UTR7401214622,0,0,1,0,0,0,0
TXN00017603,2026-02-01 23:23:31,USR71436,MCH1360,3113.0,UTR4809880667,9120,SUCCESS,TXN00017603,USR71436,MCH1360,UTR4809880667,0,0,0,0,0,0,0
TXN00003273,2026-01-22 19:58:41,USR91928,MCH4977,18088.86,UTR0079463568,,SUCCESS,TXN00003273,USR91928,MCH4977,UTR0079463568,0,0,1,0,0,0,0
TXN00018484,2026-03-02 17:27:08,USR61983,MCH3375,18742.16,UTR3783153003,9120,SUCCESS,TXN00018484,USR61983,MCH3375,UTR3783153003,0,0,0,0,0,0,0
TXN00019518,2026-02-06 19:34:20,USR71044,MCH8900,252.0,UTR2229455372,,FAILED,TXN00019518,USR71044,MCH8900,UTR2229455372,0,0,1,0,0,1,0
TXN00001596,2026-01-17 03:39:28,USR23449,MCH9327,14463.89,UTR1475509923,4110,FAILED,TXN00001596,USR23449,MCH9327,UTR1475509923,0,0,0,0,0,1,0
TXN00007686,2026-02-14 17:33:23,USR20363,MCH5200,19204.55,UTR9068948595,1310,SUCCESS,TXN00007686,USR20363,MCH5200,UTR9068948595,0,0,0,0,0,0,0
TXN00015549,2026-02-06 18:16:38,USR22326,MCH9502,568.0,UTR9353661180,4110,FAILED,TXN00015549,USR22326,MCH9502,UTR9353661180,0,0,0,0,0,1,0
TXN00011266,2026-01-11 20:19:53,USR43408,MCH7315,22373.82,UTR4938687035,4110,PENDING,TXN00011266,USR43408,MCH7315,UTR4938687035,0,0,0,0,0,0,1
TXN00015156,2026-02-18 00:00:00,USR37497,MCH4255,17017.07,UTR3057620340,4110,FAILED,TXN00015156,USR37497,MCH4255,UTR3057620340,0,0,0,0,0,1,0
TXN00002612,2026-02-27 22:30:09,USR54713,MCH8074,105.46,UTR2919488570,,SUCCESS,TXN00002612,USR54713,MCH8074,UTR2919488570,0,0,1,0,0,0,0
TXN00017575,2026-03-25 15:10:52,USR16562,MCH2889,11483.66,UTR4849718889,4110,FAILED,TXN00017575,USR16562,MCH2889,UTR4849718889,0,0,0,0,0,1,0
TXN00005630,2026-01-21 02:14:07,USR60631,MCH7729,2292.92,UTR9295923899,4110,SUCCESS,TXN00005630,USR60631,MCH7729,UTR 9295923899,0,0,0,0,0,0,0
TXN00005953,2026-03-11 04:48:20,USR36009,MCH9711,19754.0,UTR6820052806,,SUCCESS,TXN00005953,USR36009,MCH9711,UTR6820052806,0,0,1,0,0,0,0
TXN00006337,2026-02-15 01:50:40,USR89938,MCH9215,4214.23,UTR6885037973,0110,FAILED,TXN00006337,USR89938,MCH9215,UTR6885037973,0,0,0,0,0,1,0
TXN00019262,2026-01-28 01:15:07,USR54593,MCH9341,24924.7,UTR1885099460,,FAILED,TXN00019262,USR54593,MCH9341,UTR 1885099460,0,0,1,0,0,1,0
TXN00005145,2026-02-25 03:07:05,USR68859,MCH7086,10166.35,UTR9320039792,,SUCCESS,TXN00005145,USR68859,MCH7086,UTR9320039792,0,0,1,0,0,0,0
TXN00016012,2026-02-07 06:53:59,USR37312,MCH1344,8384.76,UTR2492989088,1310,SUCCESS,TXN00016012,USR37312,MCH1344,UTR2492989088,0,0,0,0,0,0,0
TXN00009550,2026-03-07 00:00:00,USR25111,MCH3916,23861.65,UTR5467567543,8120,SUCCESS,TXN00009550,USR25111,MCH3916,UTR 5467567543,0,0,0,0,0,0,0
TXN00012211,2026-03-29 00:00:00,USR64387,MCH5013,15425.98,UTR5129189800,4110,SUCCESS,TXN00012211,USR64387,MCH5013,UTR5129189800,0,0,0,0,0,0,0
TXN00007867,2026-01-01 22:42:04,USR79695,MCH7332,4850.99,UTR3075485767,8120,SUCCESS,TXN00007867,USR79695,MCH7332,UTR3075485767,0,0,0,0,0,0,0
TXN00013010,2026-02-26 13:01:05,USR81467,MCH5651,4539.38,UTR4499182361,,SUCCESS,TXN00013010,USR81467,MCH5651,UTR4499182361,0,0,1,0,0,0,0
TXN00004179,2026-01-30 13:54:16,USR38717,MCH6795,8180.26,UTR2373423883,1310,FAILED,TXN00004179,USR38717,MCH6795,UTR2373423883,0,0,0,0,0,1,0
TXN00019380,2026-09-01 14:42:47,USR32600,MCH9000,18355.54,UTR4887291069,4110,SUCCESS,TXN00019380,USR32600,MCH9000,UTR4887291069,0,0,0,0,0,0,0
TXN00016524,2026-03-10 02:23:04,USR58893,MCH1059,13634.32,UTR0920158228,1310,SUCCESS,TXN00016524,USR58893,MCH1059,UTR0920158228,0,0,0,0,0,0,0
TXN00000848,2026-03-17 12:06:49,USR35813,MCH8343,24921.89,UTR4860494705,8120,SUCCESS,TXN00000848,USR35813,MCH8343,UTR4860494705,0,0,0,0,0,0,0
TXN00001014,2026-02-06 10:31:42,USR64645,MCH3303,995.28,UTR3829738972,4110,SUCCESS,TXN00001014,USR64645,MCH3303,UTR3829738972,0,0,0,0,0,0,0
TXN00017029,2026-01-02 09:29:12,USR64097,MCH8151,0.1653844,UTR3697961913,9120,PENDING,TXN00017029,USR64097,MCH8151,UTR3697961913,0,0,0,0,0,0,1
TXN00019136,2026-02-19 00:00:00,USR32872,MCH3890,0.1545178,UTR4069223287,,SUCCESS,TXN00019136,USR32872,MCH3890,UTR4069223287,0,0,1,0,0,0,0
TXN00011797,2026-01-27 11:27:53,USR90973,MCH1073,5633.76,UTR1804760536,4110,FAILED,TXN00011797,USR90973,MCH1073,UTR1804760536,0,0,0,0,0,1,0
TXN00019845,2026-01-27 15:49:09,USR35660,MCH1614,0.1752754,UTR8952576057,4110,SUCCESS,TXN00019845,USR35660,MCH1614,UTR8952576057,0,0,0,0,0,0,0
TXN00010859,2026-03-18 15:18:53,USR93457,MCH9827,20353.53,UTR2353054264,,SUCCESS,TXN00010859,USR93457,MCH9827,UTR2353054264,0,0,1,0,0,0,0
TXN00008647,2026-02-25 20:26:27,USR94299,MCH4850,11008.62,UTR9911005675,0110,SUCCESS,TXN00008647,USR94299,MCH4850,UTR9911005675,0,0,0,0,0,0,0
TXN00015620,2026-02-14 10:43:12,USR45214,MCH4149,-10887.93,UTR7596332648,8120,SUCCESS,TXN00015620,USR45214,MCH4149,UTR7596332648,1,0,0,0,0,0,0
TXN00012049,2026-03-23 00:56:35,USR67924,MCH7876,20213.42,UTR0850763760,8120,SUCCESS,TXN00012049,USR67924,MCH7876,UTR0850763760,0,0,0,0,0,0,0
TXN00006600,2026-03-31 23:11:46,USR76968,MCH1537,14543.91,UTR6928674984,,SUCCESS,TXN00006600,USR76968,MCH1537,UTR6928674984,0,0,1,0,0,0,0
TXN00006588,2026-08-02 03:30:54,USR92278,MCH6421,1238.22,UTR6630557412,0110,SUCCESS,TXN00006588,USR92278,MCH6421,UTR6630557412,0,0,0,0,0,0,0
TXN00001538,2026-03-26 00:00:00,USR16411,MCH2219,17031.0,UTR6875189456,8120,SUCCESS,TXN00001538,USR16411,MCH2219,UTR6875189456,0,0,0,0,0,0,0
TXN00001962,2026-03-29 07:26:36,USR94833,MCH5231,10253.52,UTR8876787038,8120,SUCCESS,TXN00001962,USR94833,MCH5231,UTR8876787038,0,0,0,0,0,0,0
TXN00013832,2026-02-02 23:49:55,USR73517,MCH2073,3430.64,UTR1292082643,,SUCCESS,TXN00013832,USR73517,MCH2073,UTR1292082643,0,0,1,0,0,0,0
TXN00013474,2026-02-05 05:50:57,USR49935,MCH9638,8353.0,UTR4428804227,1310,SUCCESS,TXN00013474,USR49935,MCH9638,UTR4428804227,0,0,0,0,0,0,0
TXN00001401,2026-01-01 02:40:55,USR39563,MCH1860,4184.38,UTR2385822700,4110,SUCCESS,TXN00001401,USR39563,MCH1860,UTR2385822700,0,0,0,0,0,0,0
TXN00008993,2026-01-20 20:39:51,USR90963,MCH7998,8516.22,UTR8944096876,8120,SUCCESS,TXN00008993,USR90963,MCH7998,UTR8944096876,0,0,0,0,0,0,0
TXN00013636,2026-03-19 21:41:50,USR72384,MCH9495,21199.62,UTR1790992088,0110,SUCCESS,TXN00013636,USR72384,MCH9495,UTR1790992088,0,0,0,0,0,0,0
TXN00005812,2026-02-01 23:08:45,USR57018,MCH3620,24654.56,UTR9231482207,4110,FAILED,TXN00005812,USR57018,MCH3620,UTR 9231482207,0,0,0,0,0,1,0
TXN00019422,2026-02-28 01:04:23,USR58348,MCH2998,13471.36,UTR8398867703,,SUCCESS,TXN00019422,USR58348,MCH2998,UTR8398867703,0,0,1,0,0,0,0
TXN00002569,2026-01-28 00:00:00,USR59809,MCH5440,20089.03,UTR8813147530,8120,SUCCESS,TXN00002569,USR59809,MCH5440,UTR8813147530,0,0,0,0,0,0,0
TXN00011885,2026-01-31 17:28:30,USR76452,MCH7240,17958.77,UTR1666098930,,FAILED,TXN00011885,USR76452,MCH7240,UTR1666098930,0,0,1,0,0,1,0
TXN00010195,2026-01-15 10:51:20,USR87517,MCH9104,5680.25,UTR5654051797,4110,SUCCESS,TXN00010195,USR87517,MCH9104,UTR5654051797,0,0,0,0,0,0,0
TXN00018485,2026-02-06 12:25:08,USR16190,MCH5829,13438.27,UTR9248144225,,SUCCESS,TXN00018485,USR16190,MCH5829,UTR9248144225,0,0,1,0,0,0,0
TXN00011378,2026-04-01 22:37:29,USR68089,MCH9749,0.1167952,UTR6562368468,0110,SUCCESS,TXN00011378,USR68089,MCH9749,UTR6562368468,0,0,0,0,0,0,0
TXN00005941,2026-03-30 11:59:05,USR84110,MCH2924,10284.07,UTR2009382405,0110,SUCCESS,TXN00005941,USR84110,MCH2924,UTR2009382405,0,0,0,0,0,0,0
TXN00017415,2026-07-01 05:45:04,USR80703,MCH9405,1923.0,UTR4758145055,0110,SUCCESS,TXN00017415,USR80703,MCH9405,UTR4758145055,0,0,0,0,0,0,0
TXN00018805,2026-03-02 08:16:15,USR68824,MCH1935,6341.18,,8120,SUCCESS,TXN00018805,USR68824,MCH1935,,0,1,0,0,0,0,0
TXN00010732,2026-03-04 22:21:06,USR45947,MCH9529,21310.61,UTR6050833017,0110,SUCCESS,TXN00010732,USR45947,MCH9529,UTR6050833017,0,0,0,0,0,0,0
TXN00002589,2026-02-23 06:48:23,USR20919,MCH8585,6055.87,UTR6400943120,9120,SUCCESS,TXN00002589,USR20919,MCH8585,UTR6400943120,0,0,0,0,0,0,0
TXN00017617,2026-01-13 06:16:26,USR21699,MCH8789,10586.75,UTR8963850140,0110,SUCCESS,TXN00017617,USR21699,MCH8789,UTR8963850140,0,0,0,0,0,0,0
TXN00007091,2026-07-01 12:57:59,USR30523,MCH8756,2282.48,,9120,SUCCESS,TXN00007091,USR30523,MCH8756,,0,1,0,0,0,0,0
TXN00005387,2026-01-03 17:43:33,USR84897,MCH1294,0.1114349,UTR8618745690,,SUCCESS,TXN00005387,USR84897,MCH1294,UTR8618745690,0,0,1,0,0,0,0
TXN00010272,2026-03-03 10:30:37,USR82911,MCH3086,10814.02,UTR4098429064,8120,SUCCESS,TXN00010272,USR82911,MCH3086,UTR4098429064,0,0,0,0,0,0,0
TXN00016201,2026-03-03 14:02:20,USR97278,MCH7926,19465.07,UTR8920362064,,SUCCESS,TXN00016201,USR97278,MCH7926,UTR8920362064,0,0,1,0,0,0,0
TXN00009467,2026-02-20 02:42:31,USR59279,MCH8754,23145.46,UTR7180470273,8120,SUCCESS,TXN00009467,USR59279,MCH8754,UTR7180470273,0,0,0,0,0,0,0
TXN00000018,2026-01-04 02:03:32,USR13988,MCH5213,13123.66,UTR8596222355,8120,PENDING,TXN00000018,USR13988,MCH5213,UTR8596222355,0,0,0,0,0,0,1
TXN00000956,2026-03-27 09:42:35,USR98846,MCH8474,9584.63,UTR2271229829,9120,PENDING,TXN00000956,USR98846,MCH8474,UTR2271229829,0,0,0,0,0,0,1
TXN00006515,2026-02-09 00:00:00,USR86865,MCH1363,12716.89,UTR5429100915,4110,SUCCESS,TXN00006515,USR86865,MCH1363,UTR5429100915,0,0,0,0,0,0,0
TXN00002477,2026-03-07 00:00:00,USR82393,MCH1627,3275.0,UTR7303161503,4110,SUCCESS,TXN00002477,USR82393,MCH1627,UTR7303161503,0,0,0,0,0,0,0
TXN00004462,2026-02-27 21:46:22,USR87396,MCH3122,12995.1,UTR0165568643,1310,SUCCESS,TXN00004462,USR87396,MCH3122,UTR0165568643,0,0,0,0,0,0,0
TXN00019104,2026-01-15 09:47:37,USR15102,MCH5947,8553.22,UTR6998521694,4110,SUCCESS,TXN00019104,USR15102,MCH5947,UTR6998521694,0,0,0,0,0,0,0
TXN00007322,2026-03-20 18:10:09,USR61393,MCH5578,13306.85,UTR3044108220,1310,SUCCESS,TXN00007322,USR61393,MCH5578,UTR3044108220,0,0,0,0,0,0,0
TXN00016251,2026-01-19 05:43:03,USR14322,MCH6080,8475.22,UTR8933216536,,FAILED,TXN00016251,USR14322,MCH6080,UTR8933216536,0,0,1,0,0,1,0
TXN00000101,2026-03-07 01:37:16,USR92132,MCH9364,795.42,UTR7768620985,1310,FAILED,TXN00000101,USR92132,MCH9364,UTR7768620985,0,0,0,0,0,1,0
TXN00002664,2026-03-13 09:06:35,USR85423,MCH1995,16948.55,UTR2869132711,1310,SUCCESS,TXN00002664,USR85423,MCH1995,UTR2869132711,0,0,0,0,0,0,0
TXN00007506,2026-03-25 00:14:26,USR45585,MCH9564,23660.0,UTR6204357288,4110,SUCCESS,TXN00007506,USR45585,MCH9564,UTR 6204357288,0,0,0,0,0,0,0
TXN00015088,2026-03-30 08:50:35,USR28338,MCH7069,3389.64,UTR9244932767,1310,SUCCESS,TXN00015088,USR28338,MCH7069,UTR9244932767,0,0,0,0,0,0,0
TXN00010882,2026-01-18 16:44:39,USR70456,MCH8319,2028.67,UTR6899681183,4110,PENDING,TXN00010882,USR70456,MCH8319,UTR6899681183,0,0,0,0,0,0,1
TXN00018262,2026-03-06 00:00:00,USR59093,MCH5579,0.754707,UTR9156599014,8120,FAILED,TXN00018262,USR59093,MCH5579,UTR9156599014,0,0,0,0,0,1,0
TXN00003886,2026-04-03 07:31:27,USR84928,MCH8042,23358.26,UTR8911821553,8120,FAILED,TXN00003886,USR84928,MCH8042,UTR8911821553,0,0,0,0,0,1,0
TXN00010596,2026-03-25 00:18:13,USR86221,MCH1235,17507.7,UTR7637142995,,SUCCESS,TXN00010596,USR86221,MCH1235,UTR7637142995,0,0,1,0,0,0,0
TXN00013055,2026-02-19 02:33:59,USR93432,MCH4133,1066.3,UTR9367501128,0110,SUCCESS,TXN00013055,USR93432,MCH4133,UTR9367501128,0,0,0,0,0,0,0
TXN00008900,2026-03-10 11:05:12,USR80937,MCH4014,23584.5,UTR9776100815,,SUCCESS,TXN00008900,USR80937,MCH4014,UTR 9776100815,0,0,1,0,0,0,0
TXN00016904,2026-03-20 12:01:11,USR48759,MCH1461,8902.2,UTR3206591807,4110,SUCCESS,TXN00016904,USR48759,MCH1461,UTR3206591807,0,0,0,0,0,0,0
TXN00004829,2026-03-12 00:28:13,USR42608,MCH4630,7764.61,UTR7719233772,8120,PENDING,TXN00004829,USR42608,MCH4630,UTR7719233772,0,0,0,0,0,0,1
TXN00010775,2026-02-15 00:00:00,USR49790,MCH6637,5356.21,UTR9057243961,1310,SUCCESS,TXN00010775,USR49790,MCH6637,UTR9057243961,0,0,0,0,0,0,0
TXN00000369,2026-02-23 10:21:03,USR97843,MCH5352,4902.82,UTR0691432809,1310,SUCCESS,TXN00000369,USR97843,MCH5352,UTR 0691432809,0,0,0,0,0,0,0
TXN00006286,2026-01-12 01:40:06,USR45291,MCH5084,14224.63,UTR6483188216,8120,FAILED,TXN00006286,USR45291,MCH5084,UTR6483188216,0,0,0,0,0,1,0
TXN00009532,2026-03-10 09:15:47,USR54448,MCH3943,23336.0,UTR6325039762,4110,SUCCESS,TXN00009532,USR54448,MCH3943,UTR6325039762,0,0,0,0,0,0,0
TXN00007525,2026-02-23 21:02:13,USR80569,MCH4657,8878.0,UTR7221546807,0110,SUCCESS,TXN00007525,USR80569,MCH4657,UTR7221546807,0,0,0,0,0,0,0
TXN00001355,2026-03-15 10:14:02,USR63432,MCH8346,12171.86,UTR7344355826,1310,SUCCESS,TXN00001355,USR63432,MCH8346,UTR7344355826,0,0,0,0,0,0,0
TXN00009389,2026-03-08 13:18:54,USR41751,MCH8928,11558.89,UTR9477337986,1310,SUCCESS,TXN00009389,USR41751,MCH8928,UTR9477337986,0,0,0,0,0,0,0
TXN00002756,2026-02-13 07:03:32,USR32646,MCH4653,7269.71,UTR5272866036,9120,SUCCESS,TXN00002756,USR32646,MCH4653,UTR5272866036,0,0,0,0,0,0,0
TXN00017493,2026-01-20 03:19:49,USR19592,MCH2080,0.2304799,UTR9276965651,0110,PENDING,TXN00017493,USR19592,MCH2080,UTR9276965651,0,0,0,0,0,0,1
TXN00003425,2026-02-02 17:31:41,USR33754,MCH5657,20929.62,UTR3313206971,1310,SUCCESS,TXN00003425,USR33754,MCH5657,UTR3313206971,0,0,0,0,0,0,0
TXN00000454,2026-01-31 17:11:42,USR78623,MCH2667,0.226598,UTR0694219903,4110,SUCCESS,TXN00000454,USR78623,MCH2667,UTR0694219903,0,0,0,0,0,0,0
TXN00015521,2026-02-28 14:30:24,USR43371,MCH1856,172.17,UTR7250630081,4110,SUCCESS,TXN00015521,USR43371,MCH1856,UTR7250630081,0,0,0,0,0,0,0
TXN00005214,2026-01-30 00:20:57,USR19363,MCH4493,18907.24,UTR1845104744,9120,SUCCESS,TXN00005214,USR19363,MCH4493,UTR1845104744,0,0,0,0,0,0,0
TXN00011617,2026-02-22 06:36:07,USR12962,MCH6847,8041.04,UTR8642589975,0110,SUCCESS,TXN00011617,USR12962,MCH6847,UTR8642589975,0,0,0,0,0,0,0
TXN00015824,2026-01-04 21:48:14,USR42032,MCH9639,14370.31,UTR4864892368,8120,SUCCESS,TXN00015824,USR42032,MCH9639,UTR4864892368,0,0,0,0,0,0,0
TXN00006145,2026-01-16 09:10:50,USR89817,MCH6956,19581.17,UTR2906980430,,SUCCESS,TXN00006145,USR89817,MCH6956,UTR2906980430,0,0,1,0,0,0,0
TXN00004476,2026-01-17 04:49:29,USR53595,MCH6521,12100.23,UTR3013779672,,SUCCESS,TXN00004476,USR53595,MCH6521,UTR3013779672,0,0,1,0,0,0,0
TXN00010505,2026-11-01 03:19:07,USR12180,MCH6598,19909.54,UTR3710205635,1310,SUCCESS,TXN00010505,USR12180,MCH6598,UTR3710205635,0,0,0,0,0,0,0
TXN00018624,2026-03-10 02:14:07,USR61829,MCH6781,0.1217038,UTR6433710691,8120,SUCCESS,TXN00018624,USR61829,MCH6781,UTR 6433710691,0,0,0,0,0,0,0
TXN00011039,2026-01-21 04:10:16,USR93245,MCH5165,23104.46,,8120,SUCCESS,TXN00011039,USR93245,MCH5165,,0,1,0,0,0,0,0
TXN00004977,2026-01-03 20:24:18,USR86833,MCH9971,3095.01,UTR8836873125,4110,SUCCESS,TXN00004977,USR86833,MCH9971,UTR8836873125,0,0,0,0,0,0,0
TXN00002787,2026-01-14 00:00:00,USR56316,MCH3434,0.2401607,UTR3376532967,0110,SUCCESS,TXN00002787,USR56316,MCH3434,UTR3376532967,0,0,0,0,0,0,0
TXN00005831,2026-03-17 03:37:21,USR73167,MCH7737,24905.65,UTR3878857810,,SUCCESS,TXN00005831,USR73167,MCH7737,UTR3878857810,0,0,1,0,0,0,0
TXN00009411,2026-02-27 18:53:51,USR49962,MCH3656,3942.89,UTR8855685716,4110,SUCCESS,TXN00009411,USR49962,MCH3656,UTR8855685716,0,0,0,0,0,0,0
TXN00003930,2026-02-22 00:21:36,USR48424,MCH7596,3018.49,UTR4333153561,8120,SUCCESS,TXN00003930,USR48424,MCH7596,UTR4333153561,0,0,0,0,0,0,0
TXN00014041,2026-03-25 00:17:33,USR18140,MCH2597,-659.3,UTR2479046545,4110,SUCCESS,TXN00014041,USR18140,MCH2597,UTR2479046545,1,0,0,0,0,0,0
TXN00018402,2026-01-08 01:49:35,USR61095,MCH8526,14290.5,UTR6689320452,8120,SUCCESS,TXN00018402,USR61095,MCH8526,UTR6689320452,0,0,0,0,0,0,0
TXN00009234,2026-03-16 14:45:45,USR65760,MCH4093,11357.87,UTR4419688189,,PENDING,TXN00009234,USR65760,MCH4093,UTR4419688189,0,0,1,0,0,0,1
TXN00008914,2026-01-07 14:01:05,USR11833,MCH7496,5399.0,UTR0831422230,1310,SUCCESS,TXN00008914,USR11833,MCH7496,UTR0831422230,0,0,0,0,0,0,0
TXN00018459,2026-03-08 06:01:00,USR16700,MCH1877,11724.0,UTR6457295462,,SUCCESS,TXN00018459,USR16700,MCH1877,UTR6457295462,0,0,1,0,0,0,0
TXN00005340,2026-02-27 23:22:55,USR12227,MCH8801,-164.53,UTR0538283750,4110,FAILED,TXN00005340,USR12227,MCH8801,UTR0538283750,1,0,0,0,0,1,0
TXN00014928,2026-02-02 16:13:07,USR97229,MCH3889,11453.4,UTR5716312971,4110,SUCCESS,TXN00014928,USR97229,MCH3889,UTR 5716312971,0,0,0,0,0,0,0
TXN00018117,2026-01-14 15:35:17,USR11073,MCH4410,10603.58,UTR5691366283,,SUCCESS,TXN00018117,USR11073,MCH4410,UTR5691366283,0,0,1,0,0,0,0
TXN00000279,2026-02-08 17:43:09,USR71708,MCH3515,17552.15,UTR8117746390,4110,SUCCESS,TXN00000279,USR71708,MCH3515,UTR8117746390,0,0,0,0,0,0,0
TXN00015861,2026-01-11 15:41:45,USR43566,MCH6910,2122.74,UTR0989645400,9120,SUCCESS,TXN00015861,USR43566,MCH6910,UTR0989645400,0,0,0,0,0,0,0
TXN00000781,2026-02-25 21:24:37,USR58608,MCH4781,17351.77,UTR0946814984,0110,FAILED,TXN00000781,USR58608,MCH4781,UTR0946814984,0,0,0,0,0,1,0
TXN00003325,2026-03-13 22:24:03,USR28920,MCH2320,0.1955118,UTR5762590708,1310,SUCCESS,TXN00003325,USR28920,MCH2320,UTR5762590708,0,0,0,0,0,0,0
TXN00014935,2026-01-24 06:18:05,USR56145,MCH4541,0.180055,UTR3045326591,8120,SUCCESS,TXN00014935,USR56145,MCH4541,UTR3045326591,0,0,0,0,0,0,0
TXN00013125,2026-03-29 09:49:17,USR11762,MCH8117,2632.43,UTR0868739381,0110,SUCCESS,TXN00013125,USR11762,MCH8117,UTR 0868739381,0,0,0,0,0,0,0
TXN00017781,2026-01-04 11:09:32,USR90330,MCH9642,1958.79,UTR4782236697,8120,SUCCESS,TXN00017781,USR90330,MCH9642,UTR4782236697,0,0,0,0,0,0,0
TXN00015872,2026-01-23 23:05:47,USR78066,MCH6041,886.84,UTR9298935486,4110,SUCCESS,TXN00015872,USR78066,MCH6041,UTR9298935486,0,0,0,0,0,0,0
TXN00014761,2026-02-05 02:09:22,USR68696,MCH2796,14270.4,UTR7098801817,0110,SUCCESS,TXN00014761,USR68696,MCH2796,UTR7098801817,0,0,0,0,0,0,0
TXN00009948,2026-03-18 02:17:59,USR37604,MCH4310,6752.2,UTR4104807147,4110,SUCCESS,TXN00009948,USR37604,MCH4310,UTR4104807147,0,0,0,0,0,0,0
TXN00010113,2026-01-09 09:17:41,USR47997,MCH8992,17613.55,UTR2913382859,8120,SUCCESS,TXN00010113,USR47997,MCH8992,UTR2913382859,0,0,0,0,0,0,0
TXN00011332,2026-01-28 08:46:26,USR10471,MCH9141,3515.72,UTR5943994340,,SUCCESS,TXN00011332,USR10471,MCH9141,UTR5943994340,0,0,1,0,0,0,0
TXN00015304,2026-01-24 09:14:01,USR94808,MCH1769,9552.62,UTR6578888163,9120,FAILED,TXN00015304,USR94808,MCH1769,UTR6578888163,0,0,0,0,0,1,0
TXN00015482,2026-02-07 01:37:02,USR76721,MCH4876,5297.44,UTR8877880411,9120,SUCCESS,TXN00015482,USR76721,MCH4876,UTR8877880411,0,0,0,0,0,0,0
TXN00016582,2026-03-27 01:10:23,USR92419,MCH2716,13578.0,UTR8091497555,,SUCCESS,TXN00016582,USR92419,MCH2716,UTR8091497555,0,0,1,0,0,0,0
TXN00011804,2026-03-05 22:48:50,USR81214,MCH8089,0.2482934,UTR6133215881,4110,SUCCESS,TXN00011804,USR81214,MCH8089,UTR6133215881,0,0,0,0,0,0,0
TXN00017762,2026-02-09 02:20:26,USR55716,MCH4530,20337.25,UTR2524022128,0110,SUCCESS,TXN00017762,USR55716,MCH4530,UTR2524022128,0,0,0,0,0,0,0
TXN00016570,2026-04-03 09:01:37,USR53636,MCH3893,7477.52,UTR3651180724,4110,SUCCESS,TXN00016570,USR53636,MCH3893,UTR3651180724,0,0,0,0,0,0,0
TXN00010616,2026-01-25 01:29:20,USR52816,MCH3708,0.1278728,UTR9545412434,0110,SUCCESS,TXN00010616,USR52816,MCH3708,UTR9545412434,0,0,0,0,0,0,0
TXN00007888,2026-01-10 14:37:40,USR26165,MCH3289,0.985815,UTR0593611943,1310,SUCCESS,TXN00007888,USR26165,MCH3289,UTR0593611943,0,0,0,0,0,0,0
TXN00015205,2026-01-18 09:08:50,USR29857,MCH4929,12211.0,UTR2714027166,4110,SUCCESS,TXN00015205,USR29857,MCH4929,UTR2714027166,0,0,0,0,0,0,0
TXN00012137,2026-03-26 14:36:37,USR18489,MCH7939,19073.76,UTR5994354057,,SUCCESS,TXN00012137,USR18489,MCH7939,UTR 5994354057,0,0,1,0,0,0,0
TXN00014280,2026-01-10 06:36:38,USR17432,MCH9099,14228.56,UTR4991340886,8120,SUCCESS,TXN00014280,USR17432,MCH9099,UTR4991340886,0,0,0,0,0,0,0
TXN00015560,2026-03-21 17:52:06,USR97509,MCH6568,22694.06,UTR0208209411,4110,SUCCESS,TXN00015560,USR97509,MCH6568,UTR 0208209411,0,0,0,0,0,0,0
TXN00006249,2026-01-05 16:23:44,USR59930,MCH7631,-18005.58,UTR4045381001,1310,SUCCESS,TXN00006249,USR59930,MCH7631,UTR4045381001,1,0,0,0,0,0,0
TXN00018362,2026-01-07 13:26:58,USR87394,MCH8027,15759.67,UTR4281836849,9120,SUCCESS,TXN00018362,USR87394,MCH8027,UTR4281836849,0,0,0,0,0,0,0
TXN00015553,2026-01-12 23:47:02,USR19411,MCH9043,2557.28,UTR4187461861,4110,SUCCESS,TXN00015553,USR19411,MCH9043,UTR4187461861,0,0,0,0,0,0,0
TXN00016223,2026-02-05 18:59:36,USR19687,MCH9501,8129.0,UTR3483887936,0110,SUCCESS,TXN00016223,USR19687,MCH9501,UTR 3483887936,0,0,0,0,0,0,0
TXN00013740,2026-02-19 05:38:49,USR48697,MCH9227,21780.55,UTR0180074751,4110,FAILED,TXN00013740,USR48697,MCH9227,UTR0180074751,0,0,0,0,0,1,0
TXN00014656,2026-02-06 16:08:43,USR53025,MCH2501,-20904.46,UTR2432034527,4110,SUCCESS,TXN00014656,USR53025,MCH2501,UTR2432034527,1,0,0,0,0,0,0
TXN00016490,2026-02-03 22:02:19,USR28350,MCH7115,7563.21,UTR5256844340,1310,SUCCESS,TXN00016490,USR28350,MCH7115,UTR5256844340,0,0,0,0,0,0,0
TXN00012402,2026-02-11 00:34:51,USR40289,MCH8452,13206.18,UTR1272387210,4110,SUCCESS,TXN00012402,USR40289,MCH8452,UTR1272387210,0,0,0,0,0,0,0
TXN00008656,2026-01-13 20:01:22,USR82847,MCH3615,11228.3,UTR4980245730,1310,SUCCESS,TXN00008656,USR82847,MCH3615,UTR4980245730,0,0,0,0,0,0,0
TXN00017763,2026-01-18 03:36:46,USR84983,MCH3840,8743.37,UTR2993468443,,SUCCESS,TXN00017763,USR84983,MCH3840,UTR2993468443,0,0,1,0,0,0,0
TXN00000490,2026-02-12 13:02:38,USR59051,MCH1577,22257.69,UTR5734516935,4110,SUCCESS,TXN00000490,USR59051,MCH1577,UTR5734516935,0,0,0,0,0,0,0
TXN00015119,2026-01-31 10:12:37,USR45036,MCH2516,1438.92,UTR8528787739,8120,SUCCESS,TXN00015119,USR45036,MCH2516,UTR8528787739,0,0,0,0,0,0,0
TXN00002917,2026-02-20 05:32:10,USR65236,MCH7948,18549.99,UTR1397485014,4110,PENDING,TXN00002917,USR65236,MCH7948,UTR1397485014,0,0,0,0,0,0,1
TXN00005351,2026-02-04 16:52:44,USR61337,MCH8476,0.1833168,UTR0288688506,4110,SUCCESS,TXN00005351,USR61337,MCH8476,UTR0288688506,0,0,0,0,0,0,0
TXN00000036,2026-01-28 00:13:52,USR20855,MCH9063,20211.85,UTR7177891035,0110,SUCCESS,TXN00000036,USR20855,MCH9063,UTR7177891035,0,0,0,0,0,0,0
TXN00006089,2026-03-24 15:28:19,USR75072,MCH9968,17735.31,UTR3645802242,9120,SUCCESS,TXN00006089,USR75072,MCH9968,UTR3645802242,0,0,0,0,0,0,0
TXN00018152,2026-03-22 00:00:00,USR15039,MCH8103,22429.29,UTR1470306938,,SUCCESS,TXN00018152,USR15039,MCH8103,UTR1470306938,0,0,1,0,0,0,0
TXN00000600,2026-01-03 09:45:23,USR84808,MCH3404,1031.31,UTR5852233215,,PENDING,TXN00000600,USR84808,MCH3404,UTR5852233215,0,0,1,0,0,0,1
TXN00000498,2026-02-21 08:31:16,USR75740,MCH3917,1952.59,UTR8321088371,4110,SUCCESS,TXN00000498,USR75740,MCH3917,UTR8321088371,0,0,0,0,0,0,0
TXN00005660,2026-02-15 03:39:48,USR78746,MCH5140,15712.39,UTR0827261145,4110,SUCCESS,TXN00005660,USR78746,MCH5140,UTR 0827261145,0,0,0,0,0,0,0
TXN00007585,2026-01-28 19:31:18,USR88576,MCH8472,13368.52,UTR6639114574,9120,SUCCESS,TXN00007585,USR88576,MCH8472,UTR 6639114574,0,0,0,0,0,0,0
TXN00019713,2026-01-01 12:58:59,USR34638,MCH7341,11661.76,UTR8391421256,9120,SUCCESS,TXN00019713,USR34638,MCH7341,UTR8391421256,0,0,0,0,0,0,0
TXN00000078,2026-01-19 16:03:53,USR63641,MCH2999,1860.38,UTR7777472139,,SUCCESS,TXN00000078,USR63641,MCH2999,UTR7777472139,0,0,1,0,0,0,0
TXN00017668,2026-01-21 23:37:55,USR81578,MCH1391,13233.79,UTR9734220698,,SUCCESS,TXN00017668,USR81578,MCH1391,UTR 9734220698,0,0,1,0,0,0,0
TXN00000153,2026-01-24 22:41:01,USR66866,MCH4287,3630.92,UTR2840663167,4110,SUCCESS,TXN00000153,USR66866,MCH4287,UTR2840663167,0,0,0,0,0,0,0
TXN00018804,2026-03-22 12:16:04,USR90517,MCH5454,10563.62,UTR4775531592,,FAILED,TXN00018804,USR90517,MCH5454,UTR4775531592,0,0,1,0,0,1,0
TXN00017037,2026-02-18 17:56:35,USR15405,MCH4395,2639.41,UTR0645895402,9120,SUCCESS,TXN00017037,USR15405,MCH4395,UTR0645895402,0,0,0,0,0,0,0
TXN00013900,2026-01-24 23:57:06,USR79190,MCH1970,3080.66,UTR3256748436,1310,SUCCESS,TXN00013900,USR79190,MCH1970,UTR3256748436,0,0,0,0,0,0,0
TXN00017431,2026-02-08 16:07:18,USR70558,MCH3988,23089.33,UTR8516872062,0110,SUCCESS,TXN00017431,USR70558,MCH3988,UTR8516872062,0,0,0,0,0,0,0
TXN00017511,2026-01-03 01:33:34,USR71558,MCH7460,3509.24,UTR0334771046,,SUCCESS,TXN00017511,USR71558,MCH7460,UTR0334771046,0,0,1,0,0,0,0
TXN00010386,2026-01-12 17:21:26,USR10250,MCH7688,0.486188,,4110,SUCCESS,TXN00010386,USR10250,MCH7688,,0,1,0,0,0,0,0
TXN00016176,2026-03-21 05:14:11,USR24540,MCH5978,7061.64,UTR8125019758,1310,SUCCESS,TXN00016176,USR24540,MCH5978,UTR8125019758,0,0,0,0,0,0,0
TXN00003822,2026-03-27 17:06:03,USR50434,MCH4339,9070.37,UTR0771119262,9120,SUCCESS,TXN00003822,USR50434,MCH4339,UTR0771119262,0,0,0,0,0,0,0
TXN00009914,2026-03-19 11:59:41,USR85185,MCH4263,15164.18,UTR2063294598,0110,SUCCESS,TXN00009914,USR85185,MCH4263,UTR2063294598,0,0,0,0,0,0,0
TXN00013584,2026-01-07 02:26:14,USR43877,MCH6208,19170.12,UTR2892690388,8120,SUCCESS,TXN00013584,USR43877,MCH6208,UTR2892690388,0,0,0,0,0,0,0
TXN00003272,2026-01-29 23:33:12,USR76368,MCH2251,259.37,UTR7161632001,4110,SUCCESS,TXN00003272,USR76368,MCH2251,UTR7161632001,0,0,0,0,0,0,0
TXN00000053,2026-02-06 21:17:41,USR51481,MCH2444,23488.08,UTR6297764243,8120,SUCCESS,TXN00000053,USR51481,MCH2444,UTR6297764243,0,0,0,0,0,0,0
TXN00013203,2026-01-27 16:42:32,USR39919,MCH2807,13892.41,UTR9845284130,4110,SUCCESS,TXN00013203,USR39919,MCH2807,UTR9845284130,0,0,0,0,0,0,0
TXN00012517,2026-03-05 16:07:37,USR53559,MCH9636,11707.42,UTR0610569062,4110,SUCCESS,TXN00012517,USR53559,MCH9636,UTR0610569062,0,0,0,0,0,0,0
TXN00006707,2026-03-14 14:39:37,USR28124,MCH3986,0.2324874,UTR3259401321,1310,SUCCESS,TXN00006707,USR28124,MCH3986,UTR3259401321,0,0,0,0,0,0,0
TXN00001655,2026-02-14 08:30:16,USR39017,MCH7349,2200.19,UTR3229331158,9120,SUCCESS,TXN00001655,USR39017,MCH7349,UTR3229331158,0,0,0,0,0,0,0
TXN00009905,2026-02-14 01:58:39,USR30095,MCH2422,22934.55,UTR1408031038,0110,SUCCESS,TXN00009905,USR30095,MCH2422,UTR1408031038,0,0,0,0,0,0,0
TXN00009758,2026-03-24 18:28:51,USR71946,MCH3122,24791.91,UTR0930992438,8120,SUCCESS,TXN00009758,USR71946,MCH3122,UTR0930992438,0,0,0,0,0,0,0
TXN00018535,2026-03-31 01:40:36,USR96184,MCH8617,0.178184,UTR2178783320,,FAILED,TXN00018535,USR96184,MCH8617,UTR2178783320,0,0,1,0,0,1,0
TXN00010240,2026-03-03 09:18:06,USR39419,MCH7835,6871.56,UTR2767804545,1310,SUCCESS,TXN00010240,USR39419,MCH7835,UTR2767804545,0,0,0,0,0,0,0
TXN00004057,2026-02-12 10:29:22,USR49580,MCH2847,20461.33,UTR5592951994,0110,SUCCESS,TXN00004057,USR49580,MCH2847,UTR5592951994,0,0,0,0,0,0,0
TXN00007123,2026-03-20 10:04:36,USR87137,MCH3520,13355.56,UTR2614723912,1310,SUCCESS,TXN00007123,USR87137,MCH3520,UTR2614723912,0,0,0,0,0,0,0
TXN00011692,2026-02-11 11:13:43,USR21609,MCH7499,14272.89,UTR6486472810,4110,SUCCESS,TXN00011692,USR21609,MCH7499,UTR6486472810,0,0,0,0,0,0,0
TXN00005720,2026-01-13 06:02:04,USR48851,MCH1480,3605.26,UTR2661181026,9120,SUCCESS,TXN00005720,USR48851,MCH1480,UTR2661181026,0,0,0,0,0,0,0
TXN00015691,2026-01-24 17:05:18,USR59234,MCH2984,4439.13,UTR6568631265,,SUCCESS,TXN00015691,USR59234,MCH2984,UTR6568631265,0,0,1,0,0,0,0
TXN00003870,2026-03-13 19:22:44,USR45932,MCH2886,1762.0,UTR4567109590,9120,SUCCESS,TXN00003870,USR45932,MCH2886,UTR4567109590,0,0,0,0,0,0,0
TXN00000623,2026-01-22 14:18:29,USR61402,MCH4503,9268.1,UTR5929627486,,SUCCESS,TXN00000623,USR61402,MCH4503,UTR5929627486,0,0,1,0,0,0,0
TXN00015276,2026-03-18 06:20:45,USR78829,MCH6929,12155.23,UTR5599048610,0110,SUCCESS,TXN00015276,USR78829,MCH6929,UTR5599048610,0,0,0,0,0,0,0
TXN00018184,2026-07-03 14:27:01,USR24637,MCH6415,5220.07,UTR3362471693,8120,SUCCESS,TXN00018184,USR24637,MCH6415,UTR3362471693,0,0,0,0,0,0,0
TXN00009991,2026-03-16 19:05:13,USR74905,MCH5865,11265.08,UTR6048859406,9120,SUCCESS,TXN00009991,USR74905,MCH5865,UTR6048859406,0,0,0,0,0,0,0
TXN00013951,2026-01-04 13:17:40,USR60298,MCH5099,24942.43,UTR6977495547,4110,SUCCESS,TXN00013951,USR60298,MCH5099,UTR6977495547,0,0,0,0,0,0,0
TXN00013545,2026-01-12 19:37:22,USR44395,MCH1008,5487.42,UTR0527251690,4110,SUCCESS,TXN00013545,USR44395,MCH1008,UTR0527251690,0,0,0,0,0,0,0
TXN00004294,2026-03-01 11:38:34,USR10273,MCH6512,22701.38,UTR0676349117,0110,SUCCESS,TXN00004294,USR10273,MCH6512,UTR0676349117,0,0,0,0,0,0,0
TXN00019130,2026-02-11 21:16:52,USR33755,MCH3802,7415.0,UTR7611118371,9120,SUCCESS,TXN00019130,USR33755,MCH3802,UTR7611118371,0,0,0,0,0,0,0
TXN00005210,2026-02-08 11:18:59,USR77889,MCH5624,4524.63,UTR8513675656,,SUCCESS,TXN00005210,USR77889,MCH5624,UTR8513675656,0,0,1,0,0,0,0
TXN00000863,2026-02-22 10:38:45,USR22955,MCH6318,13114.51,UTR7045365641,4110,SUCCESS,TXN00000863,USR22955,MCH6318,UTR7045365641,0,0,0,0,0,0,0
TXN00003634,2026-02-06 19:46:41,USR71592,MCH1520,8786.97,UTR5955561867,8120,SUCCESS,TXN00003634,USR71592,MCH1520,UTR5955561867,0,0,0,0,0,0,0
TXN00004087,2026-03-02 01:28:46,USR20239,MCH7524,3283.03,UTR7837161718,4110,SUCCESS,TXN00004087,USR20239,MCH7524,UTR7837161718,0,0,0,0,0,0,0
TXN00006003,2026-01-15 13:21:38,USR44681,MCH6936,21811.14,UTR9107061688,8120,SUCCESS,TXN00006003,USR44681,MCH6936,UTR9107061688,0,0,0,0,0,0,0
TXN00001247,2026-03-25 12:20:00,USR13332,MCH3596,3289.81,UTR5552749154,4110,FAILED,TXN00001247,USR13332,MCH3596,UTR5552749154,0,0,0,0,0,1,0
TXN00003112,2026-01-08 03:20:29,USR11620,MCH2941,6058.13,UTR8352071229,9120,SUCCESS,TXN00003112,USR11620,MCH2941,UTR8352071229,0,0,0,0,0,0,0
TXN00016473,2026-01-22 07:05:06,USR45644,MCH1605,0.713136,UTR8091162932,8120,SUCCESS,TXN00016473,USR45644,MCH1605,UTR8091162932,0,0,0,0,0,0,0
TXN00009152,2026-01-18 13:03:08,USR81956,MCH5664,12433.87,UTR5352938934,4110,SUCCESS,TXN00009152,USR81956,MCH5664,UTR 5352938934,0,0,0,0,0,0,0
TXN00007873,2026-03-24 11:13:19,USR89005,MCH9951,23505.09,UTR9634222057,1310,SUCCESS,TXN00007873,USR89005,MCH9951,UTR9634222057,0,0,0,0,0,0,0
TXN00003918,2026-03-06 00:14:37,USR21792,MCH1507,-8651.69,UTR6934811116,0110,SUCCESS,TXN00003918,USR21792,MCH1507,UTR6934811116,1,0,0,0,0,0,0
TXN00005639,2026-03-18 04:53:41,USR38652,MCH9028,447.0,UTR0922195134,0110,SUCCESS,TXN00005639,USR38652,MCH9028,UTR0922195134,0,0,0,0,0,0,0
TXN00006176,2026-03-02 20:17:10,USR47167,MCH2531,13179.92,UTR3851770208,4110,SUCCESS,TXN00006176,USR47167,MCH2531,UTR3851770208,0,0,0,0,0,0,0
TXN00003711,2026-01-18 00:05:23,USR73483,MCH2217,267.01,UTR6361548266,,SUCCESS,TXN00003711,USR73483,MCH2217,UTR6361548266,0,0,1,0,0,0,0
TXN00002490,2026-01-31 01:06:44,USR71972,MCH2879,9389.49,UTR3533265718,0110,FAILED,TXN00002490,USR71972,MCH2879,UTR3533265718,0,0,0,0,0,1,0
TXN00015526,2026-02-21 14:24:54,USR92862,MCH5675,3269.68,UTR6088125134,1310,SUCCESS,TXN00015526,USR92862,MCH5675,UTR6088125134,0,0,0,0,0,0,0
TXN00015072,2026-03-12 10:20:17,USR28396,MCH6037,5645.0,UTR7120249804,1310,SUCCESS,TXN00015072,USR28396,MCH6037,UTR7120249804,0,0,0,0,0,0,0
TXN00012306,2026-02-27 07:35:18,USR95371,MCH9467,6857.03,UTR3531198466,0110,SUCCESS,TXN00012306,USR95371,MCH9467,UTR3531198466,0,0,0,0,0,0,0
TXN00006162,2026-02-21 19:48:13,USR76500,MCH1491,7536.38,UTR0283454398,4110,SUCCESS,TXN00006162,USR76500,MCH1491,UTR0283454398,0,0,0,0,0,0,0
TXN00015474,2026-01-13 11:24:29,USR30993,MCH9466,0.1747,UTR3224000866,0110,SUCCESS,TXN00015474,USR30993,MCH9466,UTR3224000866,0,0,0,0,0,0,0
TXN00001364,2026-02-26 19:55:00,USR11958,MCH8885,15793.0,UTR2056716371,4110,SUCCESS,TXN00001364,USR11958,MCH8885,UTR2056716371,0,0,0,0,0,0,0
TXN00002904,2026-02-09 21:13:19,USR42535,MCH7716,10419.98,UTR7337304183,1310,PENDING,TXN00002904,USR42535,MCH7716,UTR7337304183,0,0,0,0,0,0,1
TXN00004202,2026-01-20 12:01:04,USR97523,MCH7705,4914.18,UTR0820919161,4110,SUCCESS,TXN00004202,USR97523,MCH7705,UTR0820919161,0,0,0,0,0,0,0
TXN00001586,2026-03-14 12:05:30,USR28665,MCH4393,3419.63,UTR8353340444,4110,SUCCESS,TXN00001586,USR28665,MCH4393,UTR8353340444,0,0,0,0,0,0,0
TXN00017423,2026-09-02 18:55:20,USR10563,MCH7182,7395.86,UTR0644420365,9120,SUCCESS,TXN00017423,USR10563,MCH7182,UTR0644420365,0,0,0,0,0,0,0
TXN00018264,2026-02-07 23:32:13,USR31860,MCH2361,23486.45,UTR3511254981,9120,SUCCESS,TXN00018264,USR31860,MCH2361,UTR3511254981,0,0,0,0,0,0,0
TXN00017982,2026-01-01 19:25:18,USR89262,MCH1974,3726.0,UTR0993761370,8120,SUCCESS,TXN00017982,USR89262,MCH1974,UTR0993761370,0,0,0,0,0,0,0
TXN00013806,2026-01-01 23:03:00,USR77865,MCH9139,3188.83,UTR5878316476,4110,SUCCESS,TXN00013806,USR77865,MCH9139,UTR5878316476,0,0,0,0,0,0,0
TXN00010898,2026-02-12 19:20:41,USR76918,MCH7845,5406.3,UTR2120008598,1310,SUCCESS,TXN00010898,USR76918,MCH7845,UTR2120008598,0,0,0,0,0,0,0
TXN00006292,2026-01-20 09:26:59,USR23513,MCH6094,9741.97,UTR7325690521,4110,SUCCESS,TXN00006292,USR23513,MCH6094,UTR7325690521,0,0,0,0,0,0,0
TXN00000568,2026-01-05 01:28:05,USR49850,MCH7387,10942.5,UTR2310285692,8120,SUCCESS,TXN00000568,USR49850,MCH7387,UTR2310285692,0,0,0,0,0,0,0
TXN00000893,2026-02-25 21:27:20,USR27373,MCH6643,0.2075719,UTR2002383006,,SUCCESS,TXN00000893,USR27373,MCH6643,UTR2002383006,0,0,1,0,0,0,0
TXN00000310,2026-02-19 22:04:14,USR40822,MCH1041,6778.1,UTR5695077191,1310,SUCCESS,TXN00000310,USR40822,MCH1041,UTR5695077191,0,0,0,0,0,0,0
TXN00014699,2026-03-11 09:45:08,USR72671,MCH7246,5099.18,UTR9879328701,9120,SUCCESS,TXN00014699,USR72671,MCH7246,UTR9879328701,0,0,0,0,0,0,0
TXN00008436,2026-03-28 10:51:13,USR23122,MCH7305,0.617622,UTR8356674007,4110,PENDING,TXN00008436,USR23122,MCH7305,UTR8356674007,0,0,0,0,0,0,1
TXN00017708,2026-01-27 23:24:37,USR16870,MCH5266,-397.34,UTR1377102818,,SUCCESS,TXN00017708,USR16870,MCH5266,UTR1377102818,1,0,1,0,0,0,0
TXN00016374,2026-02-28 16:36:07,USR43196,MCH8008,10511.61,UTR4838358875,,FAILED,TXN00016374,USR43196,MCH8008,UTR4838358875,0,0,1,0,0,1,0
TXN00007560,2026-02-07 18:40:38,USR24862,MCH6430,-20266.99,UTR5503560668,4110,SUCCESS,TXN00007560,USR24862,MCH6430,UTR5503560668,1,0,0,0,0,0,0
TXN00014434,2026-03-27 15:52:31,USR62184,MCH6814,0.2146765,UTR0109036414,4110,SUCCESS,TXN00014434,USR62184,MCH6814,UTR0109036414,0,0,0,0,0,0,0
TXN00006408,2026-02-12 12:59:36,USR90703,MCH6234,7871.54,UTR0390942072,4110,SUCCESS,TXN00006408,USR90703,MCH6234,UTR0390942072,0,0,0,0,0,0,0
TXN00011174,2026-03-19 15:50:56,USR75835,MCH5733,17339.74,UTR5842619451,1310,SUCCESS,TXN00011174,USR75835,MCH5733,UTR5842619451,0,0,0,0,0,0,0
TXN00007976,2026-02-20 13:52:05,USR66881,MCH1498,3852.2,UTR0478453366,4110,SUCCESS,TXN00007976,USR66881,MCH1498,UTR0478453366,0,0,0,0,0,0,0
TXN00012591,2026-03-22 22:59:04,USR68900,MCH5962,22038.0,,,SUCCESS,TXN00012591,USR68900,MCH5962,,0,1,1,0,0,0,0
TXN00013988,2026-02-15 09:28:21,USR27263,MCH6580,7103.32,UTR9650249719,9120,PENDING,TXN00013988,USR27263,MCH6580,UTR9650249719,0,0,0,0,0,0,1
TXN00000565,2026-01-15 09:05:00,USR37204,MCH8159,8771.18,,8120,SUCCESS,TXN00000565,USR37204,MCH8159,,0,1,0,0,0,0,0
TXN00014717,2026-03-14 01:26:14,USR27730,MCH1506,23316.0,UTR9997163844,4110,SUCCESS,TXN00014717,USR27730,MCH1506,UTR9997163844,0,0,0,0,0,0,0
TXN00006345,2026-01-29 05:04:14,USR35448,MCH8362,10448.54,UTR4201417096,8120,SUCCESS,TXN00006345,USR35448,MCH8362,UTR4201417096,0,0,0,0,0,0,0
TXN00007717,2026-03-14 16:48:10,USR68207,MCH2371,5589.15,UTR6348826172,8120,FAILED,TXN00007717,USR68207,MCH2371,UTR6348826172,0,0,0,0,0,1,0
TXN00013612,2026-03-17 07:37:38,USR39070,MCH5152,22215.93,UTR7123394253,4110,SUCCESS,TXN00013612,USR39070,MCH5152,UTR7123394253,0,0,0,0,0,0,0
TXN00001849,2026-02-05 05:07:11,USR85885,MCH5252,22174.25,UTR1765089289,1310,SUCCESS,TXN00001849,USR85885,MCH5252,UTR1765089289,0,0,0,0,0,0,0
TXN00005521,2026-01-21 08:35:59,USR34225,MCH2883,20860.0,UTR6585663747,4110,SUCCESS,TXN00005521,USR34225,MCH2883,UTR6585663747,0,0,0,0,0,0,0
TXN00013777,2026-03-18 14:56:57,USR51713,MCH6443,10143.97,UTR0586286684,4110,SUCCESS,TXN00013777,USR51713,MCH6443,UTR0586286684,0,0,0,0,0,0,0
TXN00008413,2026-02-27 07:30:02,USR62044,MCH2809,8763.31,UTR0523701950,1310,PENDING,TXN00008413,USR62044,MCH2809,UTR0523701950,0,0,0,0,0,0,1
TXN00008424,2026-05-03 16:00:24,USR24043,MCH2617,298.0,UTR6119048188,9120,SUCCESS,TXN00008424,USR24043,MCH2617,UTR 6119048188,0,0,0,0,0,0,0
TXN00019071,2026-03-05 10:22:08,USR42066,MCH2485,4176.66,UTR2828120135,4110,SUCCESS,TXN00019071,USR42066,MCH2485,UTR2828120135,0,0,0,0,0,0,0
TXN00007302,2026-01-14 00:00:00,USR88077,MCH1100,10763.61,UTR6864285710,8120,SUCCESS,TXN00007302,USR88077,MCH1100,UTR6864285710,0,0,0,0,0,0,0
TXN00008451,2026-01-30 12:08:56,USR32045,MCH6253,16841.18,UTR0377620922,,SUCCESS,TXN00008451,USR32045,MCH6253,UTR0377620922,0,0,1,0,0,0,0
TXN00006801,2026-03-17 00:00:00,USR29029,MCH5294,1436.91,UTR5927764643,8120,SUCCESS,TXN00006801,USR29029,MCH5294,UTR5927764643,0,0,0,0,0,0,0
TXN00007518,2026-02-23 14:29:51,USR92128,MCH8613,5987.89,UTR1943396287,4110,FAILED,TXN00007518,USR92128,MCH8613,UTR1943396287,0,0,0,0,0,1,0
TXN00002004,2026-02-14 00:43:44,USR59042,MCH4700,6246.16,UTR5611287204,,SUCCESS,TXN00002004,USR59042,MCH4700,UTR5611287204,0,0,1,0,0,0,0
TXN00005369,2026-02-25 21:27:35,USR59556,MCH8192,19306.08,UTR7066634320,8120,SUCCESS,TXN00005369,USR59556,MCH8192,UTR7066634320,0,0,0,0,0,0,0
TXN00001802,2026-02-15 01:49:18,USR97493,MCH8399,0.1844033,UTR3095152837,9120,SUCCESS,TXN00001802,USR97493,MCH8399,UTR3095152837,0,0,0,0,0,0,0
TXN00010953,2026-01-04 21:23:43,USR77093,MCH2479,0.559308,UTR8166166999,4110,SUCCESS,TXN00010953,USR77093,MCH2479,UTR8166166999,0,0,0,0,0,0,0
TXN00007168,2026-02-03 20:07:40,USR36039,MCH4124,11462.0,,4110,SUCCESS,TXN00007168,USR36039,MCH4124,,0,1,0,0,0,0,0
TXN00002886,2026-02-05 00:56:59,USR45750,MCH6572,23520.21,UTR6858943233,0110,SUCCESS,TXN00002886,USR45750,MCH6572,UTR6858943233,0,0,0,0,0,0,0
TXN00003165,2026-02-19 06:07:46,USR69890,MCH3877,1414.0,UTR5658225941,9120,SUCCESS,TXN00003165,USR69890,MCH3877,UTR5658225941,0,0,0,0,0,0,0
TXN00009531,2026-01-14 17:51:04,USR70343,MCH5903,1966.08,UTR6558177519,4110,SUCCESS,TXN00009531,USR70343,MCH5903,UTR6558177519,0,0,0,0,0,0,0
TXN00004585,2026-01-21 02:12:41,USR70987,MCH1603,17294.47,UTR3476838852,,SUCCESS,TXN00004585,USR70987,MCH1603,UTR3476838852,0,0,1,0,0,0,0
TXN00019696,2026-06-01 17:19:25,USR69122,MCH8510,5101.02,UTR1474101611,9120,SUCCESS,TXN00019696,USR69122,MCH8510,UTR1474101611,0,0,0,0,0,0,0
TXN00007771,2026-02-17 19:14:10,USR95566,MCH6906,12602.18,,1310,SUCCESS,TXN00007771,USR95566,MCH6906,,0,1,0,0,0,0,0
TXN00006149,2026-03-17 16:57:17,USR12118,MCH7946,15631.04,UTR7132985174,0110,SUCCESS,TXN00006149,USR12118,MCH7946,UTR7132985174,0,0,0,0,0,0,0
TXN00013663,2026-01-02 00:42:54,USR82124,MCH5718,15226.53,UTR2062561852,8120,SUCCESS,TXN00013663,USR82124,MCH5718,UTR2062561852,0,0,0,0,0,0,0
TXN00011249,2026-01-12 12:21:02,USR69891,MCH4555,9033.88,UTR6440876321,,SUCCESS,TXN00011249,USR69891,MCH4555,UTR6440876321,0,0,1,0,0,0,0
TXN00002958,2026-03-01 15:43:17,USR61843,MCH7191,0.2154366,UTR2930475670,4110,SUCCESS,TXN00002958,USR61843,MCH7191,UTR2930475670,0,0,0,0,0,0,0
TXN00019244,2026-01-17 00:00:00,USR37463,MCH8754,15734.18,UTR2578739869,4110,SUCCESS,TXN00019244,USR37463,MCH8754,UTR2578739869,0,0,0,0,0,0,0
TXN00016421,2026-03-21 02:16:17,USR57922,MCH8742,16752.03,UTR5803888295,4110,PENDING,TXN00016421,USR57922,MCH8742,UTR5803888295,0,0,0,0,0,0,1
TXN00000607,2026-03-19 21:20:36,USR56140,MCH5470,5166.0,UTR5097440751,9120,SUCCESS,TXN00000607,USR56140,MCH5470,UTR5097440751,0,0,0,0,0,0,0
TXN00011088,2026-01-30 03:26:43,USR33884,MCH6803,14004.5,UTR8912341396,,SUCCESS,TXN00011088,USR33884,MCH6803,UTR8912341396,0,0,1,0,0,0,0
TXN00017716,2026-01-10 21:49:37,USR78293,MCH6935,8789.38,UTR7774434308,8120,SUCCESS,TXN00017716,USR78293,MCH6935,UTR 7774434308,0,0,0,0,0,0,0
TXN00003713,2026-07-03 21:36:08,USR84473,MCH6652,17659.09,,0110,SUCCESS,TXN00003713,USR84473,MCH6652,,0,1,0,0,0,0,0
TXN00009960,2026-02-28 15:00:22,USR38414,MCH1807,5858.36,UTR1203708616,1310,SUCCESS,TXN00009960,USR38414,MCH1807,UTR1203708616,0,0,0,0,0,0,0
TXN00011562,2026-01-16 04:13:51,USR61098,MCH6247,6349.88,UTR6448266298,0110,SUCCESS,TXN00011562,USR61098,MCH6247,UTR6448266298,0,0,0,0,0,0,0
TXN00009162,2026-02-14 12:42:53,USR46616,MCH3185,15951.88,UTR7272070449,4110,FAILED,TXN00009162,USR46616,MCH3185,UTR7272070449,0,0,0,0,0,1,0
TXN00007336,2026-01-03 04:18:11,USR21591,MCH6751,5859.1,UTR2055778703,4110,SUCCESS,TXN00007336,USR21591,MCH6751,UTR2055778703,0,0,0,0,0,0,0
TXN00012187,2026-02-02 22:20:20,USR87945,MCH9355,17574.24,UTR5765568282,1310,SUCCESS,TXN00012187,USR87945,MCH9355,UTR5765568282,0,0,0,0,0,0,0
TXN00007403,2026-02-01 14:35:37,USR81658,MCH4909,14314.47,UTR6982280139,9120,SUCCESS,TXN00007403,USR81658,MCH4909,UTR6982280139,0,0,0,0,0,0,0
TXN00015993,2026-03-16 19:18:37,USR23792,MCH5982,24121.0,UTR8385788729,,PENDING,TXN00015993,USR23792,MCH5982,UTR8385788729,0,0,1,0,0,0,1
TXN00007103,2026-01-23 18:30:04,USR41529,MCH5638,23976.01,UTR4664303714,4110,SUCCESS,TXN00007103,USR41529,MCH5638,UTR4664303714,0,0,0,0,0,0,0
TXN00008876,2026-02-10 12:27:25,USR19311,MCH9187,2821.48,UTR4987956635,1310,SUCCESS,TXN00008876,USR19311,MCH9187,UTR4987956635,0,0,0,0,0,0,0
TXN00011796,2026-01-16 11:19:55,USR70270,MCH7369,21802.02,UTR0409161223,0110,FAILED,TXN00011796,USR70270,MCH7369,UTR 0409161223,0,0,0,0,0,1,0
TXN00005139,2026-01-13 23:06:35,USR30630,MCH4263,17081.03,UTR1239777985,1310,SUCCESS,TXN00005139,USR30630,MCH4263,UTR1239777985,0,0,0,0,0,0,0
TXN00000014,2026-02-22 22:47:46,USR45936,MCH7539,5316.35,UTR6983373291,9120,SUCCESS,TXN00000014,USR45936,MCH7539,UTR6983373291,0,0,0,0,0,0,0
TXN00004271,2026-03-26 10:23:36,USR47547,MCH2900,16222.65,UTR6299460139,9120,SUCCESS,TXN00004271,USR47547,MCH2900,UTR6299460139,0,0,0,0,0,0,0
TXN00009714,2026-03-21 07:49:34,USR83578,MCH8267,0.566848,UTR5139512547,9120,SUCCESS,TXN00009714,USR83578,MCH8267,UTR5139512547,0,0,0,0,0,0,0
TXN00014136,2026-02-25 03:58:50,USR16146,MCH1854,7728.0,UTR7905590066,4110,SUCCESS,TXN00014136,USR16146,MCH1854,UTR7905590066,0,0,0,0,0,0,0
TXN00016059,2026-02-03 17:21:35,USR61550,MCH8530,10868.22,UTR6988168686,4110,SUCCESS,TXN00016059,USR61550,MCH8530,UTR6988168686,0,0,0,0,0,0,0
TXN00002092,2026-03-10 00:00:00,USR50094,MCH4513,0.2411227,UTR3925915717,,SUCCESS,TXN00002092,USR50094,MCH4513,UTR3925915717,0,0,1,0,0,0,0
TXN00000005,2026-01-27 16:51:53,USR45786,MCH3980,0.390891,UTR7039426717,,SUCCESS,TXN00000005,USR45786,MCH3980,UTR 7039426717,0,0,1,0,0,0,0
TXN00017745,2026-02-18 18:11:18,USR21602,MCH4741,8872.13,UTR0862162525,4110,SUCCESS,TXN00017745,USR21602,MCH4741,UTR 0862162525,0,0,0,0,0,0,0
TXN00006118,2026-02-25 06:48:23,USR68626,MCH3537,24728.24,UTR8951599583,4110,SUCCESS,TXN00006118,USR68626,MCH3537,UTR8951599583,0,0,0,0,0,0,0
TXN00013524,2026-03-09 06:46:26,USR20497,MCH2092,21436.8,UTR9679495965,9120,SUCCESS,TXN00013524,USR20497,MCH2092,UTR9679495965,0,0,0,0,0,0,0
TXN00002947,2026-01-28 13:52:49,USR72534,MCH8792,12851.0,UTR0478715101,,SUCCESS,TXN00002947,USR72534,MCH8792,UTR0478715101,0,0,1,0,0,0,0
TXN00000961,2026-02-10 22:19:02,USR67677,MCH4360,2079.14,UTR0274518049,8120,FAILED,TXN00000961,USR67677,MCH4360,UTR0274518049,0,0,0,0,0,1,0
TXN00005841,2026-02-12 21:16:27,USR54151,MCH7626,10440.4,UTR3429820761,0110,SUCCESS,TXN00005841,USR54151,MCH7626,UTR3429820761,0,0,0,0,0,0,0
TXN00014265,2026-01-18 00:04:25,USR29233,MCH5904,18245.0,UTR0098932553,8120,SUCCESS,TXN00014265,USR29233,MCH5904,UTR0098932553,0,0,0,0,0,0,0
TXN00015622,2026-02-12 14:51:03,USR87120,MCH9167,21066.28,UTR7346009646,4110,FAILED,TXN00015622,USR87120,MCH9167,UTR7346009646,0,0,0,0,0,1,0
TXN00005770,2026-02-24 15:08:53,USR25429,MCH9482,22806.0,UTR6772418388,,SUCCESS,TXN00005770,USR25429,MCH9482,UTR6772418388,0,0,1,0,0,0,0
TXN00014461,2026-01-11 06:43:50,USR11374,MCH7360,24225.63,UTR9963027236,9120,SUCCESS,TXN00014461,USR11374,MCH7360,UTR9963027236,0,0,0,0,0,0,0
TXN00010930,2026-02-02 03:56:23,USR11263,MCH4315,21824.99,UTR7656318183,,SUCCESS,TXN00010930,USR11263,MCH4315,UTR7656318183,0,0,1,0,0,0,0
TXN00019490,2026-03-12 16:47:54,USR90511,MCH4612,5998.91,UTR0553372279,1310,SUCCESS,TXN00019490,USR90511,MCH4612,UTR0553372279,0,0,0,0,0,0,0
TXN00019899,2026-03-18 01:22:21,USR13002,MCH7572,22936.0,UTR4275270650,,SUCCESS,TXN00019899,USR13002,MCH7572,UTR 4275270650,0,0,1,0,0,0,0
TXN00016245,2026-03-27 22:47:20,USR83639,MCH2513,13568.83,UTR1084255774,8120,SUCCESS,TXN00016245,USR83639,MCH2513,UTR1084255774,0,0,0,0,0,0,0
TXN00002029,2026-03-20 19:33:34,USR89102,MCH2745,6420.69,UTR2278406712,8120,SUCCESS,TXN00002029,USR89102,MCH2745,UTR2278406712,0,0,0,0,0,0,0
TXN00003741,2026-01-15 00:21:50,USR66060,MCH3220,22609.95,UTR4369361107,8120,SUCCESS,TXN00003741,USR66060,MCH3220,UTR4369361107,0,0,0,0,0,0,0
TXN00019261,2026-03-06 16:54:10,USR87162,MCH4929,10082.86,UTR3070038586,,PENDING,TXN00019261,USR87162,MCH4929,UTR 3070038586,0,0,1,0,0,0,1
TXN00011632,2026-02-27 00:00:00,USR95399,MCH6966,22769.69,UTR1413407949,8120,FAILED,TXN00011632,USR95399,MCH6966,UTR1413407949,0,0,0,0,0,1,0
TXN00002665,2026-03-15 11:11:22,USR34817,MCH1127,15197.73,UTR8206195490,8120,SUCCESS,TXN00002665,USR34817,MCH1127,UTR8206195490,0,0,0,0,0,0,0
TXN00007234,2026-02-16 22:38:40,USR96565,MCH1586,13601.51,UTR2820765068,1310,SUCCESS,TXN00007234,USR96565,MCH1586,UTR2820765068,0,0,0,0,0,0,0
TXN00011438,2026-01-12 22:03:23,USR30913,MCH3643,23261.28,UTR1841613553,1310,SUCCESS,TXN00011438,USR30913,MCH3643,UTR1841613553,0,0,0,0,0,0,0
TXN00003428,2026-02-25 03:01:34,USR84062,MCH6769,15619.11,UTR9468926858,,SUCCESS,TXN00003428,USR84062,MCH6769,UTR9468926858,0,0,1,0,0,0,0
TXN00009029,2026-01-11 14:43:31,USR20164,MCH2424,24925.0,UTR5764822273,0110,SUCCESS,TXN00009029,USR20164,MCH2424,UTR5764822273,0,0,0,0,0,0,0
TXN00005571,2026-01-16 14:56:04,USR79453,MCH2936,24390.29,UTR4248243610,0110,SUCCESS,TXN00005571,USR79453,MCH2936,UTR 4248243610,0,0,0,0,0,0,0
TXN00002605,2026-03-02 11:15:13,USR30185,MCH6877,13.37,UTR0132791728,8120,SUCCESS,TXN00002605,USR30185,MCH6877,UTR0132791728,0,0,0,0,0,0,0
TXN00003249,2026-01-31 11:05:47,USR48331,MCH3992,21764.47,UTR0059466663,8120,FAILED,TXN00003249,USR48331,MCH3992,UTR0059466663,0,0,0,0,0,1,0
TXN00010752,2026-01-21 08:51:19,USR27947,MCH7033,15158.78,UTR7680982823,,SUCCESS,TXN00010752,USR27947,MCH7033,UTR7680982823,0,0,1,0,0,0,0
TXN00014510,2026-02-02 05:43:28,USR67978,MCH2547,15768.91,UTR4241561989,4110,SUCCESS,TXN00014510,USR67978,MCH2547,UTR4241561989,0,0,0,0,0,0,0
TXN00019050,2026-03-16 12:44:19,USR66869,MCH6436,7945.78,UTR3909912741,4110,PENDING,TXN00019050,USR66869,MCH6436,UTR3909912741,0,0,0,0,0,0,1
TXN00002574,2026-03-22 16:37:40,USR59170,MCH3856,11916.16,UTR7226629544,0110,SUCCESS,TXN00002574,USR59170,MCH3856,UTR7226629544,0,0,0,0,0,0,0
TXN00005858,2026-01-31 04:58:09,USR72707,MCH9393,0.22539,UTR4008687607,0110,SUCCESS,TXN00005858,USR72707,MCH9393,UTR4008687607,0,0,0,0,0,0,0
TXN00009771,2026-03-25 14:51:10,USR60004,MCH5806,19152.99,UTR4300111927,0110,SUCCESS,TXN00009771,USR60004,MCH5806,UTR4300111927,0,0,0,0,0,0,0
TXN00015770,2026-03-12 00:00:00,USR75804,MCH7060,6270.03,UTR9028932956,0110,SUCCESS,TXN00015770,USR75804,MCH7060,UTR9028932956,0,0,0,0,0,0,0
TXN00005573,2026-01-08 06:46:05,USR54951,MCH3969,20548.0,UTR3715343796,1310,SUCCESS,TXN00005573,USR54951,MCH3969,UTR3715343796,0,0,0,0,0,0,0
TXN00011337,2026-01-01 10:05:13,USR80330,MCH1519,7823.28,UTR1832313549,,SUCCESS,TXN00011337,USR80330,MCH1519,UTR1832313549,0,0,1,0,0,0,0
TXN00014393,2026-03-09 15:31:38,USR15635,MCH4535,2194.94,UTR7091154035,0110,SUCCESS,TXN00014393,USR15635,MCH4535,UTR7091154035,0,0,0,0,0,0,0
TXN00001282,2026-03-10 06:04:47,USR24679,MCH6036,17564.6,UTR2613202642,0110,SUCCESS,TXN00001282,USR24679,MCH6036,UTR2613202642,0,0,0,0,0,0,0
TXN00019220,2026-02-11 10:15:31,USR45256,MCH1840,3977.82,UTR0874972366,8120,SUCCESS,TXN00019220,USR45256,MCH1840,UTR0874972366,0,0,0,0,0,0,0
TXN00018164,2026-03-25 21:59:52,USR50848,MCH3997,19583.06,UTR5681879505,4110,SUCCESS,TXN00018164,USR50848,MCH3997,UTR5681879505,0,0,0,0,0,0,0
TXN00011344,2026-03-24 15:39:55,USR55954,MCH8437,21791.7,UTR0830851398,1310,SUCCESS,TXN00011344,USR55954,MCH8437,UTR0830851398,0,0,0,0,0,0,0
TXN00017453,2026-03-08 19:50:15,USR23958,MCH1041,13524.89,UTR3768766311,8120,SUCCESS,TXN00017453,USR23958,MCH1041,UTR3768766311,0,0,0,0,0,0,0
TXN00009916,2026-01-29 01:54:16,USR38249,MCH4645,0.2346232,UTR3184303935,1310,SUCCESS,TXN00009916,USR38249,MCH4645,UTR3184303935,0,0,0,0,0,0,0
TXN00019809,2026-03-11 10:15:37,USR34782,MCH9275,15213.13,UTR5951789107,1310,SUCCESS,TXN00019809,USR34782,MCH9275,UTR5951789107,0,0,0,0,0,0,0
TXN00008894,2026-03-19 16:22:47,USR79584,MCH9451,12351.24,UTR2978616485,8120,SUCCESS,TXN00008894,USR79584,MCH9451,UTR2978616485,0,0,0,0,0,0,0
TXN00018721,2026-03-02 09:03:58,USR84105,MCH3519,23152.27,UTR7908343897,1310,SUCCESS,TXN00018721,USR84105,MCH3519,UTR 7908343897,0,0,0,0,0,0,0
TXN00017692,2026-01-11 06:12:24,USR94536,MCH9509,7204.34,UTR6547706433,4110,SUCCESS,TXN00017692,USR94536,MCH9509,UTR6547706433,0,0,0,0,0,0,0
TXN00003101,2026-09-02 03:39:00,USR70788,MCH5424,0.232471,UTR3847126317,1310,SUCCESS,TXN00003101,USR70788,MCH5424,UTR3847126317,0,0,0,0,0,0,0
TXN00013978,2026-02-04 03:13:44,USR91322,MCH4806,8311.01,UTR2643068482,4110,SUCCESS,TXN00013978,USR91322,MCH4806,UTR 2643068482,0,0,0,0,0,0,0
TXN00018220,2026-02-09 06:41:12,USR20518,MCH4881,17546.85,UTR8193945184,4110,SUCCESS,TXN00018220,USR20518,MCH4881,UTR8193945184,0,0,0,0,0,0,0
TXN00016926,2026-08-01 22:23:45,USR26386,MCH2692,0.231204,,,SUCCESS,TXN00016926,USR26386,MCH2692,,0,1,1,0,0,0,0
TXN00012599,2026-03-11 05:37:36,USR52161,MCH4087,13809.85,UTR0336412985,4110,SUCCESS,TXN00012599,USR52161,MCH4087,UTR 0336412985,0,0,0,0,0,0,0
TXN00009130,2026-03-30 13:42:10,USR84261,MCH1225,23765.29,UTR1939942572,9120,SUCCESS,TXN00009130,USR84261,MCH1225,UTR1939942572,0,0,0,0,0,0,0
TXN00019091,2026-03-06 15:39:56,USR85491,MCH6263,927.84,UTR3763605342,4110,SUCCESS,TXN00019091,USR85491,MCH6263,UTR3763605342,0,0,0,0,0,0,0
TXN00003279,2026-03-09 00:22:32,USR30896,MCH1857,8347.37,UTR3184931333,0110,SUCCESS,TXN00003279,USR30896,MCH1857,UTR3184931333,0,0,0,0,0,0,0
TXN00000148,2026-03-04 09:57:12,USR60551,MCH6484,12571.95,,,SUCCESS,TXN00000148,USR60551,MCH6484,,0,1,1,0,0,0,0
TXN00012498,2026-03-20 15:27:02,USR50225,MCH8387,13556.99,UTR8015977239,,SUCCESS,TXN00012498,USR50225,MCH8387,UTR8015977239,0,0,1,0,0,0,0
TXN00014109,2026-02-18 12:37:08,USR35242,MCH5264,20426.41,UTR7525438314,8120,SUCCESS,TXN00014109,USR35242,MCH5264,UTR7525438314,0,0,0,0,0,0,0
TXN00013990,2026-02-09 16:55:44,USR21164,MCH8967,2579.19,UTR9580102274,9120,SUCCESS,TXN00013990,USR21164,MCH8967,UTR 9580102274,0,0,0,0,0,0,0
TXN00000820,2026-02-27 19:30:16,USR30431,MCH2637,8387.0,UTR7807604070,9120,SUCCESS,TXN00000820,USR30431,MCH2637,UTR7807604070,0,0,0,0,0,0,0
TXN00012044,2026-02-05 16:34:08,USR30007,MCH3461,0.1133796,UTR6452348336,0110,SUCCESS,TXN00012044,USR30007,MCH3461,UTR6452348336,0,0,0,0,0,0,0
TXN00006259,2026-03-10 03:28:17,USR32009,MCH5221,20909.0,UTR2905525354,9120,SUCCESS,TXN00006259,USR32009,MCH5221,UTR2905525354,0,0,0,0,0,0,0
TXN00006217,2026-02-01 20:33:49,USR91741,MCH4030,3843.79,UTR9438057096,9120,SUCCESS,TXN00006217,USR91741,MCH4030,UTR9438057096,0,0,0,0,0,0,0
TXN00004688,2026-02-17 02:55:09,USR30058,MCH9422,277.78,UTR9701378778,,FAILED,TXN00004688,USR30058,MCH9422,UTR 9701378778,0,0,1,0,0,1,0
TXN00005053,2026-02-20 01:50:26,USR31893,MCH6658,4652.57,UTR4840504603,,SUCCESS,TXN00005053,USR31893,MCH6658,UTR4840504603,0,0,1,0,0,0,0
TXN00003659,2026-01-10 19:06:22,USR45553,MCH7951,15382.08,UTR0628580670,8120,SUCCESS,TXN00003659,USR45553,MCH7951,UTR 0628580670,0,0,0,0,0,0,0
TXN00018084,2026-02-14 18:34:03,USR89816,MCH8387,22795.0,UTR6844707061,9120,SUCCESS,TXN00018084,USR89816,MCH8387,UTR6844707061,0,0,0,0,0,0,0
TXN00016377,2026-02-11 14:46:35,USR31917,MCH9300,3875.0,UTR8978392501,8120,SUCCESS,TXN00016377,USR31917,MCH9300,UTR 8978392501,0,0,0,0,0,0,0
TXN00018692,2026-03-20 23:25:02,USR69910,MCH8416,17664.85,UTR2491373162,,SUCCESS,TXN00018692,USR69910,MCH8416,UTR2491373162,0,0,1,0,0,0,0
TXN00012216,2026-03-15 22:34:21,USR30393,MCH4231,11077.33,UTR7247500722,4110,FAILED,TXN00012216,USR30393,MCH4231,UTR 7247500722,0,0,0,0,0,1,0
TXN00012300,2026-01-28 14:25:23,USR56123,MCH8549,9579.0,UTR1640518666,4110,SUCCESS,TXN00012300,USR56123,MCH8549,UTR1640518666,0,0,0,0,0,0,0
TXN00003371,2026-03-12 04:59:10,USR14131,MCH2048,5475.7,UTR7077066393,4110,SUCCESS,TXN00003371,USR14131,MCH2048,UTR7077066393,0,0,0,0,0,0,0
TXN00001212,2026-03-25 15:57:36,USR56484,MCH4716,11290.16,UTR3160415691,1310,SUCCESS,TXN00001212,USR56484,MCH4716,UTR3160415691,0,0,0,0,0,0,0
TXN00017482,2026-02-25 17:23:48,USR95520,MCH4848,0.2230685,UTR7622293708,4110,SUCCESS,TXN00017482,USR95520,MCH4848,UTR 7622293708,0,0,0,0,0,0,0
TXN00019036,2026-02-20 22:03:09,USR32498,MCH9516,10022.37,UTR7343688347,8120,SUCCESS,TXN00019036,USR32498,MCH9516,UTR7343688347,0,0,0,0,0,0,0
TXN00004818,2026-01-31 12:50:47,USR63155,MCH6128,20492.43,UTR3371832859,0110,SUCCESS,TXN00004818,USR63155,MCH6128,UTR 3371832859,0,0,0,0,0,0,0
TXN00006571,2026-01-05 10:40:14,USR79797,MCH1918,14057.0,UTR2135929334,9120,SUCCESS,TXN00006571,USR79797,MCH1918,UTR2135929334,0,0,0,0,0,0,0
TXN00016070,2026-02-10 00:00:00,USR81614,MCH4321,1588.56,,,SUCCESS,TXN00016070,USR81614,MCH4321,,0,1,1,0,0,0,0
TXN00005587,2026-02-28 23:09:09,USR41475,MCH5373,10678.1,UTR9756054114,4110,SUCCESS,TXN00005587,USR41475,MCH5373,UTR 9756054114,0,0,0,0,0,0,0
TXN00010972,2026-02-26 15:29:37,USR87181,MCH6944,23664.63,UTR4027402145,4110,SUCCESS,TXN00010972,USR87181,MCH6944,UTR4027402145,0,0,0,0,0,0,0
TXN00017304,2026-02-13 18:37:23,USR72562,MCH9468,2255.55,UTR2086356555,8120,SUCCESS,TXN00017304,USR72562,MCH9468,UTR2086356555,0,0,0,0,0,0,0
TXN00003689,2026-02-26 01:36:49,USR81142,MCH7030,0.166347,UTR6401511201,,SUCCESS,TXN00003689,USR81142,MCH7030,UTR6401511201,0,0,1,0,0,0,0
TXN00004197,2026-01-14 05:11:34,USR92775,MCH6225,651.98,UTR2969605997,4110,SUCCESS,TXN00004197,USR92775,MCH6225,UTR2969605997,0,0,0,0,0,0,0
TXN00010997,2026-03-06 17:40:41,USR79765,MCH1985,23168.0,UTR9196101423,,SUCCESS,TXN00010997,USR79765,MCH1985,UTR9196101423,0,0,1,0,0,0,0
TXN00010345,2026-02-14 06:59:13,USR85414,MCH6608,22627.9,UTR0814813753,4110,SUCCESS,TXN00010345,USR85414,MCH6608,UTR0814813753,0,0,0,0,0,0,0
TXN00009202,2026-03-24 21:33:59,USR46524,MCH2446,11079.0,UTR8042323025,8120,SUCCESS,TXN00009202,USR46524,MCH2446,UTR8042323025,0,0,0,0,0,0,0
TXN00012829,2026-01-23 03:42:09,USR35221,MCH1971,9393.68,UTR5146460636,4110,SUCCESS,TXN00012829,USR35221,MCH1971,UTR5146460636,0,0,0,0,0,0,0
TXN00008749,2026-01-30 14:58:35,USR58683,MCH8752,3098.08,UTR5594675999,4110,SUCCESS,TXN00008749,USR58683,MCH8752,UTR5594675999,0,0,0,0,0,0,0
TXN00000751,2026-03-05 23:14:00,USR54542,MCH8575,2931.28,UTR9674393535,4110,FAILED,TXN00000751,USR54542,MCH8575,UTR9674393535,0,0,0,0,0,1,0
TXN00012362,2026-01-16 19:40:45,USR78508,MCH7039,0.843986,UTR6258367437,4110,SUCCESS,TXN00012362,USR78508,MCH7039,UTR6258367437,0,0,0,0,0,0,0
TXN00008874,2026-03-08 15:42:54,USR39392,MCH7003,118.95,UTR9548118993,,SUCCESS,TXN00008874,USR39392,MCH7003,UTR 9548118993,0,0,1,0,0,0,0
TXN00012595,2026-01-01 18:20:54,USR51192,MCH3059,1892.28,UTR0288182432,9120,SUCCESS,TXN00012595,USR51192,MCH3059,UTR0288182432,0,0,0,0,0,0,0
TXN00007327,2026-03-07 13:23:54,USR93281,MCH7074,5372.0,UTR3121623690,8120,SUCCESS,TXN00007327,USR93281,MCH7074,UTR3121623690,0,0,0,0,0,0,0
TXN00016899,2026-01-04 00:59:18,USR42120,MCH8374,23385.2,UTR2198213147,1310,SUCCESS,TXN00016899,USR42120,MCH8374,UTR2198213147,0,0,0,0,0,0,0
TXN00010638,2026-02-08 06:49:57,USR78168,MCH3639,18879.8,UTR1464911162,8120,SUCCESS,TXN00010638,USR78168,MCH3639,UTR1464911162,0,0,0,0,0,0,0
TXN00012753,2026-05-01 21:29:30,USR21404,MCH7981,4338.36,UTR3488065942,4110,FAILED,TXN00012753,USR21404,MCH7981,UTR 3488065942,0,0,0,0,0,1,0
TXN00003411,2026-01-27 11:45:23,USR38384,MCH3138,10285.68,,9120,SUCCESS,TXN00003411,USR38384,MCH3138,,0,1,0,0,0,0,0
TXN00001319,2026-01-13 01:45:54,USR18019,MCH1541,2049.93,UTR7324981024,4110,SUCCESS,TXN00001319,USR18019,MCH1541,UTR7324981024,0,0,0,0,0,0,0
TXN00010341,2026-01-30 20:08:52,USR89876,MCH6407,0.317235,,4110,SUCCESS,TXN00010341,USR89876,MCH6407,,0,1,0,0,0,0,0
TXN00016389,2026-03-02 15:47:32,USR73774,MCH7849,8635.49,UTR5404311021,,SUCCESS,TXN00016389,USR73774,MCH7849,UTR5404311021,0,0,1,0,0,0,0
TXN00002422,2026-02-21 02:35:07,USR94048,MCH9925,593.57,UTR8558824819,4110,FAILED,TXN00002422,USR94048,MCH9925,UTR8558824819,0,0,0,0,0,1,0
TXN00007021,2026-01-14 05:47:30,USR65549,MCH9031,13771.76,UTR0238718345,4110,SUCCESS,TXN00007021,USR65549,MCH9031,UTR0238718345,0,0,0,0,0,0,0
TXN00001658,2026-01-20 08:12:33,USR97245,MCH1578,7645.0,UTR9477601824,4110,SUCCESS,TXN00001658,USR97245,MCH1578,UTR9477601824,0,0,0,0,0,0,0
TXN00019954,2026-02-24 10:01:36,USR93040,MCH5717,0.1514824,UTR5728262677,8120,SUCCESS,TXN00019954,USR93040,MCH5717,UTR5728262677,0,0,0,0,0,0,0
TXN00019875,2026-01-13 00:00:00,USR41113,MCH6873,6523.13,UTR9562607637,0110,SUCCESS,TXN00019875,USR41113,MCH6873,UTR 9562607637,0,0,0,0,0,0,0
TXN00008368,2026-03-12 00:03:36,USR79460,MCH2098,-19748.72,UTR1255297046,0110,SUCCESS,TXN00008368,USR79460,MCH2098,UTR1255297046,1,0,0,0,0,0,0
TXN00019254,2026-03-31 02:22:47,USR26331,MCH7862,11586.47,UTR9641898171,9120,SUCCESS,TXN00019254,USR26331,MCH7862,UTR9641898171,0,0,0,0,0,0,0
TXN00005976,2026-03-06 07:24:00,USR89026,MCH8324,23806.98,UTR9518818239,8120,PENDING,TXN00005976,USR89026,MCH8324,UTR9518818239,0,0,0,0,0,0,1
TXN00000884,2026-02-07 00:00:00,USR33256,MCH5602,2612.0,UTR2338054428,4110,SUCCESS,TXN00000884,USR33256,MCH5602,UTR2338054428,0,0,0,0,0,0,0
TXN00017339,2026-03-15 21:10:03,USR83237,MCH5537,5004.51,UTR3275935358,8120,SUCCESS,TXN00017339,USR83237,MCH5537,UTR3275935358,0,0,0,0,0,0,0
TXN00005326,2026-02-16 13:44:44,USR15161,MCH5956,14467.76,UTR6572314941,0110,SUCCESS,TXN00005326,USR15161,MCH5956,UTR6572314941,0,0,0,0,0,0,0
TXN00000047,2026-01-16 02:17:36,USR35451,MCH7379,7799.66,UTR2515131964,4110,SUCCESS,TXN00000047,USR35451,MCH7379,UTR 2515131964,0,0,0,0,0,0,0
TXN00014111,2026-03-05 23:13:38,USR14854,MCH6923,0.2073787,UTR8355034791,9120,SUCCESS,TXN00014111,USR14854,MCH6923,UTR8355034791,0,0,0,0,0,0,0
TXN00019435,2026-02-10 17:43:29,USR29225,MCH6263,11385.08,UTR9817498656,4110,SUCCESS,TXN00019435,USR29225,MCH6263,UTR 9817498656,0,0,0,0,0,0,0
TXN00009096,2026-02-14 03:29:19,USR68547,MCH6960,21803.93,UTR3340926799,,SUCCESS,TXN00009096,USR68547,MCH6960,UTR3340926799,0,0,1,0,0,0,0
TXN00003349,2026-02-09 12:09:47,USR65301,MCH6417,7852.53,,4110,SUCCESS,TXN00003349,USR65301,MCH6417,,0,1,0,0,0,0,0
TXN00009388,2026-02-26 01:26:02,USR61067,MCH2579,6656.69,UTR0722719875,1310,SUCCESS,TXN00009388,USR61067,MCH2579,UTR0722719875,0,0,0,0,0,0,0
TXN00004344,2026-03-18 03:28:53,USR14198,MCH1157,20660.26,UTR0237920548,9120,SUCCESS,TXN00004344,USR14198,MCH1157,UTR0237920548,0,0,0,0,0,0,0
TXN00007984,2026-03-12 15:49:57,USR98011,MCH2323,5500.87,UTR4416267216,4110,SUCCESS,TXN00007984,USR98011,MCH2323,UTR4416267216,0,0,0,0,0,0,0
TXN00018229,2026-03-21 18:40:05,USR40428,MCH9902,0.1961905,UTR6988663572,8120,FAILED,TXN00018229,USR40428,MCH9902,UTR6988663572,0,0,0,0,0,1,0
TXN00015102,2026-01-22 16:54:40,USR67674,MCH2320,1451.51,UTR7817663167,1310,SUCCESS,TXN00015102,USR67674,MCH2320,UTR7817663167,0,0,0,0,0,0,0
TXN00019111,2026-03-29 08:51:17,USR22234,MCH7133,12522.63,UTR3516587574,4110,SUCCESS,TXN00019111,USR22234,MCH7133,UTR3516587574,0,0,0,0,0,0,0
TXN00007928,2026-03-07 08:39:10,USR32941,MCH9331,0.2158865,UTR0096281412,4110,SUCCESS,TXN00007928,USR32941,MCH9331,UTR0096281412,0,0,0,0,0,0,0
TXN00017525,2026-01-04 14:14:07,USR66951,MCH7218,4637.55,UTR0828382834,0110,SUCCESS,TXN00017525,USR66951,MCH7218,UTR0828382834,0,0,0,0,0,0,0
TXN00005201,2026-01-21 21:02:05,USR33371,MCH8588,7619.22,UTR4100926662,0110,SUCCESS,TXN00005201,USR33371,MCH8588,UTR 4100926662,0,0,0,0,0,0,0
TXN00000987,2026-02-15 00:00:00,USR75769,MCH3686,17213.0,UTR0904543576,4110,SUCCESS,TXN00000987,USR75769,MCH3686,UTR0904543576,0,0,0,0,0,0,0
TXN00016320,2026-02-22 18:42:35,USR73514,MCH9109,14867.0,UTR0763560933,4110,SUCCESS,TXN00016320,USR73514,MCH9109,UTR0763560933,0,0,0,0,0,0,0
TXN00004216,2026-02-01 15:22:11,USR76694,MCH8620,20503.49,UTR9314905534,0110,SUCCESS,TXN00004216,USR76694,MCH8620,UTR9314905534,0,0,0,0,0,0,0
TXN00010727,2026-03-02 02:41:07,USR88833,MCH6294,9318.0,UTR4436413641,,SUCCESS,TXN00010727,USR88833,MCH6294,UTR4436413641,0,0,1,0,0,0,0
TXN00011259,2026-01-21 08:57:53,USR54972,MCH3448,22396.01,UTR9452329211,0110,SUCCESS,TXN00011259,USR54972,MCH3448,UTR9452329211,0,0,0,0,0,0,0
TXN00009862,2026-03-10 10:29:43,USR84590,MCH5442,13045.0,UTR9945906943,4110,SUCCESS,TXN00009862,USR84590,MCH5442,UTR9945906943,0,0,0,0,0,0,0
TXN00006465,2026-01-15 10:23:23,USR49916,MCH6113,20288.53,UTR7194731919,,SUCCESS,TXN00006465,USR49916,MCH6113,UTR7194731919,0,0,1,0,0,0,0
TXN00017417,2026-01-17 05:43:06,USR65747,MCH8205,0.1326496,UTR0544449189,9120,FAILED,TXN00017417,USR65747,MCH8205,UTR0544449189,0,0,0,0,0,1,0
TXN00007683,2026-03-17 07:16:34,USR61136,MCH7932,15376.43,UTR9481337844,4110,SUCCESS,TXN00007683,USR61136,MCH7932,UTR9481337844,0,0,0,0,0,0,0
TXN00011518,2026-01-04 00:00:00,USR57237,MCH3576,3535.08,UTR3953492174,4110,SUCCESS,TXN00011518,USR57237,MCH3576,UTR3953492174,0,0,0,0,0,0,0
TXN00006452,2026-03-10 00:28:12,USR46649,MCH8750,0.2492126,UTR1341855809,9120,SUCCESS,TXN00006452,USR46649,MCH8750,UTR1341855809,0,0,0,0,0,0,0
TXN00012967,2026-01-13 00:30:18,USR51340,MCH9201,10658.24,UTR4084647288,4110,SUCCESS,TXN00012967,USR51340,MCH9201,UTR4084647288,0,0,0,0,0,0,0
TXN00017893,2026-01-25 14:47:01,USR79756,MCH7196,23532.84,UTR9841782727,9120,FAILED,TXN00017893,USR79756,MCH7196,UTR9841782727,0,0,0,0,0,1,0
TXN00018800,2026-03-15 12:31:32,USR85569,MCH1303,24450.21,UTR6498059587,9120,SUCCESS,TXN00018800,USR85569,MCH1303,UTR6498059587,0,0,0,0,0,0,0
TXN00013797,2026-03-20 09:04:42,USR76849,MCH7956,24122.43,UTR4282605110,,SUCCESS,TXN00013797,USR76849,MCH7956,UTR4282605110,0,0,1,0,0,0,0
TXN00018697,2026-01-22 09:18:23,USR32821,MCH4899,21549.13,UTR0979107282,,SUCCESS,TXN00018697,USR32821,MCH4899,UTR0979107282,0,0,1,0,0,0,0
TXN00017178,2026-01-06 00:11:32,USR61735,MCH1773,7821.24,UTR1742760351,4110,SUCCESS,TXN00017178,USR61735,MCH1773,UTR1742760351,0,0,0,0,0,0,0
TXN00006335,2026-01-29 17:46:54,USR52516,MCH6353,6085.68,UTR5987364023,4110,SUCCESS,TXN00006335,USR52516,MCH6353,UTR5987364023,0,0,0,0,0,0,0
TXN00015326,2026-01-27 17:17:59,USR38763,MCH4554,13839.28,UTR3976295743,0110,SUCCESS,TXN00015326,USR38763,MCH4554,UTR3976295743,0,0,0,0,0,0,0
TXN00019315,2026-01-12 07:22:39,USR95540,MCH3976,9544.66,UTR7172600131,8120,SUCCESS,TXN00019315,USR95540,MCH3976,UTR7172600131,0,0,0,0,0,0,0
TXN00004418,2026-02-14 10:10:11,USR51259,MCH6657,0.60989,UTR8243976273,4110,SUCCESS,TXN00004418,USR51259,MCH6657,UTR8243976273,0,0,0,0,0,0,0
TXN00010477,2026-01-19 19:23:52,USR95745,MCH7149,0.737328,UTR7703479077,4110,PENDING,TXN00010477,USR95745,MCH7149,UTR7703479077,0,0,0,0,0,0,1
TXN00000176,2026-01-16 12:47:06,USR72286,MCH2930,0.436742,UTR3308262012,,SUCCESS,TXN00000176,USR72286,MCH2930,UTR3308262012,0,0,1,0,0,0,0
TXN00002111,2026-03-14 10:33:59,USR16187,MCH7162,3526.38,UTR6633469866,0110,SUCCESS,TXN00002111,USR16187,MCH7162,UTR6633469866,0,0,0,0,0,0,0
TXN00010497,2026-01-25 09:45:43,USR42368,MCH7407,13220.46,UTR6806520873,9120,SUCCESS,TXN00010497,USR42368,MCH7407,UTR6806520873,0,0,0,0,0,0,0
TXN00005414,2026-02-02 04:59:46,USR56488,MCH3189,1300.92,UTR7125539862,,SUCCESS,TXN00005414,USR56488,MCH3189,UTR7125539862,0,0,1,0,0,0,0
TXN00002211,2026-01-29 02:37:09,USR61761,MCH8832,18851.51,UTR9575030285,4110,SUCCESS,TXN00002211,USR61761,MCH8832,UTR9575030285,0,0,0,0,0,0,0
TXN00015818,2026-03-26 12:26:41,USR10301,MCH9934,23384.2,UTR3339081848,4110,FAILED,TXN00015818,USR10301,MCH9934,UTR3339081848,0,0,0,0,0,1,0
TXN00000593,2026-03-25 22:40:38,USR89576,MCH6280,4555.18,UTR1261350401,,SUCCESS,TXN00000593,USR89576,MCH6280,UTR1261350401,0,0,1,0,0,0,0
TXN00011815,2026-03-25 10:58:33,USR88213,MCH2581,6020.97,UTR6552680512,,SUCCESS,TXN00011815,USR88213,MCH2581,UTR6552680512,0,0,1,0,0,0,0
TXN00012019,2026-03-05 00:42:01,USR55838,MCH9752,4371.9,UTR6620098310,1310,PENDING,TXN00012019,USR55838,MCH9752,UTR6620098310,0,0,0,0,0,0,1
TXN00013341,2026-03-31 00:00:00,USR89089,MCH4845,20823.07,UTR6309270342,0110,SUCCESS,TXN00013341,USR89089,MCH4845,UTR6309270342,0,0,0,0,0,0,0
TXN00004811,2026-03-15 01:19:31,USR65079,MCH4051,4228.56,UTR5789853397,9120,SUCCESS,TXN00004811,USR65079,MCH4051,UTR5789853397,0,0,0,0,0,0,0
TXN00004470,2026-02-22 04:11:04,USR81712,MCH8624,21991.24,UTR3912372429,4110,SUCCESS,TXN00004470,USR81712,MCH8624,UTR3912372429,0,0,0,0,0,0,0
TXN00012768,2026-03-21 23:09:03,USR65021,MCH7936,23381.91,UTR6306298455,,FAILED,TXN00012768,USR65021,MCH7936,UTR 6306298455,0,0,1,0,0,1,0
TXN00004644,2026-01-10 00:55:35,USR10487,MCH2491,0.330086,UTR3128340310,4110,SUCCESS,TXN00004644,USR10487,MCH2491,UTR3128340310,0,0,0,0,0,0,0
TXN00007872,2026-03-28 17:28:15,USR72273,MCH5876,809.54,UTR6170989835,9120,SUCCESS,TXN00007872,USR72273,MCH5876,UTR6170989835,0,0,0,0,0,0,0
TXN00016107,2026-01-21 00:00:00,USR82867,MCH3899,11805.47,UTR1335283480,,SUCCESS,TXN00016107,USR82867,MCH3899,UTR1335283480,0,0,1,0,0,0,0
TXN00013170,2026-03-10 15:54:55,USR87579,MCH6595,17323.28,UTR5209311910,8120,SUCCESS,TXN00013170,USR87579,MCH6595,UTR5209311910,0,0,0,0,0,0,0
TXN00009903,2026-01-02 01:07:37,USR27495,MCH5782,3728.22,UTR7775202579,0110,SUCCESS,TXN00009903,USR27495,MCH5782,UTR7775202579,0,0,0,0,0,0,0
TXN00007619,2026-01-09 10:21:30,USR31211,MCH8463,24280.79,,4110,SUCCESS,TXN00007619,USR31211,MCH8463,,0,1,0,0,0,0,0
TXN00012740,2026-03-27 05:13:15,USR82095,MCH8369,18704.75,UTR4604831418,,SUCCESS,TXN00012740,USR82095,MCH8369,UTR4604831418,0,0,1,0,0,0,0
TXN00015530,2026-02-09 11:52:08,USR47150,MCH2236,12868.68,UTR9287474973,4110,SUCCESS,TXN00015530,USR47150,MCH2236,UTR9287474973,0,0,0,0,0,0,0
TXN00006462,2026-03-07 00:00:00,USR33301,MCH9254,17155.42,UTR6942322598,0110,SUCCESS,TXN00006462,USR33301,MCH9254,UTR6942322598,0,0,0,0,0,0,0
TXN00000033,2026-01-22 09:39:49,USR30079,MCH3204,1635.64,UTR0664810180,,SUCCESS,TXN00000033,USR30079,MCH3204,UTR0664810180,0,0,1,0,0,0,0
TXN00017188,2026-03-29 18:52:19,USR97936,MCH9632,24794.74,UTR4234001922,,SUCCESS,TXN00017188,USR97936,MCH9632,UTR4234001922,0,0,1,0,0,0,0
TXN00013097,2026-01-14 20:54:35,USR56224,MCH2176,4111.22,UTR3812599288,1310,SUCCESS,TXN00013097,USR56224,MCH2176,UTR3812599288,0,0,0,0,0,0,0
TXN00002757,2026-02-28 12:12:36,USR29796,MCH9140,11755.01,UTR6650666575,4110,SUCCESS,TXN00002757,USR29796,MCH9140,UTR6650666575,0,0,0,0,0,0,0
TXN00001102,2026-03-19 11:05:02,USR67443,MCH4189,24227.87,UTR6029246337,0110,SUCCESS,TXN00001102,USR67443,MCH4189,UTR6029246337,0,0,0,0,0,0,0
TXN00002570,2026-03-31 01:41:16,USR60907,MCH1938,23231.41,UTR5436511415,1310,SUCCESS,TXN00002570,USR60907,MCH1938,UTR5436511415,0,0,0,0,0,0,0
TXN00011929,2026-01-23 22:48:35,USR24048,MCH5382,0.1165212,UTR6257085059,,SUCCESS,TXN00011929,USR24048,MCH5382,UTR6257085059,0,0,1,0,0,0,0
TXN00016248,2026-02-08 06:32:46,USR25606,MCH8130,16817.45,,8120,SUCCESS,TXN00016248,USR25606,MCH8130,,0,1,0,0,0,0,0
TXN00017585,2026-03-20 20:45:15,USR22606,MCH4161,0.803229,UTR0692201559,8120,SUCCESS,TXN00017585,USR22606,MCH4161,UTR0692201559,0,0,0,0,0,0,0
TXN00003543,2026-03-08 01:12:10,USR86752,MCH8869,3681.58,UTR5857321083,1310,SUCCESS,TXN00003543,USR86752,MCH8869,UTR5857321083,0,0,0,0,0,0,0
TXN00007963,2026-10-03 23:25:48,USR25876,MCH5585,3233.18,UTR7333268130,9120,SUCCESS,TXN00007963,USR25876,MCH5585,UTR7333268130,0,0,0,0,0,0,0
TXN00016875,2026-01-20 08:48:04,USR85938,MCH8240,13029.84,UTR9149837789,9120,SUCCESS,TXN00016875,USR85938,MCH8240,UTR9149837789,0,0,0,0,0,0,0
TXN00011866,2026-01-23 21:46:32,USR42818,MCH1592,3263.56,,4110,SUCCESS,TXN00011866,USR42818,MCH1592,,0,1,0,0,0,0,0
TXN00009064,2026-03-08 23:42:24,USR75901,MCH5056,9824.45,UTR3094012622,4110,SUCCESS,TXN00009064,USR75901,MCH5056,UTR3094012622,0,0,0,0,0,0,0
TXN00013103,2026-03-28 19:45:37,USR68618,MCH1534,5029.76,UTR5763112659,4110,SUCCESS,TXN00013103,USR68618,MCH1534,UTR5763112659,0,0,0,0,0,0,0
TXN00004830,2026-02-28 23:47:40,USR27360,MCH4520,0.1258859,UTR6997017868,8120,SUCCESS,TXN00004830,USR27360,MCH4520,UTR6997017868,0,0,0,0,0,0,0
TXN00009613,2026-03-31 01:22:51,USR43676,MCH4970,22586.16,UTR1482260651,4110,SUCCESS,TXN00009613,USR43676,MCH4970,UTR 1482260651,0,0,0,0,0,0,0
TXN00005845,2026-02-09 12:46:32,USR45002,MCH8001,21839.62,UTR6423847128,8120,SUCCESS,TXN00005845,USR45002,MCH8001,UTR6423847128,0,0,0,0,0,0,0
TXN00000320,2026-02-25 10:37:36,USR94617,MCH8917,6263.57,UTR7805907648,4110,PENDING,TXN00000320,USR94617,MCH8917,UTR7805907648,0,0,0,0,0,0,1
TXN00015738,2026-01-26 16:54:50,USR56871,MCH8369,18778.31,UTR8319207993,,SUCCESS,TXN00015738,USR56871,MCH8369,UTR8319207993,0,0,1,0,0,0,0
TXN00014900,2026-03-07 07:44:53,USR68297,MCH3474,10583.6,UTR9074039658,8120,SUCCESS,TXN00014900,USR68297,MCH3474,UTR9074039658,0,0,0,0,0,0,0
TXN00016338,2026-01-23 00:11:28,USR14916,MCH8085,8754.71,UTR2881085642,4110,SUCCESS,TXN00016338,USR14916,MCH8085,UTR2881085642,0,0,0,0,0,0,0
TXN00013931,2026-02-20 09:06:24,USR25493,MCH8358,8958.55,UTR7181591565,8120,SUCCESS,TXN00013931,USR25493,MCH8358,UTR7181591565,0,0,0,0,0,0,0
TXN00003751,2026-01-14 00:27:31,USR28314,MCH5918,22390.12,UTR7900214440,0110,SUCCESS,TXN00003751,USR28314,MCH5918,UTR7900214440,0,0,0,0,0,0,0
TXN00008632,2026-02-22 10:07:38,USR92278,MCH6780,5545.12,UTR3620014009,4110,SUCCESS,TXN00008632,USR92278,MCH6780,UTR3620014009,0,0,0,0,0,0,0
TXN00009396,2026-01-07 10:17:15,USR79674,MCH6424,212.62,UTR0149928832,1310,SUCCESS,TXN00009396,USR79674,MCH6424,UTR0149928832,0,0,0,0,0,0,0
TXN00002243,2026-08-01 09:58:36,USR51670,MCH2991,-14574.34,UTR8742981874,9120,FAILED,TXN00002243,USR51670,MCH2991,UTR8742981874,1,0,0,0,0,1,0
TXN00009188,2026-03-02 04:09:34,USR70660,MCH5346,11.32,,1310,SUCCESS,TXN00009188,USR70660,MCH5346,,0,1,0,0,0,0,0
TXN00018717,2026-02-03 15:43:08,USR60895,MCH6442,13392.14,UTR8863249712,8120,SUCCESS,TXN00018717,USR60895,MCH6442,UTR8863249712,0,0,0,0,0,0,0
TXN00016119,2026-02-14 05:15:15,USR87614,MCH8997,7433.95,UTR7787645615,9120,SUCCESS,TXN00016119,USR87614,MCH8997,UTR7787645615,0,0,0,0,0,0,0
TXN00019300,2026-03-10 13:51:00,USR20589,MCH7417,20986.69,UTR0046357842,0110,SUCCESS,TXN00019300,USR20589,MCH7417,UTR0046357842,0,0,0,0,0,0,0
TXN00005767,2026-10-01 17:29:32,USR30316,MCH2883,6328.41,UTR1920619478,8120,SUCCESS,TXN00005767,USR30316,MCH2883,UTR1920619478,0,0,0,0,0,0,0
TXN00012002,2026-03-04 05:52:06,USR60176,MCH9538,0.201001,UTR0453979929,0110,SUCCESS,TXN00012002,USR60176,MCH9538,UTR0453979929,0,0,0,0,0,0,0
TXN00007447,2026-02-21 10:33:43,USR40493,MCH7956,13940.04,UTR2378288267,,FAILED,TXN00007447,USR40493,MCH7956,UTR 2378288267,0,0,1,0,0,1,0
TXN00016988,2026-01-15 14:42:18,USR29952,MCH6716,7039.95,UTR6371313655,1310,SUCCESS,TXN00016988,USR29952,MCH6716,UTR6371313655,0,0,0,0,0,0,0
TXN00002118,2026-01-16 06:47:24,USR99674,MCH2515,0.153863,UTR6756811447,4110,SUCCESS,TXN00002118,USR99674,MCH2515,UTR6756811447,0,0,0,0,0,0,0
TXN00014760,2026-03-20 22:43:18,USR85192,MCH7799,635.38,UTR1414941507,,SUCCESS,TXN00014760,USR85192,MCH7799,UTR1414941507,0,0,1,0,0,0,0
TXN00004223,2026-12-01 01:22:40,USR43769,MCH2227,22449.4,UTR6393833780,,SUCCESS,TXN00004223,USR43769,MCH2227,UTR6393833780,0,0,1,0,0,0,0
TXN00006561,2026-02-04 11:32:01,USR42079,MCH1273,6011.39,UTR1661260167,8120,SUCCESS,TXN00006561,USR42079,MCH1273,UTR1661260167,0,0,0,0,0,0,0
TXN00010605,2026-02-27 10:29:00,USR44763,MCH4739,10100.0,UTR7177230704,4110,SUCCESS,TXN00010605,USR44763,MCH4739,UTR7177230704,0,0,0,0,0,0,0
TXN00004205,2026-01-18 05:55:29,USR78163,MCH3659,2710.03,UTR0612548030,4110,SUCCESS,TXN00004205,USR78163,MCH3659,UTR0612548030,0,0,0,0,0,0,0
TXN00002257,2026-03-21 03:10:25,USR59811,MCH9302,12941.0,UTR6684926727,,SUCCESS,TXN00002257,USR59811,MCH9302,UTR6684926727,0,0,1,0,0,0,0
TXN00015179,2026-02-25 17:27:05,USR29225,MCH5873,13097.0,UTR2169247782,4110,SUCCESS,TXN00015179,USR29225,MCH5873,UTR2169247782,0,0,0,0,0,0,0
TXN00019764,2026-03-14 17:16:52,USR31992,MCH1170,7296.72,UTR6125665548,,SUCCESS,TXN00019764,USR31992,MCH1170,UTR6125665548,0,0,1,0,0,0,0
TXN00003632,2026-02-11 04:17:23,USR52872,MCH7909,0.380969,UTR7464406753,4110,SUCCESS,TXN00003632,USR52872,MCH7909,UTR7464406753,0,0,0,0,0,0,0
TXN00006729,2026-01-16 15:00:23,USR89505,MCH8657,24038.98,UTR6683117731,0110,SUCCESS,TXN00006729,USR89505,MCH8657,UTR6683117731,0,0,0,0,0,0,0
TXN00012485,2026-01-31 11:32:52,USR44547,MCH1063,18473.3,UTR4859970720,4110,SUCCESS,TXN00012485,USR44547,MCH1063,UTR4859970720,0,0,0,0,0,0,0
TXN00009274,2026-10-03 14:58:35,USR99507,MCH7764,9533.7,UTR7871165911,4110,SUCCESS,TXN00009274,USR99507,MCH7764,UTR7871165911,0,0,0,0,0,0,0
TXN00002834,2026-01-26 06:31:08,USR72414,MCH7031,7229.23,UTR5266095268,9120,SUCCESS,TXN00002834,USR72414,MCH7031,UTR5266095268,0,0,0,0,0,0,0
TXN00006334,2026-02-14 08:18:27,USR83227,MCH9533,12723.0,UTR8088359925,0110,SUCCESS,TXN00006334,USR83227,MCH9533,UTR8088359925,0,0,0,0,0,0,0
TXN00007343,2026-01-14 01:55:47,USR74796,MCH2630,0.1734964,UTR1167960598,4110,SUCCESS,TXN00007343,USR74796,MCH2630,UTR1167960598,0,0,0,0,0,0,0
TXN00001027,2026-01-30 06:44:18,USR50372,MCH9700,21552.45,UTR0397486521,0110,SUCCESS,TXN00001027,USR50372,MCH9700,UTR0397486521,0,0,0,0,0,0,0
TXN00016856,2026-01-10 01:52:41,USR54773,MCH3215,-24847.86,UTR8825348629,,SUCCESS,TXN00016856,USR54773,MCH3215,UTR8825348629,1,0,1,0,0,0,0
TXN00018727,2026-01-14 07:32:22,USR38370,MCH3532,775.3,UTR6035874740,0110,SUCCESS,TXN00018727,USR38370,MCH3532,UTR6035874740,0,0,0,0,0,0,0
TXN00008209,2026-01-12 20:11:27,USR76295,MCH2409,7642.28,UTR1194269475,9120,SUCCESS,TXN00008209,USR76295,MCH2409,UTR1194269475,0,0,0,0,0,0,0
TXN00002797,2026-03-17 14:04:20,USR74779,MCH6571,1836.31,UTR5545700431,9120,SUCCESS,TXN00002797,USR74779,MCH6571,UTR5545700431,0,0,0,0,0,0,0
TXN00000367,2026-03-25 15:05:19,USR73719,MCH3307,24030.15,UTR6584487388,4110,FAILED,TXN00000367,USR73719,MCH3307,UTR 6584487388,0,0,0,0,0,1,0
TXN00016825,2026-02-13 16:47:27,USR10994,MCH8993,12779.81,UTR9383550854,9120,SUCCESS,TXN00016825,USR10994,MCH8993,UTR9383550854,0,0,0,0,0,0,0
TXN00019088,2026-09-02 13:49:02,USR45909,MCH8324,22383.42,UTR1270275363,9120,SUCCESS,TXN00019088,USR45909,MCH8324,UTR 1270275363,0,0,0,0,0,0,0
TXN00012090,2026-02-17 23:27:02,USR24478,MCH9084,13735.79,UTR9669202563,0110,SUCCESS,TXN00012090,USR24478,MCH9084,UTR9669202563,0,0,0,0,0,0,0
TXN00005661,2026-01-26 13:46:06,USR44574,MCH6238,4610.69,UTR2912846945,4110,SUCCESS,TXN00005661,USR44574,MCH6238,UTR2912846945,0,0,0,0,0,0,0
TXN00007936,2026-02-06 23:57:35,USR68920,MCH4977,3056.01,UTR9032751829,4110,SUCCESS,TXN00007936,USR68920,MCH4977,UTR9032751829,0,0,0,0,0,0,0
TXN00018149,2026-09-01 05:16:11,USR56027,MCH7468,15742.68,,4110,SUCCESS,TXN00018149,USR56027,MCH7468,,0,1,0,0,0,0,0
TXN00015229,2026-03-12 13:27:39,USR19253,MCH1397,20749.65,UTR3838112838,1310,SUCCESS,TXN00015229,USR19253,MCH1397,UTR3838112838,0,0,0,0,0,0,0
TXN00005358,2026-05-03 18:36:18,USR44289,MCH1737,24436.64,UTR7479026978,,SUCCESS,TXN00005358,USR44289,MCH1737,UTR7479026978,0,0,1,0,0,0,0
TXN00017751,2026-01-27 11:10:41,USR94239,MCH7096,18466.54,UTR4522043895,8120,SUCCESS,TXN00017751,USR94239,MCH7096,UTR4522043895,0,0,0,0,0,0,0
TXN00002928,2026-01-13 12:40:06,USR68214,MCH2706,24621.61,UTR8420048143,,SUCCESS,TXN00002928,USR68214,MCH2706,UTR8420048143,0,0,1,0,0,0,0
TXN00009821,2026-03-20 05:58:48,USR82185,MCH5174,0.1591295,,4110,FAILED,TXN00009821,USR82185,MCH5174,,0,1,0,0,0,1,0
TXN00004471,2026-03-09 07:48:56,USR48036,MCH3290,22676.98,,4110,SUCCESS,TXN00004471,USR48036,MCH3290,,0,1,0,0,0,0,0
TXN00003813,2026-02-06 23:00:22,USR89902,MCH4919,5670.78,UTR6918065386,1310,SUCCESS,TXN00003813,USR89902,MCH4919,UTR6918065386,0,0,0,0,0,0,0
TXN00019975,2026-02-03 14:13:07,USR74663,MCH4448,19084.71,UTR1633218357,,SUCCESS,TXN00019975,USR74663,MCH4448,UTR 1633218357,0,0,1,0,0,0,0
TXN00014958,2026-02-28 10:33:00,USR64358,MCH6210,20896.33,,1310,SUCCESS,TXN00014958,USR64358,MCH6210,,0,1,0,0,0,0,0
TXN00015409,2026-01-12 22:42:58,USR23422,MCH5034,7951.46,UTR0900827429,4110,SUCCESS,TXN00015409,USR23422,MCH5034,UTR0900827429,0,0,0,0,0,0,0
TXN00001410,2026-05-02 03:00:25,USR39651,MCH8092,21708.1,UTR7482240801,,SUCCESS,TXN00001410,USR39651,MCH8092,UTR7482240801,0,0,1,0,0,0,0
TXN00004017,2026-05-03 21:30:20,USR71160,MCH7899,22153.29,UTR3040436777,9120,SUCCESS,TXN00004017,USR71160,MCH7899,UTR3040436777,0,0,0,0,0,0,0
TXN00015903,2026-03-06 16:39:44,USR37403,MCH9447,6631.0,UTR3727241268,4110,SUCCESS,TXN00015903,USR37403,MCH9447,UTR3727241268,0,0,0,0,0,0,0
TXN00016962,2026-03-09 00:00:00,USR42253,MCH8076,19156.75,UTR9433082450,0110,SUCCESS,TXN00016962,USR42253,MCH8076,UTR9433082450,0,0,0,0,0,0,0
TXN00007865,2026-02-15 22:08:22,USR66032,MCH8123,7916.22,UTR4006913229,9120,SUCCESS,TXN00007865,USR66032,MCH8123,UTR 4006913229,0,0,0,0,0,0,0
TXN00005045,2026-01-12 14:13:27,USR88423,MCH6180,15588.26,UTR4278044487,4110,SUCCESS,TXN00005045,USR88423,MCH6180,UTR4278044487,0,0,0,0,0,0,0
TXN00018731,2026-01-30 14:33:35,USR40320,MCH8443,21189.82,UTR1200422628,4110,SUCCESS,TXN00018731,USR40320,MCH8443,UTR1200422628,0,0,0,0,0,0,0
TXN00000169,2026-09-01 19:50:03,USR44189,MCH9627,1028.97,UTR8087950739,4110,SUCCESS,TXN00000169,USR44189,MCH9627,UTR8087950739,0,0,0,0,0,0,0
TXN00007376,2026-03-22 14:53:14,USR42591,MCH9929,1976.65,UTR4010691129,4110,SUCCESS,TXN00007376,USR42591,MCH9929,UTR4010691129,0,0,0,0,0,0,0
TXN00005551,2026-03-05 04:52:08,USR58222,MCH5097,6508.6,UTR0363564150,8120,SUCCESS,TXN00005551,USR58222,MCH5097,UTR0363564150,0,0,0,0,0,0,0
TXN00008567,2026-01-25 06:12:31,USR73818,MCH6357,0.2297677,UTR0064982824,4110,SUCCESS,TXN00008567,USR73818,MCH6357,UTR0064982824,0,0,0,0,0,0,0
TXN00019622,2026-01-03 06:36:01,USR50162,MCH1494,13125.59,UTR4484641303,4110,SUCCESS,TXN00019622,USR50162,MCH1494,UTR4484641303,0,0,0,0,0,0,0
TXN00006592,2026-03-17 20:50:29,USR59664,MCH1565,0.754854,UTR0482084862,9120,SUCCESS,TXN00006592,USR59664,MCH1565,UTR0482084862,0,0,0,0,0,0,0
TXN00010880,2026-02-21 23:22:41,USR48770,MCH1148,23304.72,,4110,SUCCESS,TXN00010880,USR48770,MCH1148,,0,1,0,0,0,0,0
TXN00014126,2026-02-01 15:49:13,USR45553,MCH1580,0.182336,UTR3535290180,4110,SUCCESS,TXN00014126,USR45553,MCH1580,UTR3535290180,0,0,0,0,0,0,0
TXN00002053,2026-01-11 01:24:24,USR72970,MCH1853,4152.71,UTR8434810458,4110,SUCCESS,TXN00002053,USR72970,MCH1853,UTR8434810458,0,0,0,0,0,0,0
TXN00006509,2026-01-12 12:36:25,USR47272,MCH7581,21364.34,UTR2624331851,,SUCCESS,TXN00006509,USR47272,MCH7581,UTR2624331851,0,0,1,0,0,0,0
TXN00010307,2026-03-05 11:34:50,USR96311,MCH7427,22701.79,UTR1374822347,9120,SUCCESS,TXN00010307,USR96311,MCH7427,UTR1374822347,0,0,0,0,0,0,0
TXN00008393,2026-03-23 02:08:29,USR49048,MCH3009,23981.29,UTR2023961301,0110,FAILED,TXN00008393,USR49048,MCH3009,UTR2023961301,0,0,0,0,0,1,0
TXN00014098,2026-03-24 19:30:13,USR73349,MCH8134,0.2436548,,,SUCCESS,TXN00014098,USR73349,MCH8134,,0,1,1,0,0,0,0
TXN00003073,2026-02-19 01:46:15,USR44123,MCH9453,7829.56,UTR7887911253,1310,SUCCESS,TXN00003073,USR44123,MCH9453,UTR7887911253,0,0,0,0,0,0,0
TXN00019144,2026-01-13 00:00:00,USR65499,MCH9191,13979.49,UTR3473929887,8120,SUCCESS,TXN00019144,USR65499,MCH9191,UTR3473929887,0,0,0,0,0,0,0
TXN00015256,2026-02-12 21:39:49,USR17612,MCH4361,23090.83,UTR3783928289,1310,SUCCESS,TXN00015256,USR17612,MCH4361,UTR3783928289,0,0,0,0,0,0,0
TXN00002406,2026-10-03 19:42:10,USR96461,MCH8640,0.1514842,UTR7942227958,4110,SUCCESS,TXN00002406,USR96461,MCH8640,UTR7942227958,0,0,0,0,0,0,0
TXN00012709,2026-02-01 18:14:50,USR34215,MCH3325,11429.94,UTR0333527093,1310,SUCCESS,TXN00012709,USR34215,MCH3325,UTR0333527093,0,0,0,0,0,0,0
TXN00007330,2026-01-21 10:58:32,USR15653,MCH2651,14341.56,UTR9318006827,,PENDING,TXN00007330,USR15653,MCH2651,UTR9318006827,0,0,1,0,0,0,1
TXN00000699,2026-03-06 09:48:17,USR41704,MCH5619,3867.52,UTR0793917095,,PENDING,TXN00000699,USR41704,MCH5619,UTR0793917095,0,0,1,0,0,0,1
TXN00015631,2026-03-11 00:00:00,USR65178,MCH6640,10714.47,UTR8060328887,4110,SUCCESS,TXN00015631,USR65178,MCH6640,UTR8060328887,0,0,0,0,0,0,0
TXN00017302,2026-03-03 12:16:57,USR94636,MCH4011,13688.97,UTR8437318704,0110,SUCCESS,TXN00017302,USR94636,MCH4011,UTR8437318704,0,0,0,0,0,0,0
TXN00006218,2026-01-23 04:15:11,USR85313,MCH1039,9170.11,UTR6470883957,9120,SUCCESS,TXN00006218,USR85313,MCH1039,UTR6470883957,0,0,0,0,0,0,0
TXN00011211,2026-03-22 17:20:24,USR81375,MCH5787,3547.31,UTR4750702086,8120,SUCCESS,TXN00011211,USR81375,MCH5787,UTR4750702086,0,0,0,0,0,0,0
TXN00004785,2026-01-14 20:52:18,USR45823,MCH1083,10440.7,UTR9404735833,0110,SUCCESS,TXN00004785,USR45823,MCH1083,UTR9404735833,0,0,0,0,0,0,0
TXN00011940,2026-03-21 21:02:52,USR83985,MCH4554,12113.73,UTR9000667848,1310,SUCCESS,TXN00011940,USR83985,MCH4554,UTR9000667848,0,0,0,0,0,0,0
TXN00011764,2026-03-03 13:09:29,USR87823,MCH2122,6224.81,UTR5531863534,4110,FAILED,TXN00011764,USR87823,MCH2122,UTR5531863534,0,0,0,0,0,1,0
TXN00007283,2026-02-20 03:54:42,USR80660,MCH4854,0.352107,UTR6608199976,9120,SUCCESS,TXN00007283,USR80660,MCH4854,UTR6608199976,0,0,0,0,0,0,0
TXN00018263,2026-01-27 17:13:08,USR65466,MCH9015,2014.81,UTR3214327811,,FAILED,TXN00018263,USR65466,MCH9015,UTR3214327811,0,0,1,0,0,1,0
TXN00015081,2026-03-16 09:41:43,USR95285,MCH8281,16751.0,UTR8287046207,1310,SUCCESS,TXN00015081,USR95285,MCH8281,UTR8287046207,0,0,0,0,0,0,0
TXN00017450,2026-01-12 20:59:17,USR58577,MCH4413,10585.09,UTR4059564126,8120,SUCCESS,TXN00017450,USR58577,MCH4413,UTR4059564126,0,0,0,0,0,0,0
TXN00007823,2026-02-23 06:14:43,USR15466,MCH6698,10302.19,UTR7562748489,4110,SUCCESS,TXN00007823,USR15466,MCH6698,UTR7562748489,0,0,0,0,0,0,0
TXN00015291,2026-01-12 09:26:16,USR25009,MCH2114,8719.16,UTR1398415321,4110,SUCCESS,TXN00015291,USR25009,MCH2114,UTR1398415321,0,0,0,0,0,0,0
TXN00010121,2026-03-04 21:43:48,USR75417,MCH9026,522.57,UTR8194827671,8120,SUCCESS,TXN00010121,USR75417,MCH9026,UTR8194827671,0,0,0,0,0,0,0
TXN00017917,2026-03-04 02:50:34,USR79845,MCH7053,9262.0,UTR4286552077,8120,SUCCESS,TXN00017917,USR79845,MCH7053,UTR4286552077,0,0,0,0,0,0,0
TXN00012183,2026-01-26 06:31:24,USR31385,MCH8705,13754.21,UTR5751689281,4110,SUCCESS,TXN00012183,USR31385,MCH8705,UTR5751689281,0,0,0,0,0,0,0
TXN00009490,2026-01-05 11:30:48,USR95462,MCH4215,9089.48,UTR7929234267,0110,SUCCESS,TXN00009490,USR95462,MCH4215,UTR7929234267,0,0,0,0,0,0,0
TXN00018400,2026-03-24 05:11:28,USR89292,MCH3824,0.24895,UTR2354471886,4110,SUCCESS,TXN00018400,USR89292,MCH3824,UTR2354471886,0,0,0,0,0,0,0
TXN00018901,2026-03-18 09:13:37,USR14801,MCH3610,8912.11,UTR5369244471,8120,SUCCESS,TXN00018901,USR14801,MCH3610,UTR 5369244471,0,0,0,0,0,0,0
TXN00005875,2026-01-06 14:16:54,USR20644,MCH4026,10396.54,UTR6862139736,0110,SUCCESS,TXN00005875,USR20644,MCH4026,UTR6862139736,0,0,0,0,0,0,0
TXN00002412,2026-03-18 20:42:21,USR13124,MCH9547,3522.42,UTR7270895355,1310,SUCCESS,TXN00002412,USR13124,MCH9547,UTR7270895355,0,0,0,0,0,0,0
TXN00004617,2026-03-10 02:26:32,USR61023,MCH8237,20222.57,UTR0049540558,8120,SUCCESS,TXN00004617,USR61023,MCH8237,UTR0049540558,0,0,0,0,0,0,0
TXN00018342,2026-02-28 19:42:49,USR82479,MCH4795,11709.92,UTR5371792779,4110,PENDING,TXN00018342,USR82479,MCH4795,UTR5371792779,0,0,0,0,0,0,1
TXN00006436,2026-03-10 00:00:00,USR52526,MCH1708,14058.0,UTR2786141627,,SUCCESS,TXN00006436,USR52526,MCH1708,UTR2786141627,0,0,1,0,0,0,0
TXN00005108,2026-03-24 10:19:38,USR30849,MCH4379,0.249637,UTR1441023589,4110,SUCCESS,TXN00005108,USR30849,MCH4379,UTR1441023589,0,0,0,0,0,0,0
TXN00014539,2026-03-15 16:27:38,USR38155,MCH7306,0.2168643,UTR9612924350,,SUCCESS,TXN00014539,USR38155,MCH7306,UTR9612924350,0,0,1,0,0,0,0
TXN00012831,2026-03-19 20:15:23,USR37038,MCH5963,8818.36,UTR5349807590,1310,SUCCESS,TXN00012831,USR37038,MCH5963,UTR5349807590,0,0,0,0,0,0,0
TXN00010274,2026-03-13 09:25:46,USR17666,MCH6595,2224.94,UTR1573574585,1310,FAILED,TXN00010274,USR17666,MCH6595,UTR1573574585,0,0,0,0,0,1,0
TXN00008145,2026-01-29 02:48:21,USR82521,MCH6727,23774.02,UTR8878173718,8120,SUCCESS,TXN00008145,USR82521,MCH6727,UTR8878173718,0,0,0,0,0,0,0
TXN00010746,2026-02-16 00:00:00,USR52415,MCH8535,14494.48,UTR0521213991,4110,FAILED,TXN00010746,USR52415,MCH8535,UTR0521213991,0,0,0,0,0,1,0
TXN00007750,2026-02-04 13:36:14,USR58299,MCH3536,16562.67,UTR8265642519,0110,SUCCESS,TXN00007750,USR58299,MCH3536,UTR8265642519,0,0,0,0,0,0,0
TXN00002583,2026-01-08 00:00:00,USR44286,MCH3607,12582.07,UTR6449718310,9120,SUCCESS,TXN00002583,USR44286,MCH3607,UTR6449718310,0,0,0,0,0,0,0
TXN00016426,2026-03-12 13:21:06,USR34147,MCH5066,17085.0,UTR9912948000,1310,SUCCESS,TXN00016426,USR34147,MCH5066,UTR9912948000,0,0,0,0,0,0,0
TXN00008918,2026-01-12 11:51:44,USR63197,MCH2148,20731.25,UTR3658467287,9120,SUCCESS,TXN00008918,USR63197,MCH2148,UTR3658467287,0,0,0,0,0,0,0
TXN00007348,2026-02-25 13:29:02,USR73898,MCH6613,11775.0,UTR7667625282,,SUCCESS,TXN00007348,USR73898,MCH6613,UTR7667625282,0,0,1,0,0,0,0
TXN00016512,2026-01-14 09:06:01,USR48949,MCH9963,11013.42,UTR0147252247,,SUCCESS,TXN00016512,USR48949,MCH9963,UTR0147252247,0,0,1,0,0,0,0
TXN00001953,2026-02-08 23:50:09,USR43031,MCH5403,14959.65,UTR3438637675,9120,SUCCESS,TXN00001953,USR43031,MCH5403,UTR3438637675,0,0,0,0,0,0,0
TXN00013882,2026-06-02 08:04:41,USR58780,MCH7635,11660.09,UTR6174835076,4110,SUCCESS,TXN00013882,USR58780,MCH7635,UTR6174835076,0,0,0,0,0,0,0
TXN00000324,2026-03-18 00:00:00,USR34637,MCH3509,7005.55,UTR5796128087,4110,FAILED,TXN00000324,USR34637,MCH3509,UTR5796128087,0,0,0,0,0,1,0
TXN00014003,2026-01-08 08:49:58,USR66441,MCH8311,16302.82,UTR4827730345,0110,SUCCESS,TXN00014003,USR66441,MCH8311,UTR4827730345,0,0,0,0,0,0,0
TXN00000945,2026-02-14 19:50:07,USR76491,MCH7680,5168.47,UTR3950415353,,SUCCESS,TXN00000945,USR76491,MCH7680,UTR3950415353,0,0,1,0,0,0,0
TXN00005148,2026-03-06 07:36:22,USR90078,MCH6396,0.2248223,UTR9339658280,4110,FAILED,TXN00005148,USR90078,MCH6396,UTR9339658280,0,0,0,0,0,1,0
TXN00017318,2026-01-12 09:06:44,USR77675,MCH8187,15216.19,UTR5647463627,1310,SUCCESS,TXN00017318,USR77675,MCH8187,UTR 5647463627,0,0,0,0,0,0,0
TXN00018069,2026-01-14 12:18:15,USR61332,MCH8901,16246.82,UTR0009725299,1310,SUCCESS,TXN00018069,USR61332,MCH8901,UTR0009725299,0,0,0,0,0,0,0
TXN00014648,2026-01-20 13:17:54,USR29575,MCH2864,15377.0,UTR6320310035,4110,SUCCESS,TXN00014648,USR29575,MCH2864,UTR6320310035,0,0,0,0,0,0,0
TXN00001764,2026-03-24 02:43:38,USR86263,MCH1290,12211.15,UTR3572529698,0110,SUCCESS,TXN00001764,USR86263,MCH1290,UTR3572529698,0,0,0,0,0,0,0
TXN00004203,2026-02-16 12:10:24,USR99385,MCH4487,3147.49,,0110,PENDING,TXN00004203,USR99385,MCH4487,,0,1,0,0,0,0,1
TXN00001513,2026-03-25 02:39:17,USR83778,MCH6080,23888.54,UTR4395514664,0110,SUCCESS,TXN00001513,USR83778,MCH6080,UTR4395514664,0,0,0,0,0,0,0
TXN00001577,2026-01-04 11:39:03,USR46204,MCH1820,601.0,UTR2790011224,0110,SUCCESS,TXN00001577,USR46204,MCH1820,UTR 2790011224,0,0,0,0,0,0,0
TXN00004882,2026-02-27 00:00:00,USR43044,MCH9068,11731.33,UTR8766247337,0110,SUCCESS,TXN00004882,USR43044,MCH9068,UTR8766247337,0,0,0,0,0,0,0
TXN00007714,2026-01-10 00:43:39,USR85738,MCH5015,11187.35,UTR4092603034,4110,SUCCESS,TXN00007714,USR85738,MCH5015,UTR4092603034,0,0,0,0,0,0,0
TXN00000437,2026-03-25 16:11:03,USR79634,MCH7593,1828.35,UTR4884888399,9120,SUCCESS,TXN00000437,USR79634,MCH7593,UTR4884888399,0,0,0,0,0,0,0
TXN00003191,2026-02-16 00:00:00,USR59469,MCH7626,7701.82,UTR9771824859,,SUCCESS,TXN00003191,USR59469,MCH7626,UTR9771824859,0,0,1,0,0,0,0
TXN00016885,2026-03-13 23:19:07,USR20858,MCH1970,13490.06,UTR9483573057,8120,FAILED,TXN00016885,USR20858,MCH1970,UTR9483573057,0,0,0,0,0,1,0
TXN00005969,2026-03-22 00:47:00,USR70850,MCH5716,23412.97,UTR0083137359,4110,SUCCESS,TXN00005969,USR70850,MCH5716,UTR0083137359,0,0,0,0,0,0,0
TXN00019572,2026-03-16 23:50:58,USR42243,MCH2174,24449.17,UTR4904039206,4110,SUCCESS,TXN00019572,USR42243,MCH2174,UTR4904039206,0,0,0,0,0,0,0
TXN00019836,2026-02-04 00:36:51,USR62635,MCH4978,4020.0,UTR7507754788,9120,SUCCESS,TXN00019836,USR62635,MCH4978,UTR7507754788,0,0,0,0,0,0,0
TXN00010916,2026-01-12 19:05:32,USR14906,MCH3785,1927.42,UTR3561897126,1310,SUCCESS,TXN00010916,USR14906,MCH3785,UTR3561897126,0,0,0,0,0,0,0
TXN00003876,2026-02-04 04:37:47,USR71566,MCH1494,10485.38,UTR2566404836,,SUCCESS,TXN00003876,USR71566,MCH1494,UTR2566404836,0,0,1,0,0,0,0
TXN00015746,2026-03-31 14:52:38,USR71152,MCH3556,0.1948234,UTR7003570588,4110,FAILED,TXN00015746,USR71152,MCH3556,UTR7003570588,0,0,0,0,0,1,0
TXN00004075,2026-01-23 03:36:03,USR42160,MCH9460,17066.49,UTR8007688977,,SUCCESS,TXN00004075,USR42160,MCH9460,UTR8007688977,0,0,1,0,0,0,0
TXN00017096,2026-02-22 21:19:17,USR84381,MCH8008,23342.1,UTR8417498063,8120,SUCCESS,TXN00017096,USR84381,MCH8008,UTR8417498063,0,0,0,0,0,0,0
TXN00008568,2026-01-23 14:54:56,USR84631,MCH7341,22498.74,UTR7319570531,4110,SUCCESS,TXN00008568,USR84631,MCH7341,UTR7319570531,0,0,0,0,0,0,0
TXN00009276,2026-02-11 11:06:25,USR40753,MCH8316,8410.77,UTR9822653850,9120,SUCCESS,TXN00009276,USR40753,MCH8316,UTR9822653850,0,0,0,0,0,0,0
TXN00011555,2026-03-08 13:02:15,USR59895,MCH3581,15176.99,UTR0787202254,,SUCCESS,TXN00011555,USR59895,MCH3581,UTR0787202254,0,0,1,0,0,0,0
TXN00002593,2026-02-11 02:15:18,USR97323,MCH3902,13817.0,UTR8784585790,1310,SUCCESS,TXN00002593,USR97323,MCH3902,UTR8784585790,0,0,0,0,0,0,0
TXN00001148,2026-02-02 02:47:58,USR76088,MCH7647,16464.71,UTR5661401549,,SUCCESS,TXN00001148,USR76088,MCH7647,UTR5661401549,0,0,1,0,0,0,0
TXN00002469,2026-03-20 13:12:30,USR31398,MCH4437,11893.9,UTR2653646563,4110,SUCCESS,TXN00002469,USR31398,MCH4437,UTR2653646563,0,0,0,0,0,0,0
TXN00014879,2026-02-12 18:58:34,USR85360,MCH8480,17158.97,UTR5550370003,8120,SUCCESS,TXN00014879,USR85360,MCH8480,UTR5550370003,0,0,0,0,0,0,0
TXN00004416,2026-02-01 15:35:59,USR65358,MCH7372,12246.21,UTR4318620021,9120,SUCCESS,TXN00004416,USR65358,MCH7372,UTR4318620021,0,0,0,0,0,0,0
TXN00010380,2026-03-16 04:46:48,USR33522,MCH7777,19423.74,UTR4709761607,0110,SUCCESS,TXN00010380,USR33522,MCH7777,UTR4709761607,0,0,0,0,0,0,0
TXN00010814,2026-03-02 21:39:34,USR93898,MCH7190,20831.9,UTR4537684170,4110,SUCCESS,TXN00010814,USR93898,MCH7190,UTR 4537684170,0,0,0,0,0,0,0
TXN00017219,2026-03-03 01:25:46,USR31808,MCH1053,15354.07,UTR3731089724,0110,SUCCESS,TXN00017219,USR31808,MCH1053,UTR3731089724,0,0,0,0,0,0,0
TXN00019734,2026-03-13 04:10:31,USR75129,MCH8501,10931.23,UTR9425043989,,SUCCESS,TXN00019734,USR75129,MCH8501,UTR9425043989,0,0,1,0,0,0,0
TXN00006751,2026-02-24 13:17:12,USR36475,MCH9298,7192.19,UTR2961649064,4110,SUCCESS,TXN00006751,USR36475,MCH9298,UTR2961649064,0,0,0,0,0,0,0
TXN00015362,2026-01-10 15:42:53,USR11739,MCH7799,1240.62,,4110,FAILED,TXN00015362,USR11739,MCH7799,,0,1,0,0,0,1,0
TXN00008300,2026-03-18 13:28:56,USR11927,MCH1756,20714.97,UTR9617298811,,SUCCESS,TXN00008300,USR11927,MCH1756,UTR9617298811,0,0,1,0,0,0,0
TXN00015518,2026-02-12 02:25:28,USR48225,MCH1066,9364.4,UTR1935033593,0110,FAILED,TXN00015518,USR48225,MCH1066,UTR1935033593,0,0,0,0,0,1,0
TXN00007816,2026-01-10 18:45:34,USR95859,MCH3997,12903.49,UTR9389593818,9120,SUCCESS,TXN00007816,USR95859,MCH3997,UTR9389593818,0,0,0,0,0,0,0
TXN00016620,2026-03-05 08:54:04,USR11801,MCH5287,23761.55,UTR9030550414,8120,SUCCESS,TXN00016620,USR11801,MCH5287,UTR9030550414,0,0,0,0,0,0,0
TXN00005185,2026-02-13 21:02:35,USR89547,MCH4736,0.1878807,UTR1320368096,,SUCCESS,TXN00005185,USR89547,MCH4736,UTR1320368096,0,0,1,0,0,0,0
TXN00018985,2026-01-29 00:00:00,USR16047,MCH4910,0.1653687,UTR2470260320,9120,SUCCESS,TXN00018985,USR16047,MCH4910,UTR2470260320,0,0,0,0,0,0,0
TXN00002000,2026-01-23 04:25:43,USR22709,MCH7668,7061.85,UTR3112762771,4110,SUCCESS,TXN00002000,USR22709,MCH7668,UTR3112762771,0,0,0,0,0,0,0
TXN00014520,2026-07-01 13:19:04,USR51926,MCH4776,10848.86,UTR1653618600,,SUCCESS,TXN00014520,USR51926,MCH4776,UTR1653618600,0,0,1,0,0,0,0
TXN00019667,2026-02-24 16:14:32,USR34370,MCH2842,11916.0,,1310,SUCCESS,TXN00019667,USR34370,MCH2842,,0,1,0,0,0,0,0
TXN00006164,2026-03-12 22:33:32,USR94983,MCH7838,9314.0,UTR6036971344,0110,SUCCESS,TXN00006164,USR94983,MCH7838,UTR6036971344,0,0,0,0,0,0,0
TXN00000486,2026-01-24 17:13:26,USR77376,MCH1511,22529.94,UTR5610762879,,SUCCESS,TXN00000486,USR77376,MCH1511,UTR5610762879,0,0,1,0,0,0,0
TXN00012345,2026-03-14 05:10:46,USR21723,MCH3218,11680.32,UTR7789481439,9120,SUCCESS,TXN00012345,USR21723,MCH3218,UTR7789481439,0,0,0,0,0,0,0
TXN00006483,2026-03-14 22:57:31,USR40420,MCH4295,15568.16,UTR4090089411,8120,SUCCESS,TXN00006483,USR40420,MCH4295,UTR4090089411,0,0,0,0,0,0,0
TXN00013206,2026-01-24 19:33:33,USR36199,MCH4948,22912.54,UTR1728069176,8120,SUCCESS,TXN00013206,USR36199,MCH4948,UTR1728069176,0,0,0,0,0,0,0
TXN00017838,2026-02-14 04:43:51,USR87610,MCH3668,10737.1,UTR0662756494,9120,FAILED,TXN00017838,USR87610,MCH3668,UTR0662756494,0,0,0,0,0,1,0
TXN00006198,2026-02-20 12:21:35,USR34479,MCH2282,21056.42,UTR7261031785,4110,SUCCESS,TXN00006198,USR34479,MCH2282,UTR7261031785,0,0,0,0,0,0,0
TXN00005243,2026-03-08 15:09:38,USR80651,MCH4774,12553.62,UTR4582668129,9120,SUCCESS,TXN00005243,USR80651,MCH4774,UTR4582668129,0,0,0,0,0,0,0
TXN00013596,2026-02-02 10:58:52,USR29228,MCH3127,10278.0,UTR8947048264,8120,SUCCESS,TXN00013596,USR29228,MCH3127,UTR8947048264,0,0,0,0,0,0,0
TXN00015324,2026-03-05 03:20:03,USR86826,MCH8255,22313.86,UTR8476537499,0110,PENDING,TXN00015324,USR86826,MCH8255,UTR8476537499,0,0,0,0,0,0,1
TXN00005758,2026-02-10 17:43:28,USR62980,MCH1346,10759.27,UTR5615849311,9120,SUCCESS,TXN00005758,USR62980,MCH1346,UTR5615849311,0,0,0,0,0,0,0
TXN00004884,2026-01-02 08:08:27,USR66792,MCH8913,4512.16,UTR8900924752,8120,SUCCESS,TXN00004884,USR66792,MCH8913,UTR8900924752,0,0,0,0,0,0,0
TXN00018650,2026-03-28 05:58:16,USR23965,MCH2203,17293.82,UTR1115796845,4110,SUCCESS,TXN00018650,USR23965,MCH2203,UTR1115796845,0,0,0,0,0,0,0
TXN00017242,2026-03-05 08:29:17,USR46691,MCH2231,0.1339306,UTR7249225179,0110,SUCCESS,TXN00017242,USR46691,MCH2231,UTR7249225179,0,0,0,0,0,0,0
TXN00003637,2026-01-25 00:44:41,USR60606,MCH1393,23019.28,UTR7182879946,4110,PENDING,TXN00003637,USR60606,MCH1393,UTR7182879946,0,0,0,0,0,0,1
TXN00017404,2026-01-11 10:37:51,USR96436,MCH9125,19088.0,UTR2206947414,4110,SUCCESS,TXN00017404,USR96436,MCH9125,UTR2206947414,0,0,0,0,0,0,0
TXN00008805,2026-03-27 18:28:35,USR96833,MCH4915,17169.39,UTR7177363624,4110,FAILED,TXN00008805,USR96833,MCH4915,UTR7177363624,0,0,0,0,0,1,0
TXN00006570,2026-01-11 07:44:55,USR13175,MCH8750,10512.0,UTR2671755990,1310,SUCCESS,TXN00006570,USR13175,MCH8750,UTR2671755990,0,0,0,0,0,0,0
TXN00016045,2026-01-05 06:05:14,USR37853,MCH7190,-9005.44,,4110,SUCCESS,TXN00016045,USR37853,MCH7190,,1,1,0,0,0,0,0
TXN00003511,2026-03-15 23:15:41,USR97115,MCH9931,8388.62,UTR9258299900,8120,SUCCESS,TXN00003511,USR97115,MCH9931,UTR9258299900,0,0,0,0,0,0,0
TXN00015654,2026-01-06 13:46:42,USR42153,MCH6653,6008.56,UTR1432519516,0110,SUCCESS,TXN00015654,USR42153,MCH6653,UTR1432519516,0,0,0,0,0,0,0
TXN00006505,2026-03-25 03:59:51,USR99390,MCH1708,2128.31,UTR7413363522,4110,SUCCESS,TXN00006505,USR99390,MCH1708,UTR7413363522,0,0,0,0,0,0,0
TXN00013441,2026-02-07 13:11:42,USR25760,MCH6184,9460.51,UTR5549633564,9120,SUCCESS,TXN00013441,USR25760,MCH6184,UTR5549633564,0,0,0,0,0,0,0
TXN00011061,2026-03-15 07:50:43,USR49221,MCH6567,18876.92,UTR8385963953,1310,SUCCESS,TXN00011061,USR49221,MCH6567,UTR8385963953,0,0,0,0,0,0,0
TXN00000192,2026-11-03 23:24:12,USR30807,MCH8218,0.2243142,UTR1230489486,4110,SUCCESS,TXN00000192,USR30807,MCH8218,UTR1230489486,0,0,0,0,0,0,0
TXN00000094,2026-03-03 17:15:07,USR25238,MCH6429,0.1403632,UTR6478911416,4110,SUCCESS,TXN00000094,USR25238,MCH6429,UTR6478911416,0,0,0,0,0,0,0
TXN00006440,2026-03-16 12:28:17,USR68953,MCH3079,13243.05,UTR8671712750,1310,SUCCESS,TXN00006440,USR68953,MCH3079,UTR8671712750,0,0,0,0,0,0,0
TXN00016855,2026-03-06 23:14:01,USR94938,MCH5166,17658.64,UTR3502099783,4110,SUCCESS,TXN00016855,USR94938,MCH5166,UTR3502099783,0,0,0,0,0,0,0
TXN00007236,2026-01-04 22:11:06,USR44012,MCH2196,11841.14,UTR3502053828,0110,SUCCESS,TXN00007236,USR44012,MCH2196,UTR3502053828,0,0,0,0,0,0,0
TXN00011825,2026-03-29 01:37:59,USR42023,MCH5762,20449.69,UTR1473272994,4110,SUCCESS,TXN00011825,USR42023,MCH5762,UTR1473272994,0,0,0,0,0,0,0
TXN00001735,2026-03-27 02:18:04,USR56111,MCH9126,3276.45,UTR5738660951,4110,SUCCESS,TXN00001735,USR56111,MCH9126,UTR5738660951,0,0,0,0,0,0,0
TXN00011186,2026-01-14 22:53:09,USR19132,MCH4283,0.2475489,UTR5159467822,4110,SUCCESS,TXN00011186,USR19132,MCH4283,UTR5159467822,0,0,0,0,0,0,0
TXN00010735,2026-07-01 12:08:06,USR65304,MCH2687,9111.41,UTR5626410330,4110,SUCCESS,TXN00010735,USR65304,MCH2687,UTR5626410330,0,0,0,0,0,0,0
TXN00002813,2026-02-25 17:20:04,USR88527,MCH2947,16668.0,UTR7641215046,4110,SUCCESS,TXN00002813,USR88527,MCH2947,UTR 7641215046,0,0,0,0,0,0,0
TXN00000079,2026-10-03 09:46:16,USR32671,MCH5253,8968.06,UTR8223764343,,SUCCESS,TXN00000079,USR32671,MCH5253,UTR8223764343,0,0,1,0,0,0,0
TXN00010938,2026-02-25 16:52:55,USR51085,MCH3583,0.496062,UTR4546611372,,FAILED,TXN00010938,USR51085,MCH3583,UTR4546611372,0,0,1,0,0,1,0
TXN00000218,2026-03-26 12:27:19,USR88766,MCH4522,18664.82,UTR7212969983,0110,SUCCESS,TXN00000218,USR88766,MCH4522,UTR7212969983,0,0,0,0,0,0,0
TXN00016595,2026-01-16 05:22:19,USR60531,MCH2751,16306.33,UTR3851805288,0110,PENDING,TXN00016595,USR60531,MCH2751,UTR3851805288,0,0,0,0,0,0,1
TXN00014961,2026-02-21 12:27:21,USR43469,MCH8178,12585.08,UTR4162160316,4110,SUCCESS,TXN00014961,USR43469,MCH8178,UTR4162160316,0,0,0,0,0,0,0
TXN00012537,2026-02-08 08:24:36,USR95551,MCH6245,16547.51,UTR4559518103,1310,SUCCESS,TXN00012537,USR95551,MCH6245,UTR4559518103,0,0,0,0,0,0,0
TXN00019408,2026-03-05 18:47:00,USR67576,MCH1056,7301.95,UTR6262927310,,SUCCESS,TXN00019408,USR67576,MCH1056,UTR6262927310,0,0,1,0,0,0,0
TXN00011301,2026-01-18 22:34:22,USR65010,MCH1605,10827.0,UTR5217287634,0110,SUCCESS,TXN00011301,USR65010,MCH1605,UTR5217287634,0,0,0,0,0,0,0
TXN00010730,2026-02-05 13:51:02,USR61563,MCH1795,-15853.68,UTR3002262021,9120,SUCCESS,TXN00010730,USR61563,MCH1795,UTR3002262021,1,0,0,0,0,0,0
TXN00017728,2026-01-26 21:35:17,USR18450,MCH3672,3614.84,UTR1801952724,1310,SUCCESS,TXN00017728,USR18450,MCH3672,UTR1801952724,0,0,0,0,0,0,0
TXN00013402,2026-03-31 13:00:59,USR85610,MCH2366,0.1647428,UTR1811414584,,SUCCESS,TXN00013402,USR85610,MCH2366,UTR1811414584,0,0,1,0,0,0,0
TXN00004544,2026-02-23 01:05:43,USR20443,MCH4379,7089.28,UTR3360302660,,SUCCESS,TXN00004544,USR20443,MCH4379,UTR3360302660,0,0,1,0,0,0,0
TXN00019343,2026-01-10 18:02:21,USR46469,MCH3366,20034.79,UTR6196784366,0110,SUCCESS,TXN00019343,USR46469,MCH3366,UTR6196784366,0,0,0,0,0,0,0
TXN00013943,2026-01-27 01:16:00,USR14347,MCH4789,2346.37,UTR3392816282,0110,SUCCESS,TXN00013943,USR14347,MCH4789,UTR 3392816282,0,0,0,0,0,0,0
TXN00006744,2026-03-21 00:49:06,USR34203,MCH9122,21547.48,,0110,SUCCESS,TXN00006744,USR34203,MCH9122,,0,1,0,0,0,0,0
TXN00016697,2026-03-17 06:01:16,USR48765,MCH1581,17083.38,UTR6093389430,,SUCCESS,TXN00016697,USR48765,MCH1581,UTR6093389430,0,0,1,0,0,0,0
TXN00013381,2026-03-08 05:24:37,USR99055,MCH2893,2104.37,UTR0610085448,9120,SUCCESS,TXN00013381,USR99055,MCH2893,UTR0610085448,0,0,0,0,0,0,0
TXN00017851,2026-03-07 22:39:27,USR94355,MCH1646,18663.01,UTR2034950088,,SUCCESS,TXN00017851,USR94355,MCH1646,UTR 2034950088,0,0,1,0,0,0,0
TXN00007691,2026-02-16 19:04:18,USR58825,MCH4728,0.181821,UTR4924406096,4110,SUCCESS,TXN00007691,USR58825,MCH4728,UTR4924406096,0,0,0,0,0,0,0
TXN00012017,2026-03-16 12:39:17,USR44009,MCH4773,1826.33,UTR0087581594,,FAILED,TXN00012017,USR44009,MCH4773,UTR0087581594,0,0,1,0,0,1,0
TXN00016759,2026-02-18 07:18:43,USR48157,MCH5188,12986.39,UTR9024234176,9120,SUCCESS,TXN00016759,USR48157,MCH5188,UTR9024234176,0,0,0,0,0,0,0
TXN00014053,2026-02-03 15:42:42,USR88331,MCH2581,16819.49,UTR8131520705,0110,SUCCESS,TXN00014053,USR88331,MCH2581,UTR8131520705,0,0,0,0,0,0,0
TXN00009241,2026-01-07 13:40:29,USR38523,MCH4831,8375.04,UTR0835132127,,SUCCESS,TXN00009241,USR38523,MCH4831,UTR0835132127,0,0,1,0,0,0,0
TXN00010419,2026-03-10 14:49:35,USR76277,MCH1556,10462.42,UTR4822040982,9120,SUCCESS,TXN00010419,USR76277,MCH1556,UTR4822040982,0,0,0,0,0,0,0
TXN00003204,2026-02-20 21:32:59,USR46808,MCH4764,21471.83,UTR9526750866,4110,SUCCESS,TXN00003204,USR46808,MCH4764,UTR9526750866,0,0,0,0,0,0,0
TXN00000231,2026-03-17 14:19:52,USR85692,MCH1550,19872.33,UTR1965327216,,SUCCESS,TXN00000231,USR85692,MCH1550,UTR1965327216,0,0,1,0,0,0,0
TXN00019362,2026-02-06 12:37:50,USR71817,MCH3435,21304.8,UTR9848257497,4110,PENDING,TXN00019362,USR71817,MCH3435,UTR9848257497,0,0,0,0,0,0,1
TXN00006082,2026-03-28 02:29:42,USR62793,MCH1278,24138.29,UTR9544155371,0110,SUCCESS,TXN00006082,USR62793,MCH1278,UTR9544155371,0,0,0,0,0,0,0
TXN00016289,2026-01-02 07:27:00,USR22960,MCH4252,904.01,UTR1196148338,0110,SUCCESS,TXN00016289,USR22960,MCH4252,UTR1196148338,0,0,0,0,0,0,0
TXN00013602,2026-01-24 03:25:01,USR64301,MCH2230,4968.03,UTR5508720151,4110,FAILED,TXN00013602,USR64301,MCH2230,UTR 5508720151,0,0,0,0,0,1,0
TXN00005388,2026-03-10 07:09:50,USR94565,MCH4623,24174.54,UTR8026591801,1310,SUCCESS,TXN00005388,USR94565,MCH4623,UTR8026591801,0,0,0,0,0,0,0
TXN00006358,2026-01-01 22:32:17,USR31602,MCH8847,11460.54,UTR1055656506,8120,SUCCESS,TXN00006358,USR31602,MCH8847,UTR1055656506,0,0,0,0,0,0,0
TXN00019603,2026-02-22 14:14:51,USR75780,MCH2100,13654.71,UTR4452887475,0110,SUCCESS,TXN00019603,USR75780,MCH2100,UTR4452887475,0,0,0,0,0,0,0
TXN00006656,2026-02-13 23:12:25,USR85707,MCH7143,0.1045503,UTR5490557869,8120,SUCCESS,TXN00006656,USR85707,MCH7143,UTR5490557869,0,0,0,0,0,0,0
TXN00019715,2026-03-09 00:44:32,USR89391,MCH1252,10050.61,UTR6016802272,1310,SUCCESS,TXN00019715,USR89391,MCH1252,UTR6016802272,0,0,0,0,0,0,0
TXN00003392,2026-03-27 02:57:34,USR72242,MCH7710,-22449.0,UTR4211340520,4110,SUCCESS,TXN00003392,USR72242,MCH7710,UTR4211340520,1,0,0,0,0,0,0
TXN00013665,2026-02-07 06:35:54,USR95364,MCH2574,0.117862,UTR5296235075,8120,SUCCESS,TXN00013665,USR95364,MCH2574,UTR5296235075,0,0,0,0,0,0,0
TXN00002579,2026-02-13 13:19:01,USR63371,MCH2745,8951.77,UTR7040925694,0110,SUCCESS,TXN00002579,USR63371,MCH2745,UTR 7040925694,0,0,0,0,0,0,0
TXN00013013,2026-03-17 14:09:06,USR92350,MCH3350,18488.05,UTR0965003033,4110,SUCCESS,TXN00013013,USR92350,MCH3350,UTR0965003033,0,0,0,0,0,0,0
TXN00002339,2026-02-18 16:16:13,USR93505,MCH7501,3034.41,,8120,FAILED,TXN00002339,USR93505,MCH7501,,0,1,0,0,0,1,0
TXN00008016,2026-01-31 00:00:00,USR28121,MCH4555,19308.28,UTR3707597569,4110,SUCCESS,TXN00008016,USR28121,MCH4555,UTR3707597569,0,0,0,0,0,0,0
TXN00016634,2026-01-11 03:16:11,USR34454,MCH1696,2408.0,,1310,SUCCESS,TXN00016634,USR34454,MCH1696,,0,1,0,0,0,0,0
TXN00008997,2026-03-26 04:33:25,USR29335,MCH7176,0.414261,UTR9911338314,9120,SUCCESS,TXN00008997,USR29335,MCH7176,UTR9911338314,0,0,0,0,0,0,0
TXN00009367,2026-03-26 00:07:07,USR55364,MCH5037,0.1328796,UTR1767446531,9120,SUCCESS,TXN00009367,USR55364,MCH5037,UTR1767446531,0,0,0,0,0,0,0
TXN00012863,2026-03-06 02:19:19,USR42191,MCH1378,0.1300705,UTR8080942876,,SUCCESS,TXN00012863,USR42191,MCH1378,UTR8080942876,0,0,1,0,0,0,0
TXN00010364,2026-02-02 18:03:59,USR10705,MCH9200,21693.96,UTR2454682705,,SUCCESS,TXN00010364,USR10705,MCH9200,UTR2454682705,0,0,1,0,0,0,0
TXN00006497,2026-01-23 19:35:22,USR14428,MCH5078,9302.2,UTR6236113291,0110,SUCCESS,TXN00006497,USR14428,MCH5078,UTR6236113291,0,0,0,0,0,0,0
TXN00003802,2026-03-09 12:55:36,USR84873,MCH4311,23458.51,UTR3657243483,4110,SUCCESS,TXN00003802,USR84873,MCH4311,UTR3657243483,0,0,0,0,0,0,0
TXN00016192,2026-01-11 08:01:46,USR14441,MCH2190,1154.0,UTR6415123134,0110,SUCCESS,TXN00016192,USR14441,MCH2190,UTR6415123134,0,0,0,0,0,0,0
TXN00011082,2026-01-22 19:10:12,USR30955,MCH9992,8245.26,UTR5341423632,4110,SUCCESS,TXN00011082,USR30955,MCH9992,UTR5341423632,0,0,0,0,0,0,0
TXN00019726,2026-02-01 05:56:12,USR39577,MCH2179,17512.84,UTR2035025261,1310,PENDING,TXN00019726,USR39577,MCH2179,UTR2035025261,0,0,0,0,0,0,1
TXN00004602,2026-02-19 22:40:25,USR91309,MCH4786,19586.85,UTR6295785864,4110,SUCCESS,TXN00004602,USR91309,MCH4786,UTR 6295785864,0,0,0,0,0,0,0
TXN00010277,2026-01-04 11:10:58,USR50054,MCH2899,15597.32,UTR8636019234,0110,SUCCESS,TXN00010277,USR50054,MCH2899,UTR8636019234,0,0,0,0,0,0,0
TXN00009762,2026-03-29 11:39:30,USR14887,MCH7220,3680.95,UTR8448075666,0110,SUCCESS,TXN00009762,USR14887,MCH7220,UTR8448075666,0,0,0,0,0,0,0
TXN00009748,2026-03-30 20:22:45,USR52837,MCH1280,7677.0,UTR1647132013,,SUCCESS,TXN00009748,USR52837,MCH1280,UTR1647132013,0,0,1,0,0,0,0
TXN00019575,2026-01-04 00:00:00,USR36251,MCH7687,19380.82,UTR1643841068,4110,SUCCESS,TXN00019575,USR36251,MCH7687,UTR1643841068,0,0,0,0,0,0,0
TXN00015669,2026-02-18 07:58:12,USR42287,MCH3463,15476.87,UTR0146787178,1310,SUCCESS,TXN00015669,USR42287,MCH3463,UTR0146787178,0,0,0,0,0,0,0
TXN00019641,2026-01-28 14:45:12,USR95314,MCH5759,6114.81,UTR2476684023,0110,SUCCESS,TXN00019641,USR95314,MCH5759,UTR2476684023,0,0,0,0,0,0,0
TXN00018950,2026-01-11 23:44:04,USR23932,MCH6852,12518.49,UTR7892654625,0110,SUCCESS,TXN00018950,USR23932,MCH6852,UTR7892654625,0,0,0,0,0,0,0
TXN00001207,2026-02-12 18:22:00,USR69998,MCH2952,17085.55,UTR9940268992,4110,SUCCESS,TXN00001207,USR69998,MCH2952,UTR9940268992,0,0,0,0,0,0,0
TXN00006750,2026-03-13 19:08:32,USR15300,MCH7319,10203.28,UTR9399304440,4110,SUCCESS,TXN00006750,USR15300,MCH7319,UTR9399304440,0,0,0,0,0,0,0
TXN00000773,2026-03-01 08:22:17,USR87912,MCH5527,3195.94,UTR9018763738,1310,SUCCESS,TXN00000773,USR87912,MCH5527,UTR9018763738,0,0,0,0,0,0,0
TXN00008489,2026-02-23 09:30:44,USR67691,MCH3288,5797.26,UTR3977783927,9120,SUCCESS,TXN00008489,USR67691,MCH3288,UTR3977783927,0,0,0,0,0,0,0
TXN00004084,2026-02-06 21:38:01,USR60666,MCH6744,18679.49,UTR6975670455,0110,SUCCESS,TXN00004084,USR60666,MCH6744,UTR 6975670455,0,0,0,0,0,0,0
TXN00012292,2026-01-24 21:35:18,USR10914,MCH6978,10264.0,UTR1756776618,,SUCCESS,TXN00012292,USR10914,MCH6978,UTR1756776618,0,0,1,0,0,0,0
TXN00007477,2026-02-22 18:59:06,USR14137,MCH5820,-16688.71,UTR3630143798,1310,SUCCESS,TXN00007477,USR14137,MCH5820,UTR3630143798,1,0,0,0,0,0,0
TXN00009335,2026-02-01 10:47:50,USR83429,MCH5961,9668.48,UTR5886592206,1310,SUCCESS,TXN00009335,USR83429,MCH5961,UTR5886592206,0,0,0,0,0,0,0
TXN00016081,2026-01-05 09:53:42,USR61596,MCH2134,13922.0,UTR4561252687,4110,SUCCESS,TXN00016081,USR61596,MCH2134,UTR4561252687,0,0,0,0,0,0,0
TXN00014331,2026-02-03 08:46:49,USR53338,MCH9699,3460.71,UTR7004286888,0110,FAILED,TXN00014331,USR53338,MCH9699,UTR7004286888,0,0,0,0,0,1,0
TXN00012248,2026-02-12 08:57:19,USR79269,MCH4875,-2621.64,UTR1487413180,8120,SUCCESS,TXN00012248,USR79269,MCH4875,UTR1487413180,1,0,0,0,0,0,0
TXN00004557,2026-01-26 12:24:13,USR43697,MCH1622,16579.05,,,SUCCESS,TXN00004557,USR43697,MCH1622,,0,1,1,0,0,0,0
TXN00003258,2026-03-16 22:51:59,USR21330,MCH2909,5164.24,UTR6008445778,9120,SUCCESS,TXN00003258,USR21330,MCH2909,UTR6008445778,0,0,0,0,0,0,0
TXN00009315,2026-02-10 04:47:08,USR75252,MCH3137,13886.03,UTR8016411384,,SUCCESS,TXN00009315,USR75252,MCH3137,UTR8016411384,0,0,1,0,0,0,0
TXN00016055,2026-03-24 20:39:19,USR85726,MCH7509,21027.28,UTR0544520329,,SUCCESS,TXN00016055,USR85726,MCH7509,UTR0544520329,0,0,1,0,0,0,0
TXN00003680,2026-01-14 14:32:22,USR97776,MCH9044,0.980842,UTR5147096200,4110,SUCCESS,TXN00003680,USR97776,MCH9044,UTR5147096200,0,0,0,0,0,0,0
TXN00012806,2026-03-23 01:15:22,USR23537,MCH6245,0.2062542,UTR8691632758,8120,SUCCESS,TXN00012806,USR23537,MCH6245,UTR8691632758,0,0,0,0,0,0,0
TXN00001031,2026-03-20 05:00:58,USR64673,MCH8845,934.82,UTR9982450441,1310,SUCCESS,TXN00001031,USR64673,MCH8845,UTR9982450441,0,0,0,0,0,0,0
TXN00018628,2026-01-12 05:19:42,USR25058,MCH5293,5311.13,UTR0946892717,4110,SUCCESS,TXN00018628,USR25058,MCH5293,UTR0946892717,0,0,0,0,0,0,0
TXN00017703,2026-01-20 17:04:21,USR21719,MCH1625,9532.96,UTR8077386309,4110,SUCCESS,TXN00017703,USR21719,MCH1625,UTR8077386309,0,0,0,0,0,0,0
TXN00006266,2026-01-30 05:39:07,USR42926,MCH4925,12526.91,UTR8825549539,4110,SUCCESS,TXN00006266,USR42926,MCH4925,UTR8825549539,0,0,0,0,0,0,0
TXN00018044,2026-02-15 22:35:02,USR81954,MCH7300,1537.0,UTR4979363405,4110,SUCCESS,TXN00018044,USR81954,MCH7300,UTR4979363405,0,0,0,0,0,0,0
TXN00002976,2026-02-24 17:19:30,USR29866,MCH8590,639.58,UTR9959933144,0110,PENDING,TXN00002976,USR29866,MCH8590,UTR9959933144,0,0,0,0,0,0,1
TXN00008655,2026-01-15 08:53:38,USR80911,MCH5483,9292.87,UTR4848498556,0110,FAILED,TXN00008655,USR80911,MCH5483,UTR4848498556,0,0,0,0,0,1,0
TXN00008192,2026-01-15 04:24:33,USR19758,MCH4296,9880.81,UTR7142522716,0110,SUCCESS,TXN00008192,USR19758,MCH4296,UTR7142522716,0,0,0,0,0,0,0
TXN00003019,2026-03-02 00:42:22,USR40495,MCH8208,1718.15,UTR7695519972,4110,SUCCESS,TXN00003019,USR40495,MCH8208,UTR7695519972,0,0,0,0,0,0,0
TXN00005097,2026-03-02 15:13:32,USR91087,MCH7200,21101.4,,9120,SUCCESS,TXN00005097,USR91087,MCH7200,,0,1,0,0,0,0,0
TXN00000137,2026-03-30 15:45:40,USR56550,MCH9231,12974.58,UTR4872320434,,SUCCESS,TXN00000137,USR56550,MCH9231,UTR 4872320434,0,0,1,0,0,0,0
TXN00002538,2026-03-22 16:28:45,USR78214,MCH3123,3579.83,UTR4968276627,4110,SUCCESS,TXN00002538,USR78214,MCH3123,UTR4968276627,0,0,0,0,0,0,0
TXN00008251,2026-01-11 23:08:32,USR44316,MCH6645,23037.23,UTR7389068691,9120,SUCCESS,TXN00008251,USR44316,MCH6645,UTR7389068691,0,0,0,0,0,0,0
TXN00019290,2026-03-13 01:53:31,USR94210,MCH5126,-18305.67,UTR2792082182,8120,SUCCESS,TXN00019290,USR94210,MCH5126,UTR2792082182,1,0,0,0,0,0,0
TXN00001529,2026-01-15 18:25:51,USR93140,MCH3153,20077.62,UTR9169474086,4110,SUCCESS,TXN00001529,USR93140,MCH3153,UTR9169474086,0,0,0,0,0,0,0
TXN00007729,2026-01-27 02:59:31,USR24536,MCH8776,23342.64,UTR9133256204,4110,SUCCESS,TXN00007729,USR24536,MCH8776,UTR9133256204,0,0,0,0,0,0,0
TXN00009572,2026-03-21 08:46:40,USR19077,MCH2233,0.256884,UTR3361514141,0110,PENDING,TXN00009572,USR19077,MCH2233,UTR3361514141,0,0,0,0,0,0,1
TXN00015850,2026-03-17 18:19:05,USR22561,MCH2167,11109.54,UTR9422844840,0110,SUCCESS,TXN00015850,USR22561,MCH2167,UTR9422844840,0,0,0,0,0,0,0
TXN00018763,2026-03-01 04:48:54,USR44632,MCH4894,10779.96,UTR5570672205,8120,SUCCESS,TXN00018763,USR44632,MCH4894,UTR5570672205,0,0,0,0,0,0,0
TXN00004282,2026-02-27 15:42:02,USR23193,MCH9271,0.183618,UTR9393916557,9120,SUCCESS,TXN00004282,USR23193,MCH9271,UTR 9393916557,0,0,0,0,0,0,0
TXN00005568,2026-01-17 12:22:25,USR39601,MCH3973,18135.91,UTR6559162275,,SUCCESS,TXN00005568,USR39601,MCH3973,UTR6559162275,0,0,1,0,0,0,0
TXN00012237,2026-01-19 08:12:55,USR67350,MCH8557,19297.53,UTR0945396464,9120,SUCCESS,TXN00012237,USR67350,MCH8557,UTR0945396464,0,0,0,0,0,0,0
TXN00003681,2026-02-18 22:09:44,USR96391,MCH3714,18771.73,UTR0361649369,4110,PENDING,TXN00003681,USR96391,MCH3714,UTR0361649369,0,0,0,0,0,0,1
TXN00010371,2026-01-12 17:29:24,USR81299,MCH3772,9132.0,UTR4863438024,8120,SUCCESS,TXN00010371,USR81299,MCH3772,UTR4863438024,0,0,0,0,0,0,0
TXN00007390,2026-03-12 07:28:39,USR83509,MCH2966,10600.97,UTR6591574757,9120,SUCCESS,TXN00007390,USR83509,MCH2966,UTR6591574757,0,0,0,0,0,0,0
TXN00008362,2026-03-25 04:33:25,USR43558,MCH9577,3323.77,UTR4919176564,8120,SUCCESS,TXN00008362,USR43558,MCH9577,UTR4919176564,0,0,0,0,0,0,0
TXN00000165,2026-01-22 00:00:00,USR37619,MCH5529,2266.34,UTR0241812332,9120,SUCCESS,TXN00000165,USR37619,MCH5529,UTR0241812332,0,0,0,0,0,0,0
TXN00005471,2026-03-21 01:48:57,USR43779,MCH6921,17184.0,UTR6496720517,4110,SUCCESS,TXN00005471,USR43779,MCH6921,UTR6496720517,0,0,0,0,0,0,0
TXN00005627,2026-01-20 09:16:33,USR89616,MCH5806,10956.72,UTR6945341025,9120,SUCCESS,TXN00005627,USR89616,MCH5806,UTR6945341025,0,0,0,0,0,0,0
TXN00003552,2026-03-20 12:23:20,USR34728,MCH1598,3437.34,UTR5517033161,1310,SUCCESS,TXN00003552,USR34728,MCH1598,UTR5517033161,0,0,0,0,0,0,0
TXN00015749,2026-02-20 01:16:10,USR38004,MCH2201,2400.63,UTR3717900451,4110,SUCCESS,TXN00015749,USR38004,MCH2201,UTR3717900451,0,0,0,0,0,0,0
TXN00011902,2026-03-04 15:53:07,USR19178,MCH6578,24372.0,UTR3105548492,8120,SUCCESS,TXN00011902,USR19178,MCH6578,UTR3105548492,0,0,0,0,0,0,0
TXN00007913,2026-04-02 02:06:00,USR72828,MCH6907,13441.97,UTR3438423004,0110,SUCCESS,TXN00007913,USR72828,MCH6907,UTR3438423004,0,0,0,0,0,0,0
TXN00000918,2026-01-03 19:37:57,USR81089,MCH7853,23711.85,UTR3343669807,1310,SUCCESS,TXN00000918,USR81089,MCH7853,UTR3343669807,0,0,0,0,0,0,0
TXN00010694,2026-03-28 17:51:11,USR67445,MCH9681,4833.44,UTR7805278865,4110,SUCCESS,TXN00010694,USR67445,MCH9681,UTR7805278865,0,0,0,0,0,0,0
TXN00002940,2026-01-16 17:24:37,USR26847,MCH4394,1070.13,UTR5333256508,8120,SUCCESS,TXN00002940,USR26847,MCH4394,UTR 5333256508,0,0,0,0,0,0,0
TXN00018051,2026-02-11 00:00:00,USR97327,MCH5739,3701.73,UTR4821890920,0110,SUCCESS,TXN00018051,USR97327,MCH5739,UTR4821890920,0,0,0,0,0,0,0
TXN00015953,2026-01-06 00:00:00,USR93447,MCH6727,8373.0,UTR6620106547,,PENDING,TXN00015953,USR93447,MCH6727,UTR6620106547,0,0,1,0,0,0,1
TXN00004929,2026-03-09 20:01:58,USR76807,MCH2118,18600.19,UTR6983413981,1310,SUCCESS,TXN00004929,USR76807,MCH2118,UTR6983413981,0,0,0,0,0,0,0
TXN00001509,2026-01-24 04:27:26,USR56391,MCH6656,15201.55,UTR2033647394,9120,SUCCESS,TXN00001509,USR56391,MCH6656,UTR2033647394,0,0,0,0,0,0,0
TXN00017349,2026-01-14 10:52:47,USR61021,MCH4302,15853.0,UTR3824842957,0110,FAILED,TXN00017349,USR61021,MCH4302,UTR 3824842957,0,0,0,0,0,1,0
TXN00008766,2026-03-12 20:50:42,USR54521,MCH2434,20104.69,UTR3726729849,4110,SUCCESS,TXN00008766,USR54521,MCH2434,UTR3726729849,0,0,0,0,0,0,0
TXN00012121,2026-01-29 04:11:54,USR29235,MCH2608,8731.38,UTR2711955040,8120,SUCCESS,TXN00012121,USR29235,MCH2608,UTR2711955040,0,0,0,0,0,0,0
TXN00010135,2026-02-14 00:36:01,USR59482,MCH2799,995.9,UTR6636029721,,FAILED,TXN00010135,USR59482,MCH2799,UTR6636029721,0,0,1,0,0,1,0
TXN00008625,2026-03-03 09:07:04,USR23863,MCH7401,519.84,UTR7805613573,,SUCCESS,TXN00008625,USR23863,MCH7401,UTR7805613573,0,0,1,0,0,0,0
TXN00009161,2026-02-01 04:26:46,USR96237,MCH1176,22725.0,UTR1469304458,4110,FAILED,TXN00009161,USR96237,MCH1176,UTR 1469304458,0,0,0,0,0,1,0
TXN00017123,2026-02-10 02:12:27,USR28151,MCH5701,4253.81,UTR7026832484,,FAILED,TXN00017123,USR28151,MCH5701,UTR7026832484,0,0,1,0,0,1,0
TXN00007669,2026-02-22 05:24:20,USR29943,MCH4968,21775.48,UTR8039431287,1310,SUCCESS,TXN00007669,USR29943,MCH4968,UTR8039431287,0,0,0,0,0,0,0
TXN00003090,2026-02-22 02:34:48,USR60784,MCH3364,6335.01,UTR8891608759,4110,SUCCESS,TXN00003090,USR60784,MCH3364,UTR8891608759,0,0,0,0,0,0,0
TXN00012882,2026-02-23 18:00:20,USR26557,MCH3295,20095.76,UTR0120691514,1310,SUCCESS,TXN00012882,USR26557,MCH3295,UTR0120691514,0,0,0,0,0,0,0
TXN00014898,2026-02-16 09:34:51,USR10485,MCH4363,4011.6,,8120,SUCCESS,TXN00014898,USR10485,MCH4363,,0,1,0,0,0,0,0
TXN00002673,2026-03-04 09:49:20,USR61729,MCH9316,17833.0,UTR5360011575,9120,SUCCESS,TXN00002673,USR61729,MCH9316,UTR5360011575,0,0,0,0,0,0,0
TXN00003917,2026-02-16 21:56:50,USR39960,MCH8200,18212.0,UTR1185667689,8120,SUCCESS,TXN00003917,USR39960,MCH8200,UTR1185667689,0,0,0,0,0,0,0
TXN00006386,2026-02-16 10:23:29,USR64982,MCH8259,15716.31,UTR7132178068,1310,SUCCESS,TXN00006386,USR64982,MCH8259,UTR7132178068,0,0,0,0,0,0,0
TXN00019780,2026-02-01 07:12:50,USR82613,MCH8187,15570.97,UTR5868012182,4110,FAILED,TXN00019780,USR82613,MCH8187,UTR 5868012182,0,0,0,0,0,1,0
TXN00014978,2026-01-01 07:17:28,USR36422,MCH9412,5138.8,UTR2287496445,9120,SUCCESS,TXN00014978,USR36422,MCH9412,UTR2287496445,0,0,0,0,0,0,0
TXN00001331,2026-02-28 01:31:35,USR77973,MCH4960,13888.54,UTR0659032046,1310,SUCCESS,TXN00001331,USR77973,MCH4960,UTR0659032046,0,0,0,0,0,0,0
TXN00003601,2026-03-26 10:21:43,USR76787,MCH6624,3539.0,UTR7427521530,4110,SUCCESS,TXN00003601,USR76787,MCH6624,UTR 7427521530,0,0,0,0,0,0,0
TXN00007441,2026-02-20 16:27:04,USR88602,MCH1746,15985.18,UTR4006481339,0110,SUCCESS,TXN00007441,USR88602,MCH1746,UTR4006481339,0,0,0,0,0,0,0
TXN00010881,2026-01-28 16:40:21,USR24697,MCH6052,9370.0,UTR0381577717,0110,SUCCESS,TXN00010881,USR24697,MCH6052,UTR0381577717,0,0,0,0,0,0,0
TXN00015327,2026-03-03 09:26:37,USR73051,MCH3020,0.1611076,UTR0261377643,9120,SUCCESS,TXN00015327,USR73051,MCH3020,UTR0261377643,0,0,0,0,0,0,0
TXN00016330,2026-03-28 01:35:39,USR48609,MCH5567,23437.31,,,PENDING,TXN00016330,USR48609,MCH5567,,0,1,1,0,0,0,1
TXN00005951,2026-03-20 03:59:07,USR18802,MCH4284,3674.0,UTR2848930825,,SUCCESS,TXN00005951,USR18802,MCH4284,UTR2848930825,0,0,1,0,0,0,0
TXN00017331,2026-12-01 19:20:01,USR14876,MCH9164,18328.46,UTR9393581060,0110,SUCCESS,TXN00017331,USR14876,MCH9164,UTR9393581060,0,0,0,0,0,0,0
TXN00006409,2026-01-18 14:22:03,USR79364,MCH1813,12807.09,UTR7053010013,4110,SUCCESS,TXN00006409,USR79364,MCH1813,UTR7053010013,0,0,0,0,0,0,0
TXN00008677,2026-01-20 05:37:34,USR83737,MCH5341,3600.75,UTR0349795805,9120,SUCCESS,TXN00008677,USR83737,MCH5341,UTR0349795805,0,0,0,0,0,0,0
TXN00002544,2026-02-13 19:12:15,USR95118,MCH6207,15344.0,UTR9999097166,1310,FAILED,TXN00002544,USR95118,MCH6207,UTR9999097166,0,0,0,0,0,1,0
TXN00014759,2026-03-31 11:10:38,USR47057,MCH9195,18096.42,UTR2455742095,4110,SUCCESS,TXN00014759,USR47057,MCH9195,UTR2455742095,0,0,0,0,0,0,0
TXN00019205,2026-01-28 02:48:54,USR57444,MCH6750,10728.94,UTR9284842260,9120,SUCCESS,TXN00019205,USR57444,MCH6750,UTR9284842260,0,0,0,0,0,0,0
TXN00008738,2026-03-31 23:26:12,USR99967,MCH5088,2008.76,UTR7180795447,0110,SUCCESS,TXN00008738,USR99967,MCH5088,UTR7180795447,0,0,0,0,0,0,0
TXN00015703,2026-01-17 08:42:31,USR53846,MCH9449,10232.81,UTR7495911078,1310,SUCCESS,TXN00015703,USR53846,MCH9449,UTR7495911078,0,0,0,0,0,0,0
TXN00006261,2026-01-20 00:00:00,USR81010,MCH4180,-3020.84,UTR0431638381,4110,SUCCESS,TXN00006261,USR81010,MCH4180,UTR0431638381,1,0,0,0,0,0,0
TXN00012275,2026-02-19 09:26:41,USR87080,MCH7370,8249.51,UTR0520435217,,SUCCESS,TXN00012275,USR87080,MCH7370,UTR0520435217,0,0,1,0,0,0,0
TXN00018148,2026-01-06 06:38:09,USR83281,MCH2179,8180.69,UTR5427986077,4110,SUCCESS,TXN00018148,USR83281,MCH2179,UTR5427986077,0,0,0,0,0,0,0
TXN00013587,2026-01-10 09:23:17,USR31286,MCH6859,23604.92,UTR9713156287,1310,SUCCESS,TXN00013587,USR31286,MCH6859,UTR9713156287,0,0,0,0,0,0,0
TXN00011600,2026-03-06 04:48:03,USR54868,MCH8640,16409.14,UTR3448945231,1310,SUCCESS,TXN00011600,USR54868,MCH8640,UTR3448945231,0,0,0,0,0,0,0
TXN00018766,2026-01-02 00:00:00,USR99861,MCH7397,19694.84,UTR0981225263,8120,SUCCESS,TXN00018766,USR99861,MCH7397,UTR0981225263,0,0,0,0,0,0,0
TXN00011623,2026-11-02 00:26:00,USR91986,MCH6165,1639.17,UTR6593468680,0110,SUCCESS,TXN00011623,USR91986,MCH6165,UTR6593468680,0,0,0,0,0,0,0
TXN00018339,2026-02-16 23:12:24,USR16055,MCH1339,9610.89,UTR6053447990,9120,SUCCESS,TXN00018339,USR16055,MCH1339,UTR6053447990,0,0,0,0,0,0,0
TXN00011341,2026-01-21 18:41:31,USR69551,MCH9238,-9969.61,UTR3704124391,,FAILED,TXN00011341,USR69551,MCH9238,UTR3704124391,1,0,1,0,0,1,0
TXN00002966,2026-01-15 23:17:55,USR84136,MCH2393,17532.23,UTR0141319139,4110,SUCCESS,TXN00002966,USR84136,MCH2393,UTR0141319139,0,0,0,0,0,0,0
TXN00000845,2026-03-03 21:51:31,USR89775,MCH6255,3725.08,,4110,PENDING,TXN00000845,USR89775,MCH6255,,0,1,0,0,0,0,1
TXN00004039,2026-02-07 18:48:02,USR64055,MCH7547,16489.0,UTR5440553351,0110,SUCCESS,TXN00004039,USR64055,MCH7547,UTR5440553351,0,0,0,0,0,0,0
TXN00000906,2026-03-14 13:50:15,USR16695,MCH2922,22318.0,UTR0229131863,4110,FAILED,TXN00000906,USR16695,MCH2922,UTR0229131863,0,0,0,0,0,1,0
TXN00003159,2026-03-01 20:33:00,USR48989,MCH3434,20620.33,UTR1189140628,0110,SUCCESS,TXN00003159,USR48989,MCH3434,UTR1189140628,0,0,0,0,0,0,0
TXN00011084,2026-03-18 19:40:30,USR61277,MCH6841,15454.76,UTR4289009168,1310,SUCCESS,TXN00011084,USR61277,MCH6841,UTR4289009168,0,0,0,0,0,0,0
TXN00001739,2026-03-30 16:34:44,USR51488,MCH9526,9200.31,UTR5039023509,0110,SUCCESS,TXN00001739,USR51488,MCH9526,UTR5039023509,0,0,0,0,0,0,0
TXN00010115,2026-02-28 17:01:12,USR49589,MCH5728,2365.13,UTR4498951721,1310,SUCCESS,TXN00010115,USR49589,MCH5728,UTR4498951721,0,0,0,0,0,0,0
TXN00014006,2026-01-09 00:02:56,USR72952,MCH7733,22907.61,,9120,SUCCESS,TXN00014006,USR72952,MCH7733,,0,1,0,0,0,0,0
TXN00011508,2026-02-19 00:15:25,USR14606,MCH2680,0.401824,UTR9289717613,,SUCCESS,TXN00011508,USR14606,MCH2680,UTR9289717613,0,0,1,0,0,0,0
TXN00002185,2026-01-23 08:11:48,USR68868,MCH1907,16332.54,,8120,FAILED,TXN00002185,USR68868,MCH1907,,0,1,0,0,0,1,0
TXN00001627,2026-03-30 15:02:44,USR89077,MCH4164,5031.33,UTR5406580214,,SUCCESS,TXN00001627,USR89077,MCH4164,UTR5406580214,0,0,1,0,0,0,0
TXN00005981,2026-03-04 20:24:59,USR38687,MCH6398,16132.3,UTR4141799996,,SUCCESS,TXN00005981,USR38687,MCH6398,UTR4141799996,0,0,1,0,0,0,0
TXN00006696,2026-01-12 04:54:49,USR53399,MCH7040,0.1852467,UTR6407910641,,SUCCESS,TXN00006696,USR53399,MCH7040,UTR6407910641,0,0,1,0,0,0,0
TXN00006396,2026-03-12 12:39:38,USR91365,MCH2518,6954.5,UTR5890287338,4110,SUCCESS,TXN00006396,USR91365,MCH2518,UTR 5890287338,0,0,0,0,0,0,0
TXN00001160,2026-01-12 14:34:57,USR83176,MCH5789,740.89,UTR9965220018,4110,SUCCESS,TXN00001160,USR83176,MCH5789,UTR9965220018,0,0,0,0,0,0,0
TXN00009968,2026-02-05 21:37:08,USR18926,MCH6983,2749.61,UTR1675861244,4110,FAILED,TXN00009968,USR18926,MCH6983,UTR1675861244,0,0,0,0,0,1,0
TXN00013654,2026-01-03 22:25:04,USR18597,MCH4827,14003.5,UTR2482312632,1310,SUCCESS,TXN00013654,USR18597,MCH4827,UTR2482312632,0,0,0,0,0,0,0
TXN00011033,2026-01-14 13:12:58,USR67414,MCH3504,10398.63,UTR1659171980,8120,SUCCESS,TXN00011033,USR67414,MCH3504,UTR1659171980,0,0,0,0,0,0,0
TXN00015708,2026-03-29 18:00:12,USR47820,MCH8693,1116.94,UTR4952730012,0110,SUCCESS,TXN00015708,USR47820,MCH8693,UTR4952730012,0,0,0,0,0,0,0
TXN00007622,2026-02-08 18:44:52,USR51254,MCH5542,14150.92,UTR0842190050,8120,SUCCESS,TXN00007622,USR51254,MCH5542,UTR0842190050,0,0,0,0,0,0,0
TXN00011252,2026-03-25 04:31:26,USR81395,MCH4216,17949.52,UTR0207198399,0110,SUCCESS,TXN00011252,USR81395,MCH4216,UTR 0207198399,0,0,0,0,0,0,0
TXN00019116,2026-01-17 04:36:16,USR76659,MCH2482,11604.02,UTR5916114724,4110,SUCCESS,TXN00019116,USR76659,MCH2482,UTR5916114724,0,0,0,0,0,0,0
TXN00000311,2026-01-24 02:35:27,USR58382,MCH8304,10979.9,UTR8742121664,,SUCCESS,TXN00000311,USR58382,MCH8304,UTR8742121664,0,0,1,0,0,0,0
TXN00011607,2026-09-01 05:55:42,USR97073,MCH6454,0.879253,UTR9902603446,0110,SUCCESS,TXN00011607,USR97073,MCH6454,UTR9902603446,0,0,0,0,0,0,0
TXN00003028,2026-02-03 12:46:18,USR61879,MCH8631,0.1604694,UTR9217024861,9120,SUCCESS,TXN00003028,USR61879,MCH8631,UTR9217024861,0,0,0,0,0,0,0
TXN00013878,2026-01-19 14:38:59,USR74937,MCH7110,8656.0,UTR5148570293,9120,SUCCESS,TXN00013878,USR74937,MCH7110,UTR5148570293,0,0,0,0,0,0,0
TXN00001351,2026-01-27 04:00:22,USR13735,MCH4562,21677.12,UTR7706577575,1310,SUCCESS,TXN00001351,USR13735,MCH4562,UTR7706577575,0,0,0,0,0,0,0
TXN00011288,2026-01-30 06:53:08,USR14911,MCH1494,8564.0,UTR6355153230,0110,SUCCESS,TXN00011288,USR14911,MCH1494,UTR6355153230,0,0,0,0,0,0,0
TXN00007682,2026-02-02 23:28:00,USR18825,MCH7163,13251.59,UTR0674603825,1310,SUCCESS,TXN00007682,USR18825,MCH7163,UTR0674603825,0,0,0,0,0,0,0
TXN00008994,2026-01-07 10:06:31,USR22856,MCH3706,0.1191943,UTR3127306829,8120,SUCCESS,TXN00008994,USR22856,MCH3706,UTR3127306829,0,0,0,0,0,0,0
TXN00004253,2026-01-24 11:57:00,USR66645,MCH5487,-8489.24,UTR1420380703,,SUCCESS,TXN00004253,USR66645,MCH5487,UTR 1420380703,1,0,1,0,0,0,0
TXN00017355,2026-01-26 23:31:52,USR84547,MCH6039,6707.23,UTR4376810939,4110,SUCCESS,TXN00017355,USR84547,MCH6039,UTR4376810939,0,0,0,0,0,0,0
TXN00011450,2026-01-27 12:04:21,USR22948,MCH7141,21545.73,UTR0951111237,8120,SUCCESS,TXN00011450,USR22948,MCH7141,UTR0951111237,0,0,0,0,0,0,0
TXN00019937,2026-03-23 10:11:41,USR13994,MCH1797,17899.58,UTR8383674501,4110,SUCCESS,TXN00019937,USR13994,MCH1797,UTR8383674501,0,0,0,0,0,0,0
TXN00006850,2026-02-21 00:15:33,USR80274,MCH9447,1802.67,,1310,SUCCESS,TXN00006850,USR80274,MCH9447,,0,1,0,0,0,0,0
TXN00002241,2026-03-17 15:28:34,USR34768,MCH7514,19866.51,UTR7814804242,8120,SUCCESS,TXN00002241,USR34768,MCH7514,UTR7814804242,0,0,0,0,0,0,0
TXN00018196,2026-03-08 18:37:52,USR70387,MCH7189,0.1402047,UTR4637173886,4110,SUCCESS,TXN00018196,USR70387,MCH7189,UTR4637173886,0,0,0,0,0,0,0
TXN00006627,2026-03-31 10:27:49,USR13836,MCH5317,20198.0,UTR1638503838,4110,FAILED,TXN00006627,USR13836,MCH5317,UTR 1638503838,0,0,0,0,0,1,0
TXN00005366,2026-01-06 10:16:35,USR42638,MCH6267,24757.0,UTR6759785982,1310,SUCCESS,TXN00005366,USR42638,MCH6267,UTR6759785982,0,0,0,0,0,0,0
TXN00014799,2026-02-11 01:31:58,USR38374,MCH3374,10165.93,UTR3269004248,4110,FAILED,TXN00014799,USR38374,MCH3374,UTR3269004248,0,0,0,0,0,1,0
TXN00007941,2026-01-15 01:31:15,USR84450,MCH7785,9094.23,UTR0289589565,8120,SUCCESS,TXN00007941,USR84450,MCH7785,UTR0289589565,0,0,0,0,0,0,0
TXN00013538,2026-01-06 00:50:56,USR21853,MCH2218,20000.68,UTR5736439383,8120,SUCCESS,TXN00013538,USR21853,MCH2218,UTR5736439383,0,0,0,0,0,0,0
TXN00001955,2026-08-03 14:43:22,USR21892,MCH8454,0.249587,UTR8274659161,9120,SUCCESS,TXN00001955,USR21892,MCH8454,UTR8274659161,0,0,0,0,0,0,0
TXN00015017,2026-03-27 01:46:23,USR37864,MCH8054,12793.0,UTR7428046521,4110,SUCCESS,TXN00015017,USR37864,MCH8054,UTR7428046521,0,0,0,0,0,0,0
TXN00001902,2026-01-25 08:03:59,USR98430,MCH5602,140.69,UTR8138294061,4110,SUCCESS,TXN00001902,USR98430,MCH5602,UTR8138294061,0,0,0,0,0,0,0
TXN00004504,2026-02-13 02:14:58,USR40044,MCH5602,171.54,UTR0840028991,0110,FAILED,TXN00004504,USR40044,MCH5602,UTR0840028991,0,0,0,0,0,1,0
TXN00016274,2026-01-11 16:24:04,USR18045,MCH8259,15728.42,UTR6166874094,9120,SUCCESS,TXN00016274,USR18045,MCH8259,UTR6166874094,0,0,0,0,0,0,0
TXN00013983,2026-02-19 17:39:25,USR14450,MCH9764,0.647007,UTR0619426050,4110,SUCCESS,TXN00013983,USR14450,MCH9764,UTR0619426050,0,0,0,0,0,0,0
TXN00000049,2026-03-16 03:04:12,USR90478,MCH7827,13672.29,UTR0415789585,0110,SUCCESS,TXN00000049,USR90478,MCH7827,UTR0415789585,0,0,0,0,0,0,0
TXN00002875,2026-02-05 02:20:16,USR72094,MCH7327,19511.33,,4110,SUCCESS,TXN00002875,USR72094,MCH7327,,0,1,0,0,0,0,0
TXN00010441,2026-03-01 06:39:23,USR30558,MCH2737,17346.6,UTR7238536354,4110,SUCCESS,TXN00010441,USR30558,MCH2737,UTR7238536354,0,0,0,0,0,0,0
TXN00008867,2026-03-12 20:45:58,USR70240,MCH8627,10456.0,UTR0334810680,0110,SUCCESS,TXN00008867,USR70240,MCH8627,UTR0334810680,0,0,0,0,0,0,0
TXN00005466,2026-03-18 09:49:25,USR38329,MCH2553,12653.0,,9120,SUCCESS,TXN00005466,USR38329,MCH2553,,0,1,0,0,0,0,0
TXN00018376,2026-03-15 18:43:01,USR58825,MCH8405,24726.09,UTR8703852264,,SUCCESS,TXN00018376,USR58825,MCH8405,UTR8703852264,0,0,1,0,0,0,0
TXN00003569,2026-01-25 16:55:41,USR76829,MCH8342,19428.46,UTR0734370674,9120,SUCCESS,TXN00003569,USR76829,MCH8342,UTR0734370674,0,0,0,0,0,0,0
TXN00019864,2026-01-08 12:31:56,USR63381,MCH9316,24864.19,UTR5557930058,4110,SUCCESS,TXN00019864,USR63381,MCH9316,UTR5557930058,0,0,0,0,0,0,0
TXN00000878,2026-02-15 05:40:56,USR43563,MCH5325,16476.51,UTR4581553497,8120,SUCCESS,TXN00000878,USR43563,MCH5325,UTR4581553497,0,0,0,0,0,0,0
TXN00003243,2026-02-24 10:57:39,USR32801,MCH5185,13527.22,UTR1092318597,8120,SUCCESS,TXN00003243,USR32801,MCH5185,UTR1092318597,0,0,0,0,0,0,0
TXN00008341,2026-01-16 13:37:38,USR37946,MCH8170,20541.23,UTR6457570627,0110,SUCCESS,TXN00008341,USR37946,MCH8170,UTR6457570627,0,0,0,0,0,0,0
TXN00002856,2026-03-24 02:12:26,USR22528,MCH2765,12653.89,UTR0997068467,9120,SUCCESS,TXN00002856,USR22528,MCH2765,UTR0997068467,0,0,0,0,0,0,0
TXN00017043,2026-03-05 00:04:25,USR60834,MCH7769,5389.57,UTR4537172266,8120,SUCCESS,TXN00017043,USR60834,MCH7769,UTR4537172266,0,0,0,0,0,0,0
TXN00010954,2026-01-14 12:52:47,USR83993,MCH8096,2030.36,UTR9693897938,1310,SUCCESS,TXN00010954,USR83993,MCH8096,UTR 9693897938,0,0,0,0,0,0,0
TXN00011351,2026-02-12 16:29:44,USR74351,MCH8579,9825.1,UTR4336277855,4110,SUCCESS,TXN00011351,USR74351,MCH8579,UTR4336277855,0,0,0,0,0,0,0
TXN00005855,2026-03-18 20:18:22,USR15316,MCH8231,-10175.28,UTR6357311487,4110,SUCCESS,TXN00005855,USR15316,MCH8231,UTR6357311487,1,0,0,0,0,0,0
TXN00017134,2026-01-22 17:48:36,USR29312,MCH4751,6093.97,UTR6472425253,9120,SUCCESS,TXN00017134,USR29312,MCH4751,UTR 6472425253,0,0,0,0,0,0,0
TXN00008700,2026-02-10 03:42:57,USR69975,MCH5214,14339.31,UTR0927961170,0110,SUCCESS,TXN00008700,USR69975,MCH5214,UTR0927961170,0,0,0,0,0,0,0
TXN00015375,2026-02-08 05:36:44,USR15597,MCH9585,1022.58,UTR2869917620,0110,SUCCESS,TXN00015375,USR15597,MCH9585,UTR2869917620,0,0,0,0,0,0,0
TXN00010627,2026-01-01 11:49:53,USR47994,MCH8555,20956.0,UTR5150811323,4110,SUCCESS,TXN00010627,USR47994,MCH8555,UTR5150811323,0,0,0,0,0,0,0
TXN00010806,2026-01-11 21:02:10,USR61693,MCH8601,2223.32,UTR7132206391,0110,SUCCESS,TXN00010806,USR61693,MCH8601,UTR7132206391,0,0,0,0,0,0,0
TXN00006486,2026-01-24 09:19:07,USR27187,MCH5628,12288.35,UTR8533416275,9120,SUCCESS,TXN00006486,USR27187,MCH5628,UTR8533416275,0,0,0,0,0,0,0
TXN00003231,2026-03-01 08:50:49,USR81380,MCH1571,12985.42,UTR7755959226,9120,SUCCESS,TXN00003231,USR81380,MCH1571,UTR 7755959226,0,0,0,0,0,0,0
TXN00016101,2026-02-24 14:43:00,USR80294,MCH6705,16140.0,UTR4499688736,,SUCCESS,TXN00016101,USR80294,MCH6705,UTR 4499688736,0,0,1,0,0,0,0
TXN00009132,2026-02-24 21:41:27,USR38837,MCH1093,18655.81,,0110,PENDING,TXN00009132,USR38837,MCH1093,,0,1,0,0,0,0,1
TXN00001927,2026-01-07 04:06:03,USR42610,MCH1022,14709.17,UTR2851476476,0110,SUCCESS,TXN00001927,USR42610,MCH1022,UTR 2851476476,0,0,0,0,0,0,0
TXN00013454,2026-01-22 12:10:50,USR12116,MCH8224,4307.54,UTR9543188675,,SUCCESS,TXN00013454,USR12116,MCH8224,UTR9543188675,0,0,1,0,0,0,0
TXN00014114,2026-02-02 23:50:35,USR83183,MCH6338,13555.46,UTR1339144963,9120,SUCCESS,TXN00014114,USR83183,MCH6338,UTR1339144963,0,0,0,0,0,0,0
TXN00008399,2026-01-11 09:27:23,USR53777,MCH4467,21460.75,UTR7654669665,9120,SUCCESS,TXN00008399,USR53777,MCH4467,UTR7654669665,0,0,0,0,0,0,0
TXN00005449,2026-01-30 07:09:49,USR77993,MCH2606,13624.58,,0110,SUCCESS,TXN00005449,USR77993,MCH2606,,0,1,0,0,0,0,0
TXN00015445,2026-03-09 11:42:13,USR44524,MCH8003,11444.0,,,SUCCESS,TXN00015445,USR44524,MCH8003,,0,1,1,0,0,0,0
TXN00015233,2026-03-31 14:53:40,USR75064,MCH8135,22934.88,UTR2515702332,0110,SUCCESS,TXN00015233,USR75064,MCH8135,UTR2515702332,0,0,0,0,0,0,0
TXN00000659,2026-01-26 18:34:53,USR84787,MCH2596,16151.47,UTR8800777328,,SUCCESS,TXN00000659,USR84787,MCH2596,UTR8800777328,0,0,1,0,0,0,0
TXN00019670,2026-01-31 03:46:24,USR47456,MCH6036,21305.0,UTR7686468777,,SUCCESS,TXN00019670,USR47456,MCH6036,UTR7686468777,0,0,1,0,0,0,0
TXN00011868,2026-01-22 03:59:46,USR86284,MCH4592,0.53092,UTR9557519937,1310,SUCCESS,TXN00011868,USR86284,MCH4592,UTR9557519937,0,0,0,0,0,0,0
TXN00011875,2026-02-09 15:35:02,USR22516,MCH9690,20641.96,UTR6840255761,9120,SUCCESS,TXN00011875,USR22516,MCH9690,UTR6840255761,0,0,0,0,0,0,0
TXN00009206,2026-03-23 08:42:54,USR92483,MCH8154,1911.36,UTR4448538012,4110,SUCCESS,TXN00009206,USR92483,MCH8154,UTR4448538012,0,0,0,0,0,0,0
TXN00017237,2026-03-03 07:30:20,USR27443,MCH8783,0.540312,UTR6324723733,0110,SUCCESS,TXN00017237,USR27443,MCH8783,UTR6324723733,0,0,0,0,0,0,0
TXN00003844,2026-01-26 07:38:51,USR74424,MCH2764,10199.63,UTR6497646310,0110,SUCCESS,TXN00003844,USR74424,MCH2764,UTR6497646310,0,0,0,0,0,0,0
TXN00005176,2026-02-13 15:33:59,USR16924,MCH3476,20418.21,UTR9656008845,,FAILED,TXN00005176,USR16924,MCH3476,UTR9656008845,0,0,1,0,0,1,0
TXN00016237,2026-02-17 14:59:26,USR13265,MCH4776,2729.1,UTR4826422448,8120,SUCCESS,TXN00016237,USR13265,MCH4776,UTR4826422448,0,0,0,0,0,0,0
TXN00011910,2026-01-06 07:23:44,USR93515,MCH8705,285.59,UTR9931331057,1310,SUCCESS,TXN00011910,USR93515,MCH8705,UTR9931331057,0,0,0,0,0,0,0
TXN00017695,2026-01-22 05:48:20,USR51978,MCH7944,1584.75,UTR6934233360,4110,SUCCESS,TXN00017695,USR51978,MCH7944,UTR6934233360,0,0,0,0,0,0,0
TXN00000503,2026-01-30 01:36:10,USR33758,MCH7518,7745.0,UTR8207512695,,SUCCESS,TXN00000503,USR33758,MCH7518,UTR8207512695,0,0,1,0,0,0,0
TXN00006214,2026-03-31 03:34:25,USR60393,MCH4981,8774.0,UTR0432633397,4110,SUCCESS,TXN00006214,USR60393,MCH4981,UTR0432633397,0,0,0,0,0,0,0
TXN00014304,2026-03-15 23:15:51,USR63404,MCH7937,4541.33,UTR5858793638,4110,FAILED,TXN00014304,USR63404,MCH7937,UTR5858793638,0,0,0,0,0,1,0
TXN00017933,2026-02-04 00:00:00,USR44326,MCH1848,14307.72,UTR8180929261,0110,FAILED,TXN00017933,USR44326,MCH1848,UTR 8180929261,0,0,0,0,0,1,0
TXN00017519,2026-03-30 12:16:56,USR92692,MCH2897,23316.1,UTR0098305293,8120,SUCCESS,TXN00017519,USR92692,MCH2897,UTR 0098305293,0,0,0,0,0,0,0
TXN00000111,2026-03-12 18:59:18,USR50341,MCH9762,7250.89,UTR7611787389,0110,FAILED,TXN00000111,USR50341,MCH9762,UTR7611787389,0,0,0,0,0,1,0
TXN00016016,2026-01-13 16:03:10,USR26683,MCH1893,13624.0,UTR1300258588,0110,SUCCESS,TXN00016016,USR26683,MCH1893,UTR1300258588,0,0,0,0,0,0,0
TXN00006070,2026-03-29 08:11:57,USR63533,MCH5650,0.597874,UTR2471503691,4110,FAILED,TXN00006070,USR63533,MCH5650,UTR 2471503691,0,0,0,0,0,1,0
TXN00013216,2026-02-28 22:04:27,USR24591,MCH2383,11568.75,UTR8451072892,8120,FAILED,TXN00013216,USR24591,MCH2383,UTR8451072892,0,0,0,0,0,1,0
TXN00003235,2026-03-24 08:51:42,USR58663,MCH6528,9781.91,UTR0517358436,9120,SUCCESS,TXN00003235,USR58663,MCH6528,UTR0517358436,0,0,0,0,0,0,0
TXN00013260,2026-02-01 01:45:02,USR72047,MCH3227,4668.48,UTR9643988213,4110,SUCCESS,TXN00013260,USR72047,MCH3227,UTR9643988213,0,0,0,0,0,0,0
TXN00012585,2026-02-26 19:40:33,USR36216,MCH5659,5420.1,,,SUCCESS,TXN00012585,USR36216,MCH5659,,0,1,1,0,0,0,0
TXN00008171,2026-01-23 14:29:16,USR81016,MCH6556,20402.68,UTR1096014423,4110,SUCCESS,TXN00008171,USR81016,MCH6556,UTR 1096014423,0,0,0,0,0,0,0
TXN00003105,2026-01-05 23:12:21,USR40121,MCH2388,6475.2,UTR7804225226,8120,SUCCESS,TXN00003105,USR40121,MCH2388,UTR7804225226,0,0,0,0,0,0,0
TXN00000885,2026-03-29 20:25:35,USR15273,MCH9738,19999.9,UTR4989788778,4110,FAILED,TXN00000885,USR15273,MCH9738,UTR4989788778,0,0,0,0,0,1,0
TXN00017527,2026-02-21 19:04:05,USR62266,MCH7685,18058.61,UTR7814457942,4110,SUCCESS,TXN00017527,USR62266,MCH7685,UTR 7814457942,0,0,0,0,0,0,0
TXN00001588,2026-02-12 03:13:36,USR46106,MCH5604,10113.93,UTR9923736533,4110,SUCCESS,TXN00001588,USR46106,MCH5604,UTR9923736533,0,0,0,0,0,0,0
TXN00001312,2026-02-27 18:33:11,USR11215,MCH7643,22371.47,UTR1009194864,1310,FAILED,TXN00001312,USR11215,MCH7643,UTR1009194864,0,0,0,0,0,1,0
TXN00015494,2026-02-22 00:44:51,USR49885,MCH7902,10191.82,UTR4962226013,8120,SUCCESS,TXN00015494,USR49885,MCH7902,UTR4962226013,0,0,0,0,0,0,0
TXN00010487,2026-01-16 12:16:00,USR25306,MCH6340,258.89,UTR9342055663,1310,SUCCESS,TXN00010487,USR25306,MCH6340,UTR 9342055663,0,0,0,0,0,0,0
TXN00018845,2026-01-25 06:23:06,USR70423,MCH9081,16177.02,UTR2704123452,0110,SUCCESS,TXN00018845,USR70423,MCH9081,UTR2704123452,0,0,0,0,0,0,0
TXN00003479,2026-03-28 21:46:37,USR58060,MCH6081,0.1221751,UTR8202390586,4110,SUCCESS,TXN00003479,USR58060,MCH6081,UTR 8202390586,0,0,0,0,0,0,0
TXN00014634,2026-01-31 05:45:40,USR39878,MCH2633,-17353.56,UTR6034847517,,FAILED,TXN00014634,USR39878,MCH2633,UTR6034847517,1,0,1,0,0,1,0
TXN00019461,2026-03-08 17:20:35,USR58599,MCH9193,8415.15,UTR3670742898,1310,SUCCESS,TXN00019461,USR58599,MCH9193,UTR3670742898,0,0,0,0,0,0,0
TXN00000685,2026-03-08 16:29:35,USR36186,MCH7180,23235.11,UTR8544702732,4110,SUCCESS,TXN00000685,USR36186,MCH7180,UTR8544702732,0,0,0,0,0,0,0
TXN00001185,2026-01-02 08:58:05,USR69512,MCH2236,2571.72,UTR4524633997,0110,SUCCESS,TXN00001185,USR69512,MCH2236,UTR4524633997,0,0,0,0,0,0,0
TXN00004549,2026-03-22 14:12:17,USR12711,MCH9558,0.1672522,,9120,FAILED,TXN00004549,USR12711,MCH9558,,0,1,0,0,0,1,0
TXN00004665,2026-03-06 11:34:02,USR72053,MCH2070,20740.77,UTR0119528930,0110,SUCCESS,TXN00004665,USR72053,MCH2070,UTR0119528930,0,0,0,0,0,0,0
TXN00013774,2026-11-01 04:18:47,USR48488,MCH3459,20076.77,UTR8103109767,4110,SUCCESS,TXN00013774,USR48488,MCH3459,UTR8103109767,0,0,0,0,0,0,0
TXN00019654,2026-02-23 01:37:37,USR59142,MCH2133,6072.75,UTR5244697747,,SUCCESS,TXN00019654,USR59142,MCH2133,UTR5244697747,0,0,1,0,0,0,0
TXN00014814,2026-02-09 23:07:06,USR19781,MCH7800,5987.03,,9120,PENDING,TXN00014814,USR19781,MCH7800,,0,1,0,0,0,0,1
TXN00006306,2026-03-30 09:17:04,USR55003,MCH2046,11083.75,UTR6816484853,,SUCCESS,TXN00006306,USR55003,MCH2046,UTR6816484853,0,0,1,0,0,0,0
TXN00018002,2026-02-14 01:33:58,USR28204,MCH6068,10066.44,UTR5329509669,,SUCCESS,TXN00018002,USR28204,MCH6068,UTR5329509669,0,0,1,0,0,0,0
TXN00012656,2026-02-19 06:52:38,USR45154,MCH7549,5847.14,UTR5409857890,0110,PENDING,TXN00012656,USR45154,MCH7549,UTR5409857890,0,0,0,0,0,0,1
TXN00002741,2026-02-11 05:09:21,USR30012,MCH5245,9148.36,UTR8190612122,4110,SUCCESS,TXN00002741,USR30012,MCH5245,UTR 8190612122,0,0,0,0,0,0,0
TXN00001313,2026-03-14 17:11:52,USR26770,MCH7257,13694.33,UTR2520190997,4110,PENDING,TXN00001313,USR26770,MCH7257,UTR2520190997,0,0,0,0,0,0,1
TXN00008477,2026-02-25 23:29:26,USR20346,MCH7785,2139.16,UTR8761196268,,SUCCESS,TXN00008477,USR20346,MCH7785,UTR8761196268,0,0,1,0,0,0,0
TXN00009459,2026-01-31 03:11:17,USR53246,MCH3144,16582.06,UTR7809668175,1310,SUCCESS,TXN00009459,USR53246,MCH3144,UTR 7809668175,0,0,0,0,0,0,0
TXN00003184,2026-03-29 00:00:00,USR72878,MCH3479,0.625642,UTR0697969223,,SUCCESS,TXN00003184,USR72878,MCH3479,UTR0697969223,0,0,1,0,0,0,0
TXN00003374,2026-03-30 15:58:46,USR56071,MCH7174,16552.6,UTR0805737002,1310,SUCCESS,TXN00003374,USR56071,MCH7174,UTR0805737002,0,0,0,0,0,0,0
TXN00001624,2026-03-08 07:49:08,USR78529,MCH5757,0.2394106,UTR2108952637,0110,SUCCESS,TXN00001624,USR78529,MCH5757,UTR2108952637,0,0,0,0,0,0,0
TXN00006487,2026-02-02 03:02:27,USR94233,MCH8323,23763.08,UTR8774145529,,PENDING,TXN00006487,USR94233,MCH8323,UTR8774145529,0,0,1,0,0,0,1
TXN00010295,2026-01-02 14:15:26,USR60818,MCH3680,12106.13,UTR1659833423,9120,FAILED,TXN00010295,USR60818,MCH3680,UTR1659833423,0,0,0,0,0,1,0
TXN00006086,2026-02-26 20:28:43,USR72694,MCH6422,11449.54,UTR3774520999,4110,SUCCESS,TXN00006086,USR72694,MCH6422,UTR3774520999,0,0,0,0,0,0,0
TXN00016700,2026-02-27 00:13:05,USR70271,MCH6536,0.200413,UTR5978412620,1310,SUCCESS,TXN00016700,USR70271,MCH6536,UTR5978412620,0,0,0,0,0,0,0
TXN00016840,2026-01-01 18:30:30,USR58977,MCH6952,21385.14,UTR5722884346,8120,SUCCESS,TXN00016840,USR58977,MCH6952,UTR5722884346,0,0,0,0,0,0,0
TXN00004025,2026-01-14 23:59:26,USR78612,MCH4782,0.1683057,,9120,SUCCESS,TXN00004025,USR78612,MCH4782,,0,1,0,0,0,0,0
TXN00002468,2026-03-02 15:45:02,USR29925,MCH1210,996.09,UTR3535325530,,PENDING,TXN00002468,USR29925,MCH1210,UTR3535325530,0,0,1,0,0,0,1
TXN00016774,2026-01-10 03:18:05,USR28326,MCH3771,0.1813753,UTR4503454484,9120,SUCCESS,TXN00016774,USR28326,MCH3771,UTR4503454484,0,0,0,0,0,0,0
TXN00013946,2026-03-03 22:53:37,USR80798,MCH2568,22941.65,UTR7331652225,9120,SUCCESS,TXN00013946,USR80798,MCH2568,UTR 7331652225,0,0,0,0,0,0,0
TXN00007579,2026-03-12 08:11:42,USR23108,MCH1509,0.2291691,UTR9121804805,,SUCCESS,TXN00007579,USR23108,MCH1509,UTR9121804805,0,0,1,0,0,0,0
TXN00010609,2026-01-28 02:30:55,USR89289,MCH8334,18710.49,UTR4419669313,4110,SUCCESS,TXN00010609,USR89289,MCH8334,UTR4419669313,0,0,0,0,0,0,0
TXN00008716,2026-03-19 22:39:01,USR55121,MCH2594,21132.19,UTR4047371506,9120,SUCCESS,TXN00008716,USR55121,MCH2594,UTR4047371506,0,0,0,0,0,0,0
TXN00011560,2026-02-24 14:09:00,USR19905,MCH7402,21216.21,UTR7582219323,1310,SUCCESS,TXN00011560,USR19905,MCH7402,UTR7582219323,0,0,0,0,0,0,0
TXN00001738,2026-02-18 17:15:59,USR39828,MCH4881,4873.62,UTR1442357382,8120,SUCCESS,TXN00001738,USR39828,MCH4881,UTR1442357382,0,0,0,0,0,0,0
TXN00018592,2026-02-04 00:09:34,USR45257,MCH9939,5919.73,UTR3260088314,0110,SUCCESS,TXN00018592,USR45257,MCH9939,UTR3260088314,0,0,0,0,0,0,0
TXN00013030,2026-02-13 07:38:15,USR85311,MCH9971,0.637642,UTR0130307861,9120,FAILED,TXN00013030,USR85311,MCH9971,UTR0130307861,0,0,0,0,0,1,0
TXN00002554,2026-02-07 11:49:56,USR70042,MCH7102,23692.72,UTR3478037373,8120,SUCCESS,TXN00002554,USR70042,MCH7102,UTR3478037373,0,0,0,0,0,0,0
TXN00004200,2026-02-28 13:35:02,USR79036,MCH6128,15431.48,UTR3329758711,8120,PENDING,TXN00004200,USR79036,MCH6128,UTR3329758711,0,0,0,0,0,0,1
TXN00003606,2026-08-01 18:59:45,USR41632,MCH9436,0.457912,UTR1426027575,,SUCCESS,TXN00003606,USR41632,MCH9436,UTR1426027575,0,0,1,0,0,0,0
TXN00017883,2026-03-13 11:26:19,USR52299,MCH8141,0.1204176,UTR9656683431,9120,SUCCESS,TXN00017883,USR52299,MCH8141,UTR9656683431,0,0,0,0,0,0,0
TXN00017852,2026-03-15 19:32:09,USR62046,MCH1628,24803.86,UTR8128872744,1310,SUCCESS,TXN00017852,USR62046,MCH1628,UTR8128872744,0,0,0,0,0,0,0
TXN00004985,2026-03-11 03:50:00,USR56777,MCH2066,13771.0,,8120,SUCCESS,TXN00004985,USR56777,MCH2066,,0,1,0,0,0,0,0
TXN00013958,2026-01-23 18:09:20,USR53189,MCH6055,10054.0,UTR6187252843,4110,SUCCESS,TXN00013958,USR53189,MCH6055,UTR6187252843,0,0,0,0,0,0,0
TXN00005575,2026-03-29 04:46:51,USR86881,MCH8505,-16187.08,UTR9555358687,4110,SUCCESS,TXN00005575,USR86881,MCH8505,UTR9555358687,1,0,0,0,0,0,0
TXN00009198,2026-03-05 10:14:43,USR35556,MCH6913,23998.32,UTR6306583506,8120,SUCCESS,TXN00009198,USR35556,MCH6913,UTR6306583506,0,0,0,0,0,0,0
TXN00011543,2026-01-14 01:22:49,USR70486,MCH6062,20253.63,UTR5153779182,1310,SUCCESS,TXN00011543,USR70486,MCH6062,UTR5153779182,0,0,0,0,0,0,0
TXN00009067,2026-01-14 19:26:32,USR66479,MCH2987,6342.42,UTR3226154321,8120,SUCCESS,TXN00009067,USR66479,MCH2987,UTR3226154321,0,0,0,0,0,0,0
TXN00001427,2026-01-12 18:56:35,USR96665,MCH8680,133.45,UTR9071657415,0110,SUCCESS,TXN00001427,USR96665,MCH8680,UTR9071657415,0,0,0,0,0,0,0
TXN00017884,2026-02-02 14:11:05,USR89070,MCH6090,16374.65,UTR3323055678,8120,SUCCESS,TXN00017884,USR89070,MCH6090,UTR3323055678,0,0,0,0,0,0,0
TXN00009634,2026-02-28 16:26:52,USR20364,MCH3698,16623.55,UTR6831915393,0110,SUCCESS,TXN00009634,USR20364,MCH3698,UTR6831915393,0,0,0,0,0,0,0
TXN00018903,2026-01-26 04:46:26,USR50694,MCH9727,23047.44,UTR6201583582,8120,SUCCESS,TXN00018903,USR50694,MCH9727,UTR6201583582,0,0,0,0,0,0,0
TXN00012241,2026-01-18 18:45:00,USR79482,MCH2179,2579.79,UTR0119211063,4110,SUCCESS,TXN00012241,USR79482,MCH2179,UTR0119211063,0,0,0,0,0,0,0
TXN00016080,2026-01-29 02:56:53,USR23304,MCH7884,0.175471,UTR5653213947,4110,SUCCESS,TXN00016080,USR23304,MCH7884,UTR5653213947,0,0,0,0,0,0,0
TXN00013622,2026-09-01 07:18:37,USR95261,MCH3079,7461.95,UTR3625207430,4110,SUCCESS,TXN00013622,USR95261,MCH3079,UTR3625207430,0,0,0,0,0,0,0
TXN00014706,2026-01-02 05:54:21,USR16862,MCH6129,12655.07,UTR9158946460,4110,SUCCESS,TXN00014706,USR16862,MCH6129,UTR9158946460,0,0,0,0,0,0,0
TXN00019731,2026-02-23 20:47:40,USR63252,MCH2973,12468.0,UTR6301212525,1310,SUCCESS,TXN00019731,USR63252,MCH2973,UTR6301212525,0,0,0,0,0,0,0
TXN00017272,2026-11-01 09:30:24,USR78671,MCH9079,21410.27,UTR8694517065,,SUCCESS,TXN00017272,USR78671,MCH9079,UTR 8694517065,0,0,1,0,0,0,0
TXN00008600,2026-02-25 22:50:18,USR12688,MCH1952,16388.0,UTR0481015607,0110,SUCCESS,TXN00008600,USR12688,MCH1952,UTR0481015607,0,0,0,0,0,0,0
TXN00012530,2026-03-20 22:44:09,USR68811,MCH5147,0.473354,UTR0697350990,9120,SUCCESS,TXN00012530,USR68811,MCH5147,UTR0697350990,0,0,0,0,0,0,0
TXN00004013,2026-01-28 05:18:59,USR82130,MCH6965,0.1743212,UTR1559554249,0110,SUCCESS,TXN00004013,USR82130,MCH6965,UTR1559554249,0,0,0,0,0,0,0
TXN00000912,2026-01-22 09:53:32,USR25257,MCH7425,6709.0,UTR8553315745,,PENDING,TXN00000912,USR25257,MCH7425,UTR8553315745,0,0,1,0,0,0,1
TXN00008301,2026-03-04 14:08:02,USR10603,MCH4367,-19709.0,UTR9705337533,8120,SUCCESS,TXN00008301,USR10603,MCH4367,UTR9705337533,1,0,0,0,0,0,0
TXN00000021,2026-01-22 05:27:48,USR92868,MCH9274,0.153002,UTR8272618081,0110,SUCCESS,TXN00000021,USR92868,MCH9274,UTR8272618081,0,0,0,0,0,0,0
TXN00002762,2026-02-13 02:22:53,USR12148,MCH8814,205.96,UTR3115465354,4110,FAILED,TXN00002762,USR12148,MCH8814,UTR3115465354,0,0,0,0,0,1,0
TXN00003199,2026-03-12 00:59:02,USR11739,MCH7002,2573.0,UTR5499233858,8120,SUCCESS,TXN00003199,USR11739,MCH7002,UTR5499233858,0,0,0,0,0,0,0
TXN00002025,2026-01-10 09:00:41,USR31939,MCH8656,10475.65,UTR8010881382,8120,SUCCESS,TXN00002025,USR31939,MCH8656,UTR8010881382,0,0,0,0,0,0,0
TXN00010554,2026-03-01 04:04:59,USR18248,MCH9297,14588.82,UTR5137226813,4110,SUCCESS,TXN00010554,USR18248,MCH9297,UTR5137226813,0,0,0,0,0,0,0
TXN00015386,2026-02-26 18:29:59,USR72710,MCH1378,16392.4,UTR9617811486,1310,SUCCESS,TXN00015386,USR72710,MCH1378,UTR9617811486,0,0,0,0,0,0,0
TXN00003952,2026-02-04 09:54:27,USR32010,MCH5090,20875.33,UTR0255226073,8120,SUCCESS,TXN00003952,USR32010,MCH5090,UTR0255226073,0,0,0,0,0,0,0
TXN00017679,2026-03-15 22:39:45,USR87231,MCH5568,15666.32,UTR8113695152,,SUCCESS,TXN00017679,USR87231,MCH5568,UTR8113695152,0,0,1,0,0,0,0
TXN00001025,2026-03-09 16:34:38,USR51333,MCH5340,23607.22,UTR0935600000,8120,SUCCESS,TXN00001025,USR51333,MCH5340,UTR0935600000,0,0,0,0,0,0,0
TXN00004072,2026-03-18 01:47:58,USR27093,MCH7144,16915.0,UTR3132192153,1310,SUCCESS,TXN00004072,USR27093,MCH7144,UTR3132192153,0,0,0,0,0,0,0
TXN00007092,2026-01-25 08:08:40,USR67603,MCH9991,23081.36,UTR4466827572,9120,SUCCESS,TXN00007092,USR67603,MCH9991,UTR4466827572,0,0,0,0,0,0,0
TXN00003274,2026-01-29 21:29:31,USR29012,MCH6848,13396.06,UTR7845931682,4110,SUCCESS,TXN00003274,USR29012,MCH6848,UTR7845931682,0,0,0,0,0,0,0
TXN00007530,2026-02-03 10:24:30,USR91073,MCH9301,6493.63,UTR1166187105,4110,SUCCESS,TXN00007530,USR91073,MCH9301,UTR 1166187105,0,0,0,0,0,0,0
TXN00012903,2026-03-28 04:12:38,USR62623,MCH1577,983.92,UTR6657680979,4110,SUCCESS,TXN00012903,USR62623,MCH1577,UTR6657680979,0,0,0,0,0,0,0
TXN00009501,2026-03-04 00:37:49,USR41935,MCH4557,12921.44,UTR5582653907,1310,SUCCESS,TXN00009501,USR41935,MCH4557,UTR5582653907,0,0,0,0,0,0,0
TXN00009070,2026-03-04 00:00:00,USR26577,MCH5388,3303.94,UTR5007140918,4110,SUCCESS,TXN00009070,USR26577,MCH5388,UTR5007140918,0,0,0,0,0,0,0
TXN00007840,2026-03-24 22:43:26,USR40083,MCH8390,0.2172879,UTR5994620886,8120,SUCCESS,TXN00007840,USR40083,MCH8390,UTR5994620886,0,0,0,0,0,0,0
TXN00016299,2026-03-10 16:29:29,USR12126,MCH2977,12571.21,UTR0818346532,,SUCCESS,TXN00016299,USR12126,MCH2977,UTR0818346532,0,0,1,0,0,0,0
TXN00012239,2026-06-01 07:09:02,USR39288,MCH5391,0.834953,UTR5867849671,4110,SUCCESS,TXN00012239,USR39288,MCH5391,UTR5867849671,0,0,0,0,0,0,0
TXN00009950,2026-01-25 11:19:16,USR20255,MCH2819,11009.31,UTR8133717598,1310,SUCCESS,TXN00009950,USR20255,MCH2819,UTR8133717598,0,0,0,0,0,0,0
TXN00016068,2026-01-07 13:46:20,USR90728,MCH8259,5090.21,UTR0467384623,8120,SUCCESS,TXN00016068,USR90728,MCH8259,UTR0467384623,0,0,0,0,0,0,0
TXN00007056,2026-03-14 15:39:26,USR46116,MCH5768,3002.47,UTR3301708051,4110,SUCCESS,TXN00007056,USR46116,MCH5768,UTR3301708051,0,0,0,0,0,0,0
TXN00003766,2026-03-22 12:39:24,USR36855,MCH5744,7505.55,UTR2629158753,1310,SUCCESS,TXN00003766,USR36855,MCH5744,UTR2629158753,0,0,0,0,0,0,0
TXN00007919,2026-02-25 21:55:52,USR43265,MCH7459,2852.91,UTR1909440343,,SUCCESS,TXN00007919,USR43265,MCH7459,UTR1909440343,0,0,1,0,0,0,0
TXN00002850,2026-03-29 06:04:26,USR74040,MCH6905,8970.88,UTR7417734536,8120,SUCCESS,TXN00002850,USR74040,MCH6905,UTR 7417734536,0,0,0,0,0,0,0
TXN00004653,2026-02-17 09:13:33,USR10974,MCH6749,11892.14,UTR2026215441,4110,SUCCESS,TXN00004653,USR10974,MCH6749,UTR2026215441,0,0,0,0,0,0,0
TXN00004435,2026-03-24 02:11:57,USR46419,MCH6616,1827.65,UTR4598837269,4110,SUCCESS,TXN00004435,USR46419,MCH6616,UTR4598837269,0,0,0,0,0,0,0
TXN00008313,2026-03-12 07:58:20,USR94654,MCH8105,738.98,UTR4795939347,1310,SUCCESS,TXN00008313,USR94654,MCH8105,UTR4795939347,0,0,0,0,0,0,0
TXN00001216,2026-01-07 08:15:40,USR29435,MCH5401,5527.0,UTR5510392011,,SUCCESS,TXN00001216,USR29435,MCH5401,UTR5510392011,0,0,1,0,0,0,0
TXN00013342,2026-02-16 19:34:31,USR12097,MCH2397,1118.23,UTR7695654962,,SUCCESS,TXN00013342,USR12097,MCH2397,UTR7695654962,0,0,1,0,0,0,0
TXN00003694,2026-02-01 03:12:13,USR86251,MCH6580,5868.3,UTR6667281867,0110,PENDING,TXN00003694,USR86251,MCH6580,UTR6667281867,0,0,0,0,0,0,1
TXN00014512,2026-03-03 00:00:00,USR44779,MCH8121,18932.0,UTR1016016957,,SUCCESS,TXN00014512,USR44779,MCH8121,UTR1016016957,0,0,1,0,0,0,0
TXN00016403,2026-03-11 01:27:52,USR47005,MCH1400,10765.51,,8120,SUCCESS,TXN00016403,USR47005,MCH1400,,0,1,0,0,0,0,0
TXN00016443,2026-03-19 00:59:33,USR72444,MCH6442,3929.27,UTR4407821103,1310,SUCCESS,TXN00016443,USR72444,MCH6442,UTR4407821103,0,0,0,0,0,0,0
TXN00018278,2026-02-24 18:42:08,USR61413,MCH5735,8659.75,UTR8563207541,0110,SUCCESS,TXN00018278,USR61413,MCH5735,UTR8563207541,0,0,0,0,0,0,0
TXN00007268,2026-03-14 00:46:29,USR80137,MCH9999,9662.0,UTR5374561276,4110,SUCCESS,TXN00007268,USR80137,MCH9999,UTR5374561276,0,0,0,0,0,0,0
TXN00001500,2026-02-23 14:03:38,USR33935,MCH6255,0.2158471,UTR2341744987,4110,FAILED,TXN00001500,USR33935,MCH6255,UTR2341744987,0,0,0,0,0,1,0
TXN00011345,2026-10-03 17:11:28,USR24665,MCH2119,9084.59,UTR1174842166,1310,SUCCESS,TXN00011345,USR24665,MCH2119,UTR1174842166,0,0,0,0,0,0,0
TXN00014408,2026-02-13 02:33:50,USR47464,MCH5467,15320.59,UTR6624852812,8120,SUCCESS,TXN00014408,USR47464,MCH5467,UTR6624852812,0,0,0,0,0,0,0
TXN00011280,2026-02-27 14:12:02,USR80177,MCH9551,19036.13,UTR4066763088,8120,PENDING,TXN00011280,USR80177,MCH9551,UTR4066763088,0,0,0,0,0,0,1
TXN00015270,2026-05-02 04:02:50,USR44547,MCH3780,2007.08,UTR4112588582,1310,SUCCESS,TXN00015270,USR44547,MCH3780,UTR4112588582,0,0,0,0,0,0,0
TXN00012864,2026-03-31 13:37:29,USR35263,MCH7654,10023.48,UTR9167046346,0110,SUCCESS,TXN00012864,USR35263,MCH7654,UTR9167046346,0,0,0,0,0,0,0
TXN00013393,2026-01-21 10:47:21,USR77833,MCH4874,5786.2,UTR5218075701,9120,SUCCESS,TXN00013393,USR77833,MCH4874,UTR5218075701,0,0,0,0,0,0,0
TXN00005526,2026-01-25 22:03:22,USR23991,MCH2228,869.08,UTR6614057702,9120,SUCCESS,TXN00005526,USR23991,MCH2228,UTR6614057702,0,0,0,0,0,0,0
TXN00006642,2026-02-01 05:57:01,USR86700,MCH3779,19855.42,UTR3083596009,4110,SUCCESS,TXN00006642,USR86700,MCH3779,UTR3083596009,0,0,0,0,0,0,0
TXN00008853,2026-02-07 14:10:22,USR53970,MCH4011,734.63,UTR1702952549,0110,SUCCESS,TXN00008853,USR53970,MCH4011,UTR1702952549,0,0,0,0,0,0,0
TXN00001175,2026-02-27 22:37:23,USR71042,MCH1802,15854.0,UTR3403160741,8120,PENDING,TXN00001175,USR71042,MCH1802,UTR3403160741,0,0,0,0,0,0,1
TXN00001986,2026-03-10 03:15:52,USR13624,MCH2070,2024.23,UTR5640119104,0110,FAILED,TXN00001986,USR13624,MCH2070,UTR5640119104,0,0,0,0,0,1,0
TXN00003127,2026-02-06 05:36:54,USR88215,MCH5673,0.1682506,UTR1099598281,0110,SUCCESS,TXN00003127,USR88215,MCH5673,UTR1099598281,0,0,0,0,0,0,0
TXN00012174,2026-02-08 07:42:36,USR75099,MCH1787,24699.69,UTR3014135282,0110,SUCCESS,TXN00012174,USR75099,MCH1787,UTR3014135282,0,0,0,0,0,0,0
TXN00013683,2026-01-11 11:40:24,USR94783,MCH7156,0.2109327,UTR5364079195,1310,SUCCESS,TXN00013683,USR94783,MCH7156,UTR5364079195,0,0,0,0,0,0,0
TXN00012748,2026-02-20 00:56:23,USR70557,MCH8751,18752.88,UTR8015100792,0110,FAILED,TXN00012748,USR70557,MCH8751,UTR8015100792,0,0,0,0,0,1,0
TXN00003627,2026-01-29 23:14:10,USR95218,MCH4918,26.33,UTR1816258622,9120,SUCCESS,TXN00003627,USR95218,MCH4918,UTR1816258622,0,0,0,0,0,0,0
TXN00004990,2026-02-14 04:41:15,USR35725,MCH1096,19246.0,UTR5700633600,4110,FAILED,TXN00004990,USR35725,MCH1096,UTR5700633600,0,0,0,0,0,1,0
TXN00018380,2026-03-31 01:23:23,USR99872,MCH7724,16224.16,UTR4845582299,9120,SUCCESS,TXN00018380,USR99872,MCH7724,UTR4845582299,0,0,0,0,0,0,0
TXN00014375,2026-01-08 12:47:12,USR36218,MCH5232,-23106.7,UTR3711818128,1310,SUCCESS,TXN00014375,USR36218,MCH5232,UTR 3711818128,1,0,0,0,0,0,0
TXN00001112,2026-01-01 23:39:13,USR12864,MCH1677,5618.77,UTR8639582909,8120,SUCCESS,TXN00001112,USR12864,MCH1677,UTR8639582909,0,0,0,0,0,0,0
TXN00014950,2026-03-09 00:00:00,USR64385,MCH4947,7522.79,UTR0513927355,4110,SUCCESS,TXN00014950,USR64385,MCH4947,UTR0513927355,0,0,0,0,0,0,0
TXN00001836,2026-03-22 22:38:44,USR44544,MCH2358,16415.4,UTR7425308808,,PENDING,TXN00001836,USR44544,MCH2358,UTR7425308808,0,0,1,0,0,0,1
TXN00011876,2026-01-25 16:34:32,USR17675,MCH6781,23420.0,UTR6928729008,1310,FAILED,TXN00011876,USR17675,MCH6781,UTR6928729008,0,0,0,0,0,1,0
TXN00010579,2026-02-10 14:31:55,USR19865,MCH2789,3193.03,UTR3265723038,9120,SUCCESS,TXN00010579,USR19865,MCH2789,UTR3265723038,0,0,0,0,0,0,0
TXN00000441,2026-03-28 10:31:11,USR21016,MCH5300,2130.09,UTR8915235479,4110,SUCCESS,TXN00000441,USR21016,MCH5300,UTR8915235479,0,0,0,0,0,0,0
TXN00018281,2026-02-26 08:45:06,USR87221,MCH4171,23815.12,UTR3141853614,1310,SUCCESS,TXN00018281,USR87221,MCH4171,UTR3141853614,0,0,0,0,0,0,0
TXN00013036,2026-02-27 02:41:50,USR87275,MCH3699,16851.87,UTR4268237631,0110,SUCCESS,TXN00013036,USR87275,MCH3699,UTR4268237631,0,0,0,0,0,0,0
TXN00001780,2026-01-26 10:52:49,USR96925,MCH9550,0.2102338,UTR8848279392,4110,SUCCESS,TXN00001780,USR96925,MCH9550,UTR8848279392,0,0,0,0,0,0,0
TXN00003059,2026-01-31 08:40:42,USR91630,MCH9399,0.189883,UTR3156628394,9120,SUCCESS,TXN00003059,USR91630,MCH9399,UTR3156628394,0,0,0,0,0,0,0
TXN00010179,2026-03-30 14:32:01,USR27540,MCH8389,15669.83,UTR5579225304,8120,SUCCESS,TXN00010179,USR27540,MCH8389,UTR5579225304,0,0,0,0,0,0,0
TXN00007324,2026-03-11 22:19:02,USR97854,MCH5553,17574.63,,,SUCCESS,TXN00007324,USR97854,MCH5553,,0,1,1,0,0,0,0
TXN00018914,2026-01-05 19:31:44,USR77618,MCH8200,16108.01,UTR6275208980,0110,SUCCESS,TXN00018914,USR77618,MCH8200,UTR6275208980,0,0,0,0,0,0,0
TXN00004779,2026-03-20 23:17:04,USR76805,MCH7371,6036.72,UTR5139025742,1310,SUCCESS,TXN00004779,USR76805,MCH7371,UTR5139025742,0,0,0,0,0,0,0
TXN00000480,2026-01-26 17:57:42,USR25260,MCH7361,13082.22,UTR2388256967,9120,SUCCESS,TXN00000480,USR25260,MCH7361,UTR2388256967,0,0,0,0,0,0,0
TXN00003263,2026-03-20 00:38:46,USR57011,MCH2160,10487.6,UTR4275704584,1310,SUCCESS,TXN00003263,USR57011,MCH2160,UTR4275704584,0,0,0,0,0,0,0
TXN00011698,2026-03-21 23:27:03,USR48217,MCH8070,23180.1,UTR3461290719,4110,FAILED,TXN00011698,USR48217,MCH8070,UTR3461290719,0,0,0,0,0,1,0
TXN00008646,2026-02-27 18:45:30,USR15221,MCH1237,11234.21,UTR0468751057,4110,SUCCESS,TXN00008646,USR15221,MCH1237,UTR0468751057,0,0,0,0,0,0,0
TXN00013798,2026-03-13 20:30:52,USR81668,MCH3864,14538.81,UTR0607790008,9120,SUCCESS,TXN00013798,USR81668,MCH3864,UTR0607790008,0,0,0,0,0,0,0
TXN00016375,2026-01-15 00:00:00,USR55140,MCH3576,2216.18,UTR2299055667,9120,SUCCESS,TXN00016375,USR55140,MCH3576,UTR 2299055667,0,0,0,0,0,0,0
TXN00015653,2026-02-25 20:35:06,USR37694,MCH6064,19357.02,UTR2815542289,9120,SUCCESS,TXN00015653,USR37694,MCH6064,UTR2815542289,0,0,0,0,0,0,0
TXN00010253,2026-03-04 21:27:57,USR96867,MCH1030,1021.79,UTR6477808204,8120,SUCCESS,TXN00010253,USR96867,MCH1030,UTR6477808204,0,0,0,0,0,0,0
TXN00015284,2026-03-31 00:00:00,USR29783,MCH7783,11234.0,UTR0917188162,0110,PENDING,TXN00015284,USR29783,MCH7783,UTR0917188162,0,0,0,0,0,0,1
TXN00009515,2026-01-27 11:19:49,USR38261,MCH5759,15598.0,UTR4657685983,1310,SUCCESS,TXN00009515,USR38261,MCH5759,UTR4657685983,0,0,0,0,0,0,0
TXN00000481,2026-01-13 20:38:46,USR35119,MCH2651,0.1573867,UTR6538836655,0110,SUCCESS,TXN00000481,USR35119,MCH2651,UTR6538836655,0,0,0,0,0,0,0
TXN00015727,2026-01-25 05:59:42,USR57342,MCH1439,11988.34,UTR8873416700,,SUCCESS,TXN00015727,USR57342,MCH1439,UTR8873416700,0,0,1,0,0,0,0
TXN00009881,2026-03-28 09:39:12,USR37241,MCH3358,10577.68,UTR2470966909,,SUCCESS,TXN00009881,USR37241,MCH3358,UTR2470966909,0,0,1,0,0,0,0
TXN00013181,2026-03-04 12:25:43,USR96386,MCH2570,0.233942,UTR9640816314,0110,SUCCESS,TXN00013181,USR96386,MCH2570,UTR9640816314,0,0,0,0,0,0,0
TXN00017551,2026-02-17 22:40:50,USR59789,MCH8506,10297.15,UTR3147849927,1310,SUCCESS,TXN00017551,USR59789,MCH8506,UTR3147849927,0,0,0,0,0,0,0
TXN00015910,2026-03-20 15:19:33,USR32847,MCH3679,6164.18,UTR6303257403,1310,FAILED,TXN00015910,USR32847,MCH3679,UTR6303257403,0,0,0,0,0,1,0
TXN00012364,2026-03-17 16:20:57,USR30518,MCH3124,0.126483,UTR1527995359,1310,SUCCESS,TXN00012364,USR30518,MCH3124,UTR1527995359,0,0,0,0,0,0,0
TXN00009436,2026-01-11 21:31:04,USR18291,MCH1260,7415.74,UTR1976716538,4110,FAILED,TXN00009436,USR18291,MCH1260,UTR1976716538,0,0,0,0,0,1,0
TXN00002238,2026-02-02 23:07:23,USR15380,MCH4495,4641.4,UTR1396246800,1310,FAILED,TXN00002238,USR15380,MCH4495,UTR1396246800,0,0,0,0,0,1,0
TXN00017059,2026-02-11 00:00:00,USR51408,MCH9012,17996.84,UTR9087317524,4110,PENDING,TXN00017059,USR51408,MCH9012,UTR9087317524,0,0,0,0,0,0,1
TXN00014680,2026-02-27 18:52:39,USR30280,MCH8881,21814.29,UTR0734402472,0110,SUCCESS,TXN00014680,USR30280,MCH8881,UTR0734402472,0,0,0,0,0,0,0
TXN00000898,2026-01-29 23:49:04,USR39830,MCH3657,0.2240943,UTR5326971553,9120,SUCCESS,TXN00000898,USR39830,MCH3657,UTR5326971553,0,0,0,0,0,0,0
TXN00004196,2026-02-27 17:02:09,USR53332,MCH5662,-4674.13,,1310,SUCCESS,TXN00004196,USR53332,MCH5662,,1,1,0,0,0,0,0
TXN00004788,2026-02-24 16:33:49,USR74572,MCH1737,22633.42,UTR1403285079,4110,SUCCESS,TXN00004788,USR74572,MCH1737,UTR1403285079,0,0,0,0,0,0,0
TXN00000583,2026-03-17 17:48:09,USR64446,MCH8031,12320.53,UTR6832366262,,SUCCESS,TXN00000583,USR64446,MCH8031,UTR6832366262,0,0,1,0,0,0,0
TXN00012453,2026-02-19 00:00:00,USR15978,MCH8277,395.23,UTR8081138214,4110,SUCCESS,TXN00012453,USR15978,MCH8277,UTR8081138214,0,0,0,0,0,0,0
TXN00016497,2026-01-14 12:42:26,USR82884,MCH1204,8459.51,UTR2528607463,4110,SUCCESS,TXN00016497,USR82884,MCH1204,UTR2528607463,0,0,0,0,0,0,0
TXN00003051,2026-01-25 02:30:42,USR76735,MCH3509,5141.27,UTR1308619744,9120,SUCCESS,TXN00003051,USR76735,MCH3509,UTR1308619744,0,0,0,0,0,0,0
TXN00000375,2026-01-02 10:23:17,USR43901,MCH2844,1789.0,UTR6610695588,9120,SUCCESS,TXN00000375,USR43901,MCH2844,UTR 6610695588,0,0,0,0,0,0,0
TXN00014268,2026-01-18 10:26:50,USR39607,MCH1327,1528.92,UTR1654666827,,SUCCESS,TXN00014268,USR39607,MCH1327,UTR1654666827,0,0,1,0,0,0,0
TXN00001036,2026-01-04 23:41:52,USR56348,MCH9524,17410.26,UTR9913422945,0110,SUCCESS,TXN00001036,USR56348,MCH9524,UTR9913422945,0,0,0,0,0,0,0
TXN00015131,2026-02-11 03:17:20,USR61961,MCH6426,6673.82,UTR8327319470,4110,FAILED,TXN00015131,USR61961,MCH6426,UTR8327319470,0,0,0,0,0,1,0
TXN00018353,2026-03-09 17:55:08,USR59623,MCH2753,19307.94,UTR9425002731,1310,SUCCESS,TXN00018353,USR59623,MCH2753,UTR9425002731,0,0,0,0,0,0,0
TXN00000668,2026-12-02 08:52:17,USR71854,MCH4204,4025.43,UTR0103891867,,SUCCESS,TXN00000668,USR71854,MCH4204,UTR0103891867,0,0,1,0,0,0,0
TXN00017174,2026-03-01 20:00:29,USR84368,MCH8103,4709.34,UTR9849549842,1310,SUCCESS,TXN00017174,USR84368,MCH8103,UTR9849549842,0,0,0,0,0,0,0
TXN00015093,2026-07-02 01:18:36,USR12301,MCH6236,11430.49,UTR1177061771,1310,SUCCESS,TXN00015093,USR12301,MCH6236,UTR1177061771,0,0,0,0,0,0,0
TXN00018573,2026-01-07 20:53:23,USR73713,MCH6359,3431.53,,8120,SUCCESS,TXN00018573,USR73713,MCH6359,,0,1,0,0,0,0,0
TXN00013065,2026-01-12 11:05:43,USR72629,MCH8049,9047.52,,4110,FAILED,TXN00013065,USR72629,MCH8049,,0,1,0,0,0,1,0
TXN00017927,2026-01-04 00:00:47,USR95391,MCH7739,4172.49,UTR6038226096,4110,SUCCESS,TXN00017927,USR95391,MCH7739,UTR6038226096,0,0,0,0,0,0,0
TXN00004864,2026-01-02 04:07:05,USR46053,MCH2484,8376.38,,8120,SUCCESS,TXN00004864,USR46053,MCH2484,,0,1,0,0,0,0,0
TXN00008104,2026-01-19 07:24:08,USR84154,MCH6297,1194.92,UTR6232047501,4110,SUCCESS,TXN00008104,USR84154,MCH6297,UTR6232047501,0,0,0,0,0,0,0
TXN00006854,2026-01-07 14:51:45,USR69682,MCH4857,19534.45,UTR3471227893,0110,SUCCESS,TXN00006854,USR69682,MCH4857,UTR3471227893,0,0,0,0,0,0,0
TXN00008403,2026-01-04 02:08:21,USR46267,MCH5474,14587.49,UTR7739966446,4110,SUCCESS,TXN00008403,USR46267,MCH5474,UTR7739966446,0,0,0,0,0,0,0
TXN00017215,2026-01-10 01:19:26,USR85531,MCH6005,17368.61,UTR9846866183,9120,SUCCESS,TXN00017215,USR85531,MCH6005,UTR9846866183,0,0,0,0,0,0,0
TXN00011850,2026-03-27 21:11:07,USR11577,MCH4564,24338.43,UTR9708627378,1310,SUCCESS,TXN00011850,USR11577,MCH4564,UTR 9708627378,0,0,0,0,0,0,0
TXN00002926,2026-01-18 16:00:17,USR30575,MCH1382,22549.49,UTR0240374684,1310,SUCCESS,TXN00002926,USR30575,MCH1382,UTR0240374684,0,0,0,0,0,0,0
TXN00006755,2026-03-04 19:53:51,USR40970,MCH6502,45.69,UTR4035180204,0110,SUCCESS,TXN00006755,USR40970,MCH6502,UTR4035180204,0,0,0,0,0,0,0
TXN00000712,2026-01-29 16:55:35,USR14236,MCH3651,14895.01,UTR4575351686,8120,SUCCESS,TXN00000712,USR14236,MCH3651,UTR4575351686,0,0,0,0,0,0,0
TXN00012063,2026-02-14 21:31:41,USR17876,MCH4683,14471.73,UTR7355480167,0110,SUCCESS,TXN00012063,USR17876,MCH4683,UTR7355480167,0,0,0,0,0,0,0
TXN00018538,2026-01-03 00:00:00,USR57403,MCH4652,22362.69,UTR4624579752,1310,SUCCESS,TXN00018538,USR57403,MCH4652,UTR4624579752,0,0,0,0,0,0,0
TXN00019971,2026-03-25 01:09:43,USR45039,MCH9269,8054.55,UTR0560707150,9120,FAILED,TXN00019971,USR45039,MCH9269,UTR0560707150,0,0,0,0,0,1,0
TXN00004629,2026-02-08 03:03:32,USR18768,MCH5685,16147.0,UTR1578787158,4110,FAILED,TXN00004629,USR18768,MCH5685,UTR1578787158,0,0,0,0,0,1,0
TXN00002739,2026-01-09 00:29:55,USR70868,MCH7406,24069.58,UTR8643829005,4110,SUCCESS,TXN00002739,USR70868,MCH7406,UTR8643829005,0,0,0,0,0,0,0
TXN00011216,2026-02-23 12:11:09,USR92951,MCH1109,6226.0,UTR2650919820,9120,SUCCESS,TXN00011216,USR92951,MCH1109,UTR2650919820,0,0,0,0,0,0,0
TXN00014343,2026-01-14 06:01:22,USR26943,MCH1760,3587.69,UTR2802539279,0110,SUCCESS,TXN00014343,USR26943,MCH1760,UTR2802539279,0,0,0,0,0,0,0
TXN00017105,2026-01-29 00:00:00,USR17108,MCH2103,1929.51,UTR2318430267,4110,SUCCESS,TXN00017105,USR17108,MCH2103,UTR2318430267,0,0,0,0,0,0,0
TXN00014030,2026-01-30 09:22:42,USR11668,MCH4774,2500.53,UTR4399537638,,FAILED,TXN00014030,USR11668,MCH4774,UTR4399537638,0,0,1,0,0,1,0
TXN00003719,2026-03-04 11:02:06,USR89427,MCH2010,11076.0,UTR4490998853,1310,SUCCESS,TXN00003719,USR89427,MCH2010,UTR4490998853,0,0,0,0,0,0,0
TXN00006139,2026-01-21 07:53:46,USR80026,MCH6511,15938.69,UTR6777017087,4110,SUCCESS,TXN00006139,USR80026,MCH6511,UTR6777017087,0,0,0,0,0,0,0
TXN00015107,2026-11-01 19:32:24,USR79807,MCH6661,1757.9,UTR1114140545,0110,PENDING,TXN00015107,USR79807,MCH6661,UTR1114140545,0,0,0,0,0,0,1
TXN00008365,2026-03-02 05:09:52,USR54223,MCH9834,12933.0,UTR4149051476,9120,SUCCESS,TXN00008365,USR54223,MCH9834,UTR4149051476,0,0,0,0,0,0,0
TXN00014921,2026-01-26 19:26:32,USR68932,MCH5695,-18469.16,UTR4215140562,1310,SUCCESS,TXN00014921,USR68932,MCH5695,UTR 4215140562,1,0,0,0,0,0,0
TXN00001223,2026-01-06 04:55:05,USR88895,MCH6630,10814.05,UTR1536299843,0110,FAILED,TXN00001223,USR88895,MCH6630,UTR 1536299843,0,0,0,0,0,1,0
TXN00018794,2026-03-30 02:30:38,USR68746,MCH1438,0.24195,UTR5443218166,8120,SUCCESS,TXN00018794,USR68746,MCH1438,UTR5443218166,0,0,0,0,0,0,0
TXN00009264,2026-02-25 11:22:54,USR85446,MCH6281,15835.75,UTR2637716325,8120,SUCCESS,TXN00009264,USR85446,MCH6281,UTR2637716325,0,0,0,0,0,0,0
TXN00012025,2026-02-09 20:06:21,USR80091,MCH1259,10992.92,UTR8011148009,0110,SUCCESS,TXN00012025,USR80091,MCH1259,UTR8011148009,0,0,0,0,0,0,0
TXN00010557,2026-02-07 14:32:42,USR91098,MCH7430,0.262952,UTR9274614651,4110,SUCCESS,TXN00010557,USR91098,MCH7430,UTR9274614651,0,0,0,0,0,0,0
TXN00011304,2026-01-03 20:10:43,USR27605,MCH7832,2910.18,UTR3481947923,8120,SUCCESS,TXN00011304,USR27605,MCH7832,UTR3481947923,0,0,0,0,0,0,0
TXN00013186,2026-02-22 14:33:55,USR62459,MCH7599,0.2122992,UTR9642801406,4110,PENDING,TXN00013186,USR62459,MCH7599,UTR9642801406,0,0,0,0,0,0,1
TXN00014403,2026-03-29 00:00:00,USR92596,MCH7374,1586.25,UTR9227147019,4110,SUCCESS,TXN00014403,USR92596,MCH7374,UTR9227147019,0,0,0,0,0,0,0
TXN00000836,2026-01-16 10:51:53,USR97653,MCH5155,10478.95,UTR7670697399,8120,SUCCESS,TXN00000836,USR97653,MCH5155,UTR7670697399,0,0,0,0,0,0,0
TXN00010357,2026-03-19 14:12:47,USR66621,MCH7521,19657.0,UTR6461181686,,SUCCESS,TXN00010357,USR66621,MCH7521,UTR6461181686,0,0,1,0,0,0,0
TXN00018552,2026-03-13 06:02:50,USR39132,MCH7568,21303.23,UTR9150401928,0110,SUCCESS,TXN00018552,USR39132,MCH7568,UTR9150401928,0,0,0,0,0,0,0
TXN00012836,2026-03-29 04:38:37,USR56860,MCH1225,0.1641898,UTR6397539092,,SUCCESS,TXN00012836,USR56860,MCH1225,UTR6397539092,0,0,1,0,0,0,0
TXN00003205,2026-03-03 01:44:06,USR46905,MCH8276,16927.0,UTR3122104153,0110,SUCCESS,TXN00003205,USR46905,MCH8276,UTR3122104153,0,0,0,0,0,0,0
TXN00012397,2026-02-24 16:01:05,USR82096,MCH7756,15007.0,UTR6056992564,1310,SUCCESS,TXN00012397,USR82096,MCH7756,UTR6056992564,0,0,0,0,0,0,0
TXN00005091,2026-01-15 14:50:42,USR48666,MCH7767,921.16,,,SUCCESS,TXN00005091,USR48666,MCH7767,,0,1,1,0,0,0,0
TXN00006015,2026-03-06 03:08:49,USR22388,MCH9409,11379.0,UTR2984161129,0110,SUCCESS,TXN00006015,USR22388,MCH9409,UTR2984161129,0,0,0,0,0,0,0
TXN00007604,2026-03-18 02:45:28,USR48445,MCH5627,22602.0,UTR3843153562,,SUCCESS,TXN00007604,USR48445,MCH5627,UTR3843153562,0,0,1,0,0,0,0
TXN00003781,2026-03-12 07:45:12,USR91043,MCH8838,0.999397,UTR7206278006,,SUCCESS,TXN00003781,USR91043,MCH8838,UTR7206278006,0,0,1,0,0,0,0
TXN00019669,2026-03-04 09:52:32,USR65418,MCH8903,4271.0,UTR6316061433,0110,PENDING,TXN00019669,USR65418,MCH8903,UTR6316061433,0,0,0,0,0,0,1
TXN00016726,2026-03-11 18:21:12,USR42322,MCH4691,20362.44,UTR2994951530,0110,SUCCESS,TXN00016726,USR42322,MCH4691,UTR2994951530,0,0,0,0,0,0,0
TXN00009469,2026-01-13 21:15:12,USR37724,MCH6463,12809.13,UTR9869087649,,SUCCESS,TXN00009469,USR37724,MCH6463,UTR9869087649,0,0,1,0,0,0,0
TXN00018834,2026-03-14 09:27:10,USR92816,MCH5218,22003.12,UTR9321874307,9120,SUCCESS,TXN00018834,USR92816,MCH5218,UTR9321874307,0,0,0,0,0,0,0
TXN00017358,2026-01-20 08:15:25,USR60512,MCH7597,0.570298,UTR6523804006,4110,SUCCESS,TXN00017358,USR60512,MCH7597,UTR6523804006,0,0,0,0,0,0,0
TXN00012947,2026-03-19 08:12:34,USR92517,MCH2657,13202.47,UTR2633301288,9120,SUCCESS,TXN00012947,USR92517,MCH2657,UTR2633301288,0,0,0,0,0,0,0
TXN00010235,2026-02-02 08:58:15,USR15301,MCH4156,19991.47,,1310,SUCCESS,TXN00010235,USR15301,MCH4156,,0,1,0,0,0,0,0
TXN00001425,2026-03-09 19:02:25,USR65315,MCH3859,24665.89,UTR2486081948,8120,SUCCESS,TXN00001425,USR65315,MCH3859,UTR2486081948,0,0,0,0,0,0,0
TXN00010249,2026-02-14 15:02:14,USR19996,MCH3723,24604.28,UTR4801949119,4110,SUCCESS,TXN00010249,USR19996,MCH3723,UTR4801949119,0,0,0,0,0,0,0
TXN00008642,2026-03-13 00:42:05,USR19141,MCH4941,10630.81,UTR0849189716,1310,FAILED,TXN00008642,USR19141,MCH4941,UTR0849189716,0,0,0,0,0,1,0
TXN00013644,2026-01-10 21:16:31,USR68493,MCH7404,0.1394129,UTR4582876195,4110,SUCCESS,TXN00013644,USR68493,MCH7404,UTR4582876195,0,0,0,0,0,0,0
TXN00012586,2026-01-24 13:22:05,USR85721,MCH1531,6596.69,UTR4549926408,4110,SUCCESS,TXN00012586,USR85721,MCH1531,UTR4549926408,0,0,0,0,0,0,0
TXN00006718,2026-01-11 08:05:39,USR57750,MCH9397,10950.16,UTR4263711344,1310,SUCCESS,TXN00006718,USR57750,MCH9397,UTR4263711344,0,0,0,0,0,0,0
TXN00013225,2026-12-02 10:19:27,USR47108,MCH7226,10974.67,UTR2877810155,0110,SUCCESS,TXN00013225,USR47108,MCH7226,UTR2877810155,0,0,0,0,0,0,0
TXN00012075,2026-01-15 11:46:49,USR73356,MCH1846,10113.77,UTR4650700977,9120,SUCCESS,TXN00012075,USR73356,MCH1846,UTR4650700977,0,0,0,0,0,0,0
TXN00019245,2026-01-12 12:14:38,USR52299,MCH6960,24866.41,UTR0890603623,4110,SUCCESS,TXN00019245,USR52299,MCH6960,UTR0890603623,0,0,0,0,0,0,0
TXN00012750,2026-03-07 00:00:54,USR74652,MCH8855,0.930368,UTR2586914295,9120,SUCCESS,TXN00012750,USR74652,MCH8855,UTR2586914295,0,0,0,0,0,0,0
TXN00001397,2026-02-09 05:47:46,USR38745,MCH5086,10777.88,,4110,SUCCESS,TXN00001397,USR38745,MCH5086,,0,1,0,0,0,0,0
TXN00006676,2026-01-22 02:26:41,USR53597,MCH7156,21470.04,UTR7819171560,,SUCCESS,TXN00006676,USR53597,MCH7156,UTR7819171560,0,0,1,0,0,0,0
TXN00002433,2026-01-21 19:06:18,USR51446,MCH5832,24600.49,UTR4011731391,9120,SUCCESS,TXN00002433,USR51446,MCH5832,UTR4011731391,0,0,0,0,0,0,0
TXN00014086,2026-03-18 21:17:43,USR71660,MCH1371,11378.83,UTR1892182497,9120,SUCCESS,TXN00014086,USR71660,MCH1371,UTR1892182497,0,0,0,0,0,0,0
TXN00016821,2026-01-09 02:32:49,USR15918,MCH7282,5169.0,,0110,SUCCESS,TXN00016821,USR15918,MCH7282,,0,1,0,0,0,0,0
TXN00019182,2026-03-12 06:21:38,USR63754,MCH7801,6802.0,UTR8852424165,,SUCCESS,TXN00019182,USR63754,MCH7801,UTR8852424165,0,0,1,0,0,0,0
TXN00001093,2026-02-02 00:00:00,USR64234,MCH2853,15197.0,UTR1304019584,4110,SUCCESS,TXN00001093,USR64234,MCH2853,UTR1304019584,0,0,0,0,0,0,0
TXN00004880,2026-01-08 02:04:59,USR67337,MCH9219,20602.0,UTR7888855449,1310,SUCCESS,TXN00004880,USR67337,MCH9219,UTR 7888855449,0,0,0,0,0,0,0
TXN00015392,2026-01-13 01:08:56,USR45893,MCH9855,20651.08,UTR8983797959,,FAILED,TXN00015392,USR45893,MCH9855,UTR8983797959,0,0,1,0,0,1,0
TXN00001124,2026-02-16 05:22:38,USR57474,MCH2347,20239.81,UTR2572916814,1310,SUCCESS,TXN00001124,USR57474,MCH2347,UTR2572916814,0,0,0,0,0,0,0
TXN00013589,2026-02-16 14:24:10,USR40408,MCH5252,248.86,UTR5365552132,,SUCCESS,TXN00013589,USR40408,MCH5252,UTR5365552132,0,0,1,0,0,0,0
TXN00004104,2026-02-05 00:29:32,USR23277,MCH6537,4374.43,UTR8357013049,,SUCCESS,TXN00004104,USR23277,MCH6537,UTR8357013049,0,0,1,0,0,0,0
TXN00017182,2026-01-13 12:17:23,USR11540,MCH1618,16053.92,UTR7908167736,8120,SUCCESS,TXN00017182,USR11540,MCH1618,UTR7908167736,0,0,0,0,0,0,0
TXN00004593,2026-02-22 00:00:00,USR56695,MCH2533,12616.35,UTR5089453685,8120,FAILED,TXN00004593,USR56695,MCH2533,UTR5089453685,0,0,0,0,0,1,0
TXN00016203,2026-02-23 11:38:17,USR73180,MCH2189,5664.8,UTR7191508045,4110,SUCCESS,TXN00016203,USR73180,MCH2189,UTR7191508045,0,0,0,0,0,0,0
TXN00002676,2026-03-17 15:32:01,USR48891,MCH1115,7192.37,UTR0504981607,4110,SUCCESS,TXN00002676,USR48891,MCH1115,UTR0504981607,0,0,0,0,0,0,0
TXN00014017,2026-01-23 00:00:00,USR25796,MCH2528,23607.21,UTR7967652672,0110,FAILED,TXN00014017,USR25796,MCH2528,UTR7967652672,0,0,0,0,0,1,0
TXN00016959,2026-02-12 09:46:49,USR66043,MCH1255,22241.14,UTR5699084665,4110,SUCCESS,TXN00016959,USR66043,MCH1255,UTR5699084665,0,0,0,0,0,0,0
TXN00001065,2026-01-27 05:20:15,USR52661,MCH3130,10539.71,UTR9126083898,8120,SUCCESS,TXN00001065,USR52661,MCH3130,UTR 9126083898,0,0,0,0,0,0,0
TXN00019839,2026-03-27 18:20:19,USR42697,MCH7450,3997.84,UTR3284632520,4110,SUCCESS,TXN00019839,USR42697,MCH7450,UTR3284632520,0,0,0,0,0,0,0
TXN00016764,2026-03-16 09:38:55,USR52225,MCH7365,0.1321333,UTR4578730474,8120,SUCCESS,TXN00016764,USR52225,MCH7365,UTR4578730474,0,0,0,0,0,0,0
TXN00012003,2026-01-14 05:07:04,USR13296,MCH9610,6065.82,UTR3504976299,4110,SUCCESS,TXN00012003,USR13296,MCH9610,UTR3504976299,0,0,0,0,0,0,0
TXN00004408,2026-01-07 01:47:02,USR75223,MCH4045,3572.49,UTR1239591722,4110,PENDING,TXN00004408,USR75223,MCH4045,UTR1239591722,0,0,0,0,0,0,1
TXN00016405,2026-01-08 09:57:13,USR84738,MCH5927,21984.37,UTR9511835671,,SUCCESS,TXN00016405,USR84738,MCH5927,UTR9511835671,0,0,1,0,0,0,0
TXN00009580,2026-03-31 14:14:33,USR83798,MCH6564,5535.87,,4110,SUCCESS,TXN00009580,USR83798,MCH6564,,0,1,0,0,0,0,0
TXN00009775,2026-01-23 20:09:05,USR39287,MCH4836,19847.96,UTR1534156943,9120,SUCCESS,TXN00009775,USR39287,MCH4836,UTR1534156943,0,0,0,0,0,0,0
TXN00016694,2026-10-01 19:21:13,USR93905,MCH2958,4391.0,UTR4786859234,0110,SUCCESS,TXN00016694,USR93905,MCH2958,UTR4786859234,0,0,0,0,0,0,0
TXN00015218,2026-02-08 02:05:29,USR93592,MCH2698,2449.27,UTR1680984830,,SUCCESS,TXN00015218,USR93592,MCH2698,UTR1680984830,0,0,1,0,0,0,0
TXN00007609,2026-01-23 11:49:56,USR82974,MCH8471,8417.89,UTR0226850523,0110,SUCCESS,TXN00007609,USR82974,MCH8471,UTR0226850523,0,0,0,0,0,0,0
TXN00006126,2026-01-18 00:00:00,USR95367,MCH2028,19670.21,UTR6876416422,4110,SUCCESS,TXN00006126,USR95367,MCH2028,UTR6876416422,0,0,0,0,0,0,0
TXN00015823,2026-01-28 15:51:52,USR35942,MCH3516,19816.75,UTR3287500106,0110,SUCCESS,TXN00015823,USR35942,MCH3516,UTR3287500106,0,0,0,0,0,0,0
TXN00012884,2026-01-30 00:00:00,USR45418,MCH5987,12219.14,UTR4056047119,9120,SUCCESS,TXN00012884,USR45418,MCH5987,UTR4056047119,0,0,0,0,0,0,0
TXN00019645,2026-02-19 04:26:54,USR90492,MCH7776,17240.1,UTR4193702488,9120,SUCCESS,TXN00019645,USR90492,MCH7776,UTR4193702488,0,0,0,0,0,0,0
TXN00014046,2026-03-30 00:00:00,USR96932,MCH5698,8452.97,UTR9845111549,0110,FAILED,TXN00014046,USR96932,MCH5698,UTR9845111549,0,0,0,0,0,1,0
TXN00014043,2026-03-11 12:49:58,USR64924,MCH3246,15675.07,,,SUCCESS,TXN00014043,USR64924,MCH3246,,0,1,1,0,0,0,0
TXN00014160,2026-01-10 01:16:06,USR80730,MCH8568,395.22,UTR8125236330,1310,SUCCESS,TXN00014160,USR80730,MCH8568,UTR8125236330,0,0,0,0,0,0,0
TXN00003247,2026-02-21 00:27:01,USR71274,MCH8155,12508.0,UTR2142012643,9120,SUCCESS,TXN00003247,USR71274,MCH8155,UTR2142012643,0,0,0,0,0,0,0
TXN00016905,2026-02-05 02:20:21,USR56234,MCH6675,17058.84,UTR2087329814,8120,PENDING,TXN00016905,USR56234,MCH6675,UTR2087329814,0,0,0,0,0,0,1
TXN00011243,2026-01-17 17:16:18,USR27566,MCH7118,4284.0,UTR0302066948,4110,SUCCESS,TXN00011243,USR27566,MCH7118,UTR0302066948,0,0,0,0,0,0,0
TXN00017553,2026-01-05 00:00:00,USR57779,MCH6930,9841.41,UTR8966959689,9120,SUCCESS,TXN00017553,USR57779,MCH6930,UTR8966959689,0,0,0,0,0,0,0
TXN00008177,2026-02-03 04:42:52,USR22045,MCH1644,5907.84,UTR2597967687,0110,SUCCESS,TXN00008177,USR22045,MCH1644,UTR2597967687,0,0,0,0,0,0,0
TXN00010043,2026-03-31 02:25:27,USR16179,MCH5891,5630.17,UTR3063333787,8120,SUCCESS,TXN00010043,USR16179,MCH5891,UTR3063333787,0,0,0,0,0,0,0
TXN00016277,2026-03-16 02:57:27,USR97988,MCH1898,5306.86,UTR2652037992,0110,SUCCESS,TXN00016277,USR97988,MCH1898,UTR2652037992,0,0,0,0,0,0,0
TXN00016268,2026-01-02 03:28:09,USR17853,MCH7611,14509.98,,1310,SUCCESS,TXN00016268,USR17853,MCH7611,,0,1,0,0,0,0,0
TXN00010202,2026-01-26 20:50:31,USR67133,MCH6694,4310.78,UTR0500254106,,SUCCESS,TXN00010202,USR67133,MCH6694,UTR0500254106,0,0,1,0,0,0,0
TXN00019241,2026-01-10 15:46:25,USR65305,MCH6989,17088.83,UTR7780927488,4110,SUCCESS,TXN00019241,USR65305,MCH6989,UTR7780927488,0,0,0,0,0,0,0
TXN00006824,2026-01-25 18:13:50,USR62782,MCH2008,24144.6,UTR4232750470,8120,SUCCESS,TXN00006824,USR62782,MCH2008,UTR4232750470,0,0,0,0,0,0,0
TXN00016540,2026-01-08 11:34:30,USR27203,MCH5277,20345.57,UTR0986822673,1310,SUCCESS,TXN00016540,USR27203,MCH5277,UTR0986822673,0,0,0,0,0,0,0
TXN00004043,2026-02-02 04:59:11,USR58971,MCH6871,11697.35,UTR3271530729,4110,PENDING,TXN00004043,USR58971,MCH6871,UTR3271530729,0,0,0,0,0,0,1
TXN00014989,2026-02-01 14:31:43,USR18326,MCH1321,16697.22,UTR0489053385,4110,SUCCESS,TXN00014989,USR18326,MCH1321,UTR0489053385,0,0,0,0,0,0,0
TXN00018709,2026-03-28 16:47:26,USR79712,MCH2968,24177.0,UTR6050280394,4110,FAILED,TXN00018709,USR79712,MCH2968,UTR6050280394,0,0,0,0,0,1,0
TXN00007847,2026-02-25 21:55:38,USR19060,MCH3962,20805.74,UTR5886756858,1310,SUCCESS,TXN00007847,USR19060,MCH3962,UTR5886756858,0,0,0,0,0,0,0
TXN00015174,2026-03-08 20:33:15,USR71438,MCH8049,7636.0,UTR2542644155,4110,SUCCESS,TXN00015174,USR71438,MCH8049,UTR2542644155,0,0,0,0,0,0,0
TXN00004862,2026-02-21 06:59:48,USR78008,MCH1897,20208.62,UTR9324055440,0110,SUCCESS,TXN00004862,USR78008,MCH1897,UTR9324055440,0,0,0,0,0,0,0
TXN00011657,2026-02-05 06:37:49,USR86210,MCH7273,23757.6,UTR6760854806,4110,SUCCESS,TXN00011657,USR86210,MCH7273,UTR6760854806,0,0,0,0,0,0,0
TXN00016503,2026-02-23 13:05:20,USR71740,MCH6176,15305.06,UTR7036123890,1310,SUCCESS,TXN00016503,USR71740,MCH6176,UTR 7036123890,0,0,0,0,0,0,0
TXN00009874,2026-03-14 20:58:59,USR47492,MCH2129,0.525452,UTR8915182213,9120,SUCCESS,TXN00009874,USR47492,MCH2129,UTR 8915182213,0,0,0,0,0,0,0
TXN00007608,2026-03-09 19:30:21,USR45910,MCH7769,15623.64,UTR9137554448,0110,SUCCESS,TXN00007608,USR45910,MCH7769,UTR9137554448,0,0,0,0,0,0,0
TXN00011207,2026-03-29 02:17:37,USR17910,MCH4590,19418.24,UTR2747077723,1310,SUCCESS,TXN00011207,USR17910,MCH4590,UTR2747077723,0,0,0,0,0,0,0
TXN00003492,2026-01-22 06:36:23,USR83044,MCH2298,15175.11,UTR0842116656,,SUCCESS,TXN00003492,USR83044,MCH2298,UTR0842116656,0,0,1,0,0,0,0
TXN00017086,2026-01-09 16:52:17,USR12841,MCH1547,19510.65,UTR5155065587,1310,SUCCESS,TXN00017086,USR12841,MCH1547,UTR5155065587,0,0,0,0,0,0,0
TXN00012969,2026-03-15 10:54:44,USR45452,MCH7466,15612.14,UTR7796570220,4110,FAILED,TXN00012969,USR45452,MCH7466,UTR7796570220,0,0,0,0,0,1,0
TXN00005147,2026-02-12 05:35:00,USR32562,MCH1272,16220.59,UTR7833662212,4110,SUCCESS,TXN00005147,USR32562,MCH1272,UTR 7833662212,0,0,0,0,0,0,0
TXN00013535,2026-04-03 05:33:34,USR36748,MCH7823,11521.99,UTR1612137622,,SUCCESS,TXN00013535,USR36748,MCH7823,UTR1612137622,0,0,1,0,0,0,0
TXN00011140,2026-03-09 07:27:59,USR97678,MCH4682,24649.5,UTR3822428817,,SUCCESS,TXN00011140,USR97678,MCH4682,UTR3822428817,0,0,1,0,0,0,0
TXN00000570,2026-02-05 09:41:58,USR51331,MCH9415,8712.9,UTR8440307738,,SUCCESS,TXN00000570,USR51331,MCH9415,UTR8440307738,0,0,1,0,0,0,0
TXN00018179,2026-03-13 21:18:47,USR91322,MCH2311,16508.1,UTR3189804958,1310,PENDING,TXN00018179,USR91322,MCH2311,UTR3189804958,0,0,0,0,0,0,1
TXN00011570,2026-03-01 21:34:25,USR46612,MCH1483,0.1886186,UTR6870505609,0110,SUCCESS,TXN00011570,USR46612,MCH1483,UTR6870505609,0,0,0,0,0,0,0
TXN00016357,2026-01-17 11:06:04,USR19979,MCH3796,1459.36,UTR5924695280,8120,SUCCESS,TXN00016357,USR19979,MCH3796,UTR5924695280,0,0,0,0,0,0,0
TXN00018417,2026-01-13 22:25:02,USR74116,MCH8871,5439.8,UTR7337121133,,SUCCESS,TXN00018417,USR74116,MCH8871,UTR7337121133,0,0,1,0,0,0,0
TXN00013102,2026-01-05 17:21:54,USR49305,MCH6027,7542.61,UTR0496434613,9120,SUCCESS,TXN00013102,USR49305,MCH6027,UTR0496434613,0,0,0,0,0,0,0
TXN00015651,2026-01-10 02:10:55,USR90842,MCH4733,-660.48,UTR9933329561,1310,SUCCESS,TXN00015651,USR90842,MCH4733,UTR9933329561,1,0,0,0,0,0,0
TXN00005473,2026-02-06 17:41:55,USR51297,MCH5227,1532.03,UTR6333370453,1310,FAILED,TXN00005473,USR51297,MCH5227,UTR6333370453,0,0,0,0,0,1,0
TXN00018795,2026-01-26 11:44:44,USR78920,MCH6736,2880.93,UTR6667419984,,SUCCESS,TXN00018795,USR78920,MCH6736,UTR6667419984,0,0,1,0,0,0,0
TXN00005619,2026-02-11 12:23:38,USR15525,MCH9581,13768.76,UTR7540791986,1310,SUCCESS,TXN00005619,USR15525,MCH9581,UTR7540791986,0,0,0,0,0,0,0
TXN00014906,2026-03-14 23:49:04,USR81172,MCH6956,0.2022509,,1310,SUCCESS,TXN00014906,USR81172,MCH6956,,0,1,0,0,0,0,0
TXN00016083,2026-01-06 21:39:31,USR95954,MCH3450,6094.0,UTR0724572824,0110,SUCCESS,TXN00016083,USR95954,MCH3450,UTR0724572824,0,0,0,0,0,0,0
TXN00005566,2026-01-08 04:53:58,USR80677,MCH7342,625.86,UTR1814933182,8120,SUCCESS,TXN00005566,USR80677,MCH7342,UTR 1814933182,0,0,0,0,0,0,0
TXN00019783,2026-06-02 01:57:53,USR57317,MCH1521,6890.87,UTR7294775376,4110,SUCCESS,TXN00019783,USR57317,MCH1521,UTR7294775376,0,0,0,0,0,0,0
TXN00001315,2026-02-25 06:20:54,USR30415,MCH3062,11313.43,UTR6733822093,,SUCCESS,TXN00001315,USR30415,MCH3062,UTR6733822093,0,0,1,0,0,0,0
TXN00017253,2026-03-18 07:37:30,USR38200,MCH2447,10671.37,UTR8066195069,4110,SUCCESS,TXN00017253,USR38200,MCH2447,UTR 8066195069,0,0,0,0,0,0,0
TXN00013678,2026-02-14 02:04:31,USR85950,MCH8922,22219.02,UTR3157702355,1310,SUCCESS,TXN00013678,USR85950,MCH8922,UTR3157702355,0,0,0,0,0,0,0
TXN00004167,2026-02-05 01:28:55,USR65956,MCH5995,6015.0,UTR8627655901,1310,FAILED,TXN00004167,USR65956,MCH5995,UTR8627655901,0,0,0,0,0,1,0
TXN00014889,2026-09-01 07:42:42,USR68172,MCH8997,23666.5,UTR4145975766,1310,SUCCESS,TXN00014889,USR68172,MCH8997,UTR4145975766,0,0,0,0,0,0,0
TXN00013995,2026-01-27 12:10:53,USR92306,MCH7080,0.2155182,UTR6708941552,8120,SUCCESS,TXN00013995,USR92306,MCH7080,UTR6708941552,0,0,0,0,0,0,0
TXN00011065,2026-01-19 01:25:34,USR93794,MCH2999,844.74,UTR5066858567,4110,FAILED,TXN00011065,USR93794,MCH2999,UTR5066858567,0,0,0,0,0,1,0
TXN00009333,2026-02-19 04:40:20,USR83174,MCH1482,11035.62,UTR4802988954,1310,SUCCESS,TXN00009333,USR83174,MCH1482,UTR 4802988954,0,0,0,0,0,0,0
TXN00017973,2026-02-12 02:02:02,USR94296,MCH5266,1620.3,UTR1471229841,0110,SUCCESS,TXN00017973,USR94296,MCH5266,UTR1471229841,0,0,0,0,0,0,0
TXN00006394,2026-01-13 20:46:27,USR16002,MCH6337,0.1733809,UTR0433728146,4110,SUCCESS,TXN00006394,USR16002,MCH6337,UTR0433728146,0,0,0,0,0,0,0
TXN00018691,2026-03-13 09:11:00,USR19387,MCH6226,13767.1,,4110,SUCCESS,TXN00018691,USR19387,MCH6226,,0,1,0,0,0,0,0
TXN00000071,2026-03-22 12:39:10,USR32621,MCH9536,19308.4,UTR7279078198,,SUCCESS,TXN00000071,USR32621,MCH9536,UTR7279078198,0,0,1,0,0,0,0
TXN00004037,2026-03-23 00:52:36,USR25143,MCH8246,24432.23,UTR3478059886,,SUCCESS,TXN00004037,USR25143,MCH8246,UTR3478059886,0,0,1,0,0,0,0
TXN00005215,2026-01-26 06:13:57,USR65328,MCH5923,9849.94,UTR2136618645,9120,SUCCESS,TXN00005215,USR65328,MCH5923,UTR 2136618645,0,0,0,0,0,0,0
TXN00011242,2026-02-03 05:01:22,USR96510,MCH8227,21857.55,UTR7319374785,1310,SUCCESS,TXN00011242,USR96510,MCH8227,UTR7319374785,0,0,0,0,0,0,0
TXN00016621,2026-03-04 07:42:50,USR51803,MCH2906,14532.89,,1310,SUCCESS,TXN00016621,USR51803,MCH2906,,0,1,0,0,0,0,0
TXN00018391,2026-03-15 09:10:26,USR52033,MCH6093,4137.07,UTR9345625934,0110,SUCCESS,TXN00018391,USR52033,MCH6093,UTR9345625934,0,0,0,0,0,0,0
TXN00009041,2026-01-04 19:27:46,USR61171,MCH8714,3640.7,UTR4874245692,4110,SUCCESS,TXN00009041,USR61171,MCH8714,UTR4874245692,0,0,0,0,0,0,0
TXN00002670,2026-02-23 00:18:15,USR52127,MCH8088,7897.53,UTR1150312913,0110,SUCCESS,TXN00002670,USR52127,MCH8088,UTR1150312913,0,0,0,0,0,0,0
TXN00016903,2026-07-01 01:24:11,USR90601,MCH9945,11232.71,UTR3503722177,,SUCCESS,TXN00016903,USR90601,MCH9945,UTR3503722177,0,0,1,0,0,0,0
TXN00013808,2026-02-04 17:56:10,USR46234,MCH4090,6793.8,UTR9565548591,0110,SUCCESS,TXN00013808,USR46234,MCH4090,UTR9565548591,0,0,0,0,0,0,0
TXN00004045,2026-03-15 08:41:49,USR51228,MCH5946,10285.65,UTR9300581192,9120,SUCCESS,TXN00004045,USR51228,MCH5946,UTR9300581192,0,0,0,0,0,0,0
TXN00000761,2026-03-14 00:00:00,USR70062,MCH6585,3800.36,UTR7147991831,4110,SUCCESS,TXN00000761,USR70062,MCH6585,UTR7147991831,0,0,0,0,0,0,0
TXN00006367,2026-02-12 11:56:55,USR21273,MCH8649,8925.69,,0110,SUCCESS,TXN00006367,USR21273,MCH8649,,0,1,0,0,0,0,0
TXN00001603,2026-03-19 07:08:55,USR49167,MCH7888,5674.14,UTR4384793795,9120,SUCCESS,TXN00001603,USR49167,MCH7888,UTR4384793795,0,0,0,0,0,0,0
TXN00009671,2026-02-25 01:41:52,USR83346,MCH1531,-11388.41,UTR2601716477,8120,SUCCESS,TXN00009671,USR83346,MCH1531,UTR2601716477,1,0,0,0,0,0,0
TXN00017618,2026-02-01 00:05:56,USR88659,MCH4039,14101.66,UTR6000048266,,SUCCESS,TXN00017618,USR88659,MCH4039,UTR6000048266,0,0,1,0,0,0,0
TXN00007261,2026-01-11 00:31:54,USR76613,MCH3773,6415.0,UTR9484849998,4110,SUCCESS,TXN00007261,USR76613,MCH3773,UTR9484849998,0,0,0,0,0,0,0
TXN00002902,2026-02-16 11:22:13,USR76077,MCH3242,19141.0,UTR1236245408,9120,SUCCESS,TXN00002902,USR76077,MCH3242,UTR1236245408,0,0,0,0,0,0,0
TXN00006782,2026-03-26 08:34:01,USR72648,MCH1735,12053.0,UTR8261284640,8120,SUCCESS,TXN00006782,USR72648,MCH1735,UTR 8261284640,0,0,0,0,0,0,0
TXN00003755,2026-01-20 17:48:32,USR17143,MCH4964,6798.11,UTR4624402929,4110,SUCCESS,TXN00003755,USR17143,MCH4964,UTR 4624402929,0,0,0,0,0,0,0
TXN00017468,2026-02-28 10:18:00,USR82819,MCH6223,487.97,UTR1647636529,0110,SUCCESS,TXN00017468,USR82819,MCH6223,UTR1647636529,0,0,0,0,0,0,0
TXN00011717,2026-01-18 12:49:49,USR40207,MCH9769,1908.25,UTR2713484785,0110,SUCCESS,TXN00011717,USR40207,MCH9769,UTR2713484785,0,0,0,0,0,0,0
TXN00011097,2026-01-28 22:21:50,USR80303,MCH7833,17507.69,UTR4598857172,0110,PENDING,TXN00011097,USR80303,MCH7833,UTR4598857172,0,0,0,0,0,0,1
TXN00006555,2026-01-10 11:02:40,USR22137,MCH3952,19027.54,UTR1793099251,4110,SUCCESS,TXN00006555,USR22137,MCH3952,UTR1793099251,0,0,0,0,0,0,0
TXN00014144,2026-02-07 22:49:48,USR87048,MCH6887,11736.43,UTR4605910941,4110,SUCCESS,TXN00014144,USR87048,MCH6887,UTR4605910941,0,0,0,0,0,0,0
TXN00015346,2026-02-16 13:18:43,USR41799,MCH7823,20846.89,UTR0014492915,4110,SUCCESS,TXN00015346,USR41799,MCH7823,UTR0014492915,0,0,0,0,0,0,0
TXN00018859,2026-03-17 23:11:07,USR83472,MCH6267,7883.5,UTR4641293868,1310,SUCCESS,TXN00018859,USR83472,MCH6267,UTR4641293868,0,0,0,0,0,0,0
TXN00018165,2026-01-06 21:49:30,USR37488,MCH8257,17058.0,UTR8786386435,4110,SUCCESS,TXN00018165,USR37488,MCH8257,UTR8786386435,0,0,0,0,0,0,0
TXN00015381,2026-02-21 11:11:37,USR56855,MCH3076,22223.31,UTR5517294453,4110,FAILED,TXN00015381,USR56855,MCH3076,UTR5517294453,0,0,0,0,0,1,0
TXN00004801,2026-02-09 23:21:12,USR27853,MCH7592,3105.0,UTR5786563108,8120,SUCCESS,TXN00004801,USR27853,MCH7592,UTR5786563108,0,0,0,0,0,0,0
TXN00007833,2026-02-11 03:51:30,USR81476,MCH1459,5163.01,UTR2337072641,1310,SUCCESS,TXN00007833,USR81476,MCH1459,UTR2337072641,0,0,0,0,0,0,0
TXN00009026,2026-03-18 09:39:22,USR36516,MCH2640,9555.13,UTR6716223303,9120,SUCCESS,TXN00009026,USR36516,MCH2640,UTR6716223303,0,0,0,0,0,0,0
TXN00000487,2026-02-05 21:03:37,USR80668,MCH1644,1145.71,UTR2536012020,4110,SUCCESS,TXN00000487,USR80668,MCH1644,UTR2536012020,0,0,0,0,0,0,0
TXN00012496,2026-03-31 03:21:21,USR73789,MCH6822,24804.37,UTR3025127353,0110,SUCCESS,TXN00012496,USR73789,MCH6822,UTR3025127353,0,0,0,0,0,0,0
TXN00018288,2026-02-03 04:25:00,USR89102,MCH1426,24357.06,UTR5560235122,,SUCCESS,TXN00018288,USR89102,MCH1426,UTR5560235122,0,0,1,0,0,0,0
TXN00005437,2026-03-24 04:26:36,USR48089,MCH5134,0.528214,UTR1261748991,,SUCCESS,TXN00005437,USR48089,MCH5134,UTR1261748991,0,0,1,0,0,0,0
TXN00000794,2026-03-14 21:52:26,USR30242,MCH6103,15290.24,UTR2945375452,8120,SUCCESS,TXN00000794,USR30242,MCH6103,UTR2945375452,0,0,0,0,0,0,0
TXN00019299,2026-03-11 12:59:08,USR20752,MCH7756,8239.0,UTR6540905087,1310,FAILED,TXN00019299,USR20752,MCH7756,UTR6540905087,0,0,0,0,0,1,0
TXN00015213,2026-03-30 13:59:27,USR66152,MCH4943,21446.45,UTR5142739331,0110,SUCCESS,TXN00015213,USR66152,MCH4943,UTR5142739331,0,0,0,0,0,0,0
TXN00019303,2026-01-12 15:28:54,USR78629,MCH9451,24928.76,UTR9591900956,,SUCCESS,TXN00019303,USR78629,MCH9451,UTR9591900956,0,0,1,0,0,0,0
TXN00012385,2026-03-06 14:46:28,USR19777,MCH7136,-11408.07,UTR4457061697,0110,SUCCESS,TXN00012385,USR19777,MCH7136,UTR4457061697,1,0,0,0,0,0,0
TXN00015200,2026-03-13 10:21:53,USR69023,MCH9750,13578.32,UTR2519666850,,SUCCESS,TXN00015200,USR69023,MCH9750,UTR2519666850,0,0,1,0,0,0,0
TXN00008760,2026-02-20 00:00:00,USR22346,MCH8235,12301.98,UTR1900139959,0110,SUCCESS,TXN00008760,USR22346,MCH8235,UTR1900139959,0,0,0,0,0,0,0
TXN00002421,2026-03-30 14:09:28,USR30428,MCH5761,4009.02,UTR5961333386,,SUCCESS,TXN00002421,USR30428,MCH5761,UTR5961333386,0,0,1,0,0,0,0
TXN00011872,2026-01-21 18:54:33,USR67883,MCH3306,9957.0,UTR9613245022,9120,SUCCESS,TXN00011872,USR67883,MCH3306,UTR 9613245022,0,0,0,0,0,0,0
TXN00017239,2026-02-04 18:28:59,USR83700,MCH3643,19405.49,UTR5851233494,4110,PENDING,TXN00017239,USR83700,MCH3643,UTR5851233494,0,0,0,0,0,0,1
TXN00014872,2026-03-20 13:31:22,USR43478,MCH8753,10394.83,UTR4158424471,,SUCCESS,TXN00014872,USR43478,MCH8753,UTR 4158424471,0,0,1,0,0,0,0
TXN00010785,2026-02-05 17:50:31,USR52763,MCH3267,18063.61,,,SUCCESS,TXN00010785,USR52763,MCH3267,,0,1,1,0,0,0,0
TXN00003950,2026-01-25 12:10:37,USR71636,MCH7895,5852.98,UTR7062438153,9120,FAILED,TXN00003950,USR71636,MCH7895,UTR7062438153,0,0,0,0,0,1,0
TXN00006379,2026-02-08 20:39:02,USR36515,MCH1693,24196.94,,4110,PENDING,TXN00006379,USR36515,MCH1693,,0,1,0,0,0,0,1
TXN00010568,2026-01-13 08:25:29,USR99091,MCH2714,10857.44,UTR6766815311,4110,SUCCESS,TXN00010568,USR99091,MCH2714,UTR 6766815311,0,0,0,0,0,0,0
TXN00010807,2026-03-09 16:19:08,USR26741,MCH2452,7288.9,UTR1032798229,,SUCCESS,TXN00010807,USR26741,MCH2452,UTR1032798229,0,0,1,0,0,0,0
TXN00005768,2026-03-31 19:14:19,USR62165,MCH7418,1691.44,UTR8632329093,9120,FAILED,TXN00005768,USR62165,MCH7418,UTR8632329093,0,0,0,0,0,1,0
TXN00014138,2026-03-19 14:08:40,USR74473,MCH8843,1523.2,UTR2228841603,4110,SUCCESS,TXN00014138,USR74473,MCH8843,UTR2228841603,0,0,0,0,0,0,0
TXN00004067,2026-03-17 02:30:48,USR71125,MCH2670,3158.0,UTR7447196772,1310,SUCCESS,TXN00004067,USR71125,MCH2670,UTR7447196772,0,0,0,0,0,0,0
TXN00004922,2026-03-16 02:26:28,USR12247,MCH8355,0.1845081,UTR6329984506,4110,SUCCESS,TXN00004922,USR12247,MCH8355,UTR6329984506,0,0,0,0,0,0,0
TXN00003823,2026-02-18 00:00:00,USR67041,MCH9232,20145.0,UTR8415124204,4110,FAILED,TXN00003823,USR67041,MCH9232,UTR8415124204,0,0,0,0,0,1,0
TXN00002062,2026-01-11 12:10:01,USR79119,MCH2411,12817.44,UTR9476996767,1310,SUCCESS,TXN00002062,USR79119,MCH2411,UTR9476996767,0,0,0,0,0,0,0
TXN00005513,2026-03-07 01:16:13,USR22492,MCH8083,21693.88,UTR8228709308,4110,SUCCESS,TXN00005513,USR22492,MCH8083,UTR8228709308,0,0,0,0,0,0,0
TXN00011093,2026-01-13 01:21:11,USR79227,MCH9970,1010.0,UTR5139870941,,SUCCESS,TXN00011093,USR79227,MCH9970,UTR5139870941,0,0,1,0,0,0,0
TXN00018623,2026-02-11 17:19:01,USR90849,MCH7945,10982.97,UTR4712536674,4110,SUCCESS,TXN00018623,USR90849,MCH7945,UTR4712536674,0,0,0,0,0,0,0
TXN00001130,2026-01-02 16:10:46,USR89117,MCH2094,6501.25,UTR5170540871,,SUCCESS,TXN00001130,USR89117,MCH2094,UTR5170540871,0,0,1,0,0,0,0
TXN00013173,2026-03-03 04:15:39,USR10758,MCH1675,9689.46,UTR4774638102,0110,SUCCESS,TXN00013173,USR10758,MCH1675,UTR4774638102,0,0,0,0,0,0,0
TXN00017671,2026-02-07 00:00:00,USR16505,MCH5551,477.93,UTR6484756076,1310,SUCCESS,TXN00017671,USR16505,MCH5551,UTR6484756076,0,0,0,0,0,0,0
TXN00005666,2026-01-06 23:37:48,USR49846,MCH6972,19538.74,UTR6458405235,,SUCCESS,TXN00005666,USR49846,MCH6972,UTR 6458405235,0,0,1,0,0,0,0
TXN00018961,2026-02-10 09:16:46,USR44225,MCH7982,15919.36,UTR9915479286,8120,SUCCESS,TXN00018961,USR44225,MCH7982,UTR9915479286,0,0,0,0,0,0,0
TXN00015571,2026-01-27 07:36:05,USR13385,MCH7119,0.2184894,UTR4714838087,0110,SUCCESS,TXN00015571,USR13385,MCH7119,UTR4714838087,0,0,0,0,0,0,0
TXN00007399,2026-06-02 17:17:46,USR92616,MCH2152,17154.0,UTR4146017157,9120,SUCCESS,TXN00007399,USR92616,MCH2152,UTR4146017157,0,0,0,0,0,0,0
TXN00013561,2026-02-21 16:36:21,USR49647,MCH9076,1606.26,,1310,SUCCESS,TXN00013561,USR49647,MCH9076,,0,1,0,0,0,0,0
TXN00006257,2026-01-25 12:55:22,USR98212,MCH5502,15493.37,UTR4529519075,9120,PENDING,TXN00006257,USR98212,MCH5502,UTR4529519075,0,0,0,0,0,0,1
TXN00013509,2026-01-07 07:34:33,USR34486,MCH2999,8323.04,,8120,SUCCESS,TXN00013509,USR34486,MCH2999,,0,1,0,0,0,0,0
TXN00016814,2026-02-12 19:12:10,USR14327,MCH3329,9329.57,UTR1035199252,4110,FAILED,TXN00016814,USR14327,MCH3329,UTR1035199252,0,0,0,0,0,1,0
TXN00005134,2026-03-14 14:43:54,USR79581,MCH3460,410.54,UTR7947495840,1310,SUCCESS,TXN00005134,USR79581,MCH3460,UTR7947495840,0,0,0,0,0,0,0
TXN00013053,2026-01-16 19:27:04,USR78126,MCH4118,24971.13,UTR0341782353,0110,SUCCESS,TXN00013053,USR78126,MCH4118,UTR0341782353,0,0,0,0,0,0,0
TXN00011677,2026-03-02 15:21:32,USR59724,MCH4242,7746.14,UTR6106477111,9120,SUCCESS,TXN00011677,USR59724,MCH4242,UTR6106477111,0,0,0,0,0,0,0
TXN00003984,2026-01-17 00:00:00,USR16336,MCH2844,0.565972,UTR8844030653,,SUCCESS,TXN00003984,USR16336,MCH2844,UTR 8844030653,0,0,1,0,0,0,0
TXN00012953,2026-03-17 03:55:06,USR13329,MCH7308,15399.94,,8120,FAILED,TXN00012953,USR13329,MCH7308,,0,1,0,0,0,1,0
TXN00004957,2026-02-18 04:43:33,USR92250,MCH3983,8931.0,UTR9384863210,9120,SUCCESS,TXN00004957,USR92250,MCH3983,UTR 9384863210,0,0,0,0,0,0,0
TXN00005439,2026-03-25 13:30:18,USR85459,MCH4368,768.54,UTR8807978558,8120,SUCCESS,TXN00005439,USR85459,MCH4368,UTR8807978558,0,0,0,0,0,0,0
TXN00009431,2026-01-30 09:10:33,USR84830,MCH3808,20573.97,UTR2700489967,4110,SUCCESS,TXN00009431,USR84830,MCH3808,UTR2700489967,0,0,0,0,0,0,0
TXN00018009,2026-01-06 03:56:57,USR93238,MCH6249,14467.01,UTR0131774801,4110,SUCCESS,TXN00018009,USR93238,MCH6249,UTR0131774801,0,0,0,0,0,0,0
TXN00006762,2026-03-19 13:23:22,USR24349,MCH8366,4002.14,UTR0232333104,4110,SUCCESS,TXN00006762,USR24349,MCH8366,UTR0232333104,0,0,0,0,0,0,0
TXN00003423,2026-01-02 08:49:06,USR19057,MCH7780,19059.94,UTR8983021527,,SUCCESS,TXN00003423,USR19057,MCH7780,UTR8983021527,0,0,1,0,0,0,0
TXN00016485,2026-01-13 23:17:36,USR24591,MCH1241,9562.58,UTR7423867013,,SUCCESS,TXN00016485,USR24591,MCH1241,UTR7423867013,0,0,1,0,0,0,0
TXN00010673,2026-01-03 08:53:15,USR16019,MCH1546,5122.79,UTR0874964562,9120,SUCCESS,TXN00010673,USR16019,MCH1546,UTR0874964562,0,0,0,0,0,0,0
TXN00003580,2026-01-07 00:00:00,USR92001,MCH7726,12319.3,UTR4918590325,4110,SUCCESS,TXN00003580,USR92001,MCH7726,UTR4918590325,0,0,0,0,0,0,0
TXN00003829,2026-03-15 22:43:26,USR40432,MCH6002,21024.31,UTR3944535021,4110,SUCCESS,TXN00003829,USR40432,MCH6002,UTR3944535021,0,0,0,0,0,0,0
TXN00006871,2026-01-29 00:00:00,USR78788,MCH3582,12581.78,UTR3960532210,8120,SUCCESS,TXN00006871,USR78788,MCH3582,UTR3960532210,0,0,0,0,0,0,0
TXN00006507,2026-02-13 09:44:39,USR47212,MCH4631,19289.12,UTR9543736527,9120,SUCCESS,TXN00006507,USR47212,MCH4631,UTR9543736527,0,0,0,0,0,0,0
TXN00019859,2026-02-24 11:29:11,USR21527,MCH9464,0.2386929,UTR2595640777,9120,SUCCESS,TXN00019859,USR21527,MCH9464,UTR 2595640777,0,0,0,0,0,0,0
TXN00014469,2026-01-02 03:55:07,USR27181,MCH9349,14631.65,UTR9032160807,4110,SUCCESS,TXN00014469,USR27181,MCH9349,UTR9032160807,0,0,0,0,0,0,0
TXN00003752,2026-02-07 17:04:55,USR33737,MCH1928,22730.29,UTR7654670389,4110,SUCCESS,TXN00003752,USR33737,MCH1928,UTR7654670389,0,0,0,0,0,0,0
TXN00018515,2026-01-16 00:00:00,USR68511,MCH7891,20549.72,UTR3504201232,,SUCCESS,TXN00018515,USR68511,MCH7891,UTR3504201232,0,0,1,0,0,0,0
TXN00004387,2026-05-03 19:38:18,USR94451,MCH7474,23995.18,UTR5747445252,4110,SUCCESS,TXN00004387,USR94451,MCH7474,UTR5747445252,0,0,0,0,0,0,0
TXN00005344,2026-03-20 17:02:35,USR34217,MCH3143,4044.58,UTR8120060978,8120,SUCCESS,TXN00005344,USR34217,MCH3143,UTR8120060978,0,0,0,0,0,0,0
TXN00013180,2026-01-13 00:25:55,USR73681,MCH6224,11769.0,UTR3272757314,1310,SUCCESS,TXN00013180,USR73681,MCH6224,UTR3272757314,0,0,0,0,0,0,0
TXN00008951,2026-02-25 01:18:22,USR39454,MCH1419,6870.87,UTR6019264818,4110,SUCCESS,TXN00008951,USR39454,MCH1419,UTR6019264818,0,0,0,0,0,0,0
TXN00005725,2026-02-12 06:32:23,USR98592,MCH7678,3266.71,UTR9998358957,,SUCCESS,TXN00005725,USR98592,MCH7678,UTR9998358957,0,0,1,0,0,0,0
TXN00007475,2026-02-28 02:07:19,USR51665,MCH1737,9962.27,UTR2079100887,8120,SUCCESS,TXN00007475,USR51665,MCH1737,UTR2079100887,0,0,0,0,0,0,0
TXN00009284,2026-02-04 08:32:16,USR34917,MCH9063,2212.0,UTR8914964130,4110,SUCCESS,TXN00009284,USR34917,MCH9063,UTR8914964130,0,0,0,0,0,0,0
TXN00003023,2026-03-25 15:24:20,USR51872,MCH3898,17139.24,UTR2958573591,0110,SUCCESS,TXN00003023,USR51872,MCH3898,UTR2958573591,0,0,0,0,0,0,0
TXN00004701,2026-01-02 13:56:17,USR13427,MCH5794,6256.82,,4110,SUCCESS,TXN00004701,USR13427,MCH5794,,0,1,0,0,0,0,0
TXN00002155,2026-02-27 14:06:10,USR15866,MCH1255,2524.93,UTR1595510316,9120,PENDING,TXN00002155,USR15866,MCH1255,UTR1595510316,0,0,0,0,0,0,1
TXN00013709,2026-01-05 06:41:32,USR12194,MCH9224,24428.86,UTR4663956604,,SUCCESS,TXN00013709,USR12194,MCH9224,UTR4663956604,0,0,1,0,0,0,0
TXN00001333,2026-03-28 08:30:19,USR97643,MCH2862,5719.0,,8120,SUCCESS,TXN00001333,USR97643,MCH2862,,0,1,0,0,0,0,0
TXN00002303,2026-02-04 04:05:05,USR60793,MCH6064,12821.57,UTR6256758248,4110,SUCCESS,TXN00002303,USR60793,MCH6064,UTR6256758248,0,0,0,0,0,0,0
TXN00001871,2026-01-03 01:45:59,USR87471,MCH7230,20446.0,UTR5221317897,0110,SUCCESS,TXN00001871,USR87471,MCH7230,UTR5221317897,0,0,0,0,0,0,0
TXN00010771,2026-02-18 16:27:48,USR75392,MCH8017,11816.83,UTR9543330197,9120,SUCCESS,TXN00010771,USR75392,MCH8017,UTR9543330197,0,0,0,0,0,0,0
TXN00003382,2026-01-04 12:40:40,USR86955,MCH5691,10814.33,UTR1662593242,1310,SUCCESS,TXN00003382,USR86955,MCH5691,UTR 1662593242,0,0,0,0,0,0,0
TXN00017709,2026-02-11 01:52:49,USR78986,MCH8642,22001.0,UTR9388576492,8120,SUCCESS,TXN00017709,USR78986,MCH8642,UTR 9388576492,0,0,0,0,0,0,0
TXN00013416,2026-02-17 11:23:53,USR57623,MCH1893,11491.37,UTR3006738143,4110,SUCCESS,TXN00013416,USR57623,MCH1893,UTR3006738143,0,0,0,0,0,0,0
TXN00006095,2026-02-26 15:49:38,USR57852,MCH8149,0.513243,UTR0818539567,,SUCCESS,TXN00006095,USR57852,MCH8149,UTR0818539567,0,0,1,0,0,0,0
TXN00019596,2026-03-16 00:29:17,USR97251,MCH1384,0.1184298,UTR3925092871,0110,SUCCESS,TXN00019596,USR97251,MCH1384,UTR3925092871,0,0,0,0,0,0,0
TXN00001326,2026-02-18 14:11:04,USR64378,MCH1960,8429.03,UTR5639074271,9120,SUCCESS,TXN00001326,USR64378,MCH1960,UTR5639074271,0,0,0,0,0,0,0
TXN00007838,2026-02-06 00:00:00,USR40072,MCH9330,17299.68,UTR2561814775,9120,SUCCESS,TXN00007838,USR40072,MCH9330,UTR2561814775,0,0,0,0,0,0,0
TXN00019523,2026-03-30 13:38:47,USR13279,MCH4033,10343.15,UTR3632523945,,FAILED,TXN00019523,USR13279,MCH4033,UTR 3632523945,0,0,1,0,0,1,0
TXN00015052,2026-01-03 20:05:30,USR59498,MCH4081,19398.78,UTR7924228645,4110,FAILED,TXN00015052,USR59498,MCH4081,UTR7924228645,0,0,0,0,0,1,0
TXN00019145,2026-02-09 01:28:03,USR88636,MCH2270,3157.3,UTR9318025638,4110,SUCCESS,TXN00019145,USR88636,MCH2270,UTR9318025638,0,0,0,0,0,0,0
TXN00007469,2026-03-16 08:34:50,USR28958,MCH3125,15358.08,UTR9001543218,,SUCCESS,TXN00007469,USR28958,MCH3125,UTR9001543218,0,0,1,0,0,0,0
TXN00012998,2026-03-11 09:43:53,USR93586,MCH8336,21691.8,UTR4592928684,9120,SUCCESS,TXN00012998,USR93586,MCH8336,UTR4592928684,0,0,0,0,0,0,0
TXN00001033,2026-03-19 07:20:37,USR62963,MCH5020,5757.92,UTR4548233012,4110,SUCCESS,TXN00001033,USR62963,MCH5020,UTR4548233012,0,0,0,0,0,0,0
TXN00015931,2026-02-11 09:21:28,USR62393,MCH3880,988.0,UTR6422192096,9120,SUCCESS,TXN00015931,USR62393,MCH3880,UTR6422192096,0,0,0,0,0,0,0
TXN00010360,2026-01-07 03:03:25,USR12744,MCH5653,15848.0,UTR5932942855,9120,SUCCESS,TXN00010360,USR12744,MCH5653,UTR5932942855,0,0,0,0,0,0,0
TXN00018994,2026-01-31 09:35:21,USR70924,MCH5715,0.1318083,UTR3648287688,8120,SUCCESS,TXN00018994,USR70924,MCH5715,UTR3648287688,0,0,0,0,0,0,0
TXN00009066,2026-03-29 17:43:00,USR18333,MCH1453,11613.65,UTR1006177417,8120,SUCCESS,TXN00009066,USR18333,MCH1453,UTR1006177417,0,0,0,0,0,0,0
TXN00000451,2026-02-26 16:03:18,USR70035,MCH5924,19431.0,UTR9083176821,9120,FAILED,TXN00000451,USR70035,MCH5924,UTR9083176821,0,0,0,0,0,1,0
TXN00003834,2026-02-05 23:48:18,USR68002,MCH9929,9621.43,UTR0999346346,4110,SUCCESS,TXN00003834,USR68002,MCH9929,UTR0999346346,0,0,0,0,0,0,0
TXN00003074,2026-02-14 09:25:28,USR61463,MCH7950,6785.0,UTR3981466879,8120,SUCCESS,TXN00003074,USR61463,MCH7950,UTR3981466879,0,0,0,0,0,0,0
TXN00005702,2026-04-01 08:55:23,USR47455,MCH5963,8870.16,UTR9716522186,,SUCCESS,TXN00005702,USR47455,MCH5963,UTR9716522186,0,0,1,0,0,0,0
TXN00002545,2026-03-27 21:20:12,USR41300,MCH1297,2224.23,UTR0520173092,9120,SUCCESS,TXN00002545,USR41300,MCH1297,UTR 0520173092,0,0,0,0,0,0,0
TXN00004878,2026-02-15 17:32:37,USR74082,MCH8176,17405.04,UTR8645113695,4110,SUCCESS,TXN00004878,USR74082,MCH8176,UTR8645113695,0,0,0,0,0,0,0
TXN00014643,2026-01-30 10:16:33,USR96486,MCH7062,18950.86,UTR7750202417,8120,SUCCESS,TXN00014643,USR96486,MCH7062,UTR7750202417,0,0,0,0,0,0,0
TXN00017160,2026-03-21 07:03:54,USR79428,MCH5399,7367.83,UTR6347870135,1310,SUCCESS,TXN00017160,USR79428,MCH5399,UTR6347870135,0,0,0,0,0,0,0
TXN00010317,2026-02-26 05:58:24,USR33989,MCH9444,11952.15,UTR9917027732,4110,SUCCESS,TXN00010317,USR33989,MCH9444,UTR9917027732,0,0,0,0,0,0,0
TXN00012491,2026-02-13 00:00:00,USR73065,MCH8834,20111.87,UTR4666451021,1310,SUCCESS,TXN00012491,USR73065,MCH8834,UTR4666451021,0,0,0,0,0,0,0
TXN00001168,2026-03-13 17:04:24,USR89958,MCH3322,12691.62,UTR9916545582,0110,SUCCESS,TXN00001168,USR89958,MCH3322,UTR9916545582,0,0,0,0,0,0,0
TXN00004675,2026-03-22 02:02:03,USR42248,MCH9509,10200.37,UTR8768277909,0110,SUCCESS,TXN00004675,USR42248,MCH9509,UTR8768277909,0,0,0,0,0,0,0
TXN00019936,2026-01-31 06:27:27,USR29137,MCH6566,6187.67,UTR5273725863,8120,SUCCESS,TXN00019936,USR29137,MCH6566,UTR5273725863,0,0,0,0,0,0,0
TXN00002459,2026-01-13 17:21:59,USR68538,MCH5973,12227.56,,4110,SUCCESS,TXN00002459,USR68538,MCH5973,,0,1,0,0,0,0,0
TXN00008653,2026-03-18 08:22:15,USR10736,MCH5650,5702.18,,9120,SUCCESS,TXN00008653,USR10736,MCH5650,,0,1,0,0,0,0,0
TXN00010031,2026-12-02 05:00:15,USR73631,MCH9695,143.43,UTR2748853881,9120,SUCCESS,TXN00010031,USR73631,MCH9695,UTR 2748853881,0,0,0,0,0,0,0
TXN00000499,2026-01-01 18:13:44,USR98006,MCH9667,24360.13,UTR4257192689,4110,SUCCESS,TXN00000499,USR98006,MCH9667,UTR 4257192689,0,0,0,0,0,0,0
TXN00006315,2026-01-09 15:23:29,USR55000,MCH7286,6945.29,UTR4657516420,4110,SUCCESS,TXN00006315,USR55000,MCH7286,UTR4657516420,0,0,0,0,0,0,0
TXN00005067,2026-02-14 08:17:44,USR10012,MCH9499,11874.48,UTR9377715040,0110,SUCCESS,TXN00005067,USR10012,MCH9499,UTR9377715040,0,0,0,0,0,0,0
TXN00010444,2026-02-27 21:24:51,USR89793,MCH7713,-24321.69,UTR4949347223,4110,SUCCESS,TXN00010444,USR89793,MCH7713,UTR4949347223,1,0,0,0,0,0,0
TXN00018507,2026-03-22 09:43:33,USR76189,MCH4870,13709.92,UTR2589608495,9120,SUCCESS,TXN00018507,USR76189,MCH4870,UTR2589608495,0,0,0,0,0,0,0
TXN00002248,2026-02-19 12:16:27,USR54741,MCH1476,0.2078602,UTR1917552827,9120,SUCCESS,TXN00002248,USR54741,MCH1476,UTR1917552827,0,0,0,0,0,0,0
TXN00010223,2026-02-22 00:00:00,USR13547,MCH4993,24126.0,UTR7055905239,9120,SUCCESS,TXN00010223,USR13547,MCH4993,UTR7055905239,0,0,0,0,0,0,0
TXN00013268,2026-03-29 07:59:25,USR21343,MCH9699,18468.93,UTR5518712522,9120,FAILED,TXN00013268,USR21343,MCH9699,UTR5518712522,0,0,0,0,0,1,0
TXN00008908,2026-01-15 02:13:46,USR84381,MCH7033,15721.75,UTR7167724903,,SUCCESS,TXN00008908,USR84381,MCH7033,UTR7167724903,0,0,1,0,0,0,0
TXN00006399,2026-01-16 00:00:00,USR94320,MCH1355,11020.67,UTR8842775402,4110,SUCCESS,TXN00006399,USR94320,MCH1355,UTR8842775402,0,0,0,0,0,0,0
TXN00004061,2026-02-03 01:38:19,USR12146,MCH2121,0.735875,UTR6377470395,8120,SUCCESS,TXN00004061,USR12146,MCH2121,UTR6377470395,0,0,0,0,0,0,0
TXN00018022,2026-03-27 07:34:15,USR63478,MCH6607,6753.24,UTR1983769378,8120,SUCCESS,TXN00018022,USR63478,MCH6607,UTR1983769378,0,0,0,0,0,0,0
TXN00004760,2026-02-11 00:03:46,USR44640,MCH9380,24721.13,UTR7629654991,9120,FAILED,TXN00004760,USR44640,MCH9380,UTR7629654991,0,0,0,0,0,1,0
TXN00004915,2026-03-20 10:54:59,USR61196,MCH8719,4164.07,UTR0701098790,4110,SUCCESS,TXN00004915,USR61196,MCH8719,UTR0701098790,0,0,0,0,0,0,0
TXN00017408,2026-01-20 09:22:59,USR73173,MCH5531,12247.0,UTR2947718103,1310,SUCCESS,TXN00017408,USR73173,MCH5531,UTR2947718103,0,0,0,0,0,0,0
TXN00019439,2026-06-03 07:32:46,USR38263,MCH8452,17756.0,UTR6151119411,8120,SUCCESS,TXN00019439,USR38263,MCH8452,UTR6151119411,0,0,0,0,0,0,0
TXN00001210,2026-01-05 23:42:59,USR36257,MCH3069,24928.0,UTR9998374303,4110,SUCCESS,TXN00001210,USR36257,MCH3069,UTR9998374303,0,0,0,0,0,0,0
TXN00011536,2026-03-17 16:05:34,USR53717,MCH5039,21287.45,UTR4991068513,0110,SUCCESS,TXN00011536,USR53717,MCH5039,UTR4991068513,0,0,0,0,0,0,0
TXN00008130,2026-03-09 08:57:41,USR12919,MCH2098,5847.89,UTR2119255690,,SUCCESS,TXN00008130,USR12919,MCH2098,UTR2119255690,0,0,1,0,0,0,0
TXN00012889,2026-03-02 09:56:41,USR68239,MCH8938,23841.87,UTR4091867678,9120,SUCCESS,TXN00012889,USR68239,MCH8938,UTR4091867678,0,0,0,0,0,0,0
TXN00011253,2026-03-09 09:42:22,USR87922,MCH7559,22426.99,UTR7917605729,,SUCCESS,TXN00011253,USR87922,MCH7559,UTR7917605729,0,0,1,0,0,0,0
TXN00014691,2026-01-28 00:00:00,USR36706,MCH3609,20736.71,UTR3591444998,4110,SUCCESS,TXN00014691,USR36706,MCH3609,UTR3591444998,0,0,0,0,0,0,0
TXN00008631,2026-02-01 00:03:41,USR18014,MCH4475,16858.75,UTR9358309782,9120,SUCCESS,TXN00008631,USR18014,MCH4475,UTR9358309782,0,0,0,0,0,0,0
TXN00016094,2026-02-19 20:30:46,USR59747,MCH9833,9829.5,UTR7651768493,4110,SUCCESS,TXN00016094,USR59747,MCH9833,UTR 7651768493,0,0,0,0,0,0,0
TXN00000307,2026-03-25 00:00:00,USR39057,MCH5374,12912.35,UTR2073575779,,SUCCESS,TXN00000307,USR39057,MCH5374,UTR2073575779,0,0,1,0,0,0,0
TXN00017935,2026-03-14 00:00:00,USR87904,MCH9405,21018.63,UTR7473182444,9120,SUCCESS,TXN00017935,USR87904,MCH9405,UTR7473182444,0,0,0,0,0,0,0
TXN00017018,2026-02-23 00:28:23,USR26621,MCH9021,2340.44,UTR8488306000,4110,FAILED,TXN00017018,USR26621,MCH9021,UTR8488306000,0,0,0,0,0,1,0
TXN00012108,2026-02-28 06:17:39,USR47100,MCH7473,7434.04,UTR0136591962,9120,PENDING,TXN00012108,USR47100,MCH7473,UTR0136591962,0,0,0,0,0,0,1
TXN00002199,2026-02-14 15:18:18,USR31937,MCH2437,13670.74,UTR1982434648,9120,SUCCESS,TXN00002199,USR31937,MCH2437,UTR1982434648,0,0,0,0,0,0,0
TXN00008937,2026-03-13 16:27:21,USR86180,MCH4281,2209.27,UTR9794516584,4110,SUCCESS,TXN00008937,USR86180,MCH4281,UTR9794516584,0,0,0,0,0,0,0
TXN00015939,2026-02-09 13:04:16,USR44564,MCH2219,6312.94,UTR5756133271,8120,SUCCESS,TXN00015939,USR44564,MCH2219,UTR5756133271,0,0,0,0,0,0,0
TXN00002227,2026-01-11 06:40:44,USR34179,MCH7864,7539.0,UTR9890266271,4110,FAILED,TXN00002227,USR34179,MCH7864,UTR 9890266271,0,0,0,0,0,1,0
TXN00017674,2026-01-11 00:00:00,USR97364,MCH9656,2895.59,UTR8797427660,9120,SUCCESS,TXN00017674,USR97364,MCH9656,UTR8797427660,0,0,0,0,0,0,0
TXN00006655,2026-01-29 00:00:00,USR42049,MCH8281,5991.85,UTR0498679487,4110,SUCCESS,TXN00006655,USR42049,MCH8281,UTR0498679487,0,0,0,0,0,0,0
TXN00004309,2026-01-22 13:18:00,USR50601,MCH3827,20718.04,UTR3089156674,9120,SUCCESS,TXN00004309,USR50601,MCH3827,UTR3089156674,0,0,0,0,0,0,0
TXN00006841,2026-02-17 15:03:59,USR38061,MCH2250,22869.59,UTR6123287325,0110,SUCCESS,TXN00006841,USR38061,MCH2250,UTR6123287325,0,0,0,0,0,0,0
TXN00006766,2026-03-06 12:22:56,USR31365,MCH7395,0.2264486,UTR9325444215,0110,SUCCESS,TXN00006766,USR31365,MCH7395,UTR9325444215,0,0,0,0,0,0,0
TXN00008423,2026-01-21 06:23:42,USR52539,MCH2384,0.570926,UTR8301729548,9120,SUCCESS,TXN00008423,USR52539,MCH2384,UTR8301729548,0,0,0,0,0,0,0
TXN00014654,2026-02-04 00:00:00,USR52084,MCH8256,17440.5,UTR4708195520,0110,SUCCESS,TXN00014654,USR52084,MCH8256,UTR4708195520,0,0,0,0,0,0,0
TXN00002833,2026-03-17 05:47:53,USR93082,MCH6143,0.297138,UTR2039948650,,SUCCESS,TXN00002833,USR93082,MCH6143,UTR2039948650,0,0,1,0,0,0,0
TXN00013406,2026-01-01 09:58:16,USR50378,MCH2484,8628.4,UTR0957527747,,SUCCESS,TXN00013406,USR50378,MCH2484,UTR0957527747,0,0,1,0,0,0,0
TXN00015263,2026-01-22 04:17:41,USR92206,MCH4297,14349.86,UTR9292764335,1310,SUCCESS,TXN00015263,USR92206,MCH4297,UTR9292764335,0,0,0,0,0,0,0
TXN00019484,2026-02-08 16:59:26,USR61434,MCH5122,24915.06,UTR2971910844,0110,SUCCESS,TXN00019484,USR61434,MCH5122,UTR2971910844,0,0,0,0,0,0,0
TXN00009819,2026-01-14 07:44:47,USR39205,MCH7511,9116.6,UTR6087566288,1310,SUCCESS,TXN00009819,USR39205,MCH7511,UTR6087566288,0,0,0,0,0,0,0
TXN00012459,2026-03-11 22:26:38,USR60246,MCH8856,10627.45,UTR5304912866,4110,SUCCESS,TXN00012459,USR60246,MCH8856,UTR5304912866,0,0,0,0,0,0,0
TXN00001191,2026-01-06 07:03:17,USR48510,MCH8541,1693.0,UTR5951244237,4110,SUCCESS,TXN00001191,USR48510,MCH8541,UTR5951244237,0,0,0,0,0,0,0
TXN00011996,2026-03-04 06:30:24,USR28917,MCH6932,126.07,UTR5635549202,4110,SUCCESS,TXN00011996,USR28917,MCH6932,UTR5635549202,0,0,0,0,0,0,0
TXN00017193,2026-01-23 10:11:52,USR10569,MCH4362,8818.59,UTR7024414947,4110,SUCCESS,TXN00017193,USR10569,MCH4362,UTR 7024414947,0,0,0,0,0,0,0
TXN00000484,2026-01-07 16:17:43,USR49741,MCH8538,15692.68,UTR8097496088,9120,SUCCESS,TXN00000484,USR49741,MCH8538,UTR8097496088,0,0,0,0,0,0,0
TXN00015492,2026-03-09 10:20:17,USR58272,MCH7933,4775.0,UTR4058746963,4110,SUCCESS,TXN00015492,USR58272,MCH7933,UTR 4058746963,0,0,0,0,0,0,0
TXN00019914,2026-01-06 01:36:34,USR42775,MCH4544,9077.09,UTR5783039697,8120,SUCCESS,TXN00019914,USR42775,MCH4544,UTR5783039697,0,0,0,0,0,0,0
TXN00011810,2026-03-12 03:29:11,USR60922,MCH7874,2642.29,UTR5973591534,,SUCCESS,TXN00011810,USR60922,MCH7874,UTR5973591534,0,0,1,0,0,0,0
TXN00008087,2026-03-08 18:37:12,USR84379,MCH9914,23765.65,UTR1770616259,4110,SUCCESS,TXN00008087,USR84379,MCH9914,UTR1770616259,0,0,0,0,0,0,0
TXN00011099,2026-01-18 09:58:03,USR20736,MCH3723,18286.31,UTR9737049005,4110,SUCCESS,TXN00011099,USR20736,MCH3723,UTR9737049005,0,0,0,0,0,0,0
TXN00009930,2026-02-15 22:32:38,USR66069,MCH8453,22338.0,UTR6275339558,,FAILED,TXN00009930,USR66069,MCH8453,UTR6275339558,0,0,1,0,0,1,0
TXN00001514,2026-03-17 07:08:58,USR79541,MCH5160,465.63,UTR0001856052,8120,SUCCESS,TXN00001514,USR79541,MCH5160,UTR0001856052,0,0,0,0,0,0,0
TXN00014096,2026-02-12 14:12:01,USR56829,MCH5549,17982.11,UTR7893526680,4110,SUCCESS,TXN00014096,USR56829,MCH5549,UTR7893526680,0,0,0,0,0,0,0
TXN00005189,2026-03-24 18:25:38,USR80648,MCH9471,23455.0,UTR9356792810,4110,SUCCESS,TXN00005189,USR80648,MCH9471,UTR9356792810,0,0,0,0,0,0,0
TXN00006903,2026-02-22 10:50:39,USR39997,MCH4339,954.23,UTR1274891454,4110,SUCCESS,TXN00006903,USR39997,MCH4339,UTR1274891454,0,0,0,0,0,0,0
TXN00011816,2026-03-29 01:00:33,USR87265,MCH4458,0.1289352,UTR0834507087,9120,SUCCESS,TXN00011816,USR87265,MCH4458,UTR0834507087,0,0,0,0,0,0,0
TXN00012307,2026-01-11 07:09:38,USR43671,MCH1605,12632.87,UTR0869427618,4110,SUCCESS,TXN00012307,USR43671,MCH1605,UTR0869427618,0,0,0,0,0,0,0
TXN00017447,2026-01-15 01:58:00,USR51934,MCH4836,3499.56,UTR3727980801,4110,SUCCESS,TXN00017447,USR51934,MCH4836,UTR3727980801,0,0,0,0,0,0,0
TXN00002927,2026-03-16 13:03:39,USR87836,MCH7560,20169.0,UTR4960949782,,SUCCESS,TXN00002927,USR87836,MCH7560,UTR4960949782,0,0,1,0,0,0,0
TXN00017290,2026-03-01 03:09:48,USR76711,MCH2221,13682.31,UTR3601932428,4110,SUCCESS,TXN00017290,USR76711,MCH2221,UTR3601932428,0,0,0,0,0,0,0
TXN00018704,2026-01-29 10:00:06,USR77024,MCH1219,17551.6,UTR3300606550,4110,SUCCESS,TXN00018704,USR77024,MCH1219,UTR3300606550,0,0,0,0,0,0,0
TXN00019625,2026-02-14 13:19:39,USR65712,MCH2278,4660.65,UTR3951252756,9120,FAILED,TXN00019625,USR65712,MCH2278,UTR 3951252756,0,0,0,0,0,1,0
TXN00012558,2026-02-12 07:27:38,USR76053,MCH7283,0.159384,UTR5392463014,4110,SUCCESS,TXN00012558,USR76053,MCH7283,UTR5392463014,0,0,0,0,0,0,0
TXN00011563,2026-02-19 04:39:42,USR74961,MCH6749,21745.52,UTR5941646131,9120,SUCCESS,TXN00011563,USR74961,MCH6749,UTR5941646131,0,0,0,0,0,0,0
TXN00006122,2026-01-14 21:44:11,USR84636,MCH8908,-2850.01,UTR8583151449,8120,SUCCESS,TXN00006122,USR84636,MCH8908,UTR8583151449,1,0,0,0,0,0,0
TXN00009571,2026-02-02 06:23:23,USR86820,MCH7038,10059.89,UTR2231689058,4110,SUCCESS,TXN00009571,USR86820,MCH7038,UTR2231689058,0,0,0,0,0,0,0
TXN00002358,2026-02-20 21:10:05,USR37276,MCH4204,1670.43,UTR4045833269,0110,SUCCESS,TXN00002358,USR37276,MCH4204,UTR4045833269,0,0,0,0,0,0,0
TXN00017861,2026-03-26 18:44:48,USR98601,MCH1238,23565.02,UTR8330007170,1310,SUCCESS,TXN00017861,USR98601,MCH1238,UTR8330007170,0,0,0,0,0,0,0
TXN00018655,2026-01-05 10:40:28,USR81290,MCH6270,19678.87,UTR2140589312,0110,SUCCESS,TXN00018655,USR81290,MCH6270,UTR2140589312,0,0,0,0,0,0,0
TXN00005817,2026-01-31 04:33:51,USR96627,MCH4578,3018.25,UTR4449447911,1310,SUCCESS,TXN00005817,USR96627,MCH4578,UTR4449447911,0,0,0,0,0,0,0
TXN00018137,2026-01-13 05:27:06,USR97419,MCH2322,21858.06,UTR1939244570,0110,SUCCESS,TXN00018137,USR97419,MCH2322,UTR1939244570,0,0,0,0,0,0,0
TXN00010985,2026-03-07 04:50:34,USR66362,MCH2244,7504.14,UTR0046301555,4110,SUCCESS,TXN00010985,USR66362,MCH2244,UTR0046301555,0,0,0,0,0,0,0
TXN00018881,2026-02-04 19:53:12,USR65839,MCH4067,137.0,UTR7872028067,4110,SUCCESS,TXN00018881,USR65839,MCH4067,UTR7872028067,0,0,0,0,0,0,0
TXN00014701,2026-01-20 00:03:02,USR68058,MCH5422,24862.68,UTR8312392176,4110,SUCCESS,TXN00014701,USR68058,MCH5422,UTR8312392176,0,0,0,0,0,0,0
TXN00005435,2026-03-17 04:24:17,USR63895,MCH3977,14907.6,UTR4294072210,0110,SUCCESS,TXN00005435,USR63895,MCH3977,UTR4294072210,0,0,0,0,0,0,0
TXN00008602,2026-01-08 14:51:56,USR61462,MCH3084,0.1785669,UTR0648463534,0110,SUCCESS,TXN00008602,USR61462,MCH3084,UTR0648463534,0,0,0,0,0,0,0
TXN00002384,2026-01-25 11:11:33,USR81854,MCH2705,10780.32,UTR0617862502,8120,PENDING,TXN00002384,USR81854,MCH2705,UTR0617862502,0,0,0,0,0,0,1
TXN00018841,2026-03-19 15:10:38,USR36229,MCH7518,23538.99,UTR7683705278,4110,SUCCESS,TXN00018841,USR36229,MCH7518,UTR7683705278,0,0,0,0,0,0,0
TXN00005738,2026-01-07 12:08:57,USR42532,MCH7996,6660.0,UTR1802656503,,SUCCESS,TXN00005738,USR42532,MCH7996,UTR 1802656503,0,0,1,0,0,0,0
TXN00018732,2026-03-14 00:46:20,USR10391,MCH2155,21550.55,UTR6058700003,8120,SUCCESS,TXN00018732,USR10391,MCH2155,UTR6058700003,0,0,0,0,0,0,0
TXN00014266,2026-02-10 07:08:34,USR12371,MCH9687,5244.0,UTR9996588471,9120,SUCCESS,TXN00014266,USR12371,MCH9687,UTR9996588471,0,0,0,0,0,0,0
TXN00014518,2026-03-06 16:45:21,USR22723,MCH1450,0.1178949,UTR8822112498,4110,SUCCESS,TXN00014518,USR22723,MCH1450,UTR8822112498,0,0,0,0,0,0,0
TXN00014554,2026-01-29 19:09:44,USR70293,MCH8437,0.21271,UTR6070927760,4110,SUCCESS,TXN00014554,USR70293,MCH8437,UTR6070927760,0,0,0,0,0,0,0
TXN00004763,2026-02-16 09:07:20,USR83556,MCH7443,18866.69,UTR5145264151,,SUCCESS,TXN00004763,USR83556,MCH7443,UTR5145264151,0,0,1,0,0,0,0
TXN00012679,2026-03-13 07:42:22,USR22537,MCH6754,18639.0,UTR0379108622,1310,FAILED,TXN00012679,USR22537,MCH6754,UTR0379108622,0,0,0,0,0,1,0
TXN00016870,2026-03-31 01:50:15,USR56386,MCH9544,16675.71,UTR9071152994,,SUCCESS,TXN00016870,USR56386,MCH9544,UTR9071152994,0,0,1,0,0,0,0
TXN00017137,2026-01-26 23:34:28,USR74674,MCH2983,14085.99,UTR4234006651,1310,SUCCESS,TXN00017137,USR74674,MCH2983,UTR4234006651,0,0,0,0,0,0,0
TXN00000274,2026-03-12 20:51:45,USR10648,MCH3509,22831.88,UTR0005956579,,PENDING,TXN00000274,USR10648,MCH3509,UTR0005956579,0,0,1,0,0,0,1
TXN00018825,2026-02-25 14:15:38,USR91239,MCH3649,16936.27,UTR6989463171,4110,SUCCESS,TXN00018825,USR91239,MCH3649,UTR6989463171,0,0,0,0,0,0,0
TXN00001437,2026-01-02 07:51:49,USR28737,MCH1322,7705.17,UTR8302609808,0110,SUCCESS,TXN00001437,USR28737,MCH1322,UTR8302609808,0,0,0,0,0,0,0
TXN00012632,2026-07-01 03:59:25,USR29297,MCH5055,731.16,UTR2091675076,9120,SUCCESS,TXN00012632,USR29297,MCH5055,UTR2091675076,0,0,0,0,0,0,0
TXN00005423,2026-03-31 04:54:51,USR54555,MCH8059,24372.86,UTR3617517002,1310,FAILED,TXN00005423,USR54555,MCH8059,UTR3617517002,0,0,0,0,0,1,0
TXN00012846,2026-03-16 18:35:02,USR91027,MCH2463,0.696952,UTR7552947431,4110,SUCCESS,TXN00012846,USR91027,MCH2463,UTR7552947431,0,0,0,0,0,0,0
TXN00000406,2026-03-11 18:00:45,USR15222,MCH5170,22389.13,UTR2022949231,9120,SUCCESS,TXN00000406,USR15222,MCH5170,UTR2022949231,0,0,0,0,0,0,0
TXN00005946,2026-03-19 18:09:00,USR62072,MCH6347,8545.84,UTR5204972497,1310,FAILED,TXN00005946,USR62072,MCH6347,UTR5204972497,0,0,0,0,0,1,0
TXN00006373,2026-02-06 04:16:21,USR52630,MCH8117,23388.72,UTR8214723763,8120,SUCCESS,TXN00006373,USR52630,MCH8117,UTR8214723763,0,0,0,0,0,0,0
TXN00002991,2026-02-10 10:43:03,USR81448,MCH3380,4489.6,,4110,SUCCESS,TXN00002991,USR81448,MCH3380,,0,1,0,0,0,0,0
TXN00017438,2026-03-18 18:55:19,USR94849,MCH8854,0.1515837,UTR9278485362,9120,SUCCESS,TXN00017438,USR94849,MCH8854,UTR 9278485362,0,0,0,0,0,0,0
TXN00004947,2026-05-03 21:22:23,USR41617,MCH1787,15584.03,UTR1345471777,4110,SUCCESS,TXN00004947,USR41617,MCH1787,UTR1345471777,0,0,0,0,0,0,0
TXN00008836,2026-03-14 06:33:21,USR29564,MCH6418,1056.59,,4110,SUCCESS,TXN00008836,USR29564,MCH6418,,0,1,0,0,0,0,0
TXN00019263,2026-01-14 16:33:39,USR45909,MCH7072,0.434221,UTR5579772444,0110,SUCCESS,TXN00019263,USR45909,MCH7072,UTR5579772444,0,0,0,0,0,0,0
TXN00006780,2026-01-20 17:13:39,USR49687,MCH3862,1378.08,UTR3407544905,4110,SUCCESS,TXN00006780,USR49687,MCH3862,UTR3407544905,0,0,0,0,0,0,0
TXN00014741,2026-03-02 20:14:49,USR58660,MCH5205,0.2227735,UTR4910105908,1310,SUCCESS,TXN00014741,USR58660,MCH5205,UTR 4910105908,0,0,0,0,0,0,0
TXN00000558,2026-01-15 00:00:00,USR84883,MCH1366,729.28,UTR0044250857,,SUCCESS,TXN00000558,USR84883,MCH1366,UTR0044250857,0,0,1,0,0,0,0
TXN00011035,2026-02-27 00:13:43,USR83536,MCH9598,19971.31,UTR9467287993,1310,SUCCESS,TXN00011035,USR83536,MCH9598,UTR9467287993,0,0,0,0,0,0,0
TXN00016946,2026-03-15 03:01:38,USR98496,MCH7265,3014.0,UTR3822465002,,SUCCESS,TXN00016946,USR98496,MCH7265,UTR3822465002,0,0,1,0,0,0,0
TXN00001069,2026-02-22 06:02:01,USR16029,MCH2231,8872.01,UTR3401278621,,SUCCESS,TXN00001069,USR16029,MCH2231,UTR3401278621,0,0,1,0,0,0,0
TXN00005974,2026-01-01 17:07:15,USR23324,MCH8265,21254.82,UTR0320518833,,SUCCESS,TXN00005974,USR23324,MCH8265,UTR 0320518833,0,0,1,0,0,0,0
TXN00017800,2026-03-22 00:13:08,USR40511,MCH5966,19312.47,UTR5098210624,9120,SUCCESS,TXN00017800,USR40511,MCH5966,UTR5098210624,0,0,0,0,0,0,0
TXN00014370,2026-01-13 00:00:00,USR13054,MCH3165,19493.06,UTR6790591369,8120,FAILED,TXN00014370,USR13054,MCH3165,UTR6790591369,0,0,0,0,0,1,0
TXN00002909,2026-01-08 03:51:05,USR44208,MCH1579,7611.93,UTR8296955963,1310,SUCCESS,TXN00002909,USR44208,MCH1579,UTR8296955963,0,0,0,0,0,0,0
TXN00015428,2026-01-17 15:51:51,USR93737,MCH9533,1732.63,UTR4584067958,4110,SUCCESS,TXN00015428,USR93737,MCH9533,UTR4584067958,0,0,0,0,0,0,0
TXN00008162,2026-01-19 01:15:57,USR97944,MCH7403,0.317513,UTR7626944944,4110,SUCCESS,TXN00008162,USR97944,MCH7403,UTR7626944944,0,0,0,0,0,0,0
TXN00006378,2026-08-02 21:52:45,USR52960,MCH3909,0.2069198,UTR8632279101,1310,SUCCESS,TXN00006378,USR52960,MCH3909,UTR8632279101,0,0,0,0,0,0,0
TXN00000269,2026-02-28 21:27:58,USR42077,MCH4378,8993.68,UTR6281958821,4110,SUCCESS,TXN00000269,USR42077,MCH4378,UTR 6281958821,0,0,0,0,0,0,0
TXN00001919,2026-01-26 18:21:04,USR25687,MCH1036,9794.23,UTR6247466388,1310,SUCCESS,TXN00001919,USR25687,MCH1036,UTR6247466388,0,0,0,0,0,0,0
TXN00003926,2026-01-02 14:58:29,USR78846,MCH1372,653.98,UTR3082168812,,SUCCESS,TXN00003926,USR78846,MCH1372,UTR3082168812,0,0,1,0,0,0,0
TXN00006361,2026-06-03 09:43:45,USR78359,MCH5185,1632.0,UTR8236577112,,SUCCESS,TXN00006361,USR78359,MCH5185,UTR 8236577112,0,0,1,0,0,0,0
TXN00012991,2026-01-23 16:52:54,USR97318,MCH1603,22718.23,UTR1738335492,4110,SUCCESS,TXN00012991,USR97318,MCH1603,UTR1738335492,0,0,0,0,0,0,0
TXN00009937,2026-03-20 00:00:00,USR72703,MCH6850,0.1182511,UTR9412540331,,FAILED,TXN00009937,USR72703,MCH6850,UTR9412540331,0,0,1,0,0,1,0
TXN00003342,2026-01-10 18:17:11,USR34341,MCH9248,14474.38,UTR7128289336,8120,SUCCESS,TXN00003342,USR34341,MCH9248,UTR7128289336,0,0,0,0,0,0,0
TXN00017906,2026-03-25 04:51:09,USR86377,MCH6028,23279.64,UTR4654576566,8120,SUCCESS,TXN00017906,USR86377,MCH6028,UTR4654576566,0,0,0,0,0,0,0
TXN00008802,2026-01-02 20:27:20,USR91955,MCH8232,6464.03,UTR6544445463,8120,SUCCESS,TXN00008802,USR91955,MCH8232,UTR6544445463,0,0,0,0,0,0,0
TXN00001761,2026-03-12 07:32:50,USR12087,MCH3578,-11364.89,UTR8845533409,9120,PENDING,TXN00001761,USR12087,MCH3578,UTR8845533409,1,0,0,0,0,0,1
TXN00000765,2026-01-22 19:27:02,USR54884,MCH3303,847.98,UTR2749263704,9120,SUCCESS,TXN00000765,USR54884,MCH3303,UTR 2749263704,0,0,0,0,0,0,0
TXN00010454,2026-02-03 18:33:27,USR88654,MCH1476,22573.5,UTR3980681788,4110,PENDING,TXN00010454,USR88654,MCH1476,UTR 3980681788,0,0,0,0,0,0,1
TXN00003655,2026-01-02 12:27:26,USR18248,MCH9917,771.29,UTR7141719876,4110,SUCCESS,TXN00003655,USR18248,MCH9917,UTR7141719876,0,0,0,0,0,0,0
TXN00013245,2026-01-15 23:22:32,USR57449,MCH6527,18146.71,UTR5481993265,4110,SUCCESS,TXN00013245,USR57449,MCH6527,UTR5481993265,0,0,0,0,0,0,0
TXN00011731,2026-02-15 08:52:37,USR79177,MCH1135,17757.0,,4110,SUCCESS,TXN00011731,USR79177,MCH1135,,0,1,0,0,0,0,0
TXN00003211,2026-01-15 08:20:32,USR45646,MCH2887,4017.53,UTR4074524864,4110,SUCCESS,TXN00003211,USR45646,MCH2887,UTR4074524864,0,0,0,0,0,0,0
TXN00014353,2026-03-05 18:58:25,USR81436,MCH8377,6799.65,,1310,SUCCESS,TXN00014353,USR81436,MCH8377,,0,1,0,0,0,0,0
TXN00011014,2026-02-24 11:18:06,USR63686,MCH5545,6349.2,UTR7350354483,9120,SUCCESS,TXN00011014,USR63686,MCH5545,UTR 7350354483,0,0,0,0,0,0,0
TXN00008837,2026-01-16 05:50:55,USR38707,MCH5647,12581.68,UTR8326409382,0110,SUCCESS,TXN00008837,USR38707,MCH5647,UTR8326409382,0,0,0,0,0,0,0
TXN00019432,2026-03-15 07:11:12,USR60763,MCH4064,2154.0,UTR8987528805,4110,SUCCESS,TXN00019432,USR60763,MCH4064,UTR8987528805,0,0,0,0,0,0,0
TXN00008678,2026-02-17 08:47:55,USR82939,MCH5420,17751.23,UTR6114637119,9120,SUCCESS,TXN00008678,USR82939,MCH5420,UTR6114637119,0,0,0,0,0,0,0
TXN00000022,2026-01-23 14:08:21,USR69569,MCH6414,3495.95,UTR0126522744,4110,SUCCESS,TXN00000022,USR69569,MCH6414,UTR0126522744,0,0,0,0,0,0,0
TXN00000046,2026-01-27 23:29:13,USR46369,MCH4375,16566.43,UTR2301648968,9120,FAILED,TXN00000046,USR46369,MCH4375,UTR2301648968,0,0,0,0,0,1,0
TXN00017347,2026-03-01 20:44:03,USR57947,MCH3596,10999.81,UTR4139655307,4110,SUCCESS,TXN00017347,USR57947,MCH3596,UTR4139655307,0,0,0,0,0,0,0
TXN00001379,2026-02-02 00:29:53,USR10094,MCH1173,8987.24,UTR8297632499,4110,SUCCESS,TXN00001379,USR10094,MCH1173,UTR8297632499,0,0,0,0,0,0,0
TXN00008727,2026-06-02 07:03:56,USR89691,MCH3936,0.1010124,UTR9320903273,0110,SUCCESS,TXN00008727,USR89691,MCH3936,UTR9320903273,0,0,0,0,0,0,0
TXN00015583,2026-03-13 23:20:51,USR29865,MCH4496,5167.6,UTR3998594997,0110,SUCCESS,TXN00015583,USR29865,MCH4496,UTR3998594997,0,0,0,0,0,0,0
TXN00011081,2026-02-14 23:55:15,USR75056,MCH9317,24903.67,UTR4548631553,,FAILED,TXN00011081,USR75056,MCH9317,UTR4548631553,0,0,1,0,0,1,0
TXN00017128,2026-03-18 04:19:56,USR49473,MCH8294,8121.16,UTR6308997673,4110,SUCCESS,TXN00017128,USR49473,MCH8294,UTR 6308997673,0,0,0,0,0,0,0
TXN00004572,2026-03-08 21:47:51,USR30390,MCH7891,16875.58,UTR7594168147,1310,SUCCESS,TXN00004572,USR30390,MCH7891,UTR7594168147,0,0,0,0,0,0,0
TXN00002404,2026-01-13 12:28:44,USR82311,MCH3282,7787.33,UTR5264447933,4110,SUCCESS,TXN00002404,USR82311,MCH3282,UTR5264447933,0,0,0,0,0,0,0
TXN00010667,2026-03-10 06:49:05,USR68599,MCH7651,94.66,UTR3490687984,4110,SUCCESS,TXN00010667,USR68599,MCH7651,UTR3490687984,0,0,0,0,0,0,0
TXN00001728,2026-03-14 13:45:23,USR52189,MCH1947,24917.45,UTR5231954029,1310,FAILED,TXN00001728,USR52189,MCH1947,UTR5231954029,0,0,0,0,0,1,0
TXN00001653,2026-03-09 00:00:00,USR86779,MCH2301,6585.18,UTR7920067496,,SUCCESS,TXN00001653,USR86779,MCH2301,UTR7920067496,0,0,1,0,0,0,0
TXN00013231,2026-01-31 00:00:00,USR22994,MCH3312,1175.43,UTR4724054694,0110,SUCCESS,TXN00013231,USR22994,MCH3312,UTR4724054694,0,0,0,0,0,0,0
TXN00011234,2026-02-05 04:50:45,USR23272,MCH6980,15697.04,UTR3640530938,1310,FAILED,TXN00011234,USR23272,MCH6980,UTR3640530938,0,0,0,0,0,1,0
TXN00007087,2026-02-23 00:00:00,USR97955,MCH2909,16353.0,UTR2363439474,0110,SUCCESS,TXN00007087,USR97955,MCH2909,UTR 2363439474,0,0,0,0,0,0,0
TXN00011939,2026-01-09 18:17:54,USR55344,MCH1502,2344.86,UTR2139188503,4110,SUCCESS,TXN00011939,USR55344,MCH1502,UTR2139188503,0,0,0,0,0,0,0
TXN00002720,2026-02-05 17:32:48,USR72973,MCH8578,599.64,UTR6220165281,8120,SUCCESS,TXN00002720,USR72973,MCH8578,UTR6220165281,0,0,0,0,0,0,0
TXN00005674,2026-02-03 09:05:31,USR41119,MCH7526,0.786091,UTR4166180493,4110,SUCCESS,TXN00005674,USR41119,MCH7526,UTR4166180493,0,0,0,0,0,0,0
TXN00011567,2026-02-18 00:00:00,USR13270,MCH2059,-108.19,UTR1052341082,9120,SUCCESS,TXN00011567,USR13270,MCH2059,UTR1052341082,1,0,0,0,0,0,0
TXN00009175,2026-03-06 00:40:40,USR75171,MCH4311,6855.13,UTR4526280477,4110,SUCCESS,TXN00009175,USR75171,MCH4311,UTR4526280477,0,0,0,0,0,0,0
TXN00018374,2026-02-16 06:07:21,USR67131,MCH2190,23655.45,UTR9445582657,4110,FAILED,TXN00018374,USR67131,MCH2190,UTR9445582657,0,0,0,0,0,1,0
TXN00009980,2026-01-04 05:06:23,USR17666,MCH1284,15860.0,UTR3914536379,0110,SUCCESS,TXN00009980,USR17666,MCH1284,UTR3914536379,0,0,0,0,0,0,0
TXN00013230,2026-02-21 06:06:00,USR36220,MCH1620,6769.02,UTR0377698975,1310,SUCCESS,TXN00013230,USR36220,MCH1620,UTR0377698975,0,0,0,0,0,0,0
TXN00016206,2026-02-12 22:21:55,USR99869,MCH2322,1899.14,,4110,FAILED,TXN00016206,USR99869,MCH2322,,0,1,0,0,0,1,0
TXN00007891,2026-01-06 19:53:41,USR69833,MCH5164,3770.88,UTR3838920210,4110,SUCCESS,TXN00007891,USR69833,MCH5164,UTR3838920210,0,0,0,0,0,0,0
TXN00015405,2026-02-23 20:35:43,USR50444,MCH5425,23307.73,UTR6039065767,9120,SUCCESS,TXN00015405,USR50444,MCH5425,UTR6039065767,0,0,0,0,0,0,0
TXN00003017,2026-02-15 02:13:43,USR15528,MCH7989,18320.15,UTR7244088703,4110,SUCCESS,TXN00003017,USR15528,MCH7989,UTR7244088703,0,0,0,0,0,0,0
TXN00010251,2026-03-16 10:05:35,USR48806,MCH6069,17478.7,UTR1681676062,0110,SUCCESS,TXN00010251,USR48806,MCH6069,UTR1681676062,0,0,0,0,0,0,0
TXN00010625,2026-02-25 16:49:10,USR61997,MCH4569,24057.67,UTR7978537281,4110,SUCCESS,TXN00010625,USR61997,MCH4569,UTR7978537281,0,0,0,0,0,0,0
TXN00001674,2026-02-08 10:17:39,USR94237,MCH8063,0.2015008,UTR1611189180,8120,SUCCESS,TXN00001674,USR94237,MCH8063,UTR 1611189180,0,0,0,0,0,0,0
TXN00019987,2026-03-14 14:06:02,USR53866,MCH2533,10651.17,UTR2099173204,4110,SUCCESS,TXN00019987,USR53866,MCH2533,UTR2099173204,0,0,0,0,0,0,0
TXN00002760,2026-01-17 04:18:37,USR38441,MCH2180,1564.0,UTR9719126238,8120,SUCCESS,TXN00002760,USR38441,MCH2180,UTR9719126238,0,0,0,0,0,0,0
TXN00003265,2026-01-26 16:00:30,USR71152,MCH5100,19821.0,UTR8058877714,4110,SUCCESS,TXN00003265,USR71152,MCH5100,UTR8058877714,0,0,0,0,0,0,0
TXN00010528,2026-07-03 17:10:50,USR55013,MCH6181,1784.46,UTR5484667323,8120,SUCCESS,TXN00010528,USR55013,MCH6181,UTR5484667323,0,0,0,0,0,0,0
TXN00015709,2026-01-22 20:26:52,USR99567,MCH2451,14730.61,UTR1888665433,,PENDING,TXN00015709,USR99567,MCH2451,UTR1888665433,0,0,1,0,0,0,1
TXN00005813,2026-02-02 19:17:06,USR81368,MCH3987,20523.02,UTR0097719436,0110,SUCCESS,TXN00005813,USR81368,MCH3987,UTR0097719436,0,0,0,0,0,0,0
TXN00001019,2026-02-27 11:41:16,USR49795,MCH6630,22888.05,UTR6532081285,9120,SUCCESS,TXN00001019,USR49795,MCH6630,UTR6532081285,0,0,0,0,0,0,0
TXN00001856,2026-02-04 19:46:14,USR23737,MCH2155,6313.5,UTR6176312861,4110,FAILED,TXN00001856,USR23737,MCH2155,UTR6176312861,0,0,0,0,0,1,0
TXN00002023,2026-10-01 01:14:30,USR87346,MCH9466,23421.19,UTR6838507803,9120,SUCCESS,TXN00002023,USR87346,MCH9466,UTR6838507803,0,0,0,0,0,0,0
TXN00017529,2026-02-21 05:11:45,USR69671,MCH6617,22099.12,UTR0808896120,8120,SUCCESS,TXN00017529,USR69671,MCH6617,UTR0808896120,0,0,0,0,0,0,0
TXN00011092,2026-02-15 21:06:02,USR37514,MCH7430,19865.86,UTR6891408986,,SUCCESS,TXN00011092,USR37514,MCH7430,UTR6891408986,0,0,1,0,0,0,0
TXN00003531,2026-03-29 15:52:54,USR49366,MCH5401,6966.0,UTR7945833293,,SUCCESS,TXN00003531,USR49366,MCH5401,UTR7945833293,0,0,1,0,0,0,0
TXN00012462,2026-01-25 14:25:08,USR48749,MCH8051,19058.15,UTR1542041853,4110,SUCCESS,TXN00012462,USR48749,MCH8051,UTR 1542041853,0,0,0,0,0,0,0
TXN00011195,2026-02-03 00:59:13,USR20337,MCH6399,3214.47,UTR6170782579,4110,SUCCESS,TXN00011195,USR20337,MCH6399,UTR6170782579,0,0,0,0,0,0,0
TXN00013263,2026-03-28 16:51:59,USR23118,MCH1608,16709.24,UTR4658621616,,SUCCESS,TXN00013263,USR23118,MCH1608,UTR4658621616,0,0,1,0,0,0,0
TXN00001607,2026-02-06 09:26:34,USR69554,MCH7255,1699.64,UTR6566159669,0110,SUCCESS,TXN00001607,USR69554,MCH7255,UTR 6566159669,0,0,0,0,0,0,0
TXN00018242,2026-01-14 18:09:09,USR14096,MCH2556,8966.47,UTR1808488284,1310,SUCCESS,TXN00018242,USR14096,MCH2556,UTR1808488284,0,0,0,0,0,0,0
TXN00015236,2026-03-25 03:12:44,USR36545,MCH9439,11450.76,UTR8669465147,1310,SUCCESS,TXN00015236,USR36545,MCH9439,UTR8669465147,0,0,0,0,0,0,0
TXN00000982,2026-01-02 23:29:19,USR35374,MCH7666,19275.1,,1310,SUCCESS,TXN00000982,USR35374,MCH7666,,0,1,0,0,0,0,0
TXN00003982,2026-01-01 22:01:13,USR27688,MCH6833,20143.16,UTR3508022080,1310,SUCCESS,TXN00003982,USR27688,MCH6833,UTR3508022080,0,0,0,0,0,0,0
TXN00000735,2026-02-26 07:27:44,USR62354,MCH3141,8977.17,UTR0995455007,,SUCCESS,TXN00000735,USR62354,MCH3141,UTR0995455007,0,0,1,0,0,0,0
TXN00005399,2026-02-17 00:00:00,USR58268,MCH3655,9868.04,UTR2788740894,4110,PENDING,TXN00005399,USR58268,MCH3655,UTR2788740894,0,0,0,0,0,0,1
TXN00016169,2026-02-09 15:30:28,USR99381,MCH4953,10996.0,UTR2508381055,4110,SUCCESS,TXN00016169,USR99381,MCH4953,UTR 2508381055,0,0,0,0,0,0,0
TXN00003484,2026-03-09 00:29:35,USR93208,MCH9726,23033.47,,4110,FAILED,TXN00003484,USR93208,MCH9726,,0,1,0,0,0,1,0
TXN00009347,2026-03-22 18:48:00,USR72714,MCH1803,18812.54,UTR4463344238,1310,SUCCESS,TXN00009347,USR72714,MCH1803,UTR4463344238,0,0,0,0,0,0,0
TXN00007654,2026-01-26 08:25:28,USR61968,MCH9152,20309.81,UTR1345797837,8120,SUCCESS,TXN00007654,USR61968,MCH9152,UTR1345797837,0,0,0,0,0,0,0
TXN00019388,2026-01-07 12:43:48,USR77803,MCH2909,12696.0,UTR8151141785,8120,SUCCESS,TXN00019388,USR77803,MCH2909,UTR8151141785,0,0,0,0,0,0,0
TXN00008483,2026-02-11 11:09:24,USR55485,MCH8074,23195.51,UTR0826233767,8120,SUCCESS,TXN00008483,USR55485,MCH8074,UTR0826233767,0,0,0,0,0,0,0
TXN00006136,2026-01-01 10:58:59,USR15168,MCH6553,2567.28,UTR6317803381,4110,SUCCESS,TXN00006136,USR15168,MCH6553,UTR6317803381,0,0,0,0,0,0,0
TXN00019848,2026-03-30 11:58:26,USR52038,MCH3802,1784.02,UTR0437713337,1310,SUCCESS,TXN00019848,USR52038,MCH3802,UTR0437713337,0,0,0,0,0,0,0
TXN00001178,2026-03-22 20:09:52,USR95254,MCH6498,2683.45,UTR2950646242,,SUCCESS,TXN00001178,USR95254,MCH6498,UTR2950646242,0,0,1,0,0,0,0
TXN00010432,2026-01-21 00:23:17,USR82371,MCH1250,2082.35,,8120,SUCCESS,TXN00010432,USR82371,MCH1250,,0,1,0,0,0,0,0
TXN00011658,2026-02-12 07:55:58,USR21916,MCH4065,24969.0,UTR3359439613,4110,SUCCESS,TXN00011658,USR21916,MCH4065,UTR3359439613,0,0,0,0,0,0,0
TXN00017615,2026-02-14 17:29:39,USR56944,MCH1500,17882.15,UTR4567099689,1310,SUCCESS,TXN00017615,USR56944,MCH1500,UTR4567099689,0,0,0,0,0,0,0
TXN00002820,2026-01-28 01:23:39,USR58439,MCH3288,8932.16,UTR0403060021,4110,FAILED,TXN00002820,USR58439,MCH3288,UTR0403060021,0,0,0,0,0,1,0
TXN00007417,2026-03-29 12:53:57,USR67135,MCH4848,7626.0,UTR1418206990,1310,SUCCESS,TXN00007417,USR67135,MCH4848,UTR1418206990,0,0,0,0,0,0,0
TXN00008221,2026-03-13 09:25:34,USR18305,MCH8373,21783.21,UTR5301657243,4110,SUCCESS,TXN00008221,USR18305,MCH8373,UTR5301657243,0,0,0,0,0,0,0
TXN00013059,2026-02-14 10:32:53,USR79521,MCH6787,20523.0,UTR1458939327,4110,SUCCESS,TXN00013059,USR79521,MCH6787,UTR1458939327,0,0,0,0,0,0,0
TXN00007271,2026-02-22 20:25:39,USR25760,MCH1349,8025.0,UTR3975727732,1310,SUCCESS,TXN00007271,USR25760,MCH1349,UTR3975727732,0,0,0,0,0,0,0
TXN00009473,2026-02-14 14:24:21,USR81712,MCH1048,22101.1,UTR6685388895,9120,SUCCESS,TXN00009473,USR81712,MCH1048,UTR6685388895,0,0,0,0,0,0,0
TXN00006652,2026-01-27 13:31:28,USR52611,MCH2776,0.2162622,UTR3859133050,4110,SUCCESS,TXN00006652,USR52611,MCH2776,UTR3859133050,0,0,0,0,0,0,0
TXN00018444,2026-01-20 18:16:54,USR73874,MCH4770,6058.58,UTR6194540385,4110,SUCCESS,TXN00018444,USR73874,MCH4770,UTR6194540385,0,0,0,0,0,0,0
TXN00016811,2026-03-31 01:05:28,USR39005,MCH9176,17047.76,UTR5537648966,9120,SUCCESS,TXN00016811,USR39005,MCH9176,UTR5537648966,0,0,0,0,0,0,0
TXN00003968,2026-01-08 19:51:03,USR30017,MCH4987,1016.05,UTR3070759754,9120,SUCCESS,TXN00003968,USR30017,MCH4987,UTR3070759754,0,0,0,0,0,0,0
TXN00007461,2026-03-23 06:47:43,USR62508,MCH4075,11991.58,UTR3024681304,8120,SUCCESS,TXN00007461,USR62508,MCH4075,UTR 3024681304,0,0,0,0,0,0,0
TXN00007412,2026-01-15 12:30:10,USR79822,MCH8077,11173.0,UTR2155247821,,SUCCESS,TXN00007412,USR79822,MCH8077,UTR2155247821,0,0,1,0,0,0,0
TXN00002362,2026-02-05 07:56:37,USR70369,MCH6673,10556.64,UTR8404048673,,SUCCESS,TXN00002362,USR70369,MCH6673,UTR8404048673,0,0,1,0,0,0,0
TXN00007537,2026-03-25 20:52:15,USR50940,MCH5143,19728.0,UTR7532542700,0110,FAILED,TXN00007537,USR50940,MCH5143,UTR7532542700,0,0,0,0,0,1,0
TXN00006410,2026-03-01 08:29:10,USR25992,MCH9903,-23517.85,UTR0355466382,9120,SUCCESS,TXN00006410,USR25992,MCH9903,UTR0355466382,1,0,0,0,0,0,0
TXN00013527,2026-03-01 15:47:15,USR80321,MCH5310,20780.06,UTR0308943658,0110,SUCCESS,TXN00013527,USR80321,MCH5310,UTR 0308943658,0,0,0,0,0,0,0
TXN00003314,2026-01-21 18:37:31,USR23949,MCH1080,219.01,UTR9482046761,1310,SUCCESS,TXN00003314,USR23949,MCH1080,UTR9482046761,0,0,0,0,0,0,0
TXN00019146,2026-03-09 15:57:41,USR32710,MCH2665,4738.99,UTR4823649570,8120,FAILED,TXN00019146,USR32710,MCH2665,UTR4823649570,0,0,0,0,0,1,0
TXN00013574,2026-01-22 00:00:00,USR88487,MCH4493,13173.48,UTR5880883231,4110,SUCCESS,TXN00013574,USR88487,MCH4493,UTR5880883231,0,0,0,0,0,0,0
TXN00013077,2026-02-28 00:00:00,USR32057,MCH5475,20426.04,UTR7285679721,4110,SUCCESS,TXN00013077,USR32057,MCH5475,UTR7285679721,0,0,0,0,0,0,0
TXN00018431,2026-01-16 17:41:45,USR38551,MCH4663,23519.26,,,SUCCESS,TXN00018431,USR38551,MCH4663,,0,1,1,0,0,0,0
TXN00000557,2026-03-29 18:18:22,USR96599,MCH9522,3359.04,UTR5832088574,8120,SUCCESS,TXN00000557,USR96599,MCH9522,UTR5832088574,0,0,0,0,0,0,0
TXN00014349,2026-02-14 19:02:23,USR66221,MCH2818,4666.47,UTR2272947423,8120,SUCCESS,TXN00014349,USR66221,MCH2818,UTR2272947423,0,0,0,0,0,0,0
TXN00002351,2026-03-04 17:35:06,USR63788,MCH3870,15906.04,UTR5122126708,4110,SUCCESS,TXN00002351,USR63788,MCH3870,UTR5122126708,0,0,0,0,0,0,0
TXN00004672,2026-02-08 14:44:42,USR14257,MCH1170,21983.2,UTR6724500862,4110,SUCCESS,TXN00004672,USR14257,MCH1170,UTR6724500862,0,0,0,0,0,0,0
TXN00018412,2026-02-01 04:21:18,USR99824,MCH7320,24179.43,UTR1665176957,1310,SUCCESS,TXN00018412,USR99824,MCH7320,UTR1665176957,0,0,0,0,0,0,0
TXN00016943,2026-03-29 12:58:39,USR27307,MCH5255,9135.43,UTR5144159192,1310,SUCCESS,TXN00016943,USR27307,MCH5255,UTR5144159192,0,0,0,0,0,0,0
TXN00000924,2026-02-09 06:07:34,USR84623,MCH3485,19998.0,UTR6364986211,1310,SUCCESS,TXN00000924,USR84623,MCH3485,UTR6364986211,0,0,0,0,0,0,0
TXN00002488,2026-02-21 20:20:10,USR27773,MCH6421,21590.05,UTR4315321160,4110,SUCCESS,TXN00002488,USR27773,MCH6421,UTR4315321160,0,0,0,0,0,0,0
TXN00010780,2026-02-21 17:38:35,USR58806,MCH9855,5069.66,UTR6307695948,1310,SUCCESS,TXN00010780,USR58806,MCH9855,UTR6307695948,0,0,0,0,0,0,0
TXN00014361,2026-03-23 16:58:58,USR25501,MCH7037,0.2380194,UTR7707939830,0110,SUCCESS,TXN00014361,USR25501,MCH7037,UTR7707939830,0,0,0,0,0,0,0
TXN00018094,2026-02-21 03:00:01,USR95043,MCH3564,8826.62,UTR7734031677,8120,SUCCESS,TXN00018094,USR95043,MCH3564,UTR7734031677,0,0,0,0,0,0,0
TXN00014142,2026-02-25 17:14:03,USR47362,MCH5452,17632.67,UTR0364150229,9120,SUCCESS,TXN00014142,USR47362,MCH5452,UTR0364150229,0,0,0,0,0,0,0
TXN00008688,2026-01-24 12:38:06,USR65508,MCH3849,2183.0,UTR0284448304,0110,SUCCESS,TXN00008688,USR65508,MCH3849,UTR0284448304,0,0,0,0,0,0,0
TXN00017436,2026-02-01 07:54:05,USR87663,MCH3546,12044.91,UTR2223151491,,SUCCESS,TXN00017436,USR87663,MCH3546,UTR2223151491,0,0,1,0,0,0,0
TXN00006756,2026-02-24 11:51:18,USR60836,MCH7992,11245.09,UTR8223663577,4110,SUCCESS,TXN00006756,USR60836,MCH7992,UTR8223663577,0,0,0,0,0,0,0
TXN00007086,2026-03-04 14:12:01,USR36078,MCH6234,468.78,UTR8805295843,1310,SUCCESS,TXN00007086,USR36078,MCH6234,UTR 8805295843,0,0,0,0,0,0,0
TXN00009255,2026-02-21 04:07:18,USR56014,MCH4233,19272.65,UTR2797546028,8120,FAILED,TXN00009255,USR56014,MCH4233,UTR2797546028,0,0,0,0,0,1,0
TXN00019100,2026-01-08 21:55:21,USR91270,MCH5901,16404.0,UTR7598247469,4110,SUCCESS,TXN00019100,USR91270,MCH5901,UTR7598247469,0,0,0,0,0,0,0
TXN00017073,2026-02-12 11:26:02,USR79328,MCH4132,15388.99,UTR2809659215,9120,SUCCESS,TXN00017073,USR79328,MCH4132,UTR2809659215,0,0,0,0,0,0,0
TXN00018146,2026-02-14 16:23:31,USR28049,MCH9000,9346.71,UTR9226158951,4110,PENDING,TXN00018146,USR28049,MCH9000,UTR9226158951,0,0,0,0,0,0,1
TXN00006182,2026-02-03 10:23:35,USR70015,MCH1757,5261.0,UTR5917314842,9120,SUCCESS,TXN00006182,USR70015,MCH1757,UTR 5917314842,0,0,0,0,0,0,0
TXN00006112,2026-03-24 22:31:22,USR98964,MCH8319,9412.72,UTR3400444072,1310,FAILED,TXN00006112,USR98964,MCH8319,UTR3400444072,0,0,0,0,0,1,0
TXN00011060,2026-02-25 03:20:27,USR28043,MCH9861,17944.0,UTR0481774116,9120,SUCCESS,TXN00011060,USR28043,MCH9861,UTR0481774116,0,0,0,0,0,0,0
TXN00019854,2026-02-05 15:48:44,USR48906,MCH1315,13251.28,UTR4309200134,9120,SUCCESS,TXN00019854,USR48906,MCH1315,UTR4309200134,0,0,0,0,0,0,0
TXN00006654,2026-02-03 06:55:08,USR57669,MCH7202,-4466.5,UTR7054262242,9120,FAILED,TXN00006654,USR57669,MCH7202,UTR 7054262242,1,0,0,0,0,1,0
TXN00002635,2026-07-01 13:42:15,USR40549,MCH9982,17829.02,UTR1280703616,4110,SUCCESS,TXN00002635,USR40549,MCH9982,UTR1280703616,0,0,0,0,0,0,0
TXN00011289,2026-03-06 19:35:20,USR34760,MCH2523,11014.39,UTR7559792180,9120,SUCCESS,TXN00011289,USR34760,MCH2523,UTR7559792180,0,0,0,0,0,0,0
TXN00009744,2026-01-30 13:39:11,USR25092,MCH6852,17103.78,UTR6420021993,9120,SUCCESS,TXN00009744,USR25092,MCH6852,UTR6420021993,0,0,0,0,0,0,0
TXN00009547,2026-01-03 19:33:28,USR84929,MCH5123,3649.26,UTR6194866726,0110,SUCCESS,TXN00009547,USR84929,MCH5123,UTR6194866726,0,0,0,0,0,0,0
TXN00006401,2026-10-02 09:24:53,USR47156,MCH7698,17108.38,UTR2723201293,8120,SUCCESS,TXN00006401,USR47156,MCH7698,UTR2723201293,0,0,0,0,0,0,0
TXN00002371,2026-02-28 01:10:30,USR62282,MCH8855,16310.77,UTR5319151594,8120,SUCCESS,TXN00002371,USR62282,MCH8855,UTR5319151594,0,0,0,0,0,0,0
TXN00001507,2026-01-19 07:35:30,USR12191,MCH2493,14508.51,UTR2138582456,8120,FAILED,TXN00001507,USR12191,MCH2493,UTR2138582456,0,0,0,0,0,1,0
TXN00003195,2026-03-17 08:35:18,USR66687,MCH4460,8867.08,UTR0338803193,1310,SUCCESS,TXN00003195,USR66687,MCH4460,UTR0338803193,0,0,0,0,0,0,0
TXN00009329,2026-03-18 17:17:20,USR56428,MCH1508,0.844939,UTR3712419855,0110,FAILED,TXN00009329,USR56428,MCH1508,UTR3712419855,0,0,0,0,0,1,0
TXN00019541,2026-11-03 16:38:34,USR71759,MCH8477,23154.06,UTR4773673382,,SUCCESS,TXN00019541,USR71759,MCH8477,UTR4773673382,0,0,1,0,0,0,0
TXN00011732,2026-01-27 00:20:09,USR63768,MCH1232,5228.84,UTR9951850453,,SUCCESS,TXN00011732,USR63768,MCH1232,UTR 9951850453,0,0,1,0,0,0,0
TXN00003467,2026-03-09 06:16:04,USR39980,MCH3285,11385.0,UTR3070221120,1310,SUCCESS,TXN00003467,USR39980,MCH3285,UTR3070221120,0,0,0,0,0,0,0
TXN00008237,2026-02-23 08:36:50,USR31358,MCH3412,17571.43,UTR1798131064,,PENDING,TXN00008237,USR31358,MCH3412,UTR1798131064,0,0,1,0,0,0,1
TXN00019699,2026-01-25 11:15:29,USR82320,MCH4390,6387.5,UTR5959828781,8120,SUCCESS,TXN00019699,USR82320,MCH4390,UTR5959828781,0,0,0,0,0,0,0
TXN00005572,2026-03-13 01:38:55,USR72566,MCH1738,1641.27,UTR8240521247,4110,SUCCESS,TXN00005572,USR72566,MCH1738,UTR8240521247,0,0,0,0,0,0,0
TXN00006253,2026-02-13 03:19:38,USR69852,MCH5556,8443.55,UTR7335048713,8120,PENDING,TXN00006253,USR69852,MCH5556,UTR7335048713,0,0,0,0,0,0,1
TXN00007741,2026-03-26 17:38:14,USR87167,MCH8684,15097.84,UTR1114434322,1310,FAILED,TXN00007741,USR87167,MCH8684,UTR1114434322,0,0,0,0,0,1,0
TXN00001517,2026-01-31 21:24:16,USR79881,MCH2803,16190.39,UTR9639206201,9120,SUCCESS,TXN00001517,USR79881,MCH2803,UTR 9639206201,0,0,0,0,0,0,0
TXN00011529,2026-02-14 15:04:36,USR51024,MCH3219,13892.17,UTR3945656655,4110,SUCCESS,TXN00011529,USR51024,MCH3219,UTR3945656655,0,0,0,0,0,0,0
TXN00015019,2026-03-18 04:51:39,USR97552,MCH4688,4826.87,UTR0034820462,0110,SUCCESS,TXN00015019,USR97552,MCH4688,UTR0034820462,0,0,0,0,0,0,0
TXN00018367,2026-01-16 10:54:55,USR35438,MCH6469,0.2354295,UTR3832069560,8120,FAILED,TXN00018367,USR35438,MCH6469,UTR3832069560,0,0,0,0,0,1,0
TXN00007044,2026-01-14 17:25:29,USR69370,MCH2775,3773.77,UTR2573517540,4110,SUCCESS,TXN00007044,USR69370,MCH2775,UTR 2573517540,0,0,0,0,0,0,0
TXN00004690,2026-02-03 08:58:16,USR54556,MCH6948,24394.71,UTR6503030640,4110,FAILED,TXN00004690,USR54556,MCH6948,UTR 6503030640,0,0,0,0,0,1,0
TXN00003586,2026-01-04 01:56:51,USR66606,MCH5803,8212.55,UTR4389446918,0110,SUCCESS,TXN00003586,USR66606,MCH5803,UTR4389446918,0,0,0,0,0,0,0
TXN00000768,2026-01-15 07:21:34,USR53340,MCH7937,21920.37,UTR0307537407,0110,SUCCESS,TXN00000768,USR53340,MCH7937,UTR0307537407,0,0,0,0,0,0,0
TXN00008472,2026-02-10 07:27:00,USR17801,MCH1081,7055.6,UTR9731906841,4110,SUCCESS,TXN00008472,USR17801,MCH1081,UTR9731906841,0,0,0,0,0,0,0
TXN00013455,2026-03-14 03:39:07,USR77095,MCH4813,-10522.85,UTR3162748713,0110,SUCCESS,TXN00013455,USR77095,MCH4813,UTR3162748713,1,0,0,0,0,0,0
TXN00017761,2026-01-19 00:00:00,USR18752,MCH4135,0.1602193,UTR8852056996,4110,SUCCESS,TXN00017761,USR18752,MCH4135,UTR8852056996,0,0,0,0,0,0,0
TXN00008178,2026-02-10 19:14:14,USR89764,MCH6053,18265.56,UTR7388461312,9120,SUCCESS,TXN00008178,USR89764,MCH6053,UTR7388461312,0,0,0,0,0,0,0
TXN00005292,2026-01-15 10:20:10,USR96774,MCH2995,4615.69,UTR0022694666,8120,SUCCESS,TXN00005292,USR96774,MCH2995,UTR0022694666,0,0,0,0,0,0,0
TXN00008136,2026-02-21 15:31:11,USR92714,MCH2994,1597.76,UTR5981246180,1310,SUCCESS,TXN00008136,USR92714,MCH2994,UTR5981246180,0,0,0,0,0,0,0
TXN00019823,2026-01-20 08:19:38,USR87021,MCH3457,23461.16,UTR8351505354,0110,SUCCESS,TXN00019823,USR87021,MCH3457,UTR 8351505354,0,0,0,0,0,0,0
TXN00004913,2026-03-31 09:54:37,USR46125,MCH8831,13369.0,UTR4585486109,4110,SUCCESS,TXN00004913,USR46125,MCH8831,UTR4585486109,0,0,0,0,0,0,0
TXN00010702,2026-01-27 04:39:17,USR75883,MCH6302,0.1108247,UTR5251573348,1310,PENDING,TXN00010702,USR75883,MCH6302,UTR5251573348,0,0,0,0,0,0,1
TXN00016909,2026-01-21 17:18:23,USR23685,MCH7061,22441.37,UTR2045096120,0110,SUCCESS,TXN00016909,USR23685,MCH7061,UTR2045096120,0,0,0,0,0,0,0
TXN00001280,2026-10-03 15:19:35,USR43460,MCH6530,12477.21,UTR1609615970,,SUCCESS,TXN00001280,USR43460,MCH6530,UTR1609615970,0,0,1,0,0,0,0
TXN00007423,2026-02-21 14:19:17,USR79102,MCH7840,9765.51,UTR4005065967,4110,SUCCESS,TXN00007423,USR79102,MCH7840,UTR4005065967,0,0,0,0,0,0,0
TXN00006948,2026-03-13 23:31:44,USR64046,MCH7549,5724.48,UTR5207128230,1310,SUCCESS,TXN00006948,USR64046,MCH7549,UTR5207128230,0,0,0,0,0,0,0
TXN00010044,2026-02-21 14:00:11,USR25627,MCH8087,13958.0,UTR4632380682,4110,SUCCESS,TXN00010044,USR25627,MCH8087,UTR4632380682,0,0,0,0,0,0,0
TXN00000474,2026-02-24 15:52:12,USR12933,MCH7593,22279.67,UTR7997811855,8120,SUCCESS,TXN00000474,USR12933,MCH7593,UTR7997811855,0,0,0,0,0,0,0
TXN00009348,2026-01-18 01:14:43,USR36254,MCH7436,21598.94,UTR1606143007,,SUCCESS,TXN00009348,USR36254,MCH7436,UTR1606143007,0,0,1,0,0,0,0
TXN00007791,2026-03-19 14:26:02,USR21123,MCH6122,13727.82,UTR2052112387,9120,SUCCESS,TXN00007791,USR21123,MCH6122,UTR2052112387,0,0,0,0,0,0,0
TXN00001494,2026-01-15 10:15:08,USR50243,MCH2289,1839.17,UTR5073796599,4110,PENDING,TXN00001494,USR50243,MCH2289,UTR5073796599,0,0,0,0,0,0,1
TXN00013068,2026-02-14 05:14:03,USR32531,MCH4404,14016.23,UTR7099083569,0110,SUCCESS,TXN00013068,USR32531,MCH4404,UTR7099083569,0,0,0,0,0,0,0
TXN00013672,2026-10-01 19:59:40,USR12521,MCH4966,659.0,UTR4471693165,,SUCCESS,TXN00013672,USR12521,MCH4966,UTR4471693165,0,0,1,0,0,0,0
TXN00010907,2026-01-31 18:31:56,USR20898,MCH5883,0.1185047,UTR6714993571,4110,SUCCESS,TXN00010907,USR20898,MCH5883,UTR6714993571,0,0,0,0,0,0,0
TXN00016247,2026-03-21 08:54:40,USR64656,MCH6694,9758.93,UTR7332810756,4110,SUCCESS,TXN00016247,USR64656,MCH6694,UTR7332810756,0,0,0,0,0,0,0
TXN00013720,2026-02-26 00:00:00,USR44676,MCH4510,2125.9,UTR4267834971,0110,SUCCESS,TXN00013720,USR44676,MCH4510,UTR4267834971,0,0,0,0,0,0,0
TXN00014751,2026-02-07 09:53:28,USR76631,MCH3771,6110.98,UTR0961734079,1310,SUCCESS,TXN00014751,USR76631,MCH3771,UTR0961734079,0,0,0,0,0,0,0
TXN00004797,2026-03-02 23:31:57,USR35227,MCH5909,4115.53,UTR3274837006,1310,FAILED,TXN00004797,USR35227,MCH5909,UTR3274837006,0,0,0,0,0,1,0
TXN00008537,2026-01-01 15:18:23,USR47252,MCH5144,3414.9,UTR6137298473,1310,SUCCESS,TXN00008537,USR47252,MCH5144,UTR 6137298473,0,0,0,0,0,0,0
TXN00002839,2026-01-28 17:26:32,USR53392,MCH1602,19027.59,UTR9860069583,0110,SUCCESS,TXN00002839,USR53392,MCH1602,UTR9860069583,0,0,0,0,0,0,0
TXN00003737,2026-01-22 21:05:27,USR65114,MCH3440,16551.22,UTR5607342697,9120,PENDING,TXN00003737,USR65114,MCH3440,UTR5607342697,0,0,0,0,0,0,1
TXN00011507,2026-02-17 14:21:58,USR29850,MCH8679,22085.37,UTR3910943452,9120,SUCCESS,TXN00011507,USR29850,MCH8679,UTR3910943452,0,0,0,0,0,0,0
TXN00018964,2026-02-11 09:45:34,USR22801,MCH9207,4792.0,UTR7133224853,1310,SUCCESS,TXN00018964,USR22801,MCH9207,UTR7133224853,0,0,0,0,0,0,0
TXN00012445,2026-02-25 04:47:03,USR76412,MCH7293,3037.0,UTR4034750700,8120,FAILED,TXN00012445,USR76412,MCH7293,UTR4034750700,0,0,0,0,0,1,0
TXN00006058,2026-10-01 11:25:53,USR67400,MCH8317,12262.91,UTR6654820614,4110,SUCCESS,TXN00006058,USR67400,MCH8317,UTR6654820614,0,0,0,0,0,0,0
TXN00013286,2026-02-15 03:07:02,USR20193,MCH1883,23922.64,,0110,FAILED,TXN00013286,USR20193,MCH1883,,0,1,0,0,0,1,0
TXN00006242,2026-02-27 15:56:36,USR58323,MCH4810,2380.0,UTR4111951695,4110,SUCCESS,TXN00006242,USR58323,MCH4810,UTR4111951695,0,0,0,0,0,0,0
TXN00006232,2026-03-18 21:47:24,USR51714,MCH2627,22784.43,UTR9276411126,0110,SUCCESS,TXN00006232,USR51714,MCH2627,UTR9276411126,0,0,0,0,0,0,0
TXN00014328,2026-03-14 19:00:42,USR77755,MCH8130,9295.93,UTR8278115789,,SUCCESS,TXN00014328,USR77755,MCH8130,UTR8278115789,0,0,1,0,0,0,0
TXN00000821,2026-01-31 19:21:28,USR86957,MCH9073,20073.31,UTR8856577845,4110,FAILED,TXN00000821,USR86957,MCH9073,UTR8856577845,0,0,0,0,0,1,0
TXN00013150,2026-03-02 15:49:14,USR12459,MCH5270,19051.62,UTR6225586862,1310,SUCCESS,TXN00013150,USR12459,MCH5270,UTR6225586862,0,0,0,0,0,0,0
TXN00009393,2026-03-28 00:00:00,USR18738,MCH8370,5892.83,UTR1663610666,1310,SUCCESS,TXN00009393,USR18738,MCH8370,UTR1663610666,0,0,0,0,0,0,0
TXN00013719,2026-01-31 05:07:16,USR98148,MCH1067,7864.73,UTR5282315590,,SUCCESS,TXN00013719,USR98148,MCH1067,UTR5282315590,0,0,1,0,0,0,0
TXN00000595,2026-03-19 15:52:18,USR22711,MCH7186,22420.74,UTR4207080438,1310,SUCCESS,TXN00000595,USR22711,MCH7186,UTR4207080438,0,0,0,0,0,0,0
TXN00006745,2026-02-13 22:37:17,USR41037,MCH1815,11933.0,UTR8203865370,1310,SUCCESS,TXN00006745,USR41037,MCH1815,UTR8203865370,0,0,0,0,0,0,0
TXN00002174,2026-02-01 20:34:49,USR64216,MCH3066,21394.87,UTR6090330481,8120,SUCCESS,TXN00002174,USR64216,MCH3066,UTR 6090330481,0,0,0,0,0,0,0
TXN00016552,2026-03-14 15:12:57,USR70864,MCH4480,9582.13,UTR9043924099,1310,SUCCESS,TXN00016552,USR70864,MCH4480,UTR9043924099,0,0,0,0,0,0,0
TXN00003254,2026-02-03 05:40:47,USR81076,MCH3381,0.293893,UTR2888261956,,SUCCESS,TXN00003254,USR81076,MCH3381,UTR2888261956,0,0,1,0,0,0,0
TXN00019426,2026-01-29 16:22:19,USR55911,MCH3684,0.1143106,UTR4696478057,,SUCCESS,TXN00019426,USR55911,MCH3684,UTR4696478057,0,0,1,0,0,0,0
TXN00008848,2026-03-20 19:50:50,USR15430,MCH5739,16433.37,UTR7307409666,4110,SUCCESS,TXN00008848,USR15430,MCH5739,UTR7307409666,0,0,0,0,0,0,0
TXN00012594,2026-02-02 09:55:37,USR11157,MCH7696,10649.78,UTR2396428801,9120,SUCCESS,TXN00012594,USR11157,MCH7696,UTR 2396428801,0,0,0,0,0,0,0
TXN00016412,2026-01-15 00:00:00,USR87443,MCH9926,0.1630385,UTR3451027630,0110,SUCCESS,TXN00016412,USR87443,MCH9926,UTR 3451027630,0,0,0,0,0,0,0
TXN00014032,2026-03-21 04:24:13,USR75038,MCH9075,0.2037176,UTR4095711869,4110,SUCCESS,TXN00014032,USR75038,MCH9075,UTR4095711869,0,0,0,0,0,0,0
TXN00003707,2026-02-27 10:41:03,USR75136,MCH5921,18479.28,UTR8775439993,0110,SUCCESS,TXN00003707,USR75136,MCH5921,UTR 8775439993,0,0,0,0,0,0,0
TXN00014735,2026-12-02 08:38:52,USR76366,MCH9100,13540.45,UTR7026054098,0110,SUCCESS,TXN00014735,USR76366,MCH9100,UTR 7026054098,0,0,0,0,0,0,0
TXN00008343,2026-02-21 13:38:23,USR14655,MCH7251,4503.15,UTR6913131053,0110,SUCCESS,TXN00008343,USR14655,MCH7251,UTR6913131053,0,0,0,0,0,0,0
TXN00009932,2026-01-17 09:58:59,USR57867,MCH7816,2585.01,UTR0336751552,4110,PENDING,TXN00009932,USR57867,MCH7816,UTR0336751552,0,0,0,0,0,0,1
TXN00018647,2026-02-10 02:30:44,USR86631,MCH3206,6166.82,UTR9669231641,0110,SUCCESS,TXN00018647,USR86631,MCH3206,UTR9669231641,0,0,0,0,0,0,0
TXN00019632,2026-02-06 13:29:48,USR73813,MCH8278,2513.27,UTR3297112955,8120,SUCCESS,TXN00019632,USR73813,MCH8278,UTR3297112955,0,0,0,0,0,0,0
TXN00001650,2026-01-30 01:04:47,USR23255,MCH4349,17721.53,UTR8610320955,9120,SUCCESS,TXN00001650,USR23255,MCH4349,UTR8610320955,0,0,0,0,0,0,0
TXN00012936,2026-02-19 16:16:52,USR58808,MCH4651,0.1794588,UTR2064887930,,FAILED,TXN00012936,USR58808,MCH4651,UTR2064887930,0,0,1,0,0,1,0
TXN00009364,2026-03-02 21:28:59,USR48277,MCH5878,4857.91,UTR9268253998,9120,PENDING,TXN00009364,USR48277,MCH5878,UTR9268253998,0,0,0,0,0,0,1
TXN00015743,2026-02-25 05:29:52,USR70029,MCH8742,22945.71,UTR6042717201,,FAILED,TXN00015743,USR70029,MCH8742,UTR6042717201,0,0,1,0,0,1,0
TXN00000371,2026-01-05 21:52:45,USR65372,MCH8976,2528.44,UTR2801762367,4110,SUCCESS,TXN00000371,USR65372,MCH8976,UTR2801762367,0,0,0,0,0,0,0
TXN00013653,2026-01-10 07:18:02,USR93967,MCH4085,45.44,UTR2525199241,9120,SUCCESS,TXN00013653,USR93967,MCH4085,UTR2525199241,0,0,0,0,0,0,0
TXN00004509,2026-01-03 23:54:38,USR62032,MCH6899,14624.85,UTR6081301914,0110,FAILED,TXN00004509,USR62032,MCH6899,UTR6081301914,0,0,0,0,0,1,0
TXN00012189,2026-02-15 10:43:00,USR82189,MCH7765,12761.46,UTR8990755201,,SUCCESS,TXN00012189,USR82189,MCH7765,UTR8990755201,0,0,1,0,0,0,0
TXN00011766,2026-03-24 03:14:45,USR90240,MCH7732,15854.92,UTR7097982735,4110,SUCCESS,TXN00011766,USR90240,MCH7732,UTR7097982735,0,0,0,0,0,0,0
TXN00001483,2026-03-21 16:01:07,USR81213,MCH1887,13616.78,UTR2468328427,,SUCCESS,TXN00001483,USR81213,MCH1887,UTR2468328427,0,0,1,0,0,0,0
TXN00010164,2026-01-20 11:35:34,USR51799,MCH4069,9797.75,UTR1220901971,,SUCCESS,TXN00010164,USR51799,MCH4069,UTR1220901971,0,0,1,0,0,0,0
TXN00011743,2026-03-02 20:27:11,USR74443,MCH2978,7693.48,UTR5678323918,4110,SUCCESS,TXN00011743,USR74443,MCH2978,UTR5678323918,0,0,0,0,0,0,0
TXN00019316,2026-02-04 08:13:48,USR54394,MCH1690,24323.64,UTR8324103776,4110,SUCCESS,TXN00019316,USR54394,MCH1690,UTR8324103776,0,0,0,0,0,0,0
TXN00007037,2026-12-03 19:26:57,USR17969,MCH1831,6631.53,UTR8543067696,8120,SUCCESS,TXN00007037,USR17969,MCH1831,UTR8543067696,0,0,0,0,0,0,0
TXN00001072,2026-02-15 03:14:03,USR73837,MCH2524,5848.0,UTR8599227688,4110,SUCCESS,TXN00001072,USR73837,MCH2524,UTR8599227688,0,0,0,0,0,0,0
TXN00008296,2026-02-17 08:45:22,USR66385,MCH9046,21037.58,UTR5209455775,4110,SUCCESS,TXN00008296,USR66385,MCH9046,UTR5209455775,0,0,0,0,0,0,0
TXN00019640,2026-02-16 22:17:09,USR97977,MCH7247,5688.25,,8120,SUCCESS,TXN00019640,USR97977,MCH7247,,0,1,0,0,0,0,0
TXN00005024,2026-03-25 06:05:07,USR38635,MCH6578,17983.94,UTR1255225325,0110,SUCCESS,TXN00005024,USR38635,MCH6578,UTR1255225325,0,0,0,0,0,0,0
TXN00012449,2026-03-31 01:28:07,USR44025,MCH4968,17377.0,UTR1690096028,1310,SUCCESS,TXN00012449,USR44025,MCH4968,UTR1690096028,0,0,0,0,0,0,0
TXN00014415,2026-03-16 11:30:20,USR77344,MCH7941,15330.17,UTR7059149611,4110,SUCCESS,TXN00014415,USR77344,MCH7941,UTR7059149611,0,0,0,0,0,0,0
TXN00008361,2026-03-02 04:05:10,USR67389,MCH2997,20319.2,UTR5459870593,1310,SUCCESS,TXN00008361,USR67389,MCH2997,UTR5459870593,0,0,0,0,0,0,0
TXN00002197,2026-02-12 08:27:55,USR80377,MCH2341,11514.35,UTR4573133784,4110,SUCCESS,TXN00002197,USR80377,MCH2341,UTR4573133784,0,0,0,0,0,0,0
TXN00000355,2026-02-13 13:20:43,USR95966,MCH5314,1773.51,UTR5151290187,8120,FAILED,TXN00000355,USR95966,MCH5314,UTR 5151290187,0,0,0,0,0,1,0
TXN00000413,2026-02-26 05:35:16,USR99966,MCH2560,0.2376567,UTR8737339174,0110,SUCCESS,TXN00000413,USR99966,MCH2560,UTR8737339174,0,0,0,0,0,0,0
TXN00018255,2026-01-29 03:49:59,USR60498,MCH8370,20778.03,UTR9284765746,4110,SUCCESS,TXN00018255,USR60498,MCH8370,UTR 9284765746,0,0,0,0,0,0,0
TXN00014805,2026-01-30 08:13:21,USR59939,MCH1992,1788.71,UTR1972688900,4110,PENDING,TXN00014805,USR59939,MCH1992,UTR1972688900,0,0,0,0,0,0,1
TXN00014263,2026-03-20 15:24:04,USR98111,MCH2512,11840.79,UTR6938914390,0110,SUCCESS,TXN00014263,USR98111,MCH2512,UTR6938914390,0,0,0,0,0,0,0
TXN00013691,2026-03-23 15:09:29,USR10286,MCH6287,0.1226706,UTR2867864576,1310,SUCCESS,TXN00013691,USR10286,MCH6287,UTR2867864576,0,0,0,0,0,0,0
TXN00004771,2026-01-11 00:28:37,USR23614,MCH9657,184.49,,4110,SUCCESS,TXN00004771,USR23614,MCH9657,,0,1,0,0,0,0,0
TXN00008557,2026-01-10 00:00:00,USR84328,MCH4331,-1686.67,UTR5526200577,9120,SUCCESS,TXN00008557,USR84328,MCH4331,UTR5526200577,1,0,0,0,0,0,0
TXN00008729,2026-03-15 13:38:51,USR32402,MCH1835,8905.65,UTR8319445934,4110,SUCCESS,TXN00008729,USR32402,MCH1835,UTR8319445934,0,0,0,0,0,0,0
TXN00009040,2026-03-13 09:04:13,USR71198,MCH9548,0.53008,UTR6849284711,1310,SUCCESS,TXN00009040,USR71198,MCH9548,UTR6849284711,0,0,0,0,0,0,0
TXN00002713,2026-01-05 15:23:29,USR98892,MCH8704,8708.91,UTR4191512935,,FAILED,TXN00002713,USR98892,MCH8704,UTR4191512935,0,0,1,0,0,1,0
TXN00004586,2026-03-20 00:00:00,USR76948,MCH7607,0.2414132,UTR7665959600,4110,SUCCESS,TXN00004586,USR76948,MCH7607,UTR7665959600,0,0,0,0,0,0,0
TXN00013904,2026-01-28 04:37:05,USR30284,MCH5072,20955.35,UTR8056846014,1310,SUCCESS,TXN00013904,USR30284,MCH5072,UTR8056846014,0,0,0,0,0,0,0
TXN00006458,2026-01-25 03:13:34,USR57672,MCH2852,10148.8,UTR8704900575,9120,SUCCESS,TXN00006458,USR57672,MCH2852,UTR8704900575,0,0,0,0,0,0,0
TXN00002522,2026-02-23 20:10:24,USR52034,MCH9955,3370.0,UTR7332861673,1310,SUCCESS,TXN00002522,USR52034,MCH9955,UTR7332861673,0,0,0,0,0,0,0
TXN00016308,2026-03-21 04:10:15,USR95878,MCH4452,3742.22,UTR5248726989,1310,SUCCESS,TXN00016308,USR95878,MCH4452,UTR5248726989,0,0,0,0,0,0,0
TXN00013573,2026-03-13 14:22:10,USR59857,MCH8404,23338.77,UTR3625623492,4110,FAILED,TXN00013573,USR59857,MCH8404,UTR 3625623492,0,0,0,0,0,1,0
TXN00001616,2026-01-18 11:33:46,USR92168,MCH1561,16740.48,UTR6984306076,0110,SUCCESS,TXN00001616,USR92168,MCH1561,UTR6984306076,0,0,0,0,0,0,0
TXN00003136,2026-02-19 00:00:00,USR91169,MCH7214,15423.42,UTR8874270083,,SUCCESS,TXN00003136,USR91169,MCH7214,UTR 8874270083,0,0,1,0,0,0,0
TXN00004198,2026-01-30 04:03:53,USR97155,MCH4016,7120.69,UTR1783519599,9120,SUCCESS,TXN00004198,USR97155,MCH4016,UTR1783519599,0,0,0,0,0,0,0
TXN00016112,2026-01-22 03:31:43,USR37263,MCH4839,5755.83,UTR7195172371,4110,FAILED,TXN00016112,USR37263,MCH4839,UTR 7195172371,0,0,0,0,0,1,0
TXN00013160,2026-01-05 10:46:03,USR36318,MCH1520,3515.28,UTR7739716866,4110,FAILED,TXN00013160,USR36318,MCH1520,UTR7739716866,0,0,0,0,0,1,0
TXN00001867,2026-01-21 14:14:32,USR70324,MCH2800,1088.91,UTR5371736511,4110,SUCCESS,TXN00001867,USR70324,MCH2800,UTR5371736511,0,0,0,0,0,0,0
TXN00003851,2026-01-15 19:08:39,USR76526,MCH6258,10447.5,UTR3120117997,9120,SUCCESS,TXN00003851,USR76526,MCH6258,UTR3120117997,0,0,0,0,0,0,0
TXN00001478,2026-02-10 06:53:09,USR18272,MCH6990,19060.0,UTR4993537074,4110,SUCCESS,TXN00001478,USR18272,MCH6990,UTR4993537074,0,0,0,0,0,0,0
TXN00007013,2026-08-02 08:40:50,USR40127,MCH6598,6999.05,UTR2044428672,0110,SUCCESS,TXN00007013,USR40127,MCH6598,UTR 2044428672,0,0,0,0,0,0,0
TXN00000515,2026-01-27 00:00:00,USR45003,MCH8975,1140.01,UTR3924996177,4110,SUCCESS,TXN00000515,USR45003,MCH8975,UTR3924996177,0,0,0,0,0,0,0
TXN00013819,2026-03-16 07:49:14,USR70764,MCH3474,16320.7,UTR3906411986,0110,SUCCESS,TXN00013819,USR70764,MCH3474,UTR3906411986,0,0,0,0,0,0,0
TXN00013933,2026-01-18 09:05:48,USR36755,MCH5941,1764.21,UTR5152842387,,PENDING,TXN00013933,USR36755,MCH5941,UTR5152842387,0,0,1,0,0,0,1
TXN00000582,2026-04-02 08:07:51,USR66561,MCH7395,24501.01,UTR1401010933,0110,SUCCESS,TXN00000582,USR66561,MCH7395,UTR1401010933,0,0,0,0,0,0,0
TXN00012087,2026-02-14 01:12:57,USR59598,MCH7210,15689.7,UTR3939030809,4110,SUCCESS,TXN00012087,USR59598,MCH7210,UTR3939030809,0,0,0,0,0,0,0
TXN00017872,2026-01-23 03:56:55,USR80183,MCH9474,23937.71,UTR7432073975,4110,SUCCESS,TXN00017872,USR80183,MCH9474,UTR7432073975,0,0,0,0,0,0,0
TXN00017729,2026-03-01 18:36:38,USR53922,MCH8786,13540.32,UTR6606565642,,SUCCESS,TXN00017729,USR53922,MCH8786,UTR6606565642,0,0,1,0,0,0,0
TXN00009338,2026-01-12 01:15:31,USR21749,MCH6157,24400.59,UTR9146348017,4110,SUCCESS,TXN00009338,USR21749,MCH6157,UTR9146348017,0,0,0,0,0,0,0
TXN00018204,2026-01-12 18:01:50,USR97534,MCH3298,20486.05,UTR8236936230,,SUCCESS,TXN00018204,USR97534,MCH3298,UTR8236936230,0,0,1,0,0,0,0
TXN00016350,2026-03-08 16:16:53,USR42702,MCH5243,3102.78,UTR6806216789,9120,SUCCESS,TXN00016350,USR42702,MCH5243,UTR 6806216789,0,0,0,0,0,0,0
TXN00001328,2026-02-17 22:37:34,USR64950,MCH6440,0.1974457,UTR3009267508,4110,FAILED,TXN00001328,USR64950,MCH6440,UTR3009267508,0,0,0,0,0,1,0
TXN00000606,2026-02-09 23:21:40,USR63545,MCH5327,11524.86,UTR6254634411,0110,SUCCESS,TXN00000606,USR63545,MCH5327,UTR6254634411,0,0,0,0,0,0,0
TXN00018936,2026-03-24 00:49:54,USR23872,MCH6177,19026.73,,0110,SUCCESS,TXN00018936,USR23872,MCH6177,,0,1,0,0,0,0,0
TXN00008524,2026-02-13 22:10:35,USR36642,MCH7087,10665.89,UTR1788975231,,SUCCESS,TXN00008524,USR36642,MCH7087,UTR1788975231,0,0,1,0,0,0,0
TXN00012134,2026-01-02 00:02:52,USR75594,MCH8926,2847.73,UTR8771450188,0110,SUCCESS,TXN00012134,USR75594,MCH8926,UTR8771450188,0,0,0,0,0,0,0
TXN00011678,2026-03-14 03:03:16,USR17705,MCH5376,15425.93,UTR7651825110,8120,PENDING,TXN00011678,USR17705,MCH5376,UTR7651825110,0,0,0,0,0,0,1
TXN00002999,2026-01-29 02:59:01,USR21727,MCH2296,7258.24,UTR7435693981,9120,SUCCESS,TXN00002999,USR21727,MCH2296,UTR7435693981,0,0,0,0,0,0,0
TXN00009585,2026-01-13 19:06:18,USR10902,MCH4220,0.2359528,UTR8218503155,9120,SUCCESS,TXN00009585,USR10902,MCH4220,UTR8218503155,0,0,0,0,0,0,0
TXN00010550,2026-03-28 10:59:21,USR64002,MCH1572,3990.48,UTR8688239007,9120,FAILED,TXN00010550,USR64002,MCH1572,UTR8688239007,0,0,0,0,0,1,0
TXN00008137,2026-03-20 12:39:38,USR78416,MCH4621,9912.22,UTR0939909632,0110,SUCCESS,TXN00008137,USR78416,MCH4621,UTR0939909632,0,0,0,0,0,0,0
TXN00005397,2026-03-20 16:22:17,USR65023,MCH7187,0.232031,UTR4176938618,8120,SUCCESS,TXN00005397,USR65023,MCH7187,UTR4176938618,0,0,0,0,0,0,0
TXN00017064,2026-01-16 19:01:06,USR57897,MCH6348,832.64,UTR7388834180,4110,SUCCESS,TXN00017064,USR57897,MCH6348,UTR7388834180,0,0,0,0,0,0,0
TXN00019920,2026-03-06 13:11:40,USR64709,MCH4387,22554.33,UTR2855059128,9120,SUCCESS,TXN00019920,USR64709,MCH4387,UTR2855059128,0,0,0,0,0,0,0
TXN00001274,2026-02-27 15:40:49,USR35032,MCH9116,0.100007,UTR8026428288,1310,SUCCESS,TXN00001274,USR35032,MCH9116,UTR8026428288,0,0,0,0,0,0,0
TXN00008206,2026-02-07 01:08:23,USR15946,MCH8315,6384.63,UTR0697499277,9120,SUCCESS,TXN00008206,USR15946,MCH8315,UTR0697499277,0,0,0,0,0,0,0
TXN00010416,2026-01-18 10:03:44,USR73393,MCH6623,20643.53,UTR6496396136,4110,SUCCESS,TXN00010416,USR73393,MCH6623,UTR6496396136,0,0,0,0,0,0,0
TXN00004245,2026-03-19 06:00:53,USR91665,MCH9059,10312.87,UTR1835969506,9120,SUCCESS,TXN00004245,USR91665,MCH9059,UTR1835969506,0,0,0,0,0,0,0
TXN00014036,2026-01-27 15:32:55,USR94195,MCH4521,19211.44,UTR1325408630,8120,SUCCESS,TXN00014036,USR94195,MCH4521,UTR1325408630,0,0,0,0,0,0,0
TXN00016623,2026-03-22 07:38:26,USR82423,MCH6637,10583.72,UTR9435010384,1310,SUCCESS,TXN00016623,USR82423,MCH6637,UTR9435010384,0,0,0,0,0,0,0
TXN00007914,2026-03-26 05:06:55,USR23717,MCH2706,1242.0,UTR5044049682,9120,SUCCESS,TXN00007914,USR23717,MCH2706,UTR5044049682,0,0,0,0,0,0,0
TXN00003291,2026-02-25 16:17:52,USR23607,MCH6671,0.168367,UTR6263124043,1310,FAILED,TXN00003291,USR23607,MCH6671,UTR6263124043,0,0,0,0,0,1,0
TXN00019357,2026-03-02 21:40:48,USR44641,MCH3559,0.1842712,UTR6851648268,4110,SUCCESS,TXN00019357,USR44641,MCH3559,UTR6851648268,0,0,0,0,0,0,0
TXN00000901,2026-03-24 20:40:40,USR86188,MCH8454,5205.08,UTR9632791707,0110,SUCCESS,TXN00000901,USR86188,MCH8454,UTR9632791707,0,0,0,0,0,0,0
TXN00010891,2026-01-16 15:45:02,USR47930,MCH3281,21388.59,UTR3330924901,0110,SUCCESS,TXN00010891,USR47930,MCH3281,UTR3330924901,0,0,0,0,0,0,0
TXN00001880,2026-01-07 15:52:23,USR17542,MCH2397,0.141299,UTR3640755624,4110,SUCCESS,TXN00001880,USR17542,MCH2397,UTR3640755624,0,0,0,0,0,0,0
TXN00004008,2026-01-05 12:29:50,USR70394,MCH5228,10217.3,UTR5567245524,1310,SUCCESS,TXN00004008,USR70394,MCH5228,UTR 5567245524,0,0,0,0,0,0,0
TXN00016106,2026-01-27 08:37:38,USR12503,MCH8058,8214.52,,9120,SUCCESS,TXN00016106,USR12503,MCH8058,,0,1,0,0,0,0,0
TXN00017535,2026-02-15 14:55:51,USR99294,MCH1341,0.2326829,UTR8445133291,9120,SUCCESS,TXN00017535,USR99294,MCH1341,UTR8445133291,0,0,0,0,0,0,0
TXN00010255,2026-01-18 03:33:01,USR58822,MCH1137,23381.09,UTR4579419251,0110,FAILED,TXN00010255,USR58822,MCH1137,UTR4579419251,0,0,0,0,0,1,0
TXN00003494,2026-02-16 10:14:40,USR18773,MCH3745,22074.04,UTR0312878627,9120,SUCCESS,TXN00003494,USR18773,MCH3745,UTR0312878627,0,0,0,0,0,0,0
TXN00002743,2026-02-11 19:23:14,USR60536,MCH6585,4904.0,,1310,SUCCESS,TXN00002743,USR60536,MCH6585,,0,1,0,0,0,0,0
TXN00003262,2026-03-04 11:01:07,USR53621,MCH7093,12700.05,UTR4689532085,,SUCCESS,TXN00003262,USR53621,MCH7093,UTR4689532085,0,0,1,0,0,0,0
TXN00019429,2026-11-01 21:50:06,USR72239,MCH9026,9232.05,UTR8021145892,8120,SUCCESS,TXN00019429,USR72239,MCH9026,UTR8021145892,0,0,0,0,0,0,0
TXN00018363,2026-05-01 08:41:32,USR13182,MCH4817,0.898198,UTR3524914712,8120,SUCCESS,TXN00018363,USR13182,MCH4817,UTR3524914712,0,0,0,0,0,0,0
TXN00000346,2026-12-03 16:51:38,USR62194,MCH6742,15400.09,UTR0182596299,0110,SUCCESS,TXN00000346,USR62194,MCH6742,UTR0182596299,0,0,0,0,0,0,0
TXN00004315,2026-03-08 18:22:27,USR15179,MCH3677,24273.8,UTR1881496609,1310,SUCCESS,TXN00004315,USR15179,MCH3677,UTR1881496609,0,0,0,0,0,0,0
TXN00013105,2026-03-28 07:39:12,USR82413,MCH4471,17817.32,UTR4874837191,4110,SUCCESS,TXN00013105,USR82413,MCH4471,UTR4874837191,0,0,0,0,0,0,0
TXN00018551,2026-03-21 07:11:39,USR63880,MCH5970,0.2205024,UTR0385505136,9120,SUCCESS,TXN00018551,USR63880,MCH5970,UTR0385505136,0,0,0,0,0,0,0
TXN00008480,2026-02-14 12:53:47,USR54205,MCH8658,23905.97,UTR0705365190,9120,SUCCESS,TXN00008480,USR54205,MCH8658,UTR0705365190,0,0,0,0,0,0,0
TXN00011862,2026-07-02 20:39:03,USR59160,MCH9257,381.0,UTR8586581554,8120,SUCCESS,TXN00011862,USR59160,MCH9257,UTR8586581554,0,0,0,0,0,0,0
TXN00007019,2026-02-21 19:04:11,USR74092,MCH5661,0.891655,UTR4486251567,9120,SUCCESS,TXN00007019,USR74092,MCH5661,UTR4486251567,0,0,0,0,0,0,0
TXN00003158,2026-02-08 03:39:01,USR12935,MCH1787,-1609.52,UTR0952582673,9120,SUCCESS,TXN00003158,USR12935,MCH1787,UTR0952582673,1,0,0,0,0,0,0
TXN00004534,2026-02-22 17:31:44,USR60990,MCH7023,7667.32,UTR8877826444,4110,SUCCESS,TXN00004534,USR60990,MCH7023,UTR8877826444,0,0,0,0,0,0,0
TXN00010252,2026-01-29 00:00:00,USR77025,MCH2063,6330.27,UTR5100308122,1310,SUCCESS,TXN00010252,USR77025,MCH2063,UTR 5100308122,0,0,0,0,0,0,0
TXN00011846,2026-03-17 06:09:03,USR34787,MCH2540,1585.21,UTR9575312933,0110,SUCCESS,TXN00011846,USR34787,MCH2540,UTR9575312933,0,0,0,0,0,0,0
TXN00016528,2026-01-08 03:53:50,USR55485,MCH3857,17008.18,UTR6724204589,4110,SUCCESS,TXN00016528,USR55485,MCH3857,UTR6724204589,0,0,0,0,0,0,0
TXN00000043,2026-03-09 18:46:57,USR51187,MCH7972,869.37,UTR2714855493,4110,SUCCESS,TXN00000043,USR51187,MCH7972,UTR2714855493,0,0,0,0,0,0,0
TXN00018089,2026-03-27 01:02:41,USR63544,MCH6232,9316.94,UTR5497407064,8120,SUCCESS,TXN00018089,USR63544,MCH6232,UTR5497407064,0,0,0,0,0,0,0
TXN00016775,2026-02-14 03:46:44,USR89311,MCH1035,13735.01,UTR1357376324,9120,SUCCESS,TXN00016775,USR89311,MCH1035,UTR1357376324,0,0,0,0,0,0,0
TXN00003396,2026-02-25 03:26:49,USR20874,MCH4932,24903.98,UTR0643270438,9120,SUCCESS,TXN00003396,USR20874,MCH4932,UTR0643270438,0,0,0,0,0,0,0
TXN00019476,2026-01-26 00:00:00,USR70496,MCH5903,1876.24,UTR9998775742,4110,SUCCESS,TXN00019476,USR70496,MCH5903,UTR9998775742,0,0,0,0,0,0,0
TXN00001179,2026-01-19 20:19:36,USR53310,MCH8297,19028.0,UTR4618999468,9120,SUCCESS,TXN00001179,USR53310,MCH8297,UTR4618999468,0,0,0,0,0,0,0
TXN00016944,2026-02-11 14:33:26,USR42231,MCH8594,11984.44,UTR5687893702,4110,SUCCESS,TXN00016944,USR42231,MCH8594,UTR5687893702,0,0,0,0,0,0,0
TXN00015203,2026-03-26 00:36:08,USR85926,MCH7731,10857.57,UTR7070426631,4110,SUCCESS,TXN00015203,USR85926,MCH7731,UTR7070426631,0,0,0,0,0,0,0
TXN00013638,2026-01-06 07:40:02,USR88522,MCH2602,11247.74,UTR3077913718,4110,FAILED,TXN00013638,USR88522,MCH2602,UTR3077913718,0,0,0,0,0,1,0
TXN00011136,2026-01-15 04:31:27,USR80577,MCH6838,4064.12,UTR3795621739,9120,SUCCESS,TXN00011136,USR80577,MCH6838,UTR3795621739,0,0,0,0,0,0,0
TXN00010819,2026-02-22 13:38:05,USR30585,MCH3946,5050.48,UTR9302808671,4110,SUCCESS,TXN00010819,USR30585,MCH3946,UTR 9302808671,0,0,0,0,0,0,0
TXN00015729,2026-02-22 08:14:23,USR59541,MCH1329,9837.23,UTR0371993655,9120,SUCCESS,TXN00015729,USR59541,MCH1329,UTR0371993655,0,0,0,0,0,0,0
TXN00000188,2026-02-23 17:06:35,USR23711,MCH8140,13884.47,UTR0792079270,9120,SUCCESS,TXN00000188,USR23711,MCH8140,UTR0792079270,0,0,0,0,0,0,0
TXN00011871,2026-01-18 00:08:20,USR66615,MCH5575,24673.0,UTR6452386805,,SUCCESS,TXN00011871,USR66615,MCH5575,UTR6452386805,0,0,1,0,0,0,0
TXN00008820,2026-01-19 02:23:02,USR65241,MCH9854,8563.22,UTR2411723583,1310,SUCCESS,TXN00008820,USR65241,MCH9854,UTR2411723583,0,0,0,0,0,0,0
TXN00011000,2026-01-15 08:44:20,USR54601,MCH1100,0.1410648,UTR1990002950,9120,FAILED,TXN00011000,USR54601,MCH1100,UTR1990002950,0,0,0,0,0,1,0
TXN00019700,2026-02-09 23:42:00,USR87434,MCH2229,15017.94,,8120,SUCCESS,TXN00019700,USR87434,MCH2229,,0,1,0,0,0,0,0
TXN00017142,2026-03-23 09:48:35,USR47601,MCH6002,0.2396426,UTR0316456263,,SUCCESS,TXN00017142,USR47601,MCH6002,UTR0316456263,0,0,1,0,0,0,0
TXN00002734,2026-03-31 17:47:58,USR70941,MCH4805,0.2394517,UTR0742412782,9120,SUCCESS,TXN00002734,USR70941,MCH4805,UTR0742412782,0,0,0,0,0,0,0
TXN00015919,2026-02-27 09:35:13,USR88342,MCH8308,20556.35,UTR3603172523,1310,SUCCESS,TXN00015919,USR88342,MCH8308,UTR3603172523,0,0,0,0,0,0,0
TXN00000748,2026-03-19 06:52:19,USR58033,MCH7410,13593.39,UTR8298421432,1310,SUCCESS,TXN00000748,USR58033,MCH7410,UTR 8298421432,0,0,0,0,0,0,0
TXN00008370,2026-03-05 21:55:31,USR63166,MCH3790,2836.36,UTR7320724610,,SUCCESS,TXN00008370,USR63166,MCH3790,UTR 7320724610,0,0,1,0,0,0,0
TXN00003672,2026-02-12 14:51:26,USR53908,MCH5590,1249.86,UTR3099958077,1310,SUCCESS,TXN00003672,USR53908,MCH5590,UTR3099958077,0,0,0,0,0,0,0
TXN00000258,2026-02-21 17:17:43,USR29331,MCH7438,17403.78,UTR3415000610,,FAILED,TXN00000258,USR29331,MCH7438,UTR3415000610,0,0,1,0,0,1,0
TXN00015918,2026-03-24 23:59:45,USR41884,MCH6327,14397.99,UTR6739733832,4110,SUCCESS,TXN00015918,USR41884,MCH6327,UTR6739733832,0,0,0,0,0,0,0
TXN00007769,2026-03-02 06:15:36,USR43353,MCH1864,2582.62,UTR3909127016,8120,SUCCESS,TXN00007769,USR43353,MCH1864,UTR3909127016,0,0,0,0,0,0,0
TXN00017429,2026-02-21 12:09:01,USR36805,MCH6314,24748.18,UTR4255124734,1310,SUCCESS,TXN00017429,USR36805,MCH6314,UTR4255124734,0,0,0,0,0,0,0
TXN00003941,2026-01-11 09:21:58,USR40384,MCH2771,0.189345,UTR2075306941,0110,SUCCESS,TXN00003941,USR40384,MCH2771,UTR2075306941,0,0,0,0,0,0,0
TXN00003277,2026-10-03 10:32:17,USR80806,MCH9193,21084.72,UTR4950108268,0110,SUCCESS,TXN00003277,USR80806,MCH9193,UTR4950108268,0,0,0,0,0,0,0
TXN00003585,2026-02-15 20:00:20,USR17821,MCH1633,10176.05,UTR6192056574,,SUCCESS,TXN00003585,USR17821,MCH1633,UTR6192056574,0,0,1,0,0,0,0
TXN00012501,2026-01-18 23:17:05,USR12090,MCH7187,20169.8,UTR5972157614,,SUCCESS,TXN00012501,USR12090,MCH7187,UTR5972157614,0,0,1,0,0,0,0
TXN00016366,2026-01-12 11:46:39,USR96960,MCH6985,9763.32,UTR3215997914,8120,FAILED,TXN00016366,USR96960,MCH6985,UTR3215997914,0,0,0,0,0,1,0
TXN00017687,2026-02-14 01:56:52,USR25013,MCH9534,3927.67,UTR4402666665,1310,SUCCESS,TXN00017687,USR25013,MCH9534,UTR4402666665,0,0,0,0,0,0,0
TXN00005634,2026-01-08 22:55:29,USR19526,MCH1836,4713.92,UTR8485089236,4110,SUCCESS,TXN00005634,USR19526,MCH1836,UTR8485089236,0,0,0,0,0,0,0
TXN00004704,2026-01-16 08:07:41,USR34218,MCH1237,14888.21,UTR5884422317,,SUCCESS,TXN00004704,USR34218,MCH1237,UTR5884422317,0,0,1,0,0,0,0
TXN00010022,2026-06-02 20:59:59,USR54989,MCH8437,722.72,UTR6899886079,0110,SUCCESS,TXN00010022,USR54989,MCH8437,UTR6899886079,0,0,0,0,0,0,0
TXN00019441,2026-01-12 05:52:41,USR49851,MCH9911,12852.0,UTR5182860276,,SUCCESS,TXN00019441,USR49851,MCH9911,UTR5182860276,0,0,1,0,0,0,0
TXN00011063,2026-01-14 07:03:47,USR80837,MCH4643,21532.62,UTR4331999405,1310,SUCCESS,TXN00011063,USR80837,MCH4643,UTR4331999405,0,0,0,0,0,0,0
TXN00002032,2026-01-06 19:45:56,USR54223,MCH8471,0.141376,UTR8925419779,0110,SUCCESS,TXN00002032,USR54223,MCH8471,UTR8925419779,0,0,0,0,0,0,0
TXN00000282,2026-02-06 06:07:58,USR37851,MCH1697,8456.5,UTR6159867903,1310,FAILED,TXN00000282,USR37851,MCH1697,UTR6159867903,0,0,0,0,0,1,0
TXN00019695,2026-01-23 13:36:02,USR50308,MCH1966,17962.97,UTR9375902235,4110,SUCCESS,TXN00019695,USR50308,MCH1966,UTR9375902235,0,0,0,0,0,0,0
TXN00016402,2026-03-30 01:25:38,USR89234,MCH8360,19895.24,,1310,SUCCESS,TXN00016402,USR89234,MCH8360,,0,1,0,0,0,0,0
TXN00006060,2026-01-13 10:07:53,USR65839,MCH6402,20800.22,UTR1405875098,,SUCCESS,TXN00006060,USR65839,MCH6402,UTR1405875098,0,0,1,0,0,0,0
TXN00005256,2026-03-29 14:58:05,USR76062,MCH7207,12019.19,UTR2949215949,,FAILED,TXN00005256,USR76062,MCH7207,UTR2949215949,0,0,1,0,0,1,0
TXN00003142,2026-01-14 07:19:04,USR68334,MCH1879,23019.96,UTR2610434426,0110,SUCCESS,TXN00003142,USR68334,MCH1879,UTR2610434426,0,0,0,0,0,0,0
TXN00011425,2026-01-10 21:01:47,USR27557,MCH1739,20785.0,UTR9536158951,,SUCCESS,TXN00011425,USR27557,MCH1739,UTR9536158951,0,0,1,0,0,0,0
TXN00010309,2026-02-20 18:57:25,USR24652,MCH8866,22707.0,UTR9818065464,,SUCCESS,TXN00010309,USR24652,MCH8866,UTR9818065464,0,0,1,0,0,0,0
TXN00016663,2026-02-24 20:04:19,USR68202,MCH7602,21727.49,UTR6932136854,1310,SUCCESS,TXN00016663,USR68202,MCH7602,UTR6932136854,0,0,0,0,0,0,0
TXN00017067,2026-02-07 01:06:25,USR51158,MCH6261,13656.82,UTR3082026934,,SUCCESS,TXN00017067,USR51158,MCH6261,UTR3082026934,0,0,1,0,0,0,0
TXN00000145,2026-08-02 09:53:20,USR32344,MCH5599,-7128.16,UTR9390347423,,SUCCESS,TXN00000145,USR32344,MCH5599,UTR 9390347423,1,0,1,0,0,0,0
TXN00013107,2026-01-21 22:20:28,USR34733,MCH9675,9686.57,UTR0578878448,1310,SUCCESS,TXN00013107,USR34733,MCH9675,UTR0578878448,0,0,0,0,0,0,0
TXN00010801,2026-01-28 23:57:25,USR31787,MCH1123,8786.91,UTR6380471717,4110,SUCCESS,TXN00010801,USR31787,MCH1123,UTR 6380471717,0,0,0,0,0,0,0
TXN00013722,2026-02-22 12:57:22,USR45300,MCH1303,18705.0,UTR1247754594,,SUCCESS,TXN00013722,USR45300,MCH1303,UTR1247754594,0,0,1,0,0,0,0
TXN00010300,2026-03-18 11:39:25,USR50736,MCH1491,0.211422,UTR4196400799,9120,SUCCESS,TXN00010300,USR50736,MCH1491,UTR4196400799,0,0,0,0,0,0,0
TXN00006005,2026-03-16 07:41:04,USR16446,MCH8651,3938.53,UTR5294164928,,SUCCESS,TXN00006005,USR16446,MCH8651,UTR5294164928,0,0,1,0,0,0,0
TXN00008745,2026-02-03 00:00:00,USR75946,MCH9261,12918.5,UTR5629660975,4110,SUCCESS,TXN00008745,USR75946,MCH9261,UTR5629660975,0,0,0,0,0,0,0
TXN00002368,2026-03-17 04:38:01,USR54276,MCH2398,0.1397047,UTR4830182095,,SUCCESS,TXN00002368,USR54276,MCH2398,UTR4830182095,0,0,1,0,0,0,0
TXN00012743,2026-03-29 00:34:17,USR89118,MCH5731,12203.82,UTR8708499299,,FAILED,TXN00012743,USR89118,MCH5731,UTR8708499299,0,0,1,0,0,1,0
TXN00001043,2026-02-19 00:00:00,USR37342,MCH3345,7975.63,UTR7808740954,,PENDING,TXN00001043,USR37342,MCH3345,UTR 7808740954,0,0,1,0,0,0,1
TXN00017281,2026-03-24 00:06:56,USR18028,MCH2162,0.949755,UTR9733099773,1310,SUCCESS,TXN00017281,USR18028,MCH2162,UTR 9733099773,0,0,0,0,0,0,0
TXN00010451,2026-03-22 05:50:46,USR55787,MCH3225,18225.26,UTR6311102422,0110,SUCCESS,TXN00010451,USR55787,MCH3225,UTR6311102422,0,0,0,0,0,0,0
TXN00009368,2026-02-22 03:13:30,USR83428,MCH9886,20141.46,UTR7442262192,4110,SUCCESS,TXN00009368,USR83428,MCH9886,UTR7442262192,0,0,0,0,0,0,0
TXN00017332,2026-01-19 17:21:43,USR30285,MCH1481,15260.36,UTR9574355620,,SUCCESS,TXN00017332,USR30285,MCH1481,UTR9574355620,0,0,1,0,0,0,0
TXN00008774,2026-03-29 23:13:36,USR59209,MCH1550,10291.0,UTR1476275139,4110,SUCCESS,TXN00008774,USR59209,MCH1550,UTR1476275139,0,0,0,0,0,0,0
TXN00006432,2026-01-26 09:36:07,USR83060,MCH1664,23532.56,UTR8899916450,,SUCCESS,TXN00006432,USR83060,MCH1664,UTR8899916450,0,0,1,0,0,0,0
TXN00013685,2026-01-02 04:38:04,USR92751,MCH2826,0.1973807,UTR8682264908,8120,SUCCESS,TXN00013685,USR92751,MCH2826,UTR8682264908,0,0,0,0,0,0,0
TXN00017403,2026-03-02 11:29:15,USR62452,MCH8891,1653.76,UTR3247844176,0110,SUCCESS,TXN00017403,USR62452,MCH8891,UTR3247844176,0,0,0,0,0,0,0
TXN00010595,2026-02-23 16:00:50,USR62254,MCH5918,21495.0,UTR4216919912,8120,SUCCESS,TXN00010595,USR62254,MCH5918,UTR4216919912,0,0,0,0,0,0,0
TXN00011446,2026-03-11 06:33:39,USR91446,MCH5380,20792.68,UTR7434249849,9120,SUCCESS,TXN00011446,USR91446,MCH5380,UTR7434249849,0,0,0,0,0,0,0
TXN00007170,2026-03-12 15:01:26,USR87374,MCH9476,0.60517,UTR1203355669,4110,SUCCESS,TXN00007170,USR87374,MCH9476,UTR1203355669,0,0,0,0,0,0,0
TXN00010238,2026-02-08 00:00:00,USR85221,MCH4089,0.83235,UTR2827830004,8120,SUCCESS,TXN00010238,USR85221,MCH4089,UTR2827830004,0,0,0,0,0,0,0
TXN00003571,2026-01-01 07:01:35,USR18912,MCH6114,7853.75,UTR8249273203,,SUCCESS,TXN00003571,USR18912,MCH6114,UTR8249273203,0,0,1,0,0,0,0
TXN00003474,2026-01-16 12:10:01,USR89325,MCH1679,17493.99,UTR5032334636,4110,SUCCESS,TXN00003474,USR89325,MCH1679,UTR5032334636,0,0,0,0,0,0,0
TXN00012119,2026-01-15 04:04:17,USR20526,MCH7513,19725.88,UTR3960518722,4110,SUCCESS,TXN00012119,USR20526,MCH7513,UTR3960518722,0,0,0,0,0,0,0
TXN00003523,2026-02-05 03:01:11,USR86299,MCH1476,6721.37,UTR5185297596,4110,FAILED,TXN00003523,USR86299,MCH1476,UTR5185297596,0,0,0,0,0,1,0
TXN00012958,2026-01-11 17:20:53,USR39958,MCH2830,22329.54,,4110,SUCCESS,TXN00012958,USR39958,MCH2830,,0,1,0,0,0,0,0
TXN00014542,2026-01-30 23:40:10,USR60900,MCH8853,14958.87,UTR3172248319,4110,SUCCESS,TXN00014542,USR60900,MCH8853,UTR3172248319,0,0,0,0,0,0,0
TXN00003686,2026-03-13 00:33:33,USR34899,MCH7241,14148.88,UTR8338176207,,SUCCESS,TXN00003686,USR34899,MCH7241,UTR8338176207,0,0,1,0,0,0,0
TXN00019789,2026-02-20 19:15:49,USR91373,MCH1327,22334.64,UTR3610474658,8120,SUCCESS,TXN00019789,USR91373,MCH1327,UTR3610474658,0,0,0,0,0,0,0
TXN00003226,2026-03-09 00:58:56,USR21588,MCH9457,22272.0,UTR1331543525,9120,FAILED,TXN00003226,USR21588,MCH9457,UTR1331543525,0,0,0,0,0,1,0
TXN00002142,2026-02-12 22:02:15,USR60002,MCH3232,0.1352444,UTR7299880158,4110,SUCCESS,TXN00002142,USR60002,MCH3232,UTR 7299880158,0,0,0,0,0,0,0
TXN00017653,2026-03-26 17:56:23,USR53656,MCH8855,14201.58,UTR9735793042,8120,SUCCESS,TXN00017653,USR53656,MCH8855,UTR9735793042,0,0,0,0,0,0,0
TXN00010198,2026-01-01 02:01:18,USR97141,MCH4356,19068.71,UTR0326858999,1310,SUCCESS,TXN00010198,USR97141,MCH4356,UTR 0326858999,0,0,0,0,0,0,0
TXN00019813,2026-01-31 20:16:00,USR32681,MCH2812,22430.08,UTR1055216364,,SUCCESS,TXN00019813,USR32681,MCH2812,UTR1055216364,0,0,1,0,0,0,0
TXN00000975,2026-03-05 06:41:54,USR49929,MCH6858,0.78927,UTR2913015907,9120,SUCCESS,TXN00000975,USR49929,MCH6858,UTR2913015907,0,0,0,0,0,0,0
TXN00008971,2026-06-02 07:23:18,USR29248,MCH5971,2919.97,UTR8868785042,0110,SUCCESS,TXN00008971,USR29248,MCH5971,UTR8868785042,0,0,0,0,0,0,0
TXN00019161,2026-03-12 02:48:01,USR35149,MCH1896,16061.75,UTR4026297123,4110,SUCCESS,TXN00019161,USR35149,MCH1896,UTR4026297123,0,0,0,0,0,0,0
TXN00006937,2026-01-21 16:44:02,USR17904,MCH2645,7938.31,UTR8105761264,0110,SUCCESS,TXN00006937,USR17904,MCH2645,UTR8105761264,0,0,0,0,0,0,0
TXN00000390,2026-01-16 23:37:56,USR60262,MCH4747,20172.8,UTR3985468025,,SUCCESS,TXN00000390,USR60262,MCH4747,UTR 3985468025,0,0,1,0,0,0,0
TXN00014274,2026-07-02 08:20:03,USR72574,MCH5179,8960.09,UTR5589485421,4110,SUCCESS,TXN00014274,USR72574,MCH5179,UTR5589485421,0,0,0,0,0,0,0
TXN00008062,2026-02-03 16:57:38,USR80995,MCH6920,6435.39,UTR7566529218,1310,SUCCESS,TXN00008062,USR80995,MCH6920,UTR7566529218,0,0,0,0,0,0,0
TXN00014155,2026-02-25 07:03:58,USR89194,MCH5798,18917.5,UTR7192782361,,SUCCESS,TXN00014155,USR89194,MCH5798,UTR7192782361,0,0,1,0,0,0,0
TXN00019174,2026-02-12 00:00:00,USR10288,MCH8939,11412.83,,4110,PENDING,TXN00019174,USR10288,MCH8939,,0,1,0,0,0,0,1
TXN00013194,2026-02-16 04:46:39,USR61238,MCH9810,14224.78,UTR3807786597,1310,SUCCESS,TXN00013194,USR61238,MCH9810,UTR3807786597,0,0,0,0,0,0,0
TXN00000472,2026-02-14 11:52:57,USR65381,MCH5643,24247.0,UTR2483040578,,SUCCESS,TXN00000472,USR65381,MCH5643,UTR2483040578,0,0,1,0,0,0,0
TXN00008915,2026-02-24 02:41:49,USR75678,MCH7770,2104.27,UTR4752281670,0110,SUCCESS,TXN00008915,USR75678,MCH7770,UTR4752281670,0,0,0,0,0,0,0
TXN00016888,2026-01-28 00:39:39,USR92250,MCH3742,0.1400921,UTR1565021047,4110,SUCCESS,TXN00016888,USR92250,MCH3742,UTR1565021047,0,0,0,0,0,0,0
TXN00004210,2026-03-09 11:22:08,USR39648,MCH2492,1435.1,UTR5624448715,1310,SUCCESS,TXN00004210,USR39648,MCH2492,UTR5624448715,0,0,0,0,0,0,0
TXN00002674,2026-01-17 23:59:14,USR93269,MCH9457,4988.39,UTR6047687669,8120,SUCCESS,TXN00002674,USR93269,MCH9457,UTR6047687669,0,0,0,0,0,0,0
TXN00008152,2026-03-10 00:13:10,USR57344,MCH1080,20596.81,UTR1193031588,1310,SUCCESS,TXN00008152,USR57344,MCH1080,UTR1193031588,0,0,0,0,0,0,0
TXN00008687,2026-01-24 21:47:39,USR87803,MCH2576,7898.18,UTR6638609425,1310,SUCCESS,TXN00008687,USR87803,MCH2576,UTR6638609425,0,0,0,0,0,0,0
TXN00019492,2026-02-02 23:53:17,USR89358,MCH6709,24538.21,UTR4616595632,,SUCCESS,TXN00019492,USR89358,MCH6709,UTR4616595632,0,0,1,0,0,0,0
TXN00013868,2026-03-27 06:47:31,USR81848,MCH2670,6435.3,UTR1759446380,1310,SUCCESS,TXN00013868,USR81848,MCH2670,UTR1759446380,0,0,0,0,0,0,0
TXN00011942,2026-01-23 20:39:45,USR47599,MCH4904,3232.14,,0110,PENDING,TXN00011942,USR47599,MCH4904,,0,1,0,0,0,0,1
TXN00019884,2026-03-16 22:50:26,USR22881,MCH3953,4329.78,UTR3035938118,8120,SUCCESS,TXN00019884,USR22881,MCH3953,UTR3035938118,0,0,0,0,0,0,0
TXN00006025,2026-03-30 01:15:25,USR23318,MCH6547,2277.11,UTR7981146642,8120,SUCCESS,TXN00006025,USR23318,MCH6547,UTR7981146642,0,0,0,0,0,0,0
TXN00010040,2026-03-08 07:13:01,USR27038,MCH6137,2502.28,UTR9588947901,4110,SUCCESS,TXN00010040,USR27038,MCH6137,UTR9588947901,0,0,0,0,0,0,0
TXN00013093,2026-01-29 13:01:33,USR11130,MCH1216,4254.29,UTR5455321658,9120,SUCCESS,TXN00013093,USR11130,MCH1216,UTR5455321658,0,0,0,0,0,0,0
TXN00002485,2026-03-18 02:23:13,USR68314,MCH5499,11572.26,UTR6980972341,4110,SUCCESS,TXN00002485,USR68314,MCH5499,UTR6980972341,0,0,0,0,0,0,0
TXN00002047,2026-03-12 00:11:35,USR74325,MCH2691,1701.03,UTR5828995222,0110,SUCCESS,TXN00002047,USR74325,MCH2691,UTR5828995222,0,0,0,0,0,0,0
TXN00010797,2026-01-08 18:48:38,USR53649,MCH7593,10218.1,UTR3017284701,,SUCCESS,TXN00010797,USR53649,MCH7593,UTR3017284701,0,0,1,0,0,0,0
TXN00002007,2026-03-12 20:07:13,USR67763,MCH7365,11249.0,UTR2931035385,9120,SUCCESS,TXN00002007,USR67763,MCH7365,UTR2931035385,0,0,0,0,0,0,0
TXN00012138,2026-01-02 09:13:03,USR79236,MCH6727,15203.2,UTR8959836393,8120,SUCCESS,TXN00012138,USR79236,MCH6727,UTR8959836393,0,0,0,0,0,0,0
TXN00015722,2026-02-06 05:48:50,USR71449,MCH4351,1781.99,UTR2480518189,4110,FAILED,TXN00015722,USR71449,MCH4351,UTR2480518189,0,0,0,0,0,1,0
TXN00013086,2026-02-20 18:09:35,USR61352,MCH9866,112.5,UTR0928561702,0110,SUCCESS,TXN00013086,USR61352,MCH9866,UTR 0928561702,0,0,0,0,0,0,0
TXN00017817,2026-01-10 03:36:03,USR96271,MCH6512,11795.15,UTR6686472500,1310,SUCCESS,TXN00017817,USR96271,MCH6512,UTR6686472500,0,0,0,0,0,0,0
TXN00011329,2026-01-22 01:38:31,USR96412,MCH1330,-20924.74,UTR8819399742,1310,SUCCESS,TXN00011329,USR96412,MCH1330,UTR8819399742,1,0,0,0,0,0,0
TXN00017127,2026-10-03 08:03:15,USR24450,MCH1412,3693.11,UTR3710340838,9120,SUCCESS,TXN00017127,USR24450,MCH1412,UTR3710340838,0,0,0,0,0,0,0
TXN00003287,2026-03-12 01:35:59,USR75717,MCH3421,9701.77,UTR1604925087,9120,SUCCESS,TXN00003287,USR75717,MCH3421,UTR1604925087,0,0,0,0,0,0,0
TXN00008707,2026-02-27 15:50:02,USR70547,MCH6848,18603.8,UTR3871489307,1310,SUCCESS,TXN00008707,USR70547,MCH6848,UTR3871489307,0,0,0,0,0,0,0
TXN00017539,2026-02-10 07:12:13,USR35529,MCH7136,23709.61,UTR4989536712,8120,SUCCESS,TXN00017539,USR35529,MCH7136,UTR4989536712,0,0,0,0,0,0,0
TXN00000643,2026-03-17 01:58:54,USR86042,MCH9137,5294.09,UTR1164364450,4110,SUCCESS,TXN00000643,USR86042,MCH9137,UTR1164364450,0,0,0,0,0,0,0
TXN00004055,2026-01-06 05:07:18,USR28329,MCH3920,19490.12,UTR3874550055,0110,SUCCESS,TXN00004055,USR28329,MCH3920,UTR3874550055,0,0,0,0,0,0,0
TXN00004647,2026-03-14 19:09:58,USR12244,MCH8663,16946.3,UTR2371703150,0110,SUCCESS,TXN00004647,USR12244,MCH8663,UTR2371703150,0,0,0,0,0,0,0
TXN00005173,2026-01-16 02:07:58,USR95151,MCH8628,0.53502,UTR5008668862,0110,SUCCESS,TXN00005173,USR95151,MCH8628,UTR5008668862,0,0,0,0,0,0,0
TXN00012957,2026-02-19 01:22:30,USR68794,MCH4795,24331.79,UTR9923995230,,SUCCESS,TXN00012957,USR68794,MCH4795,UTR9923995230,0,0,1,0,0,0,0
TXN00005899,2026-02-13 07:29:46,USR92514,MCH1392,23807.08,UTR8235007408,1310,SUCCESS,TXN00005899,USR92514,MCH1392,UTR 8235007408,0,0,0,0,0,0,0
TXN00014623,2026-02-27 12:55:46,USR99916,MCH3206,0.923956,UTR6637941968,8120,SUCCESS,TXN00014623,USR99916,MCH3206,UTR6637941968,0,0,0,0,0,0,0
TXN00004466,2026-02-11 01:45:06,USR67008,MCH7557,9906.06,UTR4792125025,4110,SUCCESS,TXN00004466,USR67008,MCH7557,UTR 4792125025,0,0,0,0,0,0,0
TXN00007879,2026-03-18 05:57:30,USR12040,MCH4406,16184.08,UTR5685435771,1310,SUCCESS,TXN00007879,USR12040,MCH4406,UTR5685435771,0,0,0,0,0,0,0
TXN00012052,2026-01-22 19:05:34,USR67933,MCH7742,0.82521,UTR2063928226,4110,SUCCESS,TXN00012052,USR67933,MCH7742,UTR2063928226,0,0,0,0,0,0,0
TXN00019336,2026-03-10 14:59:10,USR90045,MCH3408,0.2427602,UTR1797257559,4110,SUCCESS,TXN00019336,USR90045,MCH3408,UTR1797257559,0,0,0,0,0,0,0
TXN00009869,2026-01-14 19:05:16,USR21753,MCH5031,22770.84,UTR2071576167,9120,SUCCESS,TXN00009869,USR21753,MCH5031,UTR2071576167,0,0,0,0,0,0,0
TXN00008071,2026-02-10 00:30:16,USR15499,MCH3132,10895.37,UTR5440994625,1310,SUCCESS,TXN00008071,USR15499,MCH3132,UTR5440994625,0,0,0,0,0,0,0
TXN00008193,2026-01-06 10:34:43,USR68887,MCH5694,8381.86,UTR4691068554,9120,PENDING,TXN00008193,USR68887,MCH5694,UTR4691068554,0,0,0,0,0,0,1
TXN00007937,2026-03-01 13:56:24,USR31329,MCH8002,12748.83,UTR7716970277,0110,FAILED,TXN00007937,USR31329,MCH8002,UTR7716970277,0,0,0,0,0,1,0
TXN00016053,2026-03-27 03:44:01,USR42289,MCH7522,0.1562224,UTR5669257803,9120,SUCCESS,TXN00016053,USR42289,MCH7522,UTR5669257803,0,0,0,0,0,0,0
TXN00013898,2026-01-15 10:11:09,USR36233,MCH6271,3077.27,UTR5801771540,9120,SUCCESS,TXN00013898,USR36233,MCH6271,UTR5801771540,0,0,0,0,0,0,0
TXN00016319,2026-03-02 22:08:52,USR27919,MCH4534,6067.97,UTR8633220988,9120,SUCCESS,TXN00016319,USR27919,MCH4534,UTR8633220988,0,0,0,0,0,0,0
TXN00002884,2026-02-17 23:09:16,USR83646,MCH7057,1788.25,UTR1019127379,0110,FAILED,TXN00002884,USR83646,MCH7057,UTR1019127379,0,0,0,0,0,1,0
TXN00004605,2026-03-21 03:30:33,USR31271,MCH4034,18784.46,UTR2075782850,4110,FAILED,TXN00004605,USR31271,MCH4034,UTR2075782850,0,0,0,0,0,1,0
TXN00017313,2026-02-25 01:53:25,USR91849,MCH9463,19431.05,UTR5433849285,0110,SUCCESS,TXN00017313,USR91849,MCH9463,UTR5433849285,0,0,0,0,0,0,0
TXN00009319,2026-02-24 09:51:45,USR36201,MCH2474,16216.87,UTR0247463580,1310,SUCCESS,TXN00009319,USR36201,MCH2474,UTR0247463580,0,0,0,0,0,0,0
TXN00017406,2026-02-07 04:33:41,USR22355,MCH6934,16797.6,UTR7604577741,4110,SUCCESS,TXN00017406,USR22355,MCH6934,UTR7604577741,0,0,0,0,0,0,0
TXN00013326,2026-02-11 03:24:53,USR54420,MCH4394,1273.88,UTR3758101819,4110,PENDING,TXN00013326,USR54420,MCH4394,UTR3758101819,0,0,0,0,0,0,1
TXN00000542,2026-01-13 16:49:54,USR54642,MCH8669,15158.3,UTR3261277632,0110,SUCCESS,TXN00000542,USR54642,MCH8669,UTR3261277632,0,0,0,0,0,0,0
TXN00008006,2026-03-16 06:34:14,USR94037,MCH8247,9099.5,UTR7969548213,9120,SUCCESS,TXN00008006,USR94037,MCH8247,UTR7969548213,0,0,0,0,0,0,0
TXN00019537,2026-03-23 09:01:43,USR49065,MCH5972,12047.82,,,SUCCESS,TXN00019537,USR49065,MCH5972,,0,1,1,0,0,0,0
TXN00003691,2026-03-17 00:08:40,USR52092,MCH5846,20673.0,UTR2027673272,1310,SUCCESS,TXN00003691,USR52092,MCH5846,UTR2027673272,0,0,0,0,0,0,0
TXN00009196,2026-01-15 09:27:42,USR63311,MCH7297,2341.25,UTR7230580914,4110,SUCCESS,TXN00009196,USR63311,MCH7297,UTR7230580914,0,0,0,0,0,0,0
TXN00009553,2026-02-07 05:51:07,USR92570,MCH3843,18337.0,UTR6466615175,0110,SUCCESS,TXN00009553,USR92570,MCH3843,UTR6466615175,0,0,0,0,0,0,0
TXN00012959,2026-03-13 01:39:05,USR13466,MCH3536,8567.4,UTR6859771151,1310,SUCCESS,TXN00012959,USR13466,MCH3536,UTR 6859771151,0,0,0,0,0,0,0
TXN00005653,2026-02-07 00:49:54,USR73605,MCH8251,5154.99,UTR0699865286,4110,SUCCESS,TXN00005653,USR73605,MCH8251,UTR0699865286,0,0,0,0,0,0,0
TXN00013322,2026-01-17 07:54:25,USR95568,MCH2920,8482.32,UTR0849867762,4110,SUCCESS,TXN00013322,USR95568,MCH2920,UTR0849867762,0,0,0,0,0,0,0
TXN00009519,2026-01-12 02:42:43,USR74297,MCH2724,13240.6,UTR0285773142,,FAILED,TXN00009519,USR74297,MCH2724,UTR0285773142,0,0,1,0,0,1,0
TXN00007141,2026-03-13 03:57:01,USR85257,MCH7406,23644.95,UTR8062099675,4110,SUCCESS,TXN00007141,USR85257,MCH7406,UTR8062099675,0,0,0,0,0,0,0
TXN00015020,2026-03-25 04:29:41,USR85810,MCH6131,17213.0,UTR6434911702,9120,SUCCESS,TXN00015020,USR85810,MCH6131,UTR 6434911702,0,0,0,0,0,0,0
TXN00013542,2026-03-23 00:00:00,USR65428,MCH8699,21846.76,UTR5001334695,4110,SUCCESS,TXN00013542,USR65428,MCH8699,UTR5001334695,0,0,0,0,0,0,0
TXN00007421,2026-03-27 05:18:42,USR72852,MCH1306,4913.89,UTR8687595155,0110,SUCCESS,TXN00007421,USR72852,MCH1306,UTR8687595155,0,0,0,0,0,0,0
TXN00007083,2026-03-14 00:00:00,USR83565,MCH2103,10824.85,UTR1979167916,0110,SUCCESS,TXN00007083,USR83565,MCH2103,UTR1979167916,0,0,0,0,0,0,0
TXN00007795,2026-01-04 03:52:35,USR37037,MCH7768,18181.01,UTR9217045582,9120,SUCCESS,TXN00007795,USR37037,MCH7768,UTR9217045582,0,0,0,0,0,0,0
TXN00015587,2026-02-23 13:29:17,USR13875,MCH6858,5205.12,UTR7275598733,8120,SUCCESS,TXN00015587,USR13875,MCH6858,UTR7275598733,0,0,0,0,0,0,0
TXN00008622,2026-01-02 02:38:38,USR61270,MCH3465,4508.19,UTR2560363206,8120,SUCCESS,TXN00008622,USR61270,MCH3465,UTR2560363206,0,0,0,0,0,0,0
TXN00001694,2026-02-28 22:33:50,USR62257,MCH8020,3667.89,UTR5901244993,9120,SUCCESS,TXN00001694,USR62257,MCH8020,UTR5901244993,0,0,0,0,0,0,0
TXN00011981,2026-02-19 03:50:41,USR79776,MCH6316,3554.3,UTR9373903701,4110,SUCCESS,TXN00011981,USR79776,MCH6316,UTR9373903701,0,0,0,0,0,0,0
TXN00005707,2026-03-19 17:11:04,USR43455,MCH8777,22396.44,UTR9231683969,4110,SUCCESS,TXN00005707,USR43455,MCH8777,UTR9231683969,0,0,0,0,0,0,0
TXN00002044,2026-02-11 01:30:51,USR57932,MCH1605,2878.07,UTR3996716791,1310,SUCCESS,TXN00002044,USR57932,MCH1605,UTR3996716791,0,0,0,0,0,0,0
TXN00018177,2026-01-14 23:53:53,USR39333,MCH2232,0.691672,UTR0832875989,4110,FAILED,TXN00018177,USR39333,MCH2232,UTR0832875989,0,0,0,0,0,1,0
TXN00014837,2026-01-17 08:23:50,USR75235,MCH1722,10449.23,UTR2762980231,8120,SUCCESS,TXN00014837,USR75235,MCH1722,UTR2762980231,0,0,0,0,0,0,0
TXN00001109,2026-03-27 10:47:55,USR82964,MCH1317,17403.56,UTR4742285481,8120,SUCCESS,TXN00001109,USR82964,MCH1317,UTR 4742285481,0,0,0,0,0,0,0
TXN00007990,2026-03-14 19:01:12,USR11468,MCH3011,20967.16,UTR4962774036,,SUCCESS,TXN00007990,USR11468,MCH3011,UTR4962774036,0,0,1,0,0,0,0
TXN00011157,2026-02-19 21:23:44,USR85170,MCH9374,23576.79,UTR6859099731,9120,SUCCESS,TXN00011157,USR85170,MCH9374,UTR6859099731,0,0,0,0,0,0,0
TXN00006127,2026-03-17 15:03:52,USR32834,MCH5637,12748.05,UTR3695610800,0110,SUCCESS,TXN00006127,USR32834,MCH5637,UTR3695610800,0,0,0,0,0,0,0
TXN00015318,2026-03-05 22:27:36,USR60859,MCH8366,-5836.35,UTR4090596692,9120,SUCCESS,TXN00015318,USR60859,MCH8366,UTR4090596692,1,0,0,0,0,0,0
TXN00016927,2026-01-29 23:10:30,USR13473,MCH1430,4182.78,UTR7008725078,1310,PENDING,TXN00016927,USR13473,MCH1430,UTR7008725078,0,0,0,0,0,0,1
TXN00013145,2026-03-26 02:43:53,USR18749,MCH9108,2815.7,UTR2091173766,0110,SUCCESS,TXN00013145,USR18749,MCH9108,UTR2091173766,0,0,0,0,0,0,0
TXN00015172,2026-01-30 23:46:09,USR79419,MCH2138,0.27228,UTR6429759888,,SUCCESS,TXN00015172,USR79419,MCH2138,UTR 6429759888,0,0,1,0,0,0,0
TXN00010004,2026-01-06 06:35:17,USR80991,MCH8431,15185.59,UTR2801672739,4110,SUCCESS,TXN00010004,USR80991,MCH8431,UTR2801672739,0,0,0,0,0,0,0
TXN00017373,2026-01-19 17:50:56,USR53625,MCH4084,188.18,UTR3813583784,4110,SUCCESS,TXN00017373,USR53625,MCH4084,UTR3813583784,0,0,0,0,0,0,0
TXN00004891,2026-02-08 15:20:56,USR47889,MCH3669,7909.37,UTR6219821754,1310,SUCCESS,TXN00004891,USR47889,MCH3669,UTR6219821754,0,0,0,0,0,0,0
TXN00013362,2026-01-07 18:57:39,USR76216,MCH8832,9542.21,UTR7653479022,9120,PENDING,TXN00013362,USR76216,MCH8832,UTR7653479022,0,0,0,0,0,0,1
TXN00002588,2026-01-15 12:24:21,USR44953,MCH3974,17068.6,UTR4945044900,4110,SUCCESS,TXN00002588,USR44953,MCH3974,UTR4945044900,0,0,0,0,0,0,0
TXN00010570,2026-03-09 04:58:02,USR43411,MCH2758,14761.57,UTR2776679300,4110,SUCCESS,TXN00010570,USR43411,MCH2758,UTR2776679300,0,0,0,0,0,0,0
TXN00019267,2026-03-23 10:31:20,USR69680,MCH5270,815.69,,9120,SUCCESS,TXN00019267,USR69680,MCH5270,,0,1,0,0,0,0,0
TXN00010637,2026-02-21 13:36:11,USR56998,MCH4912,-11104.18,UTR9248234479,0110,FAILED,TXN00010637,USR56998,MCH4912,UTR9248234479,1,0,0,0,0,1,0
TXN00015562,2026-02-17 00:00:00,USR60672,MCH8499,5493.0,UTR5392937781,8120,SUCCESS,TXN00015562,USR60672,MCH8499,UTR5392937781,0,0,0,0,0,0,0
TXN00007751,2026-01-16 03:29:45,USR44698,MCH4366,3965.49,UTR2122084543,8120,SUCCESS,TXN00007751,USR44698,MCH4366,UTR 2122084543,0,0,0,0,0,0,0
TXN00007705,2026-02-04 06:46:26,USR77668,MCH9640,1238.53,UTR6753528291,,SUCCESS,TXN00007705,USR77668,MCH9640,UTR6753528291,0,0,1,0,0,0,0
TXN00016724,2026-01-14 16:14:01,USR53384,MCH4642,19066.0,UTR2706114840,1310,SUCCESS,TXN00016724,USR53384,MCH4642,UTR2706114840,0,0,0,0,0,0,0
TXN00001469,2026-03-14 10:59:15,USR73878,MCH1789,-21770.13,UTR1651564080,1310,SUCCESS,TXN00001469,USR73878,MCH1789,UTR1651564080,1,0,0,0,0,0,0
TXN00001468,2026-02-19 08:17:13,USR54693,MCH7549,10178.63,UTR5407290340,4110,SUCCESS,TXN00001468,USR54693,MCH7549,UTR5407290340,0,0,0,0,0,0,0
TXN00006363,2026-01-17 13:19:20,USR86280,MCH4519,0.601372,UTR8299364600,4110,SUCCESS,TXN00006363,USR86280,MCH4519,UTR8299364600,0,0,0,0,0,0,0
TXN00002400,2026-03-05 16:43:05,USR16669,MCH9325,15926.19,UTR0887513805,9120,SUCCESS,TXN00002400,USR16669,MCH9325,UTR0887513805,0,0,0,0,0,0,0
TXN00006314,2026-03-07 05:01:07,USR39133,MCH5362,6743.0,UTR0967969183,,SUCCESS,TXN00006314,USR39133,MCH5362,UTR0967969183,0,0,1,0,0,0,0
TXN00013795,2026-03-21 02:16:41,USR62442,MCH8027,21913.38,UTR6429945684,1310,SUCCESS,TXN00013795,USR62442,MCH8027,UTR 6429945684,0,0,0,0,0,0,0
TXN00005823,2026-03-08 11:49:15,USR59584,MCH5154,17717.5,UTR3183213766,4110,SUCCESS,TXN00005823,USR59584,MCH5154,UTR3183213766,0,0,0,0,0,0,0
TXN00006265,2026-01-01 21:40:52,USR45169,MCH7659,21065.03,UTR1256550596,4110,SUCCESS,TXN00006265,USR45169,MCH7659,UTR1256550596,0,0,0,0,0,0,0
TXN00011974,2026-03-31 04:22:03,USR18997,MCH8793,15569.0,UTR2543282935,8120,SUCCESS,TXN00011974,USR18997,MCH8793,UTR2543282935,0,0,0,0,0,0,0
TXN00013171,2026-03-01 09:47:51,USR39123,MCH4986,13307.68,UTR5752187518,,SUCCESS,TXN00013171,USR39123,MCH4986,UTR 5752187518,0,0,1,0,0,0,0
TXN00002662,2026-03-16 21:43:42,USR28860,MCH9547,22005.12,UTR2719082239,,SUCCESS,TXN00002662,USR28860,MCH9547,UTR2719082239,0,0,1,0,0,0,0
TXN00005481,2026-01-01 04:11:21,USR88624,MCH7719,20293.0,UTR0540545873,0110,SUCCESS,TXN00005481,USR88624,MCH7719,UTR0540545873,0,0,0,0,0,0,0
TXN00009698,2026-01-07 18:11:51,USR89621,MCH8709,18590.13,,4110,SUCCESS,TXN00009698,USR89621,MCH8709,,0,1,0,0,0,0,0
TXN00009686,2026-01-12 02:23:29,USR39020,MCH5041,0.1127006,UTR0812801526,9120,SUCCESS,TXN00009686,USR39020,MCH5041,UTR0812801526,0,0,0,0,0,0,0
TXN00018920,2026-03-08 10:51:50,USR40725,MCH1605,24867.31,UTR5450070825,1310,SUCCESS,TXN00018920,USR40725,MCH1605,UTR5450070825,0,0,0,0,0,0,0
TXN00006120,2026-03-30 00:34:47,USR44722,MCH9041,16804.77,UTR1497872072,0110,SUCCESS,TXN00006120,USR44722,MCH9041,UTR1497872072,0,0,0,0,0,0,0
TXN00015677,2026-02-09 08:49:01,USR56753,MCH2220,0.763468,UTR2216623577,0110,SUCCESS,TXN00015677,USR56753,MCH2220,UTR2216623577,0,0,0,0,0,0,0
TXN00017344,2026-01-12 03:28:35,USR67138,MCH5830,6424.9,UTR4414715665,8120,SUCCESS,TXN00017344,USR67138,MCH5830,UTR 4414715665,0,0,0,0,0,0,0
TXN00017001,2026-03-12 03:02:54,USR84003,MCH4686,-20325.56,UTR5934468266,9120,SUCCESS,TXN00017001,USR84003,MCH4686,UTR5934468266,1,0,0,0,0,0,0
TXN00008005,2026-02-20 20:58:06,USR41977,MCH3209,14216.12,UTR8796371086,0110,SUCCESS,TXN00008005,USR41977,MCH3209,UTR8796371086,0,0,0,0,0,0,0
TXN00011433,2026-02-02 21:04:08,USR87537,MCH8283,24485.7,UTR7977412444,,SUCCESS,TXN00011433,USR87537,MCH8283,UTR7977412444,0,0,1,0,0,0,0
TXN00005887,2026-02-15 01:42:26,USR94972,MCH2355,14150.64,UTR4751577983,0110,SUCCESS,TXN00005887,USR94972,MCH2355,UTR4751577983,0,0,0,0,0,0,0
TXN00006838,2026-03-23 20:39:30,USR42594,MCH4915,0.1548184,UTR6723254050,1310,SUCCESS,TXN00006838,USR42594,MCH4915,UTR6723254050,0,0,0,0,0,0,0
TXN00006220,2026-03-12 14:25:34,USR76296,MCH9902,3793.75,UTR6595826878,4110,SUCCESS,TXN00006220,USR76296,MCH9902,UTR6595826878,0,0,0,0,0,0,0
TXN00014574,2026-03-15 20:04:45,USR31488,MCH7464,21310.36,UTR0914320928,1310,FAILED,TXN00014574,USR31488,MCH7464,UTR0914320928,0,0,0,0,0,1,0
TXN00014071,2026-12-03 05:29:41,USR82083,MCH3202,13643.9,UTR7657241986,8120,FAILED,TXN00014071,USR82083,MCH3202,UTR 7657241986,0,0,0,0,0,1,0
TXN00016476,2026-01-23 20:02:22,USR27770,MCH4271,0.448845,UTR2188575267,9120,SUCCESS,TXN00016476,USR27770,MCH4271,UTR2188575267,0,0,0,0,0,0,0
TXN00000067,2026-02-06 18:02:56,USR75735,MCH4396,3532.0,UTR1819398442,8120,SUCCESS,TXN00000067,USR75735,MCH4396,UTR1819398442,0,0,0,0,0,0,0
TXN00013214,2026-03-20 08:15:44,USR39220,MCH2418,23163.0,UTR0279404834,4110,SUCCESS,TXN00013214,USR39220,MCH2418,UTR0279404834,0,0,0,0,0,0,0
TXN00005756,2026-02-20 17:39:27,USR28519,MCH1874,9577.01,UTR0985157399,8120,SUCCESS,TXN00005756,USR28519,MCH1874,UTR0985157399,0,0,0,0,0,0,0
TXN00011139,2026-03-27 06:37:39,USR11558,MCH4130,17207.0,UTR4300630662,4110,SUCCESS,TXN00011139,USR11558,MCH4130,UTR4300630662,0,0,0,0,0,0,0
TXN00005626,2026-02-16 15:14:46,USR62144,MCH8845,21094.78,UTR4974526197,8120,SUCCESS,TXN00005626,USR62144,MCH8845,UTR4974526197,0,0,0,0,0,0,0
TXN00007613,2026-01-04 12:01:42,USR75208,MCH9815,22549.0,UTR3335134619,8120,SUCCESS,TXN00007613,USR75208,MCH9815,UTR3335134619,0,0,0,0,0,0,0
TXN00014963,2026-09-03 21:24:16,USR23960,MCH2259,21939.86,UTR4392185768,0110,SUCCESS,TXN00014963,USR23960,MCH2259,UTR4392185768,0,0,0,0,0,0,0
TXN00008773,2026-02-26 14:29:59,USR81760,MCH3904,13910.35,,,SUCCESS,TXN00008773,USR81760,MCH3904,,0,1,1,0,0,0,0
TXN00012853,2026-02-02 20:18:16,USR39627,MCH1737,21922.43,UTR2147309823,8120,SUCCESS,TXN00012853,USR39627,MCH1737,UTR2147309823,0,0,0,0,0,0,0
TXN00010499,2026-03-01 21:17:35,USR49178,MCH4296,7458.0,UTR4517043305,,SUCCESS,TXN00010499,USR49178,MCH4296,UTR4517043305,0,0,1,0,0,0,0
TXN00008103,2026-02-06 06:39:12,USR93267,MCH5019,0.97274,UTR5208076957,9120,SUCCESS,TXN00008103,USR93267,MCH5019,UTR5208076957,0,0,0,0,0,0,0
TXN00003636,2026-01-23 07:09:21,USR73935,MCH7759,12158.4,UTR6271621968,9120,SUCCESS,TXN00003636,USR73935,MCH7759,UTR 6271621968,0,0,0,0,0,0,0
TXN00016020,2026-01-12 16:26:45,USR54444,MCH2921,24207.77,UTR5915965218,0110,SUCCESS,TXN00016020,USR54444,MCH2921,UTR5915965218,0,0,0,0,0,0,0
TXN00006679,2026-03-02 14:24:57,USR85708,MCH1457,13886.84,UTR5928078617,4110,SUCCESS,TXN00006679,USR85708,MCH1457,UTR5928078617,0,0,0,0,0,0,0
TXN00005565,2026-01-11 04:01:37,USR24267,MCH4787,23268.0,UTR2474947080,,SUCCESS,TXN00005565,USR24267,MCH4787,UTR2474947080,0,0,1,0,0,0,0
TXN00002580,2026-03-01 17:51:55,USR54843,MCH2424,16198.96,UTR3668688766,4110,SUCCESS,TXN00002580,USR54843,MCH2424,UTR3668688766,0,0,0,0,0,0,0
TXN00009477,2026-02-20 17:09:06,USR17890,MCH2709,24471.61,UTR7195905385,9120,SUCCESS,TXN00009477,USR17890,MCH2709,UTR7195905385,0,0,0,0,0,0,0
TXN00010711,2026-01-08 20:38:53,USR94245,MCH5239,13879.91,UTR9464747816,1310,PENDING,TXN00010711,USR94245,MCH5239,UTR9464747816,0,0,0,0,0,0,1
TXN00012098,2026-03-17 22:28:34,USR56698,MCH3020,21827.16,UTR1869156511,,SUCCESS,TXN00012098,USR56698,MCH3020,UTR1869156511,0,0,1,0,0,0,0
TXN00018531,2026-03-28 14:03:50,USR10382,MCH6531,1117.86,UTR1337068770,0110,SUCCESS,TXN00018531,USR10382,MCH6531,UTR1337068770,0,0,0,0,0,0,0
TXN00017370,2026-02-19 18:34:34,USR15463,MCH7672,5444.33,UTR2729417796,8120,SUCCESS,TXN00017370,USR15463,MCH7672,UTR2729417796,0,0,0,0,0,0,0
TXN00000109,2026-01-17 00:00:00,USR20652,MCH3732,5727.67,UTR3671942563,1310,SUCCESS,TXN00000109,USR20652,MCH3732,UTR3671942563,0,0,0,0,0,0,0
TXN00007730,2026-01-18 17:55:07,USR31577,MCH1931,13564.24,UTR9206909378,8120,SUCCESS,TXN00007730,USR31577,MCH1931,UTR9206909378,0,0,0,0,0,0,0
TXN00012552,2026-01-21 07:32:24,USR56941,MCH9316,3370.08,UTR3559400947,8120,SUCCESS,TXN00012552,USR56941,MCH9316,UTR3559400947,0,0,0,0,0,0,0
TXN00004778,2026-03-17 02:17:36,USR99449,MCH6827,7702.4,UTR7961960650,,SUCCESS,TXN00004778,USR99449,MCH6827,UTR7961960650,0,0,1,0,0,0,0
TXN00005061,2026-03-17 02:26:58,USR21627,MCH9592,23322.36,UTR9974808090,4110,SUCCESS,TXN00005061,USR21627,MCH9592,UTR9974808090,0,0,0,0,0,0,0
TXN00004770,2026-01-10 22:40:21,USR84581,MCH5114,0.864603,UTR0104327963,9120,PENDING,TXN00004770,USR84581,MCH5114,UTR 0104327963,0,0,0,0,0,0,1
TXN00019513,2026-02-22 09:44:56,USR43259,MCH6576,24982.49,UTR0056382431,1310,SUCCESS,TXN00019513,USR43259,MCH6576,UTR0056382431,0,0,0,0,0,0,0
TXN00008849,2026-01-07 00:29:35,USR27123,MCH5492,-10981.34,UTR2243480024,1310,SUCCESS,TXN00008849,USR27123,MCH5492,UTR2243480024,1,0,0,0,0,0,0
TXN00005335,2026-02-07 16:59:38,USR90505,MCH2127,24164.3,UTR2077660584,4110,SUCCESS,TXN00005335,USR90505,MCH2127,UTR2077660584,0,0,0,0,0,0,0
TXN00010964,2026-02-13 07:11:30,USR75085,MCH7751,8854.11,UTR8894869098,,SUCCESS,TXN00010964,USR75085,MCH7751,UTR8894869098,0,0,1,0,0,0,0
TXN00001696,2026-02-04 04:58:02,USR66596,MCH4504,1713.63,UTR3426489662,4110,PENDING,TXN00001696,USR66596,MCH4504,UTR 3426489662,0,0,0,0,0,0,1
TXN00013412,2026-02-23 23:05:09,USR60470,MCH8123,0.538266,UTR6982159759,1310,SUCCESS,TXN00013412,USR60470,MCH8123,UTR6982159759,0,0,0,0,0,0,0
TXN00016546,2026-01-15 12:51:59,USR97150,MCH4250,12921.74,UTR5500688158,8120,SUCCESS,TXN00016546,USR97150,MCH4250,UTR5500688158,0,0,0,0,0,0,0
TXN00019533,2026-05-02 03:44:56,USR88220,MCH1073,8607.58,UTR6827207580,4110,PENDING,TXN00019533,USR88220,MCH1073,UTR6827207580,0,0,0,0,0,0,1
TXN00000814,2026-01-13 22:42:09,USR63194,MCH9408,23021.84,UTR9178770450,,SUCCESS,TXN00000814,USR63194,MCH9408,UTR9178770450,0,0,1,0,0,0,0
TXN00009938,2026-03-13 14:13:12,USR89910,MCH6711,16931.42,UTR4939740635,4110,FAILED,TXN00009938,USR89910,MCH6711,UTR4939740635,0,0,0,0,0,1,0
TXN00018526,2026-08-02 18:14:57,USR23179,MCH8811,22562.31,UTR0139795774,0110,SUCCESS,TXN00018526,USR23179,MCH8811,UTR 0139795774,0,0,0,0,0,0,0
TXN00008445,2026-01-26 19:23:43,USR48657,MCH9194,4499.69,UTR2393013187,4110,FAILED,TXN00008445,USR48657,MCH9194,UTR2393013187,0,0,0,0,0,1,0
TXN00007144,2026-02-16 14:22:25,USR42675,MCH5870,6627.76,UTR5033653533,,SUCCESS,TXN00007144,USR42675,MCH5870,UTR5033653533,0,0,1,0,0,0,0
TXN00001797,2026-01-22 11:49:22,USR68004,MCH5701,17910.92,UTR1432924295,,SUCCESS,TXN00001797,USR68004,MCH5701,UTR1432924295,0,0,1,0,0,0,0
TXN00011709,2026-02-09 01:25:45,USR79348,MCH1039,9387.28,UTR6707235694,9120,SUCCESS,TXN00011709,USR79348,MCH1039,UTR6707235694,0,0,0,0,0,0,0
TXN00001262,2026-03-06 02:54:32,USR76414,MCH8554,19941.0,UTR8940840442,1310,SUCCESS,TXN00001262,USR76414,MCH8554,UTR8940840442,0,0,0,0,0,0,0
TXN00002150,2026-02-11 17:46:16,USR33207,MCH5952,0.2070795,UTR7986693488,0110,SUCCESS,TXN00002150,USR33207,MCH5952,UTR7986693488,0,0,0,0,0,0,0
TXN00002853,2026-01-09 12:34:02,USR12542,MCH7416,4797.91,UTR1120399318,0110,SUCCESS,TXN00002853,USR12542,MCH7416,UTR1120399318,0,0,0,0,0,0,0
TXN00016210,2026-01-20 19:09:53,USR46889,MCH2573,0.845939,UTR5572070281,4110,SUCCESS,TXN00016210,USR46889,MCH2573,UTR 5572070281,0,0,0,0,0,0,0
TXN00002178,2026-03-14 12:40:08,USR73991,MCH3844,16076.0,UTR0537561202,8120,SUCCESS,TXN00002178,USR73991,MCH3844,UTR 0537561202,0,0,0,0,0,0,0
TXN00015076,2026-03-09 03:58:29,USR32096,MCH9364,13079.0,,0110,SUCCESS,TXN00015076,USR32096,MCH9364,,0,1,0,0,0,0,0
TXN00019379,2026-03-27 00:54:39,USR66076,MCH2005,7173.05,UTR0144600709,4110,SUCCESS,TXN00019379,USR66076,MCH2005,UTR0144600709,0,0,0,0,0,0,0
TXN00013034,2026-02-21 02:15:51,USR32302,MCH7425,2480.67,UTR1416267122,4110,SUCCESS,TXN00013034,USR32302,MCH7425,UTR1416267122,0,0,0,0,0,0,0
TXN00019041,2026-01-19 22:26:16,USR90835,MCH8549,17707.82,UTR5664531637,8120,SUCCESS,TXN00019041,USR90835,MCH8549,UTR5664531637,0,0,0,0,0,0,0
TXN00004204,2026-01-31 12:06:00,USR87303,MCH4734,24087.36,UTR8916926972,4110,SUCCESS,TXN00004204,USR87303,MCH4734,UTR8916926972,0,0,0,0,0,0,0
TXN00016784,2026-02-04 07:24:29,USR23003,MCH1259,12466.0,UTR3256233392,1310,SUCCESS,TXN00016784,USR23003,MCH1259,UTR3256233392,0,0,0,0,0,0,0
TXN00001464,2026-02-07 05:49:12,USR54217,MCH6682,16449.55,UTR5802399499,4110,SUCCESS,TXN00001464,USR54217,MCH6682,UTR5802399499,0,0,0,0,0,0,0
TXN00009464,2026-03-26 15:26:19,USR97887,MCH7639,12180.53,UTR8218017283,1310,SUCCESS,TXN00009464,USR97887,MCH7639,UTR 8218017283,0,0,0,0,0,0,0
TXN00005463,2026-03-09 08:06:46,USR48191,MCH7164,1710.25,UTR2803478069,,SUCCESS,TXN00005463,USR48191,MCH7164,UTR2803478069,0,0,1,0,0,0,0
TXN00001968,2026-01-13 06:02:51,USR78664,MCH2745,9062.26,UTR5023911271,,SUCCESS,TXN00001968,USR78664,MCH2745,UTR5023911271,0,0,1,0,0,0,0
TXN00014807,2026-02-21 18:26:56,USR27139,MCH1714,7264.53,UTR7653874840,,SUCCESS,TXN00014807,USR27139,MCH1714,UTR7653874840,0,0,1,0,0,0,0
TXN00004989,2026-02-18 04:06:27,USR91870,MCH7917,18283.95,UTR0283606853,,SUCCESS,TXN00004989,USR91870,MCH7917,UTR0283606853,0,0,1,0,0,0,0
TXN00012399,2026-02-11 01:49:33,USR48115,MCH6897,13392.79,UTR2362182923,1310,SUCCESS,TXN00012399,USR48115,MCH6897,UTR2362182923,0,0,0,0,0,0,0
TXN00013078,2026-03-24 18:02:39,USR57502,MCH3171,16342.48,UTR9551064547,9120,SUCCESS,TXN00013078,USR57502,MCH3171,UTR9551064547,0,0,0,0,0,0,0
TXN00008416,2026-02-05 13:40:00,USR83999,MCH7399,1208.46,UTR3298689873,0110,SUCCESS,TXN00008416,USR83999,MCH7399,UTR 3298689873,0,0,0,0,0,0,0
TXN00017364,2026-01-29 13:49:02,USR97031,MCH2150,4787.66,UTR5109135633,4110,SUCCESS,TXN00017364,USR97031,MCH2150,UTR5109135633,0,0,0,0,0,0,0
TXN00003206,2026-03-12 00:28:40,USR72805,MCH7942,20949.33,UTR8621088705,0110,SUCCESS,TXN00003206,USR72805,MCH7942,UTR8621088705,0,0,0,0,0,0,0
TXN00018630,2026-01-12 10:56:33,USR34387,MCH2690,18164.37,UTR4436266223,4110,SUCCESS,TXN00018630,USR34387,MCH2690,UTR4436266223,0,0,0,0,0,0,0
TXN00012859,2026-01-06 23:13:53,USR47334,MCH1555,11706.96,UTR0303172867,1310,SUCCESS,TXN00012859,USR47334,MCH1555,UTR0303172867,0,0,0,0,0,0,0
TXN00015188,2026-06-01 17:02:35,USR87820,MCH7108,12776.2,UTR4149019951,8120,SUCCESS,TXN00015188,USR87820,MCH7108,UTR 4149019951,0,0,0,0,0,0,0
TXN00003176,2026-02-05 18:20:09,USR40776,MCH4769,0.464931,UTR6732832687,1310,SUCCESS,TXN00003176,USR40776,MCH4769,UTR6732832687,0,0,0,0,0,0,0
TXN00019292,2026-02-20 13:46:14,USR66784,MCH7066,24913.95,UTR7694917716,8120,SUCCESS,TXN00019292,USR66784,MCH7066,UTR7694917716,0,0,0,0,0,0,0
TXN00004792,2026-01-16 22:25:09,USR66324,MCH7874,23836.0,UTR3884760168,4110,SUCCESS,TXN00004792,USR66324,MCH7874,UTR3884760168,0,0,0,0,0,0,0
TXN00009826,2026-03-18 14:20:11,USR34060,MCH9470,19793.09,UTR7476350411,4110,SUCCESS,TXN00009826,USR34060,MCH9470,UTR7476350411,0,0,0,0,0,0,0
TXN00016336,2026-01-22 00:00:00,USR82628,MCH6725,24257.64,UTR6370862602,8120,SUCCESS,TXN00016336,USR82628,MCH6725,UTR6370862602,0,0,0,0,0,0,0
TXN00016260,2026-02-09 01:54:10,USR36289,MCH4471,17985.0,UTR5835749004,9120,SUCCESS,TXN00016260,USR36289,MCH4471,UTR5835749004,0,0,0,0,0,0,0
TXN00011465,2026-03-16 00:00:00,USR63329,MCH1980,16805.39,UTR7507042025,9120,SUCCESS,TXN00011465,USR63329,MCH1980,UTR7507042025,0,0,0,0,0,0,0
TXN00007856,2026-02-23 22:02:09,USR55264,MCH7398,10533.76,UTR6586688601,1310,FAILED,TXN00007856,USR55264,MCH7398,UTR6586688601,0,0,0,0,0,1,0
TXN00007979,2026-01-17 00:00:00,USR15938,MCH5557,18295.0,,1310,SUCCESS,TXN00007979,USR15938,MCH5557,,0,1,0,0,0,0,0
TXN00006863,2026-02-03 22:10:04,USR23167,MCH9992,0.2394459,UTR5313542154,8120,SUCCESS,TXN00006863,USR23167,MCH9992,UTR5313542154,0,0,0,0,0,0,0
TXN00002823,2026-03-01 12:22:56,USR18273,MCH5388,0.1586275,,4110,SUCCESS,TXN00002823,USR18273,MCH5388,,0,1,0,0,0,0,0
TXN00019369,2026-01-15 16:51:52,USR49408,MCH4124,19345.56,UTR6450597513,4110,SUCCESS,TXN00019369,USR49408,MCH4124,UTR6450597513,0,0,0,0,0,0,0
TXN00017722,2026-01-11 00:00:00,USR32739,MCH7749,7683.99,UTR4040649215,,SUCCESS,TXN00017722,USR32739,MCH7749,UTR4040649215,0,0,1,0,0,0,0
TXN00013272,2026-01-24 06:21:43,USR84007,MCH1812,8177.24,UTR3308259104,4110,SUCCESS,TXN00013272,USR84007,MCH1812,UTR3308259104,0,0,0,0,0,0,0
TXN00009441,2026-01-20 14:55:24,USR57386,MCH9241,4287.91,UTR5048987429,0110,SUCCESS,TXN00009441,USR57386,MCH9241,UTR 5048987429,0,0,0,0,0,0,0
TXN00001912,2026-03-18 16:47:51,USR86922,MCH6600,21917.5,UTR3628966153,4110,SUCCESS,TXN00001912,USR86922,MCH6600,UTR3628966153,0,0,0,0,0,0,0
TXN00006028,2026-02-07 16:44:46,USR80016,MCH9396,3231.28,UTR3416940663,1310,SUCCESS,TXN00006028,USR80016,MCH9396,UTR3416940663,0,0,0,0,0,0,0
TXN00003499,2026-06-02 06:36:32,USR56876,MCH4434,4924.37,UTR4642712727,4110,SUCCESS,TXN00003499,USR56876,MCH4434,UTR4642712727,0,0,0,0,0,0,0
TXN00003469,2026-01-07 00:45:36,USR25216,MCH3807,20935.8,UTR7312792876,1310,FAILED,TXN00003469,USR25216,MCH3807,UTR7312792876,0,0,0,0,0,1,0
TXN00014061,2026-01-02 03:42:26,USR70243,MCH8071,19264.53,UTR2722138680,1310,SUCCESS,TXN00014061,USR70243,MCH8071,UTR2722138680,0,0,0,0,0,0,0
TXN00010770,2026-02-17 04:59:26,USR43897,MCH9341,14937.76,UTR3540442335,8120,SUCCESS,TXN00010770,USR43897,MCH9341,UTR3540442335,0,0,0,0,0,0,0
TXN00014766,2026-03-09 17:13:34,USR94631,MCH9490,8835.33,UTR4560584213,,SUCCESS,TXN00014766,USR94631,MCH9490,UTR 4560584213,0,0,1,0,0,0,0
TXN00004231,2026-02-23 09:49:26,USR30087,MCH3846,17546.44,UTR5624746135,8120,SUCCESS,TXN00004231,USR30087,MCH3846,UTR5624746135,0,0,0,0,0,0,0
TXN00004519,2026-01-17 07:57:19,USR75765,MCH7089,4915.39,UTR3763215094,8120,SUCCESS,TXN00004519,USR75765,MCH7089,UTR 3763215094,0,0,0,0,0,0,0
TXN00000495,2026-03-01 09:18:44,USR46016,MCH9009,11597.82,,0110,SUCCESS,TXN00000495,USR46016,MCH9009,,0,1,0,0,0,0,0
TXN00005350,2026-02-21 09:39:59,USR26044,MCH4561,17325.79,UTR7545512522,4110,SUCCESS,TXN00005350,USR26044,MCH4561,UTR7545512522,0,0,0,0,0,0,0
TXN00018068,2026-02-26 03:13:39,USR66908,MCH6572,16692.0,UTR2275147429,1310,FAILED,TXN00018068,USR66908,MCH6572,UTR2275147429,0,0,0,0,0,1,0
TXN00019156,2026-02-02 16:25:45,USR42774,MCH9426,6661.09,UTR7899244117,8120,SUCCESS,TXN00019156,USR42774,MCH9426,UTR7899244117,0,0,0,0,0,0,0
TXN00009434,2026-01-30 08:27:09,USR57890,MCH6561,0.727317,UTR0725736013,4110,FAILED,TXN00009434,USR57890,MCH6561,UTR0725736013,0,0,0,0,0,1,0
TXN00019195,2026-07-03 10:19:02,USR58618,MCH9115,17094.98,UTR0707095687,1310,SUCCESS,TXN00019195,USR58618,MCH9115,UTR0707095687,0,0,0,0,0,0,0
TXN00015377,2026-03-21 00:00:00,USR51719,MCH6479,21052.55,UTR5287648377,4110,SUCCESS,TXN00015377,USR51719,MCH6479,UTR5287648377,0,0,0,0,0,0,0
TXN00002864,2026-01-29 04:35:35,USR70645,MCH1486,14544.74,UTR3210363450,8120,SUCCESS,TXN00002864,USR70645,MCH1486,UTR3210363450,0,0,0,0,0,0,0
TXN00004783,2026-03-04 06:58:50,USR99313,MCH8403,0.1389318,UTR6879214243,0110,SUCCESS,TXN00004783,USR99313,MCH8403,UTR6879214243,0,0,0,0,0,0,0
TXN00013664,2026-02-14 00:31:29,USR32787,MCH2694,17197.45,UTR8845493293,0110,FAILED,TXN00013664,USR32787,MCH2694,UTR8845493293,0,0,0,0,0,1,0
TXN00018019,2026-01-25 09:52:56,USR96945,MCH9134,8252.4,UTR9879413659,9120,SUCCESS,TXN00018019,USR96945,MCH9134,UTR9879413659,0,0,0,0,0,0,0
TXN00000377,2026-03-31 22:35:29,USR25198,MCH4448,0.2112343,UTR3078902095,1310,SUCCESS,TXN00000377,USR25198,MCH4448,UTR3078902095,0,0,0,0,0,0,0
TXN00009326,2026-03-08 23:51:22,USR30443,MCH4202,23558.1,UTR4006270794,0110,SUCCESS,TXN00009326,USR30443,MCH4202,UTR4006270794,0,0,0,0,0,0,0
TXN00001715,2026-01-04 00:00:00,USR42597,MCH8872,1463.51,UTR9590385062,8120,SUCCESS,TXN00001715,USR42597,MCH8872,UTR9590385062,0,0,0,0,0,0,0
TXN00005190,2026-01-12 15:25:07,USR82388,MCH2323,6896.41,UTR7337231007,4110,SUCCESS,TXN00005190,USR82388,MCH2323,UTR7337231007,0,0,0,0,0,0,0
TXN00003180,2026-02-10 10:36:33,USR45800,MCH6066,17131.51,UTR8263054317,4110,SUCCESS,TXN00003180,USR45800,MCH6066,UTR8263054317,0,0,0,0,0,0,0
TXN00014845,2026-02-10 13:38:12,USR76062,MCH8739,19956.29,UTR0625794992,8120,SUCCESS,TXN00014845,USR76062,MCH8739,UTR0625794992,0,0,0,0,0,0,0
TXN00007082,2026-03-24 15:52:37,USR25793,MCH6579,19130.01,,1310,FAILED,TXN00007082,USR25793,MCH6579,,0,1,0,0,0,1,0
TXN00005468,2026-01-22 16:10:49,USR56538,MCH7730,21459.49,UTR6486989613,0110,SUCCESS,TXN00005468,USR56538,MCH7730,UTR6486989613,0,0,0,0,0,0,0
TXN00017298,2026-10-02 18:27:16,USR95790,MCH6389,20441.0,UTR6416731517,8120,SUCCESS,TXN00017298,USR95790,MCH6389,UTR 6416731517,0,0,0,0,0,0,0
TXN00010486,2026-01-18 02:51:51,USR63706,MCH7645,21220.33,UTR4473948187,0110,SUCCESS,TXN00010486,USR63706,MCH7645,UTR 4473948187,0,0,0,0,0,0,0
TXN00000233,2026-02-21 11:48:49,USR87735,MCH1132,14426.83,UTR2400752280,0110,SUCCESS,TXN00000233,USR87735,MCH1132,UTR2400752280,0,0,0,0,0,0,0
TXN00019391,2026-03-01 08:14:21,USR85100,MCH4011,22379.73,UTR6147868316,,SUCCESS,TXN00019391,USR85100,MCH4011,UTR6147868316,0,0,1,0,0,0,0
TXN00011167,2026-02-22 18:56:29,USR15539,MCH8999,1551.39,UTR5273331077,8120,SUCCESS,TXN00011167,USR15539,MCH8999,UTR5273331077,0,0,0,0,0,0,0
TXN00012918,2026-01-20 03:43:56,USR45153,MCH5941,0.1533068,UTR7349518250,4110,SUCCESS,TXN00012918,USR45153,MCH5941,UTR7349518250,0,0,0,0,0,0,0
TXN00017365,2026-02-15 08:17:26,USR36110,MCH8858,19875.82,UTR8775105037,1310,FAILED,TXN00017365,USR36110,MCH8858,UTR8775105037,0,0,0,0,0,1,0
TXN00009649,2026-01-30 07:59:10,USR71073,MCH7809,14749.96,UTR1235375794,9120,SUCCESS,TXN00009649,USR71073,MCH7809,UTR1235375794,0,0,0,0,0,0,0
TXN00017552,2026-03-01 10:48:37,USR99410,MCH6446,2704.51,UTR0853982420,4110,SUCCESS,TXN00017552,USR99410,MCH6446,UTR0853982420,0,0,0,0,0,0,0
TXN00014339,2026-01-25 07:57:13,USR66881,MCH8144,9317.95,UTR7570787303,1310,SUCCESS,TXN00014339,USR66881,MCH8144,UTR7570787303,0,0,0,0,0,0,0
TXN00006687,2026-03-10 23:20:37,USR67513,MCH6815,9322.7,UTR7072901985,,PENDING,TXN00006687,USR67513,MCH6815,UTR7072901985,0,0,1,0,0,0,1
TXN00006094,2026-03-03 14:15:05,USR12026,MCH2728,14097.79,UTR6647469734,,PENDING,TXN00006094,USR12026,MCH2728,UTR6647469734,0,0,1,0,0,0,1
TXN00000919,2026-02-07 18:06:10,USR87250,MCH6593,19092.51,UTR4572560994,9120,SUCCESS,TXN00000919,USR87250,MCH6593,UTR4572560994,0,0,0,0,0,0,0
TXN00001344,2026-03-25 00:00:00,USR58913,MCH1208,18181.96,UTR5033869108,,SUCCESS,TXN00001344,USR58913,MCH1208,UTR5033869108,0,0,1,0,0,0,0
TXN00004486,2026-03-26 00:48:46,USR84959,MCH6114,18559.36,UTR6335345793,8120,FAILED,TXN00004486,USR84959,MCH6114,UTR6335345793,0,0,0,0,0,1,0
TXN00014792,2026-02-26 21:51:10,USR88278,MCH5437,9089.71,UTR5560257494,4110,SUCCESS,TXN00014792,USR88278,MCH5437,UTR 5560257494,0,0,0,0,0,0,0
TXN00005157,2026-02-08 03:38:45,USR63191,MCH2395,4609.28,,0110,SUCCESS,TXN00005157,USR63191,MCH2395,,0,1,0,0,0,0,0
TXN00008723,2026-03-21 10:28:43,USR66550,MCH5047,5509.0,UTR5994967822,0110,SUCCESS,TXN00008723,USR66550,MCH5047,UTR5994967822,0,0,0,0,0,0,0
TXN00007720,2026-01-08 09:09:35,USR68473,MCH7208,24638.0,UTR0496501630,1310,SUCCESS,TXN00007720,USR68473,MCH7208,UTR0496501630,0,0,0,0,0,0,0
TXN00015466,2026-01-21 21:28:56,USR96757,MCH1715,15966.74,UTR6352348000,,SUCCESS,TXN00015466,USR96757,MCH1715,UTR6352348000,0,0,1,0,0,0,0
TXN00005380,2026-01-31 21:00:13,USR28546,MCH6073,5964.86,,9120,SUCCESS,TXN00005380,USR28546,MCH6073,,0,1,0,0,0,0,0
TXN00008218,2026-01-04 06:05:04,USR85303,MCH9257,7841.06,UTR2107696536,4110,SUCCESS,TXN00008218,USR85303,MCH9257,UTR2107696536,0,0,0,0,0,0,0
TXN00000249,2026-03-27 05:54:38,USR50537,MCH6667,24090.86,UTR0449201940,4110,SUCCESS,TXN00000249,USR50537,MCH6667,UTR0449201940,0,0,0,0,0,0,0
TXN00018889,2026-02-26 06:29:48,USR39072,MCH2902,23512.79,UTR1144030168,4110,SUCCESS,TXN00018889,USR39072,MCH2902,UTR1144030168,0,0,0,0,0,0,0
TXN00014230,2026-02-13 06:37:47,USR46981,MCH6934,2450.68,UTR7001691711,8120,SUCCESS,TXN00014230,USR46981,MCH6934,UTR7001691711,0,0,0,0,0,0,0
TXN00009673,2026-02-03 00:00:00,USR53961,MCH2105,9704.92,,0110,SUCCESS,TXN00009673,USR53961,MCH2105,,0,1,0,0,0,0,0
TXN00018272,2026-02-11 05:55:57,USR43756,MCH6152,10365.44,UTR9031334322,8120,PENDING,TXN00018272,USR43756,MCH6152,UTR9031334322,0,0,0,0,0,0,1
TXN00002102,2026-02-24 23:37:25,USR87000,MCH8005,13330.39,UTR4846683090,9120,SUCCESS,TXN00002102,USR87000,MCH8005,UTR4846683090,0,0,0,0,0,0,0
TXN00012484,2026-01-29 21:34:08,USR60367,MCH6234,1628.66,UTR6181564796,0110,FAILED,TXN00012484,USR60367,MCH6234,UTR6181564796,0,0,0,0,0,1,0
TXN00010027,2026-01-26 11:57:39,USR43386,MCH9948,22807.0,UTR2260229353,,SUCCESS,TXN00010027,USR43386,MCH9948,UTR 2260229353,0,0,1,0,0,0,0
TXN00013775,2026-02-14 02:36:02,USR41756,MCH2929,21984.29,UTR2975606793,4110,SUCCESS,TXN00013775,USR41756,MCH2929,UTR2975606793,0,0,0,0,0,0,0
TXN00008068,2026-02-12 21:36:32,USR45240,MCH8361,0.834086,UTR4123978014,4110,SUCCESS,TXN00008068,USR45240,MCH8361,UTR 4123978014,0,0,0,0,0,0,0
TXN00019799,2026-02-15 20:05:46,USR84965,MCH7676,0.2155869,UTR3942467675,9120,FAILED,TXN00019799,USR84965,MCH7676,UTR3942467675,0,0,0,0,0,1,0
TXN00008051,2026-03-14 17:05:25,USR11709,MCH5073,3192.0,UTR8983685874,1310,SUCCESS,TXN00008051,USR11709,MCH5073,UTR 8983685874,0,0,0,0,0,0,0
TXN00013071,2026-03-14 11:27:44,USR44881,MCH3013,10099.29,UTR7407435111,4110,SUCCESS,TXN00013071,USR44881,MCH3013,UTR7407435111,0,0,0,0,0,0,0
TXN00011535,2026-03-25 00:00:00,USR27899,MCH6111,9830.04,UTR3649962076,8120,FAILED,TXN00011535,USR27899,MCH6111,UTR 3649962076,0,0,0,0,0,1,0
TXN00014527,2026-02-07 02:59:23,USR85060,MCH3526,10002.47,UTR8983740231,4110,SUCCESS,TXN00014527,USR85060,MCH3526,UTR8983740231,0,0,0,0,0,0,0
TXN00009117,2026-03-10 16:04:47,USR81363,MCH8928,15074.16,UTR7845520360,9120,SUCCESS,TXN00009117,USR81363,MCH8928,UTR7845520360,0,0,0,0,0,0,0
TXN00019942,2026-03-27 18:12:16,USR75086,MCH7817,0.1438879,UTR1779717616,9120,SUCCESS,TXN00019942,USR75086,MCH7817,UTR1779717616,0,0,0,0,0,0,0
TXN00003746,2026-02-24 14:27:15,USR72438,MCH4317,5319.06,UTR1661884320,1310,SUCCESS,TXN00003746,USR72438,MCH4317,UTR1661884320,0,0,0,0,0,0,0
TXN00012728,2026-01-23 00:13:35,USR80769,MCH2749,20715.18,UTR8056710695,0110,SUCCESS,TXN00012728,USR80769,MCH2749,UTR8056710695,0,0,0,0,0,0,0
TXN00004777,2026-02-07 03:48:16,USR32199,MCH2673,24.94,UTR8880656673,1310,SUCCESS,TXN00004777,USR32199,MCH2673,UTR8880656673,0,0,0,0,0,0,0
TXN00000528,2026-01-25 09:09:17,USR47726,MCH9820,6842.0,UTR1091581509,,PENDING,TXN00000528,USR47726,MCH9820,UTR1091581509,0,0,1,0,0,0,1
TXN00003389,2026-03-26 16:35:04,USR15068,MCH2946,984.09,UTR6496652689,1310,SUCCESS,TXN00003389,USR15068,MCH2946,UTR6496652689,0,0,0,0,0,0,0
TXN00017432,2026-01-03 21:45:54,USR33431,MCH6757,24897.0,UTR6228748215,9120,SUCCESS,TXN00017432,USR33431,MCH6757,UTR6228748215,0,0,0,0,0,0,0
TXN00002486,2026-02-13 14:04:40,USR22723,MCH4235,24525.0,UTR9132834855,8120,SUCCESS,TXN00002486,USR22723,MCH4235,UTR 9132834855,0,0,0,0,0,0,0
TXN00008230,2026-01-31 07:16:03,USR32502,MCH5566,13133.0,UTR8812159967,9120,SUCCESS,TXN00008230,USR32502,MCH5566,UTR8812159967,0,0,0,0,0,0,0
TXN00010289,2026-01-30 21:03:53,USR78736,MCH2099,15481.14,UTR2357073769,0110,SUCCESS,TXN00010289,USR78736,MCH2099,UTR2357073769,0,0,0,0,0,0,0
TXN00014614,2026-01-07 19:04:36,USR30899,MCH1299,17448.14,UTR2696118982,4110,SUCCESS,TXN00014614,USR30899,MCH1299,UTR2696118982,0,0,0,0,0,0,0
TXN00012580,2026-02-17 02:14:27,USR13329,MCH8178,2535.9,UTR7527391038,4110,SUCCESS,TXN00012580,USR13329,MCH8178,UTR7527391038,0,0,0,0,0,0,0
TXN00014117,2026-02-11 00:00:00,USR10190,MCH5597,8794.69,UTR2531619439,,FAILED,TXN00014117,USR10190,MCH5597,UTR2531619439,0,0,1,0,0,1,0
TXN00001144,2026-02-03 09:00:46,USR12123,MCH1293,0.1414764,UTR3091303100,0110,SUCCESS,TXN00001144,USR12123,MCH1293,UTR3091303100,0,0,0,0,0,0,0
TXN00012682,2026-02-15 20:35:47,USR98946,MCH2983,18696.94,UTR9023909449,,SUCCESS,TXN00012682,USR98946,MCH2983,UTR9023909449,0,0,1,0,0,0,0
TXN00004859,2026-03-03 22:50:22,USR63887,MCH9879,22942.01,UTR3558357693,9120,SUCCESS,TXN00004859,USR63887,MCH9879,UTR3558357693,0,0,0,0,0,0,0
TXN00018461,2026-03-30 10:45:25,USR33275,MCH1437,3213.0,UTR3220409680,0110,SUCCESS,TXN00018461,USR33275,MCH1437,UTR3220409680,0,0,0,0,0,0,0
TXN00013764,2026-02-02 03:37:29,USR69159,MCH9401,24443.31,UTR6538366162,9120,SUCCESS,TXN00013764,USR69159,MCH9401,UTR6538366162,0,0,0,0,0,0,0
TXN00006441,2026-03-14 04:46:08,USR80636,MCH2335,6728.85,UTR5059157922,1310,FAILED,TXN00006441,USR80636,MCH2335,UTR5059157922,0,0,0,0,0,1,0
TXN00007598,2026-03-05 00:00:00,USR49152,MCH6882,304.38,UTR9201885324,8120,SUCCESS,TXN00007598,USR49152,MCH6882,UTR9201885324,0,0,0,0,0,0,0
TXN00015787,2026-02-17 07:45:09,USR66771,MCH8002,6271.15,UTR5045338801,1310,FAILED,TXN00015787,USR66771,MCH8002,UTR5045338801,0,0,0,0,0,1,0
TXN00000456,2026-01-20 19:57:30,USR70085,MCH7560,-12320.7,UTR0629231965,9120,SUCCESS,TXN00000456,USR70085,MCH7560,UTR0629231965,1,0,0,0,0,0,0
TXN00007570,2026-02-12 06:30:10,USR82776,MCH5569,952.06,UTR8940998127,4110,FAILED,TXN00007570,USR82776,MCH5569,UTR8940998127,0,0,0,0,0,1,0
TXN00018668,2026-01-28 10:29:46,USR47551,MCH9620,24942.56,UTR8728768270,4110,FAILED,TXN00018668,USR47551,MCH9620,UTR8728768270,0,0,0,0,0,1,0
TXN00013199,2026-03-05 21:50:38,USR11353,MCH9659,8637.0,UTR8864840895,,SUCCESS,TXN00013199,USR11353,MCH9659,UTR8864840895,0,0,1,0,0,0,0
TXN00003518,2026-01-08 22:46:17,USR44472,MCH8720,9646.08,UTR2484772695,4110,SUCCESS,TXN00003518,USR44472,MCH8720,UTR2484772695,0,0,0,0,0,0,0
TXN00014257,2026-03-11 02:15:35,USR96009,MCH5454,7453.27,UTR7706783893,1310,SUCCESS,TXN00014257,USR96009,MCH5454,UTR7706783893,0,0,0,0,0,0,0
TXN00016250,2026-01-03 00:19:41,USR81341,MCH3495,1158.0,UTR5223761402,0110,SUCCESS,TXN00016250,USR81341,MCH3495,UTR5223761402,0,0,0,0,0,0,0
TXN00003300,2026-03-20 02:53:26,USR53895,MCH9471,20097.33,UTR3554115729,0110,SUCCESS,TXN00003300,USR53895,MCH9471,UTR 3554115729,0,0,0,0,0,0,0
TXN00018315,2026-01-17 22:36:25,USR32707,MCH1863,23365.79,UTR8318730098,1310,SUCCESS,TXN00018315,USR32707,MCH1863,UTR8318730098,0,0,0,0,0,0,0
TXN00009272,2026-02-28 17:14:05,USR56169,MCH9974,13051.89,UTR4557186745,8120,SUCCESS,TXN00009272,USR56169,MCH9974,UTR4557186745,0,0,0,0,0,0,0
TXN00010222,2026-07-01 19:20:38,USR77419,MCH7967,18130.15,UTR5417564747,9120,SUCCESS,TXN00010222,USR77419,MCH7967,UTR5417564747,0,0,0,0,0,0,0
TXN00009236,2026-01-02 08:13:45,USR89195,MCH7504,0.918567,UTR3168565628,4110,SUCCESS,TXN00009236,USR89195,MCH7504,UTR 3168565628,0,0,0,0,0,0,0
TXN00017446,2026-02-06 02:44:22,USR31575,MCH1055,2691.89,UTR1462817668,4110,SUCCESS,TXN00017446,USR31575,MCH1055,UTR1462817668,0,0,0,0,0,0,0
TXN00000007,2026-01-22 16:07:07,USR94832,MCH1209,1461.51,UTR0204517086,9120,PENDING,TXN00000007,USR94832,MCH1209,UTR0204517086,0,0,0,0,0,0,1
TXN00015399,2026-01-18 12:58:40,USR80437,MCH3737,13241.78,UTR8000666999,9120,SUCCESS,TXN00015399,USR80437,MCH3737,UTR8000666999,0,0,0,0,0,0,0
TXN00002814,2026-01-14 08:51:10,USR26964,MCH5665,4075.87,UTR2982034304,4110,SUCCESS,TXN00002814,USR26964,MCH5665,UTR2982034304,0,0,0,0,0,0,0
TXN00019249,2026-02-12 14:45:00,USR63065,MCH1843,23832.38,UTR1772378829,1310,SUCCESS,TXN00019249,USR63065,MCH1843,UTR1772378829,0,0,0,0,0,0,0
TXN00003556,2026-02-19 19:57:14,USR72748,MCH4489,15603.72,UTR2737468835,4110,SUCCESS,TXN00003556,USR72748,MCH4489,UTR2737468835,0,0,0,0,0,0,0
TXN00001840,2026-01-28 03:50:30,USR40763,MCH7404,5623.14,UTR3221999946,8120,SUCCESS,TXN00001840,USR40763,MCH7404,UTR3221999946,0,0,0,0,0,0,0
TXN00012379,2026-01-31 02:35:18,USR13091,MCH3354,13187.21,UTR7455329994,9120,SUCCESS,TXN00012379,USR13091,MCH3354,UTR7455329994,0,0,0,0,0,0,0
TXN00015563,2026-01-10 06:37:32,USR17677,MCH4235,19953.0,UTR6343518272,4110,SUCCESS,TXN00015563,USR17677,MCH4235,UTR6343518272,0,0,0,0,0,0,0
TXN00015771,2026-01-19 01:46:44,USR16763,MCH1463,9284.28,UTR5879281860,4110,SUCCESS,TXN00015771,USR16763,MCH1463,UTR5879281860,0,0,0,0,0,0,0
TXN00007866,2026-03-20 05:20:36,USR17010,MCH1142,24328.89,UTR4347534433,,SUCCESS,TXN00007866,USR17010,MCH1142,UTR4347534433,0,0,1,0,0,0,0
TXN00010288,2026-03-04 11:14:54,USR93660,MCH3273,2475.45,UTR0548481920,0110,SUCCESS,TXN00010288,USR93660,MCH3273,UTR0548481920,0,0,0,0,0,0,0
TXN00007688,2026-02-26 23:24:17,USR46822,MCH4502,0.779947,UTR0021250126,4110,SUCCESS,TXN00007688,USR46822,MCH4502,UTR0021250126,0,0,0,0,0,0,0
TXN00013451,2026-01-19 17:42:04,USR46858,MCH1093,19614.91,UTR9420977086,9120,FAILED,TXN00013451,USR46858,MCH1093,UTR9420977086,0,0,0,0,0,1,0
TXN00015675,2026-03-09 00:00:00,USR84397,MCH7718,22778.02,UTR9231791023,4110,SUCCESS,TXN00015675,USR84397,MCH7718,UTR9231791023,0,0,0,0,0,0,0
TXN00014732,2026-01-16 18:19:54,USR66928,MCH7655,0.314322,UTR5741885991,,SUCCESS,TXN00014732,USR66928,MCH7655,UTR5741885991,0,0,1,0,0,0,0
TXN00014148,2026-01-07 04:27:11,USR51803,MCH1091,7231.06,UTR0352520957,1310,SUCCESS,TXN00014148,USR51803,MCH1091,UTR0352520957,0,0,0,0,0,0,0
TXN00013349,2026-02-04 02:51:47,USR44321,MCH8446,10773.61,UTR9437848181,4110,SUCCESS,TXN00013349,USR44321,MCH8446,UTR 9437848181,0,0,0,0,0,0,0
TXN00007735,2026-02-18 10:45:09,USR39990,MCH8541,0.219849,UTR2924086856,,SUCCESS,TXN00007735,USR39990,MCH8541,UTR 2924086856,0,0,1,0,0,0,0
TXN00012908,2026-03-05 07:21:23,USR50499,MCH4468,20329.88,UTR5488372606,0110,SUCCESS,TXN00012908,USR50499,MCH4468,UTR5488372606,0,0,0,0,0,0,0
TXN00003285,2026-02-24 10:01:50,USR64916,MCH1653,11663.08,UTR9581958037,9120,FAILED,TXN00003285,USR64916,MCH1653,UTR9581958037,0,0,0,0,0,1,0
TXN00009534,2026-01-28 12:03:41,USR79522,MCH7202,21119.28,UTR8313184265,8120,SUCCESS,TXN00009534,USR79522,MCH7202,UTR8313184265,0,0,0,0,0,0,0
TXN00005194,2026-03-08 14:37:25,USR80459,MCH1698,23235.79,UTR8892745931,8120,SUCCESS,TXN00005194,USR80459,MCH1698,UTR8892745931,0,0,0,0,0,0,0
TXN00005470,2026-02-27 04:21:11,USR78971,MCH6728,8998.29,UTR0045219442,4110,SUCCESS,TXN00005470,USR78971,MCH6728,UTR0045219442,0,0,0,0,0,0,0
TXN00016771,2026-03-28 21:48:55,USR16041,MCH1348,21401.0,UTR2696883143,1310,SUCCESS,TXN00016771,USR16041,MCH1348,UTR2696883143,0,0,0,0,0,0,0
TXN00017746,2026-02-11 00:00:00,USR41777,MCH6146,1160.37,UTR2198955172,4110,FAILED,TXN00017746,USR41777,MCH6146,UTR2198955172,0,0,0,0,0,1,0
TXN00005985,2026-01-29 23:29:57,USR97770,MCH2719,3585.12,UTR9010875785,8120,PENDING,TXN00005985,USR97770,MCH2719,UTR9010875785,0,0,0,0,0,0,1
TXN00001803,2026-03-30 07:01:36,USR45885,MCH2672,8837.75,UTR4641458661,4110,SUCCESS,TXN00001803,USR45885,MCH2672,UTR 4641458661,0,0,0,0,0,0,0
TXN00015111,2026-02-27 11:55:37,USR89909,MCH4412,19138.15,UTR9265209037,,SUCCESS,TXN00015111,USR89909,MCH4412,UTR9265209037,0,0,1,0,0,0,0
TXN00018036,2026-01-20 02:24:29,USR38687,MCH7024,23758.61,UTR9511567662,9120,FAILED,TXN00018036,USR38687,MCH7024,UTR9511567662,0,0,0,0,0,1,0
TXN00017028,2026-02-26 00:07:34,USR75133,MCH1401,20067.73,UTR1875848353,8120,SUCCESS,TXN00017028,USR75133,MCH1401,UTR1875848353,0,0,0,0,0,0,0
TXN00012550,2026-03-25 09:38:35,USR64731,MCH3320,21529.64,UTR7274799026,,SUCCESS,TXN00012550,USR64731,MCH3320,UTR7274799026,0,0,1,0,0,0,0
TXN00009102,2026-03-30 01:50:30,USR46199,MCH7471,19802.16,UTR1562688801,1310,SUCCESS,TXN00009102,USR46199,MCH7471,UTR1562688801,0,0,0,0,0,0,0
TXN00009475,2026-03-11 06:59:19,USR56891,MCH3589,0.2295565,UTR1869116491,8120,SUCCESS,TXN00009475,USR56891,MCH3589,UTR1869116491,0,0,0,0,0,0,0
TXN00008840,2026-03-08 10:33:39,USR67528,MCH7769,1238.47,UTR9885403735,9120,SUCCESS,TXN00008840,USR67528,MCH7769,UTR9885403735,0,0,0,0,0,0,0
TXN00006349,2026-01-31 08:39:37,USR25725,MCH9231,14910.0,UTR4102553016,9120,FAILED,TXN00006349,USR25725,MCH9231,UTR 4102553016,0,0,0,0,0,1,0
TXN00000374,2026-03-23 04:05:07,USR65703,MCH5889,17078.34,UTR8523039078,,SUCCESS,TXN00000374,USR65703,MCH5889,UTR8523039078,0,0,1,0,0,0,0
TXN00013652,2026-02-08 23:59:21,USR77840,MCH6320,6049.36,UTR4174421441,4110,SUCCESS,TXN00013652,USR77840,MCH6320,UTR4174421441,0,0,0,0,0,0,0
TXN00008276,2026-01-09 16:30:11,USR70794,MCH1079,18557.6,UTR9423560100,1310,SUCCESS,TXN00008276,USR70794,MCH1079,UTR9423560100,0,0,0,0,0,0,0
TXN00003390,2026-03-31 21:49:44,USR73890,MCH2145,16674.52,UTR6410171641,4110,SUCCESS,TXN00003390,USR73890,MCH2145,UTR6410171641,0,0,0,0,0,0,0
TXN00004050,2026-03-12 07:25:24,USR67086,MCH5413,5046.19,UTR0733757109,1310,SUCCESS,TXN00004050,USR67086,MCH5413,UTR0733757109,0,0,0,0,0,0,0
TXN00019945,2026-01-21 18:25:17,USR10508,MCH1785,10901.63,,,SUCCESS,TXN00019945,USR10508,MCH1785,,0,1,1,0,0,0,0
TXN00005235,2026-03-22 00:00:00,USR93498,MCH4056,12620.89,UTR3787150280,9120,FAILED,TXN00005235,USR93498,MCH4056,UTR3787150280,0,0,0,0,0,1,0
TXN00016001,2026-03-14 03:09:25,USR58610,MCH3281,120.0,UTR5315118508,1310,FAILED,TXN00016001,USR58610,MCH3281,UTR5315118508,0,0,0,0,0,1,0
TXN00015283,2026-01-17 07:59:16,USR20390,MCH9306,23008.0,UTR7138608728,4110,SUCCESS,TXN00015283,USR20390,MCH9306,UTR7138608728,0,0,0,0,0,0,0
TXN00002420,2026-03-08 00:00:00,USR83841,MCH6785,9705.79,UTR4690186769,9120,SUCCESS,TXN00002420,USR83841,MCH6785,UTR4690186769,0,0,0,0,0,0,0
TXN00006834,2026-01-05 22:30:06,USR54949,MCH7885,22963.85,UTR1642625390,9120,SUCCESS,TXN00006834,USR54949,MCH7885,UTR1642625390,0,0,0,0,0,0,0
TXN00016249,2026-03-08 17:40:50,USR62979,MCH3917,17265.76,UTR6006020370,8120,SUCCESS,TXN00016249,USR62979,MCH3917,UTR6006020370,0,0,0,0,0,0,0
TXN00019772,2026-02-12 06:44:25,USR91248,MCH1590,23174.25,UTR8908322452,,SUCCESS,TXN00019772,USR91248,MCH1590,UTR8908322452,0,0,1,0,0,0,0
TXN00002721,2026-02-12 10:10:13,USR58554,MCH5139,22465.03,UTR3986273442,8120,SUCCESS,TXN00002721,USR58554,MCH5139,UTR3986273442,0,0,0,0,0,0,0
TXN00017132,2026-02-06 08:58:59,USR10572,MCH9825,5582.21,UTR0421055191,9120,SUCCESS,TXN00017132,USR10572,MCH9825,UTR0421055191,0,0,0,0,0,0,0
TXN00015827,2026-02-10 21:07:51,USR44508,MCH3405,0.745002,UTR1613131836,4110,SUCCESS,TXN00015827,USR44508,MCH3405,UTR1613131836,0,0,0,0,0,0,0
TXN00009721,2026-03-20 15:03:45,USR75602,MCH7045,19254.52,UTR2576998432,4110,SUCCESS,TXN00009721,USR75602,MCH7045,UTR 2576998432,0,0,0,0,0,0,0
TXN00000152,2026-01-14 13:21:44,USR37611,MCH6855,5996.65,UTR6750384995,0110,SUCCESS,TXN00000152,USR37611,MCH6855,UTR6750384995,0,0,0,0,0,0,0
TXN00015180,2026-02-16 10:28:46,USR60001,MCH4400,1988.0,UTR4050496554,9120,FAILED,TXN00015180,USR60001,MCH4400,UTR4050496554,0,0,0,0,0,1,0
TXN00018571,2026-04-01 10:23:58,USR50141,MCH8442,3757.78,UTR6507958435,9120,SUCCESS,TXN00018571,USR50141,MCH8442,UTR6507958435,0,0,0,0,0,0,0
TXN00006195,2026-01-29 05:40:40,USR35688,MCH7038,17301.26,UTR9547806471,9120,SUCCESS,TXN00006195,USR35688,MCH7038,UTR9547806471,0,0,0,0,0,0,0
TXN00012655,2026-01-23 12:50:22,USR47873,MCH3301,7273.35,,9120,SUCCESS,TXN00012655,USR47873,MCH3301,,0,1,0,0,0,0,0
TXN00004391,2026-03-13 14:14:21,USR87027,MCH9353,0.464007,UTR7836322444,4110,SUCCESS,TXN00004391,USR87027,MCH9353,UTR7836322444,0,0,0,0,0,0,0
TXN00011648,2026-02-18 05:28:04,USR14856,MCH6209,0.1008029,UTR7609088054,4110,SUCCESS,TXN00011648,USR14856,MCH6209,UTR7609088054,0,0,0,0,0,0,0
TXN00007601,2026-01-28 18:26:36,USR42796,MCH4588,16703.81,UTR4088088144,0110,SUCCESS,TXN00007601,USR42796,MCH4588,UTR4088088144,0,0,0,0,0,0,0
TXN00018447,2026-01-14 15:32:04,USR94340,MCH2501,8232.03,UTR2992689948,0110,SUCCESS,TXN00018447,USR94340,MCH2501,UTR2992689948,0,0,0,0,0,0,0
TXN00004910,2026-01-31 02:08:07,USR39401,MCH1677,13671.0,UTR4408603016,,SUCCESS,TXN00004910,USR39401,MCH1677,UTR4408603016,0,0,1,0,0,0,0
TXN00003616,2026-01-18 07:52:25,USR18694,MCH5643,2184.56,UTR1852902120,9120,FAILED,TXN00003616,USR18694,MCH5643,UTR1852902120,0,0,0,0,0,1,0
TXN00016702,2026-07-02 02:23:05,USR33638,MCH4390,1398.0,UTR5450235418,,SUCCESS,TXN00016702,USR33638,MCH4390,UTR5450235418,0,0,1,0,0,0,0
TXN00012602,2026-03-24 09:25:09,USR17572,MCH1906,11902.55,UTR8025857509,9120,SUCCESS,TXN00012602,USR17572,MCH1906,UTR8025857509,0,0,0,0,0,0,0
TXN00000597,2026-01-18 04:33:42,USR38613,MCH2772,16692.27,UTR7264057743,,SUCCESS,TXN00000597,USR38613,MCH2772,UTR7264057743,0,0,1,0,0,0,0
TXN00010157,2026-01-26 01:44:22,USR64278,MCH2909,5735.62,UTR7407994839,4110,SUCCESS,TXN00010157,USR64278,MCH2909,UTR7407994839,0,0,0,0,0,0,0
TXN00004695,2026-01-05 11:03:17,USR19845,MCH1954,11022.0,UTR3931003323,0110,SUCCESS,TXN00004695,USR19845,MCH1954,UTR3931003323,0,0,0,0,0,0,0
TXN00018024,2026-03-18 05:47:45,USR75016,MCH1441,23928.09,UTR3744681589,4110,SUCCESS,TXN00018024,USR75016,MCH1441,UTR3744681589,0,0,0,0,0,0,0
TXN00007755,2026-03-31 08:11:37,USR26766,MCH5224,6187.68,UTR6907249427,0110,SUCCESS,TXN00007755,USR26766,MCH5224,UTR6907249427,0,0,0,0,0,0,0
TXN00018782,2026-01-04 00:56:54,USR12676,MCH6708,4820.09,UTR1270236030,0110,FAILED,TXN00018782,USR12676,MCH6708,UTR1270236030,0,0,0,0,0,1,0
TXN00010799,2026-03-29 04:21:55,USR38594,MCH9772,0.1909354,UTR0871931032,4110,SUCCESS,TXN00010799,USR38594,MCH9772,UTR0871931032,0,0,0,0,0,0,0
TXN00000678,2026-03-10 19:35:21,USR35301,MCH7910,9952.0,UTR1068031830,,SUCCESS,TXN00000678,USR35301,MCH7910,UTR1068031830,0,0,1,0,0,0,0
TXN00002245,2026-03-03 11:31:13,USR84553,MCH7298,21393.85,UTR8685049099,4110,SUCCESS,TXN00002245,USR84553,MCH7298,UTR8685049099,0,0,0,0,0,0,0
TXN00001924,2026-02-21 01:52:05,USR64225,MCH9230,8893.77,UTR5300151095,9120,SUCCESS,TXN00001924,USR64225,MCH9230,UTR5300151095,0,0,0,0,0,0,0
TXN00010023,2026-03-08 08:41:37,USR60499,MCH8570,22733.51,UTR6838664954,1310,SUCCESS,TXN00010023,USR60499,MCH8570,UTR6838664954,0,0,0,0,0,0,0
TXN00003082,2026-02-18 01:11:13,USR95381,MCH4297,22076.02,,1310,SUCCESS,TXN00003082,USR95381,MCH4297,,0,1,0,0,0,0,0
TXN00000297,2026-01-22 09:08:37,USR65652,MCH3600,19252.14,UTR7965114829,4110,SUCCESS,TXN00000297,USR65652,MCH3600,UTR 7965114829,0,0,0,0,0,0,0
TXN00017929,2026-02-26 01:52:07,USR15713,MCH3843,9893.97,UTR1791028453,1310,SUCCESS,TXN00017929,USR15713,MCH3843,UTR1791028453,0,0,0,0,0,0,0
TXN00016640,2026-02-02 13:42:20,USR84244,MCH2055,20568.18,UTR7303813353,8120,SUCCESS,TXN00016640,USR84244,MCH2055,UTR7303813353,0,0,0,0,0,0,0
TXN00012074,2026-01-26 00:00:00,USR84137,MCH6442,0.239459,UTR8547156121,4110,PENDING,TXN00012074,USR84137,MCH6442,UTR8547156121,0,0,0,0,0,0,1
TXN00005244,2026-03-03 04:41:59,USR94875,MCH9638,0.2274915,UTR7685038992,4110,SUCCESS,TXN00005244,USR94875,MCH9638,UTR7685038992,0,0,0,0,0,0,0
TXN00011257,2026-01-30 20:21:35,USR63721,MCH8535,631.65,UTR3531460386,4110,FAILED,TXN00011257,USR63721,MCH8535,UTR3531460386,0,0,0,0,0,1,0
TXN00005485,2026-03-24 00:00:00,USR26223,MCH9135,17326.08,UTR7992508358,4110,SUCCESS,TXN00005485,USR26223,MCH9135,UTR7992508358,0,0,0,0,0,0,0
TXN00016060,2026-03-28 21:17:54,USR80569,MCH1945,621.37,UTR6292585733,1310,FAILED,TXN00016060,USR80569,MCH1945,UTR6292585733,0,0,0,0,0,1,0
TXN00019155,2026-03-29 05:18:58,USR84538,MCH3057,23963.38,UTR5390044806,4110,SUCCESS,TXN00019155,USR84538,MCH3057,UTR5390044806,0,0,0,0,0,0,0
TXN00016606,2026-01-22 06:05:20,USR86701,MCH3302,13796.47,UTR1949452156,4110,SUCCESS,TXN00016606,USR86701,MCH3302,UTR 1949452156,0,0,0,0,0,0,0
TXN00002348,2026-03-11 08:28:33,USR28872,MCH2187,9054.38,UTR8636115186,1310,SUCCESS,TXN00002348,USR28872,MCH2187,UTR8636115186,0,0,0,0,0,0,0
TXN00011532,2026-01-18 04:08:06,USR22554,MCH1567,2101.19,UTR7982636672,,SUCCESS,TXN00011532,USR22554,MCH1567,UTR7982636672,0,0,1,0,0,0,0
TXN00006501,2026-03-19 19:04:26,USR92969,MCH7962,5037.37,UTR6392592143,8120,SUCCESS,TXN00006501,USR92969,MCH7962,UTR6392592143,0,0,0,0,0,0,0
TXN00005514,2026-03-04 01:13:01,USR70517,MCH9050,17693.44,UTR4267676099,8120,SUCCESS,TXN00005514,USR70517,MCH9050,UTR4267676099,0,0,0,0,0,0,0
TXN00010804,2026-01-16 23:55:59,USR10435,MCH5412,23559.16,UTR9460243994,4110,SUCCESS,TXN00010804,USR10435,MCH5412,UTR9460243994,0,0,0,0,0,0,0
TXN00007940,2026-03-03 07:59:45,USR41230,MCH5335,11889.22,UTR1603669587,8120,SUCCESS,TXN00007940,USR41230,MCH5335,UTR1603669587,0,0,0,0,0,0,0
TXN00005135,2026-01-09 05:50:13,USR87553,MCH1135,24092.49,UTR0906010096,,SUCCESS,TXN00005135,USR87553,MCH1135,UTR0906010096,0,0,1,0,0,0,0
TXN00002683,2026-03-20 18:55:35,USR65905,MCH8850,377.19,UTR1854114221,8120,SUCCESS,TXN00002683,USR65905,MCH8850,UTR1854114221,0,0,0,0,0,0,0
TXN00011755,2026-01-30 03:41:34,USR12382,MCH7171,9988.49,UTR4555783693,9120,SUCCESS,TXN00011755,USR12382,MCH7171,UTR4555783693,0,0,0,0,0,0,0
TXN00018188,2026-01-30 05:07:46,USR56215,MCH9065,18893.0,UTR4126839705,8120,SUCCESS,TXN00018188,USR56215,MCH9065,UTR4126839705,0,0,0,0,0,0,0
TXN00007248,2026-02-20 06:45:36,USR86639,MCH5740,21570.64,UTR3547927537,0110,SUCCESS,TXN00007248,USR86639,MCH5740,UTR3547927537,0,0,0,0,0,0,0
TXN00009341,2026-02-03 03:25:48,USR92610,MCH8685,16853.29,UTR2713263254,1310,SUCCESS,TXN00009341,USR92610,MCH8685,UTR2713263254,0,0,0,0,0,0,0
TXN00014850,2026-03-13 04:06:43,USR78990,MCH7735,9991.01,UTR5150500251,0110,SUCCESS,TXN00014850,USR78990,MCH7735,UTR5150500251,0,0,0,0,0,0,0
TXN00008620,2026-03-24 11:25:39,USR43436,MCH7833,4035.89,,8120,SUCCESS,TXN00008620,USR43436,MCH7833,,0,1,0,0,0,0,0
TXN00015427,2026-02-22 20:36:25,USR86386,MCH8217,15289.74,UTR8355807985,0110,SUCCESS,TXN00015427,USR86386,MCH8217,UTR8355807985,0,0,0,0,0,0,0
TXN00019512,2026-02-28 17:39:42,USR70253,MCH1354,0.673942,UTR7284559716,0110,SUCCESS,TXN00019512,USR70253,MCH1354,UTR7284559716,0,0,0,0,0,0,0
TXN00002840,2026-03-09 00:00:00,USR35477,MCH1670,0.929938,UTR1415337275,0110,SUCCESS,TXN00002840,USR35477,MCH1670,UTR1415337275,0,0,0,0,0,0,0
TXN00006047,2026-04-02 19:21:31,USR92348,MCH6772,2653.86,UTR7296327968,4110,SUCCESS,TXN00006047,USR92348,MCH6772,UTR 7296327968,0,0,0,0,0,0,0
TXN00007485,2026-01-01 16:34:37,USR18281,MCH2998,10097.13,UTR5819177352,9120,SUCCESS,TXN00007485,USR18281,MCH2998,UTR5819177352,0,0,0,0,0,0,0
TXN00014481,2026-01-05 06:23:06,USR10572,MCH1301,2022.11,,8120,SUCCESS,TXN00014481,USR10572,MCH1301,,0,1,0,0,0,0,0
TXN00017048,2026-02-04 04:42:41,USR48382,MCH3678,22855.57,UTR1211844168,4110,SUCCESS,TXN00017048,USR48382,MCH3678,UTR1211844168,0,0,0,0,0,0,0
TXN00010577,2026-02-15 04:46:24,USR63166,MCH4588,24412.3,UTR7817101170,8120,SUCCESS,TXN00010577,USR63166,MCH4588,UTR7817101170,0,0,0,0,0,0,0
TXN00016097,2026-02-12 12:01:10,USR31764,MCH3508,12349.0,UTR6878304076,,SUCCESS,TXN00016097,USR31764,MCH3508,UTR6878304076,0,0,1,0,0,0,0
TXN00013461,2026-03-10 20:33:02,USR53135,MCH7047,24389.0,UTR4809438192,9120,SUCCESS,TXN00013461,USR53135,MCH7047,UTR4809438192,0,0,0,0,0,0,0
TXN00012010,2026-02-25 21:43:58,USR57965,MCH6062,24481.0,UTR7955373767,0110,FAILED,TXN00012010,USR57965,MCH6062,UTR7955373767,0,0,0,0,0,1,0
TXN00002130,2026-01-16 06:47:29,USR34340,MCH1096,10692.97,UTR8404192467,0110,SUCCESS,TXN00002130,USR34340,MCH1096,UTR8404192467,0,0,0,0,0,0,0
TXN00017913,2026-01-27 04:59:59,USR61967,MCH3302,0.1524919,UTR3713224789,1310,SUCCESS,TXN00017913,USR61967,MCH3302,UTR3713224789,0,0,0,0,0,0,0
TXN00009801,2026-01-15 23:28:07,USR66392,MCH3794,19624.23,UTR1575998594,8120,SUCCESS,TXN00009801,USR66392,MCH3794,UTR1575998594,0,0,0,0,0,0,0
TXN00008722,2026-03-31 17:34:22,USR34778,MCH6563,18844.12,UTR7124684642,9120,SUCCESS,TXN00008722,USR34778,MCH6563,UTR7124684642,0,0,0,0,0,0,0
TXN00019822,2026-01-19 05:18:47,USR16818,MCH5208,9920.5,UTR2337887063,4110,SUCCESS,TXN00019822,USR16818,MCH5208,UTR2337887063,0,0,0,0,0,0,0
TXN00005328,2026-03-17 00:00:00,USR71573,MCH5824,3871.0,UTR7686048252,9120,SUCCESS,TXN00005328,USR71573,MCH5824,UTR7686048252,0,0,0,0,0,0,0
TXN00001038,2026-02-21 17:23:11,USR28340,MCH5193,18121.92,UTR3115552237,0110,SUCCESS,TXN00001038,USR28340,MCH5193,UTR3115552237,0,0,0,0,0,0,0
TXN00006037,2026-03-12 12:59:02,USR19853,MCH7671,17844.37,,4110,SUCCESS,TXN00006037,USR19853,MCH7671,,0,1,0,0,0,0,0
TXN00004032,2026-01-30 01:21:56,USR37117,MCH2730,0.677339,UTR0612443094,4110,SUCCESS,TXN00004032,USR37117,MCH2730,UTR0612443094,0,0,0,0,0,0,0
TXN00001439,2026-09-02 14:41:13,USR14471,MCH4808,5054.32,UTR5706970964,4110,SUCCESS,TXN00001439,USR14471,MCH4808,UTR5706970964,0,0,0,0,0,0,0
TXN00011171,2026-03-22 06:38:05,USR53003,MCH1851,21084.88,UTR0825275369,0110,SUCCESS,TXN00011171,USR53003,MCH1851,UTR0825275369,0,0,0,0,0,0,0
TXN00010415,2026-01-01 16:49:59,USR38113,MCH8158,23450.32,UTR0487310107,1310,SUCCESS,TXN00010415,USR38113,MCH8158,UTR0487310107,0,0,0,0,0,0,0
TXN00018952,2026-01-08 12:28:19,USR34624,MCH3273,3249.96,UTR0452537406,0110,PENDING,TXN00018952,USR34624,MCH3273,UTR0452537406,0,0,0,0,0,0,1
TXN00009866,2026-02-16 18:03:10,USR16569,MCH3305,135.59,UTR6374334596,9120,SUCCESS,TXN00009866,USR16569,MCH3305,UTR6374334596,0,0,0,0,0,0,0
TXN00009211,2026-01-09 12:21:43,USR18242,MCH9669,22723.85,UTR8597760048,9120,SUCCESS,TXN00009211,USR18242,MCH9669,UTR8597760048,0,0,0,0,0,0,0
TXN00000949,2026-02-06 19:22:33,USR94578,MCH3166,21848.51,UTR8830872675,1310,SUCCESS,TXN00000949,USR94578,MCH3166,UTR8830872675,0,0,0,0,0,0,0
TXN00016522,2026-02-06 02:05:13,USR25181,MCH2123,19680.0,UTR1204788055,8120,SUCCESS,TXN00016522,USR25181,MCH2123,UTR1204788055,0,0,0,0,0,0,0
TXN00014052,2026-03-21 20:07:06,USR86523,MCH3357,9616.0,UTR4592024980,4110,FAILED,TXN00014052,USR86523,MCH3357,UTR4592024980,0,0,0,0,0,1,0
TXN00017492,2026-01-20 05:43:26,USR29192,MCH1701,208.77,UTR6973717888,9120,SUCCESS,TXN00017492,USR29192,MCH1701,UTR6973717888,0,0,0,0,0,0,0
TXN00007957,2026-02-03 08:42:19,USR16471,MCH8199,16737.02,UTR3303170501,8120,SUCCESS,TXN00007957,USR16471,MCH8199,UTR3303170501,0,0,0,0,0,0,0
TXN00004752,2026-02-13 05:04:51,USR24002,MCH1664,11110.14,UTR0221346217,,SUCCESS,TXN00004752,USR24002,MCH1664,UTR0221346217,0,0,1,0,0,0,0
TXN00013480,2026-03-10 15:21:17,USR73121,MCH7786,21621.11,UTR5401031388,4110,FAILED,TXN00013480,USR73121,MCH7786,UTR 5401031388,0,0,0,0,0,1,0
TXN00011972,2026-02-11 00:11:02,USR92201,MCH8323,8025.9,UTR3300394712,1310,SUCCESS,TXN00011972,USR92201,MCH8323,UTR3300394712,0,0,0,0,0,0,0
TXN00016092,2026-02-21 16:44:40,USR72126,MCH8685,14887.04,UTR8503114304,8120,FAILED,TXN00016092,USR72126,MCH8685,UTR8503114304,0,0,0,0,0,1,0
TXN00016331,2026-03-23 05:08:51,USR66190,MCH4845,4681.51,UTR3580631363,0110,SUCCESS,TXN00016331,USR66190,MCH4845,UTR3580631363,0,0,0,0,0,0,0
TXN00018218,2026-01-12 19:50:28,USR48345,MCH8046,1313.41,UTR4677612416,,SUCCESS,TXN00018218,USR48345,MCH8046,UTR4677612416,0,0,1,0,0,0,0
TXN00011152,2026-01-29 03:24:50,USR20462,MCH6231,15241.53,UTR0555016900,,SUCCESS,TXN00011152,USR20462,MCH6231,UTR0555016900,0,0,1,0,0,0,0
TXN00019814,2026-02-10 10:03:22,USR50862,MCH3223,7320.0,UTR9770053049,4110,SUCCESS,TXN00019814,USR50862,MCH3223,UTR9770053049,0,0,0,0,0,0,0
TXN00011915,2026-01-24 06:29:06,USR39133,MCH1290,22874.15,UTR2052613908,8120,SUCCESS,TXN00011915,USR39133,MCH1290,UTR 2052613908,0,0,0,0,0,0,0
TXN00006579,2026-03-12 00:00:00,USR33192,MCH1525,9268.58,,4110,SUCCESS,TXN00006579,USR33192,MCH1525,,0,1,0,0,0,0,0
TXN00016118,2026-02-19 18:54:01,USR35750,MCH5216,8529.99,UTR0360041509,4110,SUCCESS,TXN00016118,USR35750,MCH5216,UTR0360041509,0,0,0,0,0,0,0
TXN00011641,2026-03-20 11:32:14,USR55212,MCH2517,24654.65,UTR0637833516,4110,FAILED,TXN00011641,USR55212,MCH2517,UTR0637833516,0,0,0,0,0,1,0
TXN00000577,2026-01-21 09:30:49,USR86668,MCH5332,3685.37,UTR3503518873,9120,SUCCESS,TXN00000577,USR86668,MCH5332,UTR3503518873,0,0,0,0,0,0,0
TXN00013002,2026-11-03 08:33:30,USR89359,MCH1604,439.15,UTR4566366611,8120,SUCCESS,TXN00013002,USR89359,MCH1604,UTR4566366611,0,0,0,0,0,0,0
TXN00012424,2026-03-04 20:08:40,USR26027,MCH1196,11654.51,UTR9378917912,4110,PENDING,TXN00012424,USR26027,MCH1196,UTR9378917912,0,0,0,0,0,0,1
TXN00004041,2026-03-29 01:03:23,USR59275,MCH2996,21653.88,UTR6933015186,,SUCCESS,TXN00004041,USR59275,MCH2996,UTR6933015186,0,0,1,0,0,0,0
TXN00013712,2026-01-31 06:14:11,USR25734,MCH6944,3792.02,,,SUCCESS,TXN00013712,USR25734,MCH6944,,0,1,1,0,0,0,0
TXN00007572,2026-01-07 05:19:05,USR37150,MCH4132,13562.08,,8120,SUCCESS,TXN00007572,USR37150,MCH4132,,0,1,0,0,0,0,0
TXN00016309,2026-01-16 20:09:14,USR21569,MCH9940,9220.73,UTR3361110908,1310,SUCCESS,TXN00016309,USR21569,MCH9940,UTR3361110908,0,0,0,0,0,0,0
TXN00012318,2026-02-14 02:01:33,USR86687,MCH1155,-4712.48,UTR8002756848,1310,SUCCESS,TXN00012318,USR86687,MCH1155,UTR 8002756848,1,0,0,0,0,0,0
TXN00005693,2026-03-27 14:24:08,USR12366,MCH9743,17089.0,UTR5288272679,0110,PENDING,TXN00005693,USR12366,MCH9743,UTR5288272679,0,0,0,0,0,0,1
TXN00017689,2026-01-15 22:50:36,USR95419,MCH9293,17566.68,UTR5278411611,9120,SUCCESS,TXN00017689,USR95419,MCH9293,UTR5278411611,0,0,0,0,0,0,0
TXN00018385,2026-03-29 08:40:21,USR73413,MCH6032,9465.06,UTR5550845533,1310,SUCCESS,TXN00018385,USR73413,MCH6032,UTR5550845533,0,0,0,0,0,0,0
TXN00003927,2026-02-21 09:37:57,USR43442,MCH1223,15092.18,UTR3713807622,4110,SUCCESS,TXN00003927,USR43442,MCH1223,UTR3713807622,0,0,0,0,0,0,0
TXN00000443,2026-01-24 21:43:24,USR22395,MCH4168,9363.03,UTR1368797903,,SUCCESS,TXN00000443,USR22395,MCH4168,UTR1368797903,0,0,1,0,0,0,0
TXN00011898,2026-02-05 16:53:40,USR14414,MCH4865,22394.02,UTR0650972525,8120,SUCCESS,TXN00011898,USR14414,MCH4865,UTR0650972525,0,0,0,0,0,0,0
TXN00000146,2026-03-27 21:27:40,USR14814,MCH6332,931.8,UTR7519920245,4110,SUCCESS,TXN00000146,USR14814,MCH6332,UTR7519920245,0,0,0,0,0,0,0
TXN00018085,2026-02-22 23:52:39,USR48106,MCH5789,20637.67,UTR3391129074,4110,PENDING,TXN00018085,USR48106,MCH5789,UTR3391129074,0,0,0,0,0,0,1
TXN00008499,2026-03-29 14:56:32,USR68057,MCH5049,4262.0,UTR3399573248,4110,SUCCESS,TXN00008499,USR68057,MCH5049,UTR3399573248,0,0,0,0,0,0,0
TXN00005315,2026-02-21 01:14:08,USR52158,MCH4981,12728.89,UTR8915741405,,SUCCESS,TXN00005315,USR52158,MCH4981,UTR 8915741405,0,0,1,0,0,0,0
TXN00016198,2026-01-25 23:39:27,USR45638,MCH9200,1414.68,UTR8895441945,9120,FAILED,TXN00016198,USR45638,MCH9200,UTR8895441945,0,0,0,0,0,1,0
TXN00018935,2026-03-07 00:00:00,USR54829,MCH1252,5479.52,UTR0647826872,8120,PENDING,TXN00018935,USR54829,MCH1252,UTR0647826872,0,0,0,0,0,0,1
TXN00008201,2026-01-19 15:50:25,USR55431,MCH7872,0.479032,UTR3916824684,4110,SUCCESS,TXN00008201,USR55431,MCH7872,UTR3916824684,0,0,0,0,0,0,0
TXN00002026,2026-03-14 07:01:04,USR23070,MCH1198,6511.34,UTR5594567821,0110,SUCCESS,TXN00002026,USR23070,MCH1198,UTR5594567821,0,0,0,0,0,0,0
TXN00000069,2026-02-23 14:20:52,USR44948,MCH2986,1873.02,UTR0849398448,1310,SUCCESS,TXN00000069,USR44948,MCH2986,UTR0849398448,0,0,0,0,0,0,0
TXN00002274,2026-02-17 23:22:34,USR79278,MCH9743,16309.08,UTR5269137207,4110,FAILED,TXN00002274,USR79278,MCH9743,UTR5269137207,0,0,0,0,0,1,0
TXN00013991,2026-02-05 16:21:53,USR72109,MCH6801,0.194641,UTR5137060205,4110,SUCCESS,TXN00013991,USR72109,MCH6801,UTR5137060205,0,0,0,0,0,0,0
TXN00017944,2026-03-02 20:45:48,USR70693,MCH5295,14390.27,UTR2280845911,4110,SUCCESS,TXN00017944,USR70693,MCH5295,UTR2280845911,0,0,0,0,0,0,0
TXN00019402,2026-02-26 16:34:59,USR38932,MCH8509,12504.59,UTR7847546795,8120,SUCCESS,TXN00019402,USR38932,MCH8509,UTR7847546795,0,0,0,0,0,0,0
TXN00004074,2026-02-17 15:11:20,USR16730,MCH2463,15082.72,UTR4077682092,,SUCCESS,TXN00004074,USR16730,MCH2463,UTR4077682092,0,0,1,0,0,0,0
TXN00005706,2026-02-20 04:16:18,USR69389,MCH1478,6649.48,UTR3100814102,9120,SUCCESS,TXN00005706,USR69389,MCH1478,UTR3100814102,0,0,0,0,0,0,0
TXN00002799,2026-02-05 00:00:00,USR64571,MCH6456,24529.63,UTR0291969973,,SUCCESS,TXN00002799,USR64571,MCH6456,UTR0291969973,0,0,1,0,0,0,0
TXN00006377,2026-01-12 01:14:52,USR52830,MCH5148,18535.3,UTR2158395127,,SUCCESS,TXN00006377,USR52830,MCH5148,UTR2158395127,0,0,1,0,0,0,0
TXN00004692,2026-03-08 06:27:40,USR19751,MCH2496,8936.24,UTR1066397832,9120,SUCCESS,TXN00004692,USR19751,MCH2496,UTR1066397832,0,0,0,0,0,0,0
TXN00013703,2026-03-02 06:41:14,USR27358,MCH5073,18544.11,UTR4362499503,4110,SUCCESS,TXN00013703,USR27358,MCH5073,UTR4362499503,0,0,0,0,0,0,0
TXN00013649,2026-01-29 15:12:21,USR92457,MCH5696,0.1299836,UTR1171541567,4110,SUCCESS,TXN00013649,USR92457,MCH5696,UTR1171541567,0,0,0,0,0,0,0
TXN00007430,2026-01-13 15:41:17,USR91689,MCH3113,16647.95,UTR5414847529,1310,SUCCESS,TXN00007430,USR91689,MCH3113,UTR5414847529,0,0,0,0,0,0,0
TXN00012717,2026-03-22 09:15:36,USR39343,MCH6721,1817.04,UTR3447879191,0110,SUCCESS,TXN00012717,USR39343,MCH6721,UTR3447879191,0,0,0,0,0,0,0
TXN00003505,2026-03-15 12:45:16,USR25861,MCH9568,22435.17,UTR3800321711,4110,SUCCESS,TXN00003505,USR25861,MCH9568,UTR3800321711,0,0,0,0,0,0,0
TXN00013974,2026-01-09 03:47:59,USR23409,MCH3036,22392.77,UTR3882799507,1310,SUCCESS,TXN00013974,USR23409,MCH3036,UTR3882799507,0,0,0,0,0,0,0
TXN00001993,2026-02-23 12:42:15,USR93424,MCH1593,15260.0,UTR4074579916,1310,SUCCESS,TXN00001993,USR93424,MCH1593,UTR4074579916,0,0,0,0,0,0,0
TXN00017660,2026-03-09 11:23:09,USR48023,MCH6381,22856.64,UTR3173592454,4110,SUCCESS,TXN00017660,USR48023,MCH6381,UTR 3173592454,0,0,0,0,0,0,0
TXN00017375,2026-01-17 19:01:29,USR37181,MCH2085,6724.01,UTR9822597598,4110,SUCCESS,TXN00017375,USR37181,MCH2085,UTR9822597598,0,0,0,0,0,0,0
TXN00010368,2026-03-07 20:46:53,USR80679,MCH4898,0.916266,,0110,SUCCESS,TXN00010368,USR80679,MCH4898,,0,1,0,0,0,0,0
TXN00001123,2026-03-09 01:14:11,USR70398,MCH1059,21554.57,UTR3542323407,1310,SUCCESS,TXN00001123,USR70398,MCH1059,UTR3542323407,0,0,0,0,0,0,0
TXN00002137,2026-02-13 00:31:41,USR84861,MCH8577,-1994.37,UTR0290284843,0110,SUCCESS,TXN00002137,USR84861,MCH8577,UTR0290284843,1,0,0,0,0,0,0
TXN00003024,2026-03-11 17:54:24,USR52329,MCH6927,8318.08,UTR7656052294,4110,SUCCESS,TXN00003024,USR52329,MCH6927,UTR7656052294,0,0,0,0,0,0,0
TXN00011879,2026-01-06 10:18:56,USR44995,MCH3047,15876.51,UTR6616637798,8120,SUCCESS,TXN00011879,USR44995,MCH3047,UTR6616637798,0,0,0,0,0,0,0
TXN00016999,2026-01-26 12:22:28,USR84684,MCH1245,17590.09,UTR1909321436,0110,PENDING,TXN00016999,USR84684,MCH1245,UTR1909321436,0,0,0,0,0,0,1
TXN00012281,2026-02-26 20:43:38,USR25809,MCH1908,12200.46,UTR9521093662,8120,SUCCESS,TXN00012281,USR25809,MCH1908,UTR9521093662,0,0,0,0,0,0,0
TXN00005146,2026-01-07 01:07:46,USR65690,MCH7778,21997.15,UTR3700933339,,SUCCESS,TXN00005146,USR65690,MCH7778,UTR3700933339,0,0,1,0,0,0,0
TXN00017032,2026-05-02 07:42:09,USR19381,MCH5050,11126.28,UTR7671532338,9120,SUCCESS,TXN00017032,USR19381,MCH5050,UTR7671532338,0,0,0,0,0,0,0
TXN00001217,2026-02-08 21:42:57,USR37019,MCH4239,2068.7,UTR0593835439,4110,SUCCESS,TXN00001217,USR37019,MCH4239,UTR0593835439,0,0,0,0,0,0,0
TXN00016098,2026-03-14 21:19:21,USR10533,MCH5193,9772.11,UTR7173892379,8120,SUCCESS,TXN00016098,USR10533,MCH5193,UTR7173892379,0,0,0,0,0,0,0
TXN00000335,2026-02-09 21:56:15,USR29758,MCH9871,1159.61,UTR9450971285,0110,SUCCESS,TXN00000335,USR29758,MCH9871,UTR9450971285,0,0,0,0,0,0,0
TXN00017563,2026-03-23 20:30:31,USR43865,MCH7106,0.1384171,UTR8716910307,8120,SUCCESS,TXN00017563,USR43865,MCH7106,UTR8716910307,0,0,0,0,0,0,0
TXN00003836,2026-02-10 04:31:37,USR60393,MCH2150,7589.11,UTR1018993301,4110,SUCCESS,TXN00003836,USR60393,MCH2150,UTR1018993301,0,0,0,0,0,0,0
TXN00002139,2026-11-02 04:01:33,USR90349,MCH2940,4693.42,UTR2332634311,9120,SUCCESS,TXN00002139,USR90349,MCH2940,UTR 2332634311,0,0,0,0,0,0,0
TXN00017197,2026-01-13 06:22:15,USR29863,MCH9931,2589.0,UTR1680922016,9120,SUCCESS,TXN00017197,USR29863,MCH9931,UTR1680922016,0,0,0,0,0,0,0
TXN00009849,2026-01-23 23:40:02,USR85949,MCH8898,14781.47,UTR5914335694,9120,SUCCESS,TXN00009849,USR85949,MCH8898,UTR5914335694,0,0,0,0,0,0,0
TXN00019312,2026-01-28 00:50:34,USR66640,MCH4308,13638.17,UTR4582988095,4110,SUCCESS,TXN00019312,USR66640,MCH4308,UTR4582988095,0,0,0,0,0,0,0
TXN00016958,2026-03-09 15:24:20,USR92917,MCH8676,5060.09,UTR9013833408,0110,SUCCESS,TXN00016958,USR92917,MCH8676,UTR 9013833408,0,0,0,0,0,0,0
TXN00011880,2026-02-17 14:37:05,USR94405,MCH3817,21408.92,UTR2407127649,0110,SUCCESS,TXN00011880,USR94405,MCH3817,UTR2407127649,0,0,0,0,0,0,0
TXN00007065,2026-03-24 16:02:34,USR12284,MCH6528,3284.0,UTR4074696118,4110,SUCCESS,TXN00007065,USR12284,MCH6528,UTR4074696118,0,0,0,0,0,0,0
TXN00015503,2026-01-19 16:51:15,USR58869,MCH7110,9115.56,UTR6188780971,0110,PENDING,TXN00015503,USR58869,MCH7110,UTR6188780971,0,0,0,0,0,0,1
TXN00013592,2026-01-03 07:58:43,USR46429,MCH2042,10556.0,UTR4843118903,0110,SUCCESS,TXN00013592,USR46429,MCH2042,UTR4843118903,0,0,0,0,0,0,0
TXN00019421,2026-02-08 01:54:56,USR76022,MCH4075,23116.87,UTR7230913909,,SUCCESS,TXN00019421,USR76022,MCH4075,UTR7230913909,0,0,1,0,0,0,0
TXN00013792,2026-02-16 16:13:11,USR99085,MCH4509,6328.32,UTR7605646344,4110,SUCCESS,TXN00013792,USR99085,MCH4509,UTR7605646344,0,0,0,0,0,0,0
TXN00001980,2026-02-14 01:14:00,USR79352,MCH4672,21049.92,UTR4838873285,,SUCCESS,TXN00001980,USR79352,MCH4672,UTR4838873285,0,0,1,0,0,0,0
TXN00009220,2026-03-06 04:03:57,USR13318,MCH8306,3196.22,UTR6258474243,9120,SUCCESS,TXN00009220,USR13318,MCH8306,UTR6258474243,0,0,0,0,0,0,0
TXN00014273,2026-02-14 10:49:00,USR72396,MCH9919,0.430415,UTR0398474962,,PENDING,TXN00014273,USR72396,MCH9919,UTR0398474962,0,0,1,0,0,0,1
TXN00017203,2026-02-08 01:27:16,USR75978,MCH5291,10468.72,UTR1167267928,9120,FAILED,TXN00017203,USR75978,MCH5291,UTR1167267928,0,0,0,0,0,1,0
TXN00015773,2026-02-04 10:07:12,USR23094,MCH1411,0.566925,UTR4378998946,4110,SUCCESS,TXN00015773,USR23094,MCH1411,UTR4378998946,0,0,0,0,0,0,0
TXN00007383,2026-03-16 12:22:53,USR77069,MCH9623,24677.63,UTR8795185366,,SUCCESS,TXN00007383,USR77069,MCH9623,UTR8795185366,0,0,1,0,0,0,0
TXN00011948,2026-03-30 00:00:00,USR70902,MCH1818,6818.44,UTR9104551839,4110,SUCCESS,TXN00011948,USR70902,MCH1818,UTR9104551839,0,0,0,0,0,0,0
TXN00017003,2026-02-13 17:52:42,USR41888,MCH4719,22227.98,UTR2755192091,1310,SUCCESS,TXN00017003,USR41888,MCH4719,UTR2755192091,0,0,0,0,0,0,0
TXN00019863,2026-01-20 16:03:52,USR90824,MCH8516,5234.69,UTR0032640855,1310,SUCCESS,TXN00019863,USR90824,MCH8516,UTR0032640855,0,0,0,0,0,0,0
TXN00011917,2026-02-23 15:56:57,USR69563,MCH8444,21852.67,UTR8174191043,0110,SUCCESS,TXN00011917,USR69563,MCH8444,UTR8174191043,0,0,0,0,0,0,0
TXN00018955,2026-01-02 15:08:36,USR25927,MCH7776,6482.0,UTR2249816968,8120,FAILED,TXN00018955,USR25927,MCH7776,UTR2249816968,0,0,0,0,0,1,0
TXN00004288,2026-01-25 02:25:12,USR66169,MCH3825,14428.77,UTR1482530923,,SUCCESS,TXN00004288,USR66169,MCH3825,UTR1482530923,0,0,1,0,0,0,0
TXN00005237,2026-01-22 13:58:08,USR20625,MCH6425,17296.09,UTR5710432203,,SUCCESS,TXN00005237,USR20625,MCH6425,UTR5710432203,0,0,1,0,0,0,0
TXN00009763,2026-02-23 06:59:42,USR42038,MCH6092,24271.65,UTR3353791919,4110,SUCCESS,TXN00009763,USR42038,MCH6092,UTR 3353791919,0,0,0,0,0,0,0
TXN00016963,2026-02-25 08:56:04,USR27758,MCH2962,18500.88,UTR3530421830,9120,SUCCESS,TXN00016963,USR27758,MCH2962,UTR3530421830,0,0,0,0,0,0,0
TXN00003344,2026-03-16 20:00:54,USR19350,MCH8454,3920.35,UTR4063758259,0110,SUCCESS,TXN00003344,USR19350,MCH8454,UTR4063758259,0,0,0,0,0,0,0
TXN00003433,2026-03-01 07:37:37,USR43187,MCH3130,18920.69,UTR6459206747,1310,SUCCESS,TXN00003433,USR43187,MCH3130,UTR6459206747,0,0,0,0,0,0,0
TXN00016600,2026-01-13 03:34:54,USR94210,MCH2856,19355.63,UTR3208929695,4110,SUCCESS,TXN00016600,USR94210,MCH2856,UTR3208929695,0,0,0,0,0,0,0
TXN00006717,2026-02-20 18:02:56,USR27657,MCH8145,2242.6,UTR8055548980,8120,SUCCESS,TXN00006717,USR27657,MCH8145,UTR8055548980,0,0,0,0,0,0,0
TXN00013178,2026-02-24 11:19:41,USR28817,MCH4271,10485.81,UTR1982653099,8120,SUCCESS,TXN00013178,USR28817,MCH4271,UTR1982653099,0,0,0,0,0,0,0
TXN00009646,2026-03-05 01:19:53,USR16494,MCH8874,16809.85,UTR9344945590,0110,SUCCESS,TXN00009646,USR16494,MCH8874,UTR9344945590,0,0,0,0,0,0,0
TXN00002623,2026-01-01 03:38:42,USR90290,MCH1740,10851.1,UTR9626775908,,SUCCESS,TXN00002623,USR90290,MCH1740,UTR9626775908,0,0,1,0,0,0,0
TXN00011967,2026-02-10 02:16:10,USR21761,MCH3841,21945.18,UTR1371315993,4110,SUCCESS,TXN00011967,USR21761,MCH3841,UTR1371315993,0,0,0,0,0,0,0
TXN00019526,2026-03-16 08:56:22,USR12952,MCH3115,-18533.53,UTR8065623564,9120,SUCCESS,TXN00019526,USR12952,MCH3115,UTR8065623564,1,0,0,0,0,0,0
TXN00013492,2026-02-18 13:50:35,USR28218,MCH5711,0.41939,UTR8609199114,1310,PENDING,TXN00013492,USR28218,MCH5711,UTR8609199114,0,0,0,0,0,0,1
TXN00005479,2026-01-18 06:05:25,USR21804,MCH2710,19158.47,UTR5057244668,8120,SUCCESS,TXN00005479,USR21804,MCH2710,UTR5057244668,0,0,0,0,0,0,0
TXN00011578,2026-02-27 07:52:46,USR18965,MCH7289,22936.47,UTR0040900438,9120,SUCCESS,TXN00011578,USR18965,MCH7289,UTR0040900438,0,0,0,0,0,0,0
TXN00014854,2026-02-06 09:00:03,USR69015,MCH5121,4911.52,UTR1553689661,4110,SUCCESS,TXN00014854,USR69015,MCH5121,UTR1553689661,0,0,0,0,0,0,0
TXN00009077,2026-03-17 14:34:30,USR80187,MCH9090,0.1960684,UTR4175306150,,SUCCESS,TXN00009077,USR80187,MCH9090,UTR 4175306150,0,0,1,0,0,0,0
TXN00007306,2026-01-08 11:37:42,USR97553,MCH4241,22844.05,,8120,FAILED,TXN00007306,USR97553,MCH4241,,0,1,0,0,0,1,0
TXN00006009,2026-03-20 04:47:15,USR16263,MCH2298,15674.55,UTR6055946171,4110,SUCCESS,TXN00006009,USR16263,MCH2298,UTR6055946171,0,0,0,0,0,0,0
TXN00004410,2026-01-10 21:05:58,USR96288,MCH3941,13872.75,UTR9137880536,8120,SUCCESS,TXN00004410,USR96288,MCH3941,UTR 9137880536,0,0,0,0,0,0,0
TXN00017448,2026-03-17 16:24:02,USR26486,MCH8178,12819.47,UTR0071684813,1310,SUCCESS,TXN00017448,USR26486,MCH8178,UTR 0071684813,0,0,0,0,0,0,0
TXN00004543,2026-02-12 20:27:31,USR66295,MCH6295,5358.0,UTR8367958837,1310,SUCCESS,TXN00004543,USR66295,MCH6295,UTR8367958837,0,0,0,0,0,0,0
TXN00001812,2026-01-30 13:13:15,USR38307,MCH9463,19111.67,UTR7575310779,8120,SUCCESS,TXN00001812,USR38307,MCH9463,UTR7575310779,0,0,0,0,0,0,0
TXN00019959,2026-01-25 07:47:53,USR82255,MCH7844,0.1036337,UTR6085438629,8120,SUCCESS,TXN00019959,USR82255,MCH7844,UTR6085438629,0,0,0,0,0,0,0
TXN00011594,2026-02-11 13:39:27,USR28903,MCH6487,0.73651,UTR8975480759,0110,PENDING,TXN00011594,USR28903,MCH6487,UTR 8975480759,0,0,0,0,0,0,1
TXN00005443,2026-03-10 09:41:33,USR39604,MCH2500,3353.12,UTR1735190016,4110,SUCCESS,TXN00005443,USR39604,MCH2500,UTR1735190016,0,0,0,0,0,0,0
TXN00002088,2026-01-26 23:11:54,USR83564,MCH3950,16422.93,UTR3986319284,9120,FAILED,TXN00002088,USR83564,MCH3950,UTR3986319284,0,0,0,0,0,1,0
TXN00012340,2026-03-04 11:47:57,USR25518,MCH2240,3762.34,UTR3247826699,4110,SUCCESS,TXN00012340,USR25518,MCH2240,UTR3247826699,0,0,0,0,0,0,0
TXN00006972,2026-01-23 02:27:09,USR57603,MCH9940,15046.15,UTR8698698328,4110,SUCCESS,TXN00006972,USR57603,MCH9940,UTR8698698328,0,0,0,0,0,0,0
TXN00006699,2026-02-24 14:12:28,USR88105,MCH7421,20223.37,UTR1654290167,1310,SUCCESS,TXN00006699,USR88105,MCH7421,UTR1654290167,0,0,0,0,0,0,0
TXN00012427,2026-01-29 05:23:13,USR42346,MCH1172,0.1147462,UTR7752799921,4110,SUCCESS,TXN00012427,USR42346,MCH1172,UTR7752799921,0,0,0,0,0,0,0
TXN00017572,2026-01-14 11:16:28,USR98049,MCH7179,0.2474847,UTR9722703849,4110,SUCCESS,TXN00017572,USR98049,MCH7179,UTR9722703849,0,0,0,0,0,0,0
TXN00004059,2026-03-23 10:15:12,USR42046,MCH4509,22249.0,,9120,SUCCESS,TXN00004059,USR42046,MCH4509,,0,1,0,0,0,0,0
TXN00005865,2026-02-20 21:40:31,USR88694,MCH8576,17954.52,UTR2519120751,8120,SUCCESS,TXN00005865,USR88694,MCH8576,UTR2519120751,0,0,0,0,0,0,0
TXN00015695,2026-03-21 22:34:32,USR89672,MCH7941,7138.74,UTR0182824297,8120,SUCCESS,TXN00015695,USR89672,MCH7941,UTR0182824297,0,0,0,0,0,0,0
TXN00008636,2026-02-18 18:40:50,USR29588,MCH5717,20226.0,UTR7797022029,0110,SUCCESS,TXN00008636,USR29588,MCH5717,UTR7797022029,0,0,0,0,0,0,0
TXN00019682,2026-02-27 14:44:39,USR18793,MCH5807,6521.02,UTR6544445642,8120,SUCCESS,TXN00019682,USR18793,MCH5807,UTR6544445642,0,0,0,0,0,0,0
TXN00001689,2026-03-29 15:59:27,USR67703,MCH1530,15160.26,UTR0805888832,4110,SUCCESS,TXN00001689,USR67703,MCH1530,UTR0805888832,0,0,0,0,0,0,0
TXN00018205,2026-02-20 11:16:27,USR55081,MCH4477,0.11173,UTR6431390718,4110,FAILED,TXN00018205,USR55081,MCH4477,UTR6431390718,0,0,0,0,0,1,0
TXN00016006,2026-02-06 00:00:00,USR61617,MCH1961,5559.41,UTR7415239629,1310,SUCCESS,TXN00016006,USR61617,MCH1961,UTR 7415239629,0,0,0,0,0,0,0
TXN00018037,2026-02-11 22:45:04,USR43342,MCH6672,11636.33,UTR0651902382,,FAILED,TXN00018037,USR43342,MCH6672,UTR0651902382,0,0,1,0,0,1,0
TXN00001550,2026-03-05 13:45:03,USR19813,MCH6122,15832.45,UTR6696904940,4110,SUCCESS,TXN00001550,USR19813,MCH6122,UTR6696904940,0,0,0,0,0,0,0
TXN00013357,2026-01-05 09:59:13,USR63813,MCH4550,898.44,UTR3301637108,1310,SUCCESS,TXN00013357,USR63813,MCH4550,UTR3301637108,0,0,0,0,0,0,0
TXN00008184,2026-02-15 00:00:00,USR33203,MCH7575,24895.1,UTR9861817121,9120,SUCCESS,TXN00008184,USR33203,MCH7575,UTR9861817121,0,0,0,0,0,0,0
TXN00003607,2026-03-08 06:52:37,USR88509,MCH5334,20644.52,UTR4061643258,4110,PENDING,TXN00003607,USR88509,MCH5334,UTR4061643258,0,0,0,0,0,0,1
TXN00008407,2026-02-07 17:30:03,USR68849,MCH7879,102.95,UTR5423001712,1310,FAILED,TXN00008407,USR68849,MCH7879,UTR5423001712,0,0,0,0,0,1,0
TXN00012099,2026-01-26 20:17:51,USR31446,MCH1380,18570.84,UTR0129373267,4110,SUCCESS,TXN00012099,USR31446,MCH1380,UTR0129373267,0,0,0,0,0,0,0
TXN00014923,2026-02-15 22:42:35,USR76396,MCH7407,23026.53,UTR2466869568,1310,SUCCESS,TXN00014923,USR76396,MCH7407,UTR2466869568,0,0,0,0,0,0,0
TXN00004079,2026-02-11 22:16:43,USR48721,MCH6453,19216.85,UTR1415063757,0110,SUCCESS,TXN00004079,USR48721,MCH6453,UTR1415063757,0,0,0,0,0,0,0
TXN00003769,2026-01-27 01:33:39,USR84261,MCH2478,4118.49,UTR2355900398,,FAILED,TXN00003769,USR84261,MCH2478,UTR2355900398,0,0,1,0,0,1,0
TXN00001270,2026-01-01 06:14:05,USR89278,MCH6613,7298.65,UTR5317343741,,SUCCESS,TXN00001270,USR89278,MCH6613,UTR5317343741,0,0,1,0,0,0,0
TXN00015776,2026-02-11 19:50:44,USR41877,MCH7589,16195.01,UTR8956523220,0110,SUCCESS,TXN00015776,USR41877,MCH7589,UTR8956523220,0,0,0,0,0,0,0
TXN00008958,2026-01-03 00:00:00,USR89235,MCH8665,21288.6,UTR3855381457,0110,SUCCESS,TXN00008958,USR89235,MCH8665,UTR 3855381457,0,0,0,0,0,0,0
TXN00003266,2026-03-01 05:34:53,USR69083,MCH7723,1735.46,UTR9690165160,1310,SUCCESS,TXN00003266,USR69083,MCH7723,UTR9690165160,0,0,0,0,0,0,0
TXN00014312,2026-03-16 00:00:00,USR40420,MCH8086,9885.0,UTR7514760340,9120,SUCCESS,TXN00014312,USR40420,MCH8086,UTR7514760340,0,0,0,0,0,0,0
TXN00013392,2026-02-03 04:03:18,USR58859,MCH4432,0.826564,,,SUCCESS,TXN00013392,USR58859,MCH4432,,0,1,1,0,0,0,0
TXN00008921,2026-03-23 12:13:45,USR64746,MCH8039,13181.5,UTR9687701747,4110,SUCCESS,TXN00008921,USR64746,MCH8039,UTR 9687701747,0,0,0,0,0,0,0
TXN00008382,2026-01-28 11:44:18,USR49265,MCH7852,4275.0,UTR0777520734,0110,SUCCESS,TXN00008382,USR49265,MCH7852,UTR0777520734,0,0,0,0,0,0,0
TXN00011043,2026-02-21 00:02:24,USR26569,MCH2108,23108.67,UTR8122670418,9120,PENDING,TXN00011043,USR26569,MCH2108,UTR8122670418,0,0,0,0,0,0,1
TXN00018126,2026-01-13 08:34:18,USR15987,MCH3748,4549.26,UTR4833067687,4110,SUCCESS,TXN00018126,USR15987,MCH3748,UTR4833067687,0,0,0,0,0,0,0
TXN00017454,2026-01-02 01:24:04,USR41267,MCH4650,2481.0,UTR0898729333,4110,FAILED,TXN00017454,USR41267,MCH4650,UTR 0898729333,0,0,0,0,0,1,0
TXN00002325,2026-02-23 19:39:02,USR74298,MCH1854,0.2059652,UTR3157437015,8120,SUCCESS,TXN00002325,USR74298,MCH1854,UTR3157437015,0,0,0,0,0,0,0
TXN00016351,2026-03-27 20:23:27,USR94071,MCH6336,2010.23,UTR7407056187,0110,SUCCESS,TXN00016351,USR94071,MCH6336,UTR7407056187,0,0,0,0,0,0,0
TXN00019677,2026-02-24 10:57:27,USR91676,MCH2011,17400.41,UTR7272170648,4110,SUCCESS,TXN00019677,USR91676,MCH2011,UTR7272170648,0,0,0,0,0,0,0
TXN00008561,2026-01-16 03:45:21,USR57362,MCH8165,4271.55,UTR5188291937,4110,SUCCESS,TXN00008561,USR57362,MCH8165,UTR5188291937,0,0,0,0,0,0,0
TXN00012619,2026-03-29 20:58:23,USR29288,MCH7608,3900.35,UTR3190494426,8120,SUCCESS,TXN00012619,USR29288,MCH7608,UTR3190494426,0,0,0,0,0,0,0
TXN00002202,2026-03-25 16:51:42,USR62193,MCH1768,2776.91,UTR0790764034,4110,SUCCESS,TXN00002202,USR62193,MCH1768,UTR0790764034,0,0,0,0,0,0,0
TXN00014066,2026-01-15 11:51:00,USR48525,MCH6901,22008.48,UTR8704756456,4110,FAILED,TXN00014066,USR48525,MCH6901,UTR8704756456,0,0,0,0,0,1,0
TXN00010293,2026-03-20 19:34:48,USR78259,MCH2687,0.792174,UTR9856067036,,SUCCESS,TXN00010293,USR78259,MCH2687,UTR 9856067036,0,0,1,0,0,0,0
TXN00000309,2026-01-07 21:06:34,USR33351,MCH7478,19882.0,,8120,SUCCESS,TXN00000309,USR33351,MCH7478,,0,1,0,0,0,0,0
TXN00001408,2026-01-19 05:05:56,USR23792,MCH3352,20143.7,UTR5269090681,,SUCCESS,TXN00001408,USR23792,MCH3352,UTR5269090681,0,0,1,0,0,0,0
TXN00007251,2026-02-05 01:46:36,USR24674,MCH9713,21336.36,UTR4351169762,9120,SUCCESS,TXN00007251,USR24674,MCH9713,UTR4351169762,0,0,0,0,0,0,0
TXN00000477,2026-02-22 04:46:44,USR95576,MCH8560,1854.18,,4110,SUCCESS,TXN00000477,USR95576,MCH8560,,0,1,0,0,0,0,0
TXN00014026,2026-01-20 02:13:08,USR91090,MCH2869,8708.91,UTR6071215969,,SUCCESS,TXN00014026,USR91090,MCH2869,UTR6071215969,0,0,1,0,0,0,0
TXN00009135,2026-03-25 18:10:21,USR39622,MCH8584,19417.4,UTR4955707851,9120,SUCCESS,TXN00009135,USR39622,MCH8584,UTR4955707851,0,0,0,0,0,0,0
TXN00015192,2026-03-22 09:06:40,USR40876,MCH1519,1845.38,UTR1093179680,,SUCCESS,TXN00015192,USR40876,MCH1519,UTR1093179680,0,0,1,0,0,0,0
TXN00002426,2026-02-11 02:36:30,USR29750,MCH1043,22503.08,UTR4560367433,4110,SUCCESS,TXN00002426,USR29750,MCH1043,UTR4560367433,0,0,0,0,0,0,0
TXN00007341,2026-02-27 12:16:12,USR65987,MCH6806,23602.0,UTR2244968497,4110,SUCCESS,TXN00007341,USR65987,MCH6806,UTR2244968497,0,0,0,0,0,0,0
TXN00010921,2026-03-16 00:00:00,USR32948,MCH9530,17922.77,UTR5582379600,4110,SUCCESS,TXN00010921,USR32948,MCH9530,UTR5582379600,0,0,0,0,0,0,0
TXN00013973,2026-03-14 23:24:28,USR89774,MCH2656,19136.0,UTR8135774044,9120,SUCCESS,TXN00013973,USR89774,MCH2656,UTR8135774044,0,0,0,0,0,0,0
TXN00017202,2026-03-18 03:30:28,USR48296,MCH2281,18101.96,UTR9907702019,0110,SUCCESS,TXN00017202,USR48296,MCH2281,UTR9907702019,0,0,0,0,0,0,0
TXN00019066,2026-02-24 09:57:35,USR97739,MCH4477,4715.13,UTR6436895707,8120,SUCCESS,TXN00019066,USR97739,MCH4477,UTR6436895707,0,0,0,0,0,0,0
TXN00011528,2026-02-12 23:13:50,USR89287,MCH7514,20960.06,UTR4469213954,4110,SUCCESS,TXN00011528,USR89287,MCH7514,UTR4469213954,0,0,0,0,0,0,0
TXN00008160,2026-02-21 22:34:19,USR48114,MCH3883,19584.42,UTR8620425253,8120,SUCCESS,TXN00008160,USR48114,MCH3883,UTR8620425253,0,0,0,0,0,0,0
TXN00010834,2026-01-23 13:21:49,USR32409,MCH3539,6393.15,UTR8125417280,4110,SUCCESS,TXN00010834,USR32409,MCH3539,UTR8125417280,0,0,0,0,0,0,0
TXN00003762,2026-02-06 00:40:23,USR45181,MCH3832,18375.8,UTR3608402655,4110,SUCCESS,TXN00003762,USR45181,MCH3832,UTR3608402655,0,0,0,0,0,0,0
TXN00000559,2026-02-22 23:19:03,USR20303,MCH4211,18880.88,UTR0595859561,4110,SUCCESS,TXN00000559,USR20303,MCH4211,UTR0595859561,0,0,0,0,0,0,0
TXN00001765,2026-03-20 02:49:30,USR50701,MCH9056,3759.72,UTR0799658265,8120,SUCCESS,TXN00001765,USR50701,MCH9056,UTR0799658265,0,0,0,0,0,0,0
TXN00014713,2026-02-09 06:40:55,USR32212,MCH5534,13766.81,UTR3347558123,4110,SUCCESS,TXN00014713,USR32212,MCH5534,UTR3347558123,0,0,0,0,0,0,0
TXN00004284,2026-03-30 18:42:33,USR20788,MCH1988,1473.55,UTR4589430062,4110,SUCCESS,TXN00004284,USR20788,MCH1988,UTR4589430062,0,0,0,0,0,0,0
TXN00019067,2026-02-19 02:14:04,USR97576,MCH9284,0.167363,UTR8884312370,4110,SUCCESS,TXN00019067,USR97576,MCH9284,UTR8884312370,0,0,0,0,0,0,0
TXN00018026,2026-02-18 17:43:44,USR16514,MCH4930,22174.48,UTR7318748153,1310,SUCCESS,TXN00018026,USR16514,MCH4930,UTR7318748153,0,0,0,0,0,0,0
TXN00002329,2026-01-04 23:35:23,USR93453,MCH3489,15913.67,UTR1353248952,4110,SUCCESS,TXN00002329,USR93453,MCH3489,UTR1353248952,0,0,0,0,0,0,0
TXN00018491,2026-03-17 23:05:40,USR89244,MCH3363,22057.92,UTR1024727865,4110,SUCCESS,TXN00018491,USR89244,MCH3363,UTR 1024727865,0,0,0,0,0,0,0
TXN00002628,2026-02-10 00:00:00,USR20637,MCH6262,-17178.61,UTR1966276964,0110,SUCCESS,TXN00002628,USR20637,MCH6262,UTR1966276964,1,0,0,0,0,0,0
TXN00004724,2026-09-01 00:03:13,USR16432,MCH1491,10473.19,UTR5234986455,8120,SUCCESS,TXN00004724,USR16432,MCH1491,UTR5234986455,0,0,0,0,0,0,0
TXN00011398,2026-01-19 07:54:03,USR55758,MCH8466,17203.0,UTR7506153270,4110,SUCCESS,TXN00011398,USR55758,MCH8466,UTR7506153270,0,0,0,0,0,0,0
TXN00005273,2026-02-25 00:00:00,USR20040,MCH2183,7454.0,UTR2949709804,9120,SUCCESS,TXN00005273,USR20040,MCH2183,UTR2949709804,0,0,0,0,0,0,0
TXN00000508,2026-01-26 16:15:00,USR63370,MCH7950,20565.21,UTR5450367778,9120,SUCCESS,TXN00000508,USR63370,MCH7950,UTR5450367778,0,0,0,0,0,0,0
TXN00019000,2026-03-18 01:36:38,USR90121,MCH7092,20074.0,UTR3362876639,0110,SUCCESS,TXN00019000,USR90121,MCH7092,UTR3362876639,0,0,0,0,0,0,0
TXN00010663,2026-02-16 13:58:31,USR64525,MCH1925,22052.38,UTR1976660232,,FAILED,TXN00010663,USR64525,MCH1925,UTR1976660232,0,0,1,0,0,1,0
TXN00007767,2026-02-16 19:49:19,USR98581,MCH7586,7070.7,UTR1908510802,4110,SUCCESS,TXN00007767,USR98581,MCH7586,UTR1908510802,0,0,0,0,0,0,0
TXN00008552,2026-02-24 00:19:36,USR57077,MCH6719,2285.0,UTR7033787766,4110,SUCCESS,TXN00008552,USR57077,MCH6719,UTR7033787766,0,0,0,0,0,0,0
TXN00004298,2026-03-07 18:37:26,USR27495,MCH8911,3795.0,UTR8167857958,4110,SUCCESS,TXN00004298,USR27495,MCH8911,UTR8167857958,0,0,0,0,0,0,0
TXN00013935,2026-03-11 04:12:53,USR85354,MCH9920,15411.13,UTR1301052735,9120,SUCCESS,TXN00013935,USR85354,MCH9920,UTR1301052735,0,0,0,0,0,0,0
TXN00000902,2026-03-28 13:40:31,USR72558,MCH6896,673.04,UTR8610323377,,SUCCESS,TXN00000902,USR72558,MCH6896,UTR8610323377,0,0,1,0,0,0,0
TXN00002316,2026-03-25 21:50:54,USR94513,MCH6471,3295.91,UTR8735711056,9120,SUCCESS,TXN00002316,USR94513,MCH6471,UTR8735711056,0,0,0,0,0,0,0
TXN00010604,2026-01-22 00:20:52,USR13664,MCH1595,22782.29,UTR7602028010,4110,SUCCESS,TXN00010604,USR13664,MCH1595,UTR7602028010,0,0,0,0,0,0,0
TXN00006035,2026-01-19 10:32:03,USR32323,MCH5182,15984.0,UTR3839405379,4110,SUCCESS,TXN00006035,USR32323,MCH5182,UTR3839405379,0,0,0,0,0,0,0
TXN00009094,2026-01-20 14:32:08,USR62045,MCH4939,17557.09,,,FAILED,TXN00009094,USR62045,MCH4939,,0,1,1,0,0,1,0
TXN00000458,2026-03-11 12:50:52,USR20031,MCH2573,0.1172183,UTR5056553579,4110,SUCCESS,TXN00000458,USR20031,MCH2573,UTR5056553579,0,0,0,0,0,0,0
TXN00000199,2026-03-16 14:57:53,USR34525,MCH6750,22178.29,UTR5336247010,1310,SUCCESS,TXN00000199,USR34525,MCH6750,UTR 5336247010,0,0,0,0,0,0,0
TXN00010270,2026-01-09 05:44:38,USR52823,MCH4391,11288.9,UTR8143904455,0110,SUCCESS,TXN00010270,USR52823,MCH4391,UTR8143904455,0,0,0,0,0,0,0
TXN00016433,2026-03-16 12:29:13,USR62980,MCH4653,20150.17,UTR4094720160,0110,SUCCESS,TXN00016433,USR62980,MCH4653,UTR4094720160,0,0,0,0,0,0,0
TXN00012715,2026-01-16 09:34:39,USR59379,MCH8429,3060.91,UTR7778524410,0110,SUCCESS,TXN00012715,USR59379,MCH8429,UTR7778524410,0,0,0,0,0,0,0
TXN00017901,2026-02-02 09:40:04,USR24334,MCH2070,1434.59,UTR8174556114,0110,FAILED,TXN00017901,USR24334,MCH2070,UTR8174556114,0,0,0,0,0,1,0
TXN00012481,2026-10-02 09:56:11,USR70797,MCH2889,20755.17,UTR9430262497,,SUCCESS,TXN00012481,USR70797,MCH2889,UTR9430262497,0,0,1,0,0,0,0
TXN00016134,2026-01-22 17:47:36,USR63144,MCH9550,0.143325,UTR4047903390,9120,FAILED,TXN00016134,USR63144,MCH9550,UTR4047903390,0,0,0,0,0,1,0
TXN00015540,2026-01-15 04:58:21,USR67927,MCH6293,14912.23,UTR7503295391,4110,SUCCESS,TXN00015540,USR67927,MCH6293,UTR7503295391,0,0,0,0,0,0,0
TXN00002627,2026-02-25 09:44:34,USR36151,MCH8257,2241.35,UTR7083451615,,SUCCESS,TXN00002627,USR36151,MCH8257,UTR7083451615,0,0,1,0,0,0,0
TXN00009700,2026-01-11 13:23:36,USR43879,MCH4495,20227.77,UTR5027082497,9120,SUCCESS,TXN00009700,USR43879,MCH4495,UTR5027082497,0,0,0,0,0,0,0
TXN00015943,2026-03-03 11:43:09,USR66282,MCH7783,14737.57,UTR6208686718,8120,SUCCESS,TXN00015943,USR66282,MCH7783,UTR6208686718,0,0,0,0,0,0,0
TXN00012993,2026-01-30 01:11:25,USR77819,MCH3826,1882.85,UTR6008302557,0110,SUCCESS,TXN00012993,USR77819,MCH3826,UTR6008302557,0,0,0,0,0,0,0
TXN00014965,2026-03-21 03:12:29,USR32953,MCH7772,-9627.56,UTR7941599818,4110,PENDING,TXN00014965,USR32953,MCH7772,UTR7941599818,1,0,0,0,0,0,1
TXN00013466,2026-01-03 13:25:30,USR88354,MCH6922,14532.25,UTR0471995074,1310,SUCCESS,TXN00013466,USR88354,MCH6922,UTR0471995074,0,0,0,0,0,0,0
TXN00002006,2026-02-10 00:00:00,USR33190,MCH1613,18987.36,UTR3756279623,1310,SUCCESS,TXN00002006,USR33190,MCH1613,UTR 3756279623,0,0,0,0,0,0,0
TXN00007675,2026-02-12 23:43:32,USR96067,MCH5812,12945.57,UTR3484344254,0110,FAILED,TXN00007675,USR96067,MCH5812,UTR3484344254,0,0,0,0,0,1,0
TXN00010508,2026-03-31 19:04:59,USR59397,MCH9727,0.1282694,UTR0010651155,1310,SUCCESS,TXN00010508,USR59397,MCH9727,UTR0010651155,0,0,0,0,0,0,0
TXN00007110,2026-01-31 20:29:41,USR62819,MCH5657,10403.68,UTR5100404747,1310,SUCCESS,TXN00007110,USR62819,MCH5657,UTR5100404747,0,0,0,0,0,0,0
TXN00013839,2026-01-18 02:17:24,USR89276,MCH6406,11594.0,UTR9135094415,4110,SUCCESS,TXN00013839,USR89276,MCH6406,UTR9135094415,0,0,0,0,0,0,0
TXN00007235,2026-02-04 20:03:15,USR92283,MCH7068,8470.47,UTR4126262669,0110,SUCCESS,TXN00007235,USR92283,MCH7068,UTR4126262669,0,0,0,0,0,0,0
TXN00009813,2026-03-27 21:56:24,USR52894,MCH3869,6303.82,UTR6526425908,,FAILED,TXN00009813,USR52894,MCH3869,UTR6526425908,0,0,1,0,0,1,0
TXN00012170,2026-02-18 23:40:05,USR79191,MCH6485,9063.7,UTR3115923099,0110,SUCCESS,TXN00012170,USR79191,MCH6485,UTR3115923099,0,0,0,0,0,0,0
TXN00019382,2026-03-25 05:19:12,USR49433,MCH4822,328.05,UTR0199833483,4110,SUCCESS,TXN00019382,USR49433,MCH4822,UTR0199833483,0,0,0,0,0,0,0
TXN00017614,2026-02-26 15:32:40,USR37134,MCH8201,9229.0,UTR0423558834,4110,SUCCESS,TXN00017614,USR37134,MCH8201,UTR0423558834,0,0,0,0,0,0,0
TXN00005712,2026-01-12 16:16:37,USR85076,MCH5502,24208.49,UTR5143274103,0110,SUCCESS,TXN00005712,USR85076,MCH5502,UTR5143274103,0,0,0,0,0,0,0
TXN00014626,2026-03-19 05:01:38,USR85396,MCH5071,12907.95,UTR9581773639,1310,SUCCESS,TXN00014626,USR85396,MCH5071,UTR9581773639,0,0,0,0,0,0,0
TXN00013456,2026-01-02 22:05:40,USR69260,MCH6867,0.2082275,UTR3782315836,0110,SUCCESS,TXN00013456,USR69260,MCH6867,UTR3782315836,0,0,0,0,0,0,0
TXN00008690,2026-01-26 20:25:26,USR31952,MCH6382,0.470958,UTR3109680815,9120,SUCCESS,TXN00008690,USR31952,MCH6382,UTR3109680815,0,0,0,0,0,0,0
TXN00009463,2026-03-16 17:01:17,USR84655,MCH8437,18393.71,UTR8115642501,0110,SUCCESS,TXN00009463,USR84655,MCH8437,UTR8115642501,0,0,0,0,0,0,0
TXN00010726,2026-02-15 04:21:02,USR27239,MCH3395,9871.78,UTR9527468666,4110,SUCCESS,TXN00010726,USR27239,MCH3395,UTR9527468666,0,0,0,0,0,0,0
TXN00012809,2026-03-02 03:20:00,USR87990,MCH8332,12037.95,UTR8699189798,,SUCCESS,TXN00012809,USR87990,MCH8332,UTR8699189798,0,0,1,0,0,0,0
TXN00013861,2026-03-06 04:01:44,USR89989,MCH2170,7748.92,UTR0447846895,9120,SUCCESS,TXN00013861,USR89989,MCH2170,UTR0447846895,0,0,0,0,0,0,0
TXN00015145,2026-02-08 09:08:40,USR57263,MCH4327,17476.2,UTR8270311810,8120,SUCCESS,TXN00015145,USR57263,MCH4327,UTR8270311810,0,0,0,0,0,0,0
TXN00007256,2026-03-27 14:09:54,USR76014,MCH4832,13812.93,UTR1329315484,9120,FAILED,TXN00007256,USR76014,MCH4832,UTR1329315484,0,0,0,0,0,1,0
TXN00000344,2026-01-06 21:14:15,USR33529,MCH8289,10851.95,UTR5815526719,1310,SUCCESS,TXN00000344,USR33529,MCH8289,UTR5815526719,0,0,0,0,0,0,0
TXN00009549,2026-03-29 16:49:25,USR36609,MCH5723,0.1176152,UTR2235357890,4110,SUCCESS,TXN00009549,USR36609,MCH5723,UTR2235357890,0,0,0,0,0,0,0
TXN00018690,2026-03-10 11:21:49,USR24476,MCH7815,8931.0,UTR7218840999,1310,SUCCESS,TXN00018690,USR24476,MCH7815,UTR7218840999,0,0,0,0,0,0,0
TXN00013566,2026-01-19 21:28:11,USR46998,MCH7339,10731.91,UTR3692127005,1310,SUCCESS,TXN00013566,USR46998,MCH7339,UTR3692127005,0,0,0,0,0,0,0
TXN00017186,2026-01-17 20:47:26,USR92593,MCH7588,5331.02,UTR4085058830,0110,SUCCESS,TXN00017186,USR92593,MCH7588,UTR4085058830,0,0,0,0,0,0,0
TXN00014847,2026-10-02 11:18:46,USR18416,MCH4696,9118.88,UTR5202924008,0110,SUCCESS,TXN00014847,USR18416,MCH4696,UTR5202924008,0,0,0,0,0,0,0
TXN00002021,2026-03-22 18:10:08,USR99526,MCH9335,24085.23,UTR8736511419,9120,SUCCESS,TXN00002021,USR99526,MCH9335,UTR8736511419,0,0,0,0,0,0,0
TXN00007372,2026-03-26 04:57:39,USR89930,MCH1647,15835.39,UTR8752451905,8120,SUCCESS,TXN00007372,USR89930,MCH1647,UTR8752451905,0,0,0,0,0,0,0
TXN00006045,2026-03-30 00:21:35,USR33906,MCH6916,17511.69,UTR7705455676,0110,SUCCESS,TXN00006045,USR33906,MCH6916,UTR7705455676,0,0,0,0,0,0,0
TXN00013583,2026-01-31 04:13:48,USR58216,MCH5004,-5114.58,UTR3972930826,,SUCCESS,TXN00013583,USR58216,MCH5004,UTR3972930826,1,0,1,0,0,0,0
TXN00000337,2026-03-25 20:53:07,USR50775,MCH9519,21387.96,UTR4115225036,1310,SUCCESS,TXN00000337,USR50775,MCH9519,UTR4115225036,0,0,0,0,0,0,0
TXN00000977,2026-03-15 05:29:26,USR68090,MCH3130,14881.0,UTR5057861856,0110,SUCCESS,TXN00000977,USR68090,MCH3130,UTR5057861856,0,0,0,0,0,0,0
TXN00000143,2026-03-05 15:16:58,USR68939,MCH8858,12436.24,UTR0805992974,9120,SUCCESS,TXN00000143,USR68939,MCH8858,UTR0805992974,0,0,0,0,0,0,0
TXN00003040,2026-01-26 23:15:15,USR87289,MCH6211,0.1297234,UTR1508017059,,FAILED,TXN00003040,USR87289,MCH6211,UTR1508017059,0,0,1,0,0,1,0
TXN00005584,2026-02-11 21:03:22,USR76303,MCH7339,17540.46,UTR1270789115,0110,SUCCESS,TXN00005584,USR76303,MCH7339,UTR1270789115,0,0,0,0,0,0,0
TXN00016918,2026-01-25 11:22:07,USR17656,MCH5393,8293.99,UTR8121073080,4110,SUCCESS,TXN00016918,USR17656,MCH5393,UTR8121073080,0,0,0,0,0,0,0
TXN00011475,2026-01-03 21:15:38,USR47960,MCH6305,17577.11,UTR0832004546,1310,SUCCESS,TXN00011475,USR47960,MCH6305,UTR0832004546,0,0,0,0,0,0,0
TXN00004609,2026-03-18 06:47:34,USR78430,MCH7244,23907.73,UTR8496122073,8120,SUCCESS,TXN00004609,USR78430,MCH7244,UTR8496122073,0,0,0,0,0,0,0
TXN00004112,2026-01-27 04:36:04,USR92663,MCH2412,12511.96,UTR0578189732,8120,SUCCESS,TXN00004112,USR92663,MCH2412,UTR0578189732,0,0,0,0,0,0,0
TXN00012560,2026-03-02 18:49:24,USR89610,MCH2333,14654.55,UTR0769565115,4110,SUCCESS,TXN00012560,USR89610,MCH2333,UTR0769565115,0,0,0,0,0,0,0
TXN00012178,2026-03-28 15:02:13,USR76222,MCH5907,0.1514218,UTR3617090591,0110,SUCCESS,TXN00012178,USR76222,MCH5907,UTR3617090591,0,0,0,0,0,0,0
TXN00015754,2026-03-28 15:39:41,USR11830,MCH6055,9610.16,,4110,SUCCESS,TXN00015754,USR11830,MCH6055,,0,1,0,0,0,0,0
TXN00003460,2026-02-26 13:13:54,USR49620,MCH2309,16219.49,UTR5526639736,,SUCCESS,TXN00003460,USR49620,MCH2309,UTR5526639736,0,0,1,0,0,0,0
TXN00005647,2026-03-04 07:39:25,USR34039,MCH9490,674.94,,0110,FAILED,TXN00005647,USR34039,MCH9490,,0,1,0,0,0,1,0
TXN00019394,2026-01-18 07:02:17,USR83306,MCH5502,15261.59,UTR4145285991,8120,FAILED,TXN00019394,USR83306,MCH5502,UTR4145285991,0,0,0,0,0,1,0
TXN00004319,2026-02-06 07:45:42,USR32273,MCH1989,10141.52,UTR4587058774,,SUCCESS,TXN00004319,USR32273,MCH1989,UTR4587058774,0,0,1,0,0,0,0
TXN00017130,2026-02-08 00:00:00,USR96080,MCH5183,20207.24,UTR0754979349,4110,PENDING,TXN00017130,USR96080,MCH5183,UTR0754979349,0,0,0,0,0,0,1
TXN00012925,2026-02-07 20:45:02,USR91544,MCH8337,10719.81,UTR1318809422,,SUCCESS,TXN00012925,USR91544,MCH8337,UTR1318809422,0,0,1,0,0,0,0
TXN00010827,2026-01-03 02:03:26,USR55417,MCH8272,651.0,UTR0467687002,4110,SUCCESS,TXN00010827,USR55417,MCH8272,UTR0467687002,0,0,0,0,0,0,0
TXN00005649,2026-02-07 15:00:13,USR84978,MCH7344,15645.0,UTR9758328630,4110,FAILED,TXN00005649,USR84978,MCH7344,UTR9758328630,0,0,0,0,0,1,0
TXN00010267,2026-03-08 00:00:00,USR86395,MCH8282,11782.36,UTR4892100380,4110,SUCCESS,TXN00010267,USR86395,MCH8282,UTR4892100380,0,0,0,0,0,0,0
TXN00003462,2026-02-25 14:54:03,USR39284,MCH1470,0.39136,UTR6357779274,4110,SUCCESS,TXN00003462,USR39284,MCH1470,UTR6357779274,0,0,0,0,0,0,0
TXN00005582,2026-10-03 09:36:53,USR89504,MCH6961,9063.71,UTR4109775213,4110,SUCCESS,TXN00005582,USR89504,MCH6961,UTR4109775213,0,0,0,0,0,0,0
TXN00004739,2026-03-05 15:23:28,USR15339,MCH9232,9376.87,UTR8346191462,8120,PENDING,TXN00004739,USR15339,MCH9232,UTR 8346191462,0,0,0,0,0,0,1
TXN00018436,2026-03-18 16:50:35,USR24930,MCH3473,0.25318,UTR9117200356,,SUCCESS,TXN00018436,USR24930,MCH3473,UTR9117200356,0,0,1,0,0,0,0
TXN00019450,2026-03-10 10:20:48,USR88348,MCH3722,6659.53,UTR6559865077,4110,SUCCESS,TXN00019450,USR88348,MCH3722,UTR6559865077,0,0,0,0,0,0,0
TXN00012621,2026-03-26 05:44:03,USR72502,MCH9607,18388.0,,0110,SUCCESS,TXN00012621,USR72502,MCH9607,,0,1,0,0,0,0,0
TXN00013295,2026-03-30 17:09:25,USR75664,MCH3540,8103.0,UTR6644212046,1310,FAILED,TXN00013295,USR75664,MCH3540,UTR6644212046,0,0,0,0,0,1,0
TXN00017545,2026-02-03 13:49:45,USR58056,MCH5806,11398.0,UTR1638562602,,SUCCESS,TXN00017545,USR58056,MCH5806,UTR1638562602,0,0,1,0,0,0,0
TXN00011278,2026-03-06 01:25:09,USR36835,MCH7506,15110.0,UTR4019463086,1310,SUCCESS,TXN00011278,USR36835,MCH7506,UTR4019463086,0,0,0,0,0,0,0
TXN00012089,2026-03-07 09:37:30,USR29970,MCH5785,0.1530762,UTR3235328172,9120,SUCCESS,TXN00012089,USR29970,MCH5785,UTR3235328172,0,0,0,0,0,0,0
TXN00006468,2026-02-24 05:02:10,USR20876,MCH8850,1773.05,UTR6016458911,4110,PENDING,TXN00006468,USR20876,MCH8850,UTR6016458911,0,0,0,0,0,0,1
TXN00007194,2026-03-17 00:00:00,USR32832,MCH3590,4419.0,UTR0258561423,1310,SUCCESS,TXN00007194,USR32832,MCH3590,UTR0258561423,0,0,0,0,0,0,0
TXN00005132,2026-06-02 03:58:09,USR82744,MCH1926,12873.41,UTR7084405887,9120,FAILED,TXN00005132,USR82744,MCH1926,UTR7084405887,0,0,0,0,0,1,0
TXN00014302,2026-02-17 21:54:33,USR63500,MCH8447,16248.27,UTR3348331875,4110,SUCCESS,TXN00014302,USR63500,MCH8447,UTR3348331875,0,0,0,0,0,0,0
TXN00008402,2026-01-10 14:06:45,USR68239,MCH5742,23289.06,UTR6785975485,4110,SUCCESS,TXN00008402,USR68239,MCH5742,UTR6785975485,0,0,0,0,0,0,0
TXN00010160,2026-01-18 06:36:20,USR34246,MCH4392,20849.58,,4110,SUCCESS,TXN00010160,USR34246,MCH4392,,0,1,0,0,0,0,0
TXN00009688,2026-02-27 20:57:23,USR43737,MCH7932,7458.08,UTR3932414452,0110,FAILED,TXN00009688,USR43737,MCH7932,UTR3932414452,0,0,0,0,0,1,0
TXN00012270,2026-01-28 14:02:21,USR30267,MCH3377,2990.06,,1310,SUCCESS,TXN00012270,USR30267,MCH3377,,0,1,0,0,0,0,0
TXN00018482,2026-02-12 14:39:36,USR62398,MCH5659,24767.48,,,SUCCESS,TXN00018482,USR62398,MCH5659,,0,1,1,0,0,0,0
TXN00006362,2026-03-04 20:04:55,USR53727,MCH5324,11648.0,UTR3908152972,4110,SUCCESS,TXN00006362,USR53727,MCH5324,UTR3908152972,0,0,0,0,0,0,0
TXN00008827,2026-01-03 02:04:18,USR26584,MCH1982,16260.92,UTR5395465506,4110,SUCCESS,TXN00008827,USR26584,MCH1982,UTR5395465506,0,0,0,0,0,0,0
TXN00008369,2026-01-07 03:35:49,USR17926,MCH5490,15462.47,UTR7081566147,1310,SUCCESS,TXN00008369,USR17926,MCH5490,UTR7081566147,0,0,0,0,0,0,0
TXN00015096,2026-03-18 05:22:24,USR50917,MCH2918,12286.78,UTR3127156011,4110,SUCCESS,TXN00015096,USR50917,MCH2918,UTR3127156011,0,0,0,0,0,0,0
TXN00016851,2026-01-22 15:44:49,USR94689,MCH8708,22427.47,UTR7167519842,8120,FAILED,TXN00016851,USR94689,MCH8708,UTR7167519842,0,0,0,0,0,1,0
TXN00011819,2026-02-28 09:49:44,USR99692,MCH6658,18918.0,UTR9269280169,,SUCCESS,TXN00011819,USR99692,MCH6658,UTR9269280169,0,0,1,0,0,0,0
TXN00003660,2026-02-27 15:59:24,USR47872,MCH1873,22766.04,UTR1050411222,4110,SUCCESS,TXN00003660,USR47872,MCH1873,UTR1050411222,0,0,0,0,0,0,0
TXN00005192,2026-01-16 07:16:13,USR54448,MCH2786,17523.2,UTR6883068554,0110,PENDING,TXN00005192,USR54448,MCH2786,UTR6883068554,0,0,0,0,0,0,1
TXN00015029,2026-03-22 19:31:32,USR73542,MCH8705,0.1219268,UTR4932921004,8120,FAILED,TXN00015029,USR73542,MCH8705,UTR4932921004,0,0,0,0,0,1,0
TXN00003303,2026-01-05 02:01:19,USR52662,MCH2670,13980.89,UTR9139210473,,SUCCESS,TXN00003303,USR52662,MCH2670,UTR9139210473,0,0,1,0,0,0,0
TXN00004769,2026-03-20 06:00:55,USR94998,MCH6870,17662.24,UTR9055634533,,SUCCESS,TXN00004769,USR94998,MCH6870,UTR9055634533,0,0,1,0,0,0,0
TXN00006510,2026-02-18 06:57:50,USR78132,MCH2416,17082.56,UTR9403173216,4110,SUCCESS,TXN00006510,USR78132,MCH2416,UTR9403173216,0,0,0,0,0,0,0
TXN00018943,2026-02-28 07:27:00,USR83092,MCH4067,10271.0,UTR2764634591,4110,SUCCESS,TXN00018943,USR83092,MCH4067,UTR2764634591,0,0,0,0,0,0,0
TXN00019086,2026-03-17 09:15:20,USR54087,MCH3663,15891.0,,4110,SUCCESS,TXN00019086,USR54087,MCH3663,,0,1,0,0,0,0,0
TXN00011946,2026-03-28 10:25:30,USR14155,MCH7995,20658.18,UTR6990133037,9120,SUCCESS,TXN00011946,USR14155,MCH7995,UTR6990133037,0,0,0,0,0,0,0
TXN00006924,2026-01-08 23:52:43,USR28460,MCH5451,14151.56,UTR0997938929,4110,SUCCESS,TXN00006924,USR28460,MCH5451,UTR0997938929,0,0,0,0,0,0,0
TXN00011679,2026-01-09 22:16:38,USR11267,MCH5115,13357.2,UTR9151235978,8120,SUCCESS,TXN00011679,USR11267,MCH5115,UTR9151235978,0,0,0,0,0,0,0
TXN00011845,2026-02-26 08:28:33,USR12381,MCH5172,24551.18,UTR5099234406,8120,SUCCESS,TXN00011845,USR12381,MCH5172,UTR5099234406,0,0,0,0,0,0,0
TXN00003070,2026-01-03 06:00:16,USR53841,MCH4209,16903.9,UTR0218812536,8120,SUCCESS,TXN00003070,USR53841,MCH4209,UTR0218812536,0,0,0,0,0,0,0
TXN00007362,2026-03-11 20:40:00,USR94040,MCH9136,11351.63,UTR3825800355,,SUCCESS,TXN00007362,USR94040,MCH9136,UTR3825800355,0,0,1,0,0,0,0
TXN00002395,2026-06-03 10:19:41,USR95490,MCH1703,0.2225352,UTR0231606908,0110,SUCCESS,TXN00002395,USR95490,MCH1703,UTR0231606908,0,0,0,0,0,0,0
TXN00003572,2026-03-14 09:51:01,USR72611,MCH3674,13455.19,UTR1352624320,0110,SUCCESS,TXN00003572,USR72611,MCH3674,UTR 1352624320,0,0,0,0,0,0,0
TXN00009952,2026-03-01 18:54:46,USR40255,MCH1827,0.1682111,UTR2777293425,4110,SUCCESS,TXN00009952,USR40255,MCH1827,UTR2777293425,0,0,0,0,0,0,0
TXN00019340,2026-03-31 18:46:37,USR77780,MCH7519,12112.0,UTR9093156651,,SUCCESS,TXN00019340,USR77780,MCH7519,UTR9093156651,0,0,1,0,0,0,0
TXN00016271,2026-02-06 00:00:00,USR35884,MCH5298,9544.38,UTR9902189899,1310,SUCCESS,TXN00016271,USR35884,MCH5298,UTR9902189899,0,0,0,0,0,0,0
TXN00010912,2026-02-22 09:58:49,USR78310,MCH9818,16286.48,UTR2615173743,1310,SUCCESS,TXN00010912,USR78310,MCH9818,UTR 2615173743,0,0,0,0,0,0,0
TXN00010073,2026-02-20 11:34:36,USR33357,MCH5935,15893.48,UTR9659830018,4110,SUCCESS,TXN00010073,USR33357,MCH5935,UTR 9659830018,0,0,0,0,0,0,0
TXN00016164,2026-03-27 19:50:15,USR63739,MCH2027,9710.64,UTR0968353859,0110,SUCCESS,TXN00016164,USR63739,MCH2027,UTR0968353859,0,0,0,0,0,0,0
TXN00018509,2026-02-07 21:45:34,USR15852,MCH9560,2214.98,UTR4795782201,0110,SUCCESS,TXN00018509,USR15852,MCH9560,UTR4795782201,0,0,0,0,0,0,0
TXN00016548,2026-01-18 17:04:47,USR74143,MCH8070,0.137499,UTR8175904263,4110,SUCCESS,TXN00016548,USR74143,MCH8070,UTR8175904263,0,0,0,0,0,0,0
TXN00010426,2026-03-20 09:24:21,USR33204,MCH4072,21012.84,UTR0549638371,0110,SUCCESS,TXN00010426,USR33204,MCH4072,UTR0549638371,0,0,0,0,0,0,0
TXN00016386,2026-03-06 18:51:34,USR92968,MCH9822,5146.41,UTR4896778737,4110,SUCCESS,TXN00016386,USR92968,MCH9822,UTR4896778737,0,0,0,0,0,0,0
TXN00019606,2026-01-15 17:49:49,USR62311,MCH5888,8971.69,UTR1333430403,,SUCCESS,TXN00019606,USR62311,MCH5888,UTR 1333430403,0,0,1,0,0,0,0
TXN00009014,2026-11-03 22:11:23,USR46927,MCH8659,1316.39,UTR3985542451,8120,SUCCESS,TXN00009014,USR46927,MCH8659,UTR3985542451,0,0,0,0,0,0,0
TXN00003102,2026-05-02 12:41:45,USR17126,MCH2363,18712.12,UTR7357201707,4110,SUCCESS,TXN00003102,USR17126,MCH2363,UTR7357201707,0,0,0,0,0,0,0
TXN00010968,2026-01-06 00:00:00,USR59663,MCH3931,14426.97,UTR5598930945,1310,SUCCESS,TXN00010968,USR59663,MCH3931,UTR5598930945,0,0,0,0,0,0,0
TXN00008676,2026-02-24 07:15:16,USR53788,MCH3289,8144.33,UTR3245223980,9120,SUCCESS,TXN00008676,USR53788,MCH3289,UTR3245223980,0,0,0,0,0,0,0
TXN00004261,2026-08-01 04:21:04,USR50371,MCH2060,2887.5,UTR5680188882,4110,SUCCESS,TXN00004261,USR50371,MCH2060,UTR5680188882,0,0,0,0,0,0,0
TXN00010260,2026-01-19 13:04:10,USR64677,MCH4329,2109.2,UTR9784246428,4110,PENDING,TXN00010260,USR64677,MCH4329,UTR9784246428,0,0,0,0,0,0,1
TXN00012136,2026-01-13 22:23:23,USR33431,MCH7456,8698.32,UTR1152361871,1310,SUCCESS,TXN00012136,USR33431,MCH7456,UTR1152361871,0,0,0,0,0,0,0
TXN00002413,2026-02-01 21:24:21,USR37060,MCH9597,12144.89,UTR5557619789,4110,FAILED,TXN00002413,USR37060,MCH9597,UTR5557619789,0,0,0,0,0,1,0
TXN00013572,2026-01-03 11:07:15,USR13510,MCH3059,754.22,,,SUCCESS,TXN00013572,USR13510,MCH3059,,0,1,1,0,0,0,0
TXN00012483,2026-03-10 09:19:15,USR57402,MCH1142,5501.56,,8120,SUCCESS,TXN00012483,USR57402,MCH1142,,0,1,0,0,0,0,0
TXN00009322,2026-01-21 14:46:59,USR22932,MCH4166,22118.03,UTR0255842414,1310,SUCCESS,TXN00009322,USR22932,MCH4166,UTR0255842414,0,0,0,0,0,0,0
TXN00017131,2026-01-01 17:43:16,USR58660,MCH8557,19256.29,UTR8619390526,1310,SUCCESS,TXN00017131,USR58660,MCH8557,UTR8619390526,0,0,0,0,0,0,0
TXN00000125,2026-03-16 14:18:01,USR64261,MCH1683,5706.1,UTR1876410372,4110,SUCCESS,TXN00000125,USR64261,MCH1683,UTR1876410372,0,0,0,0,0,0,0
TXN00006826,2026-02-02 02:16:01,USR26974,MCH5164,20279.5,UTR1187829726,,SUCCESS,TXN00006826,USR26974,MCH5164,UTR1187829726,0,0,1,0,0,0,0
TXN00012574,2026-01-17 03:03:13,USR53857,MCH6303,3052.58,UTR1579302155,,SUCCESS,TXN00012574,USR53857,MCH6303,UTR1579302155,0,0,1,0,0,0,0
TXN00004866,2026-01-31 17:26:05,USR96916,MCH2899,15894.78,UTR0729835910,0110,SUCCESS,TXN00004866,USR96916,MCH2899,UTR0729835910,0,0,0,0,0,0,0
TXN00009355,2026-02-16 12:24:11,USR38402,MCH7644,1965.27,UTR1834439281,8120,SUCCESS,TXN00009355,USR38402,MCH7644,UTR 1834439281,0,0,0,0,0,0,0
TXN00017084,2026-03-23 06:53:52,USR58183,MCH2406,0.2261255,UTR4378565460,4110,SUCCESS,TXN00017084,USR58183,MCH2406,UTR4378565460,0,0,0,0,0,0,0
TXN00006723,2026-03-07 01:48:19,USR32710,MCH8143,20691.25,UTR0481090405,4110,SUCCESS,TXN00006723,USR32710,MCH8143,UTR0481090405,0,0,0,0,0,0,0
TXN00000839,2026-02-16 02:04:17,USR39468,MCH6406,14518.9,UTR4127263634,1310,SUCCESS,TXN00000839,USR39468,MCH6406,UTR4127263634,0,0,0,0,0,0,0
TXN00013964,2026-02-06 14:40:01,USR33940,MCH6257,0.8842,UTR9162249588,4110,SUCCESS,TXN00013964,USR33940,MCH6257,UTR9162249588,0,0,0,0,0,0,0
TXN00012504,2026-02-28 15:32:42,USR48863,MCH6195,0.1637608,,1310,SUCCESS,TXN00012504,USR48863,MCH6195,,0,1,0,0,0,0,0
TXN00004479,2026-01-14 14:54:52,USR87243,MCH1579,14848.58,UTR3259638591,9120,SUCCESS,TXN00004479,USR87243,MCH1579,UTR3259638591,0,0,0,0,0,0,0
TXN00014176,2026-07-02 11:11:54,USR46529,MCH7963,21908.65,UTR7977189256,0110,SUCCESS,TXN00014176,USR46529,MCH7963,UTR7977189256,0,0,0,0,0,0,0
TXN00001885,2026-02-26 00:00:00,USR99392,MCH9214,4010.19,UTR9836120877,,SUCCESS,TXN00001885,USR99392,MCH9214,UTR9836120877,0,0,1,0,0,0,0
TXN00002968,2026-03-05 22:57:31,USR15161,MCH3839,0.140562,UTR1897816854,8120,SUCCESS,TXN00002968,USR15161,MCH3839,UTR1897816854,0,0,0,0,0,0,0
TXN00015126,2026-02-27 06:56:20,USR26926,MCH5231,6840.51,UTR2096739491,0110,SUCCESS,TXN00015126,USR26926,MCH5231,UTR2096739491,0,0,0,0,0,0,0
TXN00007997,2026-01-07 04:38:49,USR22181,MCH3653,5245.89,UTR8954881166,4110,SUCCESS,TXN00007997,USR22181,MCH3653,UTR8954881166,0,0,0,0,0,0,0
TXN00019986,2026-01-18 09:06:47,USR48697,MCH5572,22390.09,UTR6554688606,8120,SUCCESS,TXN00019986,USR48697,MCH5572,UTR6554688606,0,0,0,0,0,0,0
TXN00006734,2026-03-23 11:54:05,USR76311,MCH9185,8621.47,UTR8627626900,1310,SUCCESS,TXN00006734,USR76311,MCH9185,UTR8627626900,0,0,0,0,0,0,0
TXN00003808,2026-01-24 05:40:53,USR42269,MCH9959,8694.49,UTR7576944553,1310,SUCCESS,TXN00003808,USR42269,MCH9959,UTR7576944553,0,0,0,0,0,0,0
TXN00017061,2026-01-18 04:11:44,USR38915,MCH4123,5613.0,UTR8556669611,0110,SUCCESS,TXN00017061,USR38915,MCH4123,UTR8556669611,0,0,0,0,0,0,0
TXN00018091,2026-12-02 10:02:02,USR83512,MCH8663,24277.93,UTR7207707894,0110,SUCCESS,TXN00018091,USR83512,MCH8663,UTR7207707894,0,0,0,0,0,0,0
TXN00002293,2026-02-12 16:43:17,USR15037,MCH9523,5182.74,UTR1912464078,8120,SUCCESS,TXN00002293,USR15037,MCH9523,UTR1912464078,0,0,0,0,0,0,0
TXN00009129,2026-01-17 14:11:27,USR69350,MCH7534,-17748.02,,4110,SUCCESS,TXN00009129,USR69350,MCH7534,,1,1,0,0,0,0,0
TXN00013019,2026-02-11 07:56:04,USR33636,MCH2876,10362.78,UTR4356197391,0110,SUCCESS,TXN00013019,USR33636,MCH2876,UTR4356197391,0,0,0,0,0,0,0
TXN00017970,2026-03-22 23:45:38,USR13009,MCH7132,-3712.96,UTR4290994089,4110,PENDING,TXN00017970,USR13009,MCH7132,UTR4290994089,1,0,0,0,0,0,1
TXN00006492,2026-02-23 10:44:51,USR37308,MCH5027,7480.16,UTR7299211039,1310,SUCCESS,TXN00006492,USR37308,MCH5027,UTR7299211039,0,0,0,0,0,0,0
TXN00008080,2026-03-24 07:51:30,USR81858,MCH3619,0.1215658,UTR4743745875,4110,PENDING,TXN00008080,USR81858,MCH3619,UTR4743745875,0,0,0,0,0,0,1
TXN00002213,2026-02-09 07:47:37,USR21338,MCH4221,459.98,UTR8378691776,4110,SUCCESS,TXN00002213,USR21338,MCH4221,UTR8378691776,0,0,0,0,0,0,0
TXN00017428,2026-03-04 15:11:13,USR54691,MCH5374,668.2,UTR0433695034,0110,SUCCESS,TXN00017428,USR54691,MCH5374,UTR0433695034,0,0,0,0,0,0,0
TXN00010071,2026-03-16 19:23:19,USR43006,MCH1738,23409.21,UTR5047124145,4110,SUCCESS,TXN00010071,USR43006,MCH1738,UTR5047124145,0,0,0,0,0,0,0
TXN00015628,2026-01-27 18:42:50,USR65492,MCH1972,21906.82,UTR0364374194,8120,SUCCESS,TXN00015628,USR65492,MCH1972,UTR0364374194,0,0,0,0,0,0,0
TXN00001850,2026-01-10 00:00:00,USR26877,MCH3444,0.1614881,UTR1519027318,1310,SUCCESS,TXN00001850,USR26877,MCH3444,UTR1519027318,0,0,0,0,0,0,0
TXN00011699,2026-01-30 07:21:16,USR91226,MCH6494,22535.66,UTR1756554160,0110,SUCCESS,TXN00011699,USR91226,MCH6494,UTR1756554160,0,0,0,0,0,0,0
TXN00005507,2026-01-17 07:12:21,USR20992,MCH4605,12608.28,UTR2201494818,9120,SUCCESS,TXN00005507,USR20992,MCH4605,UTR2201494818,0,0,0,0,0,0,0
TXN00003965,2026-03-08 09:55:57,USR82540,MCH9620,292.45,UTR2785108493,1310,FAILED,TXN00003965,USR82540,MCH9620,UTR2785108493,0,0,0,0,0,1,0
TXN00019807,2026-01-16 22:42:09,USR43842,MCH1965,15676.12,UTR5704190014,9120,SUCCESS,TXN00019807,USR43842,MCH1965,UTR 5704190014,0,0,0,0,0,0,0
TXN00004334,2026-03-31 09:01:52,USR89451,MCH7715,16102.47,UTR3503770415,4110,SUCCESS,TXN00004334,USR89451,MCH7715,UTR3503770415,0,0,0,0,0,0,0
TXN00010081,2026-03-07 00:00:00,USR28625,MCH6631,14714.95,UTR0701828893,8120,SUCCESS,TXN00010081,USR28625,MCH6631,UTR 0701828893,0,0,0,0,0,0,0
TXN00010150,2026-01-27 22:07:35,USR65985,MCH7673,9791.0,UTR8948143800,0110,SUCCESS,TXN00010150,USR65985,MCH7673,UTR8948143800,0,0,0,0,0,0,0
TXN00001046,2026-01-02 05:28:53,USR48639,MCH6308,15400.42,UTR6386732956,9120,SUCCESS,TXN00001046,USR48639,MCH6308,UTR6386732956,0,0,0,0,0,0,0
TXN00003435,2026-04-03 00:20:20,USR25423,MCH4435,17687.85,,0110,SUCCESS,TXN00003435,USR25423,MCH4435,,0,1,0,0,0,0,0
TXN00019639,2026-01-28 01:05:13,USR62415,MCH8181,10144.08,UTR1948770354,4110,SUCCESS,TXN00019639,USR62415,MCH8181,UTR1948770354,0,0,0,0,0,0,0
TXN00007026,2026-03-24 11:24:09,USR77744,MCH4753,12338.61,UTR6396999925,1310,PENDING,TXN00007026,USR77744,MCH4753,UTR6396999925,0,0,0,0,0,0,1
TXN00004060,2026-01-08 09:08:07,USR28653,MCH7213,24799.0,UTR3698245485,,SUCCESS,TXN00004060,USR28653,MCH7213,UTR3698245485,0,0,1,0,0,0,0
TXN00016341,2026-01-15 07:24:43,USR49539,MCH3716,45.63,UTR0746469822,8120,SUCCESS,TXN00016341,USR49539,MCH3716,UTR 0746469822,0,0,0,0,0,0,0
TXN00007947,2026-10-02 22:54:13,USR82051,MCH8477,15627.34,UTR7169042851,0110,SUCCESS,TXN00007947,USR82051,MCH8477,UTR7169042851,0,0,0,0,0,0,0
TXN00002165,2026-01-01 17:54:43,USR84781,MCH3167,11787.47,UTR1925792639,4110,SUCCESS,TXN00002165,USR84781,MCH3167,UTR1925792639,0,0,0,0,0,0,0
TXN00008046,2026-01-18 04:31:30,USR61109,MCH9138,2527.81,UTR4517300723,9120,SUCCESS,TXN00008046,USR61109,MCH9138,UTR 4517300723,0,0,0,0,0,0,0
TXN00014798,2026-03-27 01:14:32,USR48875,MCH5269,4675.0,UTR3713138836,,SUCCESS,TXN00014798,USR48875,MCH5269,UTR3713138836,0,0,1,0,0,0,0
TXN00018872,2026-03-24 07:02:02,USR79520,MCH1023,8676.72,UTR4829091560,1310,SUCCESS,TXN00018872,USR79520,MCH1023,UTR4829091560,0,0,0,0,0,0,0
TXN00013434,2026-01-12 00:00:00,USR94490,MCH1127,13020.36,UTR0593173327,9120,SUCCESS,TXN00013434,USR94490,MCH1127,UTR0593173327,0,0,0,0,0,0,0
TXN00002910,2026-01-13 04:01:57,USR36770,MCH1478,0.760552,UTR6881829301,0110,SUCCESS,TXN00002910,USR36770,MCH1478,UTR 6881829301,0,0,0,0,0,0,0
TXN00008779,2026-01-17 12:52:24,USR72861,MCH1063,19324.12,,,FAILED,TXN00008779,USR72861,MCH1063,,0,1,1,0,0,1,0
TXN00014168,2026-03-08 21:32:36,USR15230,MCH3791,21761.43,UTR8752843630,8120,SUCCESS,TXN00014168,USR15230,MCH3791,UTR8752843630,0,0,0,0,0,0,0
TXN00011403,2026-03-19 21:48:44,USR13039,MCH6257,22031.12,UTR3766547184,1310,PENDING,TXN00011403,USR13039,MCH6257,UTR3766547184,0,0,0,0,0,0,1
TXN00012127,2026-01-25 02:37:22,USR40605,MCH6784,6741.23,UTR9938721621,1310,SUCCESS,TXN00012127,USR40605,MCH6784,UTR 9938721621,0,0,0,0,0,0,0
TXN00016722,2026-03-08 03:54:58,USR50345,MCH4874,9361.58,UTR4333454847,1310,SUCCESS,TXN00016722,USR50345,MCH4874,UTR4333454847,0,0,0,0,0,0,0
TXN00011782,2026-01-03 16:33:19,USR60394,MCH3441,0.1404479,,4110,SUCCESS,TXN00011782,USR60394,MCH3441,,0,1,0,0,0,0,0
TXN00018981,2026-01-04 00:36:07,USR78329,MCH7638,21635.74,UTR7771914697,4110,SUCCESS,TXN00018981,USR78329,MCH7638,UTR7771914697,0,0,0,0,0,0,0
TXN00008326,2026-01-19 10:12:35,USR88011,MCH7182,20634.46,UTR3691746804,9120,SUCCESS,TXN00008326,USR88011,MCH7182,UTR3691746804,0,0,0,0,0,0,0
TXN00001211,2026-01-25 12:19:02,USR85292,MCH4903,10660.27,UTR6880666299,4110,SUCCESS,TXN00001211,USR85292,MCH4903,UTR6880666299,0,0,0,0,0,0,0
TXN00013050,2026-03-13 01:01:26,USR66792,MCH3791,-12962.69,UTR7516331959,0110,SUCCESS,TXN00013050,USR66792,MCH3791,UTR7516331959,1,0,0,0,0,0,0
TXN00011688,2026-02-24 00:00:00,USR40241,MCH4233,18234.37,UTR3674331791,0110,SUCCESS,TXN00011688,USR40241,MCH4233,UTR 3674331791,0,0,0,0,0,0,0
TXN00007155,2026-02-28 21:32:41,USR87286,MCH6356,6766.01,UTR6015354884,1310,SUCCESS,TXN00007155,USR87286,MCH6356,UTR6015354884,0,0,0,0,0,0,0
TXN00014944,2026-02-02 01:33:01,USR16855,MCH1630,8632.82,UTR8912118513,1310,SUCCESS,TXN00014944,USR16855,MCH1630,UTR8912118513,0,0,0,0,0,0,0
TXN00004870,2026-03-23 00:00:00,USR37103,MCH1592,20361.45,UTR7926931313,,PENDING,TXN00004870,USR37103,MCH1592,UTR7926931313,0,0,1,0,0,0,1
TXN00007161,2026-01-14 14:13:39,USR89443,MCH6134,-18249.93,UTR7747921022,4110,SUCCESS,TXN00007161,USR89443,MCH6134,UTR7747921022,1,0,0,0,0,0,0
TXN00006670,2026-03-25 13:35:38,USR31176,MCH9981,0.326665,UTR6695965413,8120,SUCCESS,TXN00006670,USR31176,MCH9981,UTR6695965413,0,0,0,0,0,0,0
TXN00004311,2026-03-14 12:17:37,USR23103,MCH2553,0.693396,UTR7602448641,9120,SUCCESS,TXN00004311,USR23103,MCH2553,UTR7602448641,0,0,0,0,0,0,0
TXN00006138,2026-01-27 13:21:58,USR87415,MCH6972,23330.49,UTR1942979861,1310,SUCCESS,TXN00006138,USR87415,MCH6972,UTR1942979861,0,0,0,0,0,0,0
TXN00013801,2026-02-08 20:47:45,USR56173,MCH5279,22367.74,UTR1546113628,1310,SUCCESS,TXN00013801,USR56173,MCH5279,UTR1546113628,0,0,0,0,0,0,0
TXN00017755,2026-03-04 00:00:00,USR28393,MCH8521,-2952.92,UTR9490428147,,SUCCESS,TXN00017755,USR28393,MCH8521,UTR9490428147,1,0,1,0,0,0,0
TXN00005383,2026-03-09 17:35:15,USR98854,MCH9132,6528.62,UTR3721548093,4110,SUCCESS,TXN00005383,USR98854,MCH9132,UTR3721548093,0,0,0,0,0,0,0
TXN00001737,2026-02-21 00:00:00,USR80547,MCH8507,11250.12,UTR2712734037,0110,SUCCESS,TXN00001737,USR80547,MCH8507,UTR2712734037,0,0,0,0,0,0,0
TXN00007142,2026-02-02 00:00:00,USR10396,MCH7606,3323.03,UTR0027425637,8120,SUCCESS,TXN00007142,USR10396,MCH7606,UTR0027425637,0,0,0,0,0,0,0
TXN00009379,2026-01-30 01:31:17,USR17492,MCH8614,21909.09,UTR4257245781,8120,SUCCESS,TXN00009379,USR17492,MCH8614,UTR4257245781,0,0,0,0,0,0,0
TXN00001679,2026-03-08 14:01:43,USR41275,MCH4395,4346.38,UTR1292971975,,SUCCESS,TXN00001679,USR41275,MCH4395,UTR1292971975,0,0,1,0,0,0,0
TXN00006634,2026-03-21 03:39:23,USR90584,MCH8576,13121.56,UTR7452585714,0110,SUCCESS,TXN00006634,USR90584,MCH8576,UTR7452585714,0,0,0,0,0,0,0
TXN00002040,2026-02-04 07:56:35,USR82674,MCH6131,6281.66,UTR4591239068,4110,SUCCESS,TXN00002040,USR82674,MCH6131,UTR4591239068,0,0,0,0,0,0,0
TXN00004366,2026-01-11 14:50:00,USR30344,MCH3532,16666.0,UTR6241323618,8120,SUCCESS,TXN00004366,USR30344,MCH3532,UTR 6241323618,0,0,0,0,0,0,0
TXN00000752,2026-01-09 05:35:16,USR28605,MCH5542,23496.4,UTR5122791459,1310,SUCCESS,TXN00000752,USR28605,MCH5542,UTR5122791459,0,0,0,0,0,0,0
TXN00010322,2026-03-13 09:44:43,USR47266,MCH4294,6338.6,UTR4453349738,9120,FAILED,TXN00010322,USR47266,MCH4294,UTR4453349738,0,0,0,0,0,1,0
TXN00001327,2026-02-22 10:14:53,USR30641,MCH2642,4561.13,UTR0646200060,9120,PENDING,TXN00001327,USR30641,MCH2642,UTR0646200060,0,0,0,0,0,0,1
TXN00019133,2026-01-17 04:59:17,USR32993,MCH6370,9460.07,UTR0393265775,8120,SUCCESS,TXN00019133,USR32993,MCH6370,UTR0393265775,0,0,0,0,0,0,0
TXN00004194,2026-03-25 10:47:59,USR83212,MCH6014,18258.93,UTR9057442720,4110,SUCCESS,TXN00004194,USR83212,MCH6014,UTR9057442720,0,0,0,0,0,0,0
TXN00011122,2026-02-16 05:15:18,USR51369,MCH4927,0.512799,UTR3648307185,4110,SUCCESS,TXN00011122,USR51369,MCH4927,UTR3648307185,0,0,0,0,0,0,0
TXN00009794,2026-02-23 00:00:00,USR86329,MCH8960,6621.01,UTR1715099862,8120,SUCCESS,TXN00009794,USR86329,MCH8960,UTR1715099862,0,0,0,0,0,0,0
TXN00015308,2026-03-08 19:07:08,USR60720,MCH3815,23281.31,UTR2906067570,4110,SUCCESS,TXN00015308,USR60720,MCH3815,UTR2906067570,0,0,0,0,0,0,0
TXN00001868,2026-03-04 00:00:00,USR91108,MCH9732,4128.72,UTR4400216570,1310,SUCCESS,TXN00001868,USR91108,MCH9732,UTR4400216570,0,0,0,0,0,0,0
TXN00013191,2026-02-20 15:46:28,USR72128,MCH5088,20940.69,UTR6396516328,8120,SUCCESS,TXN00013191,USR72128,MCH5088,UTR6396516328,0,0,0,0,0,0,0
TXN00015094,2026-03-05 11:44:35,USR71426,MCH7058,0.1000964,,4110,SUCCESS,TXN00015094,USR71426,MCH7058,,0,1,0,0,0,0,0
TXN00008269,2026-03-09 01:34:02,USR21988,MCH6967,0.1529126,UTR0111180916,9120,SUCCESS,TXN00008269,USR21988,MCH6967,UTR0111180916,0,0,0,0,0,0,0
TXN00011308,2026-03-14 10:46:02,USR93068,MCH6079,3565.73,UTR6582663436,9120,SUCCESS,TXN00011308,USR93068,MCH6079,UTR6582663436,0,0,0,0,0,0,0
TXN00017092,2026-02-18 04:42:26,USR10761,MCH3623,17079.42,UTR1372345556,4110,SUCCESS,TXN00017092,USR10761,MCH3623,UTR1372345556,0,0,0,0,0,0,0
TXN00005645,2026-01-26 17:30:18,USR76725,MCH5322,14912.7,,8120,SUCCESS,TXN00005645,USR76725,MCH5322,,0,1,0,0,0,0,0
TXN00014058,2026-02-26 07:23:24,USR73475,MCH5891,0.2056518,UTR9709163345,9120,SUCCESS,TXN00014058,USR73475,MCH5891,UTR9709163345,0,0,0,0,0,0,0
TXN00017862,2026-01-25 00:00:00,USR80487,MCH5462,4168.82,UTR0897761059,9120,SUCCESS,TXN00017862,USR80487,MCH5462,UTR0897761059,0,0,0,0,0,0,0
TXN00004849,2026-01-06 07:09:19,USR24018,MCH9497,19090.26,UTR7114072075,0110,SUCCESS,TXN00004849,USR24018,MCH9497,UTR7114072075,0,0,0,0,0,0,0
TXN00011911,2026-03-09 01:24:24,USR35251,MCH1536,23164.66,UTR6732533648,,FAILED,TXN00011911,USR35251,MCH1536,UTR6732533648,0,0,1,0,0,1,0
TXN00014238,2026-02-01 22:22:21,USR59620,MCH5555,6804.49,UTR2655067877,8120,SUCCESS,TXN00014238,USR59620,MCH5555,UTR2655067877,0,0,0,0,0,0,0
TXN00013695,2026-01-13 05:33:30,USR24723,MCH6020,15790.52,UTR0104925465,1310,SUCCESS,TXN00013695,USR24723,MCH6020,UTR0104925465,0,0,0,0,0,0,0
TXN00002259,2026-01-23 22:32:46,USR48247,MCH6191,7930.5,UTR9428213592,1310,SUCCESS,TXN00002259,USR48247,MCH6191,UTR9428213592,0,0,0,0,0,0,0
TXN00014738,2026-03-30 15:38:40,USR69433,MCH7834,22203.0,UTR6563660199,8120,SUCCESS,TXN00014738,USR69433,MCH7834,UTR6563660199,0,0,0,0,0,0,0
TXN00011582,2026-02-05 13:47:50,USR43663,MCH6291,6275.79,UTR1373731544,1310,SUCCESS,TXN00011582,USR43663,MCH6291,UTR 1373731544,0,0,0,0,0,0,0
TXN00001798,2026-03-04 21:08:21,USR15344,MCH1638,1811.39,UTR0130979402,4110,FAILED,TXN00001798,USR15344,MCH1638,UTR0130979402,0,0,0,0,0,1,0
TXN00009840,2026-01-22 22:00:52,USR63290,MCH7796,20277.27,UTR1691124527,,SUCCESS,TXN00009840,USR63290,MCH7796,UTR1691124527,0,0,1,0,0,0,0
TXN00012693,2026-02-16 21:12:52,USR70889,MCH8542,12878.53,UTR4312967114,1310,PENDING,TXN00012693,USR70889,MCH8542,UTR4312967114,0,0,0,0,0,0,1
TXN00013814,2026-02-12 18:13:31,USR40254,MCH9029,4368.52,UTR9686710805,0110,FAILED,TXN00013814,USR40254,MCH9029,UTR9686710805,0,0,0,0,0,1,0
TXN00014904,2026-01-06 22:16:18,USR25640,MCH8413,0.513529,UTR1479250150,4110,FAILED,TXN00014904,USR25640,MCH8413,UTR1479250150,0,0,0,0,0,1,0
TXN00002798,2026-03-04 15:20:18,USR38364,MCH3128,15562.36,UTR0834853209,4110,SUCCESS,TXN00002798,USR38364,MCH3128,UTR0834853209,0,0,0,0,0,0,0
TXN00013591,2026-03-20 10:54:50,USR77191,MCH1502,5883.37,UTR4034423595,0110,SUCCESS,TXN00013591,USR77191,MCH1502,UTR4034423595,0,0,0,0,0,0,0
TXN00015664,2026-03-07 17:36:04,USR59400,MCH3121,9473.48,UTR7705986551,4110,SUCCESS,TXN00015664,USR59400,MCH3121,UTR7705986551,0,0,0,0,0,0,0
TXN00017459,2026-02-25 02:17:57,USR11003,MCH9042,1632.02,UTR5404179895,1310,FAILED,TXN00017459,USR11003,MCH9042,UTR5404179895,0,0,0,0,0,1,0
TXN00017747,2026-02-19 07:33:19,USR64720,MCH7781,24669.52,UTR8726184057,4110,SUCCESS,TXN00017747,USR64720,MCH7781,UTR8726184057,0,0,0,0,0,0,0
TXN00011331,2026-01-19 14:20:17,USR92142,MCH2794,20851.43,UTR5307894562,,SUCCESS,TXN00011331,USR92142,MCH2794,UTR5307894562,0,0,1,0,0,0,0
TXN00016533,2026-01-16 08:34:12,USR51770,MCH7782,7914.89,UTR4635880258,0110,SUCCESS,TXN00016533,USR51770,MCH7782,UTR 4635880258,0,0,0,0,0,0,0
TXN00003622,2026-01-22 14:54:20,USR58433,MCH8171,5520.4,UTR8496265233,4110,SUCCESS,TXN00003622,USR58433,MCH8171,UTR8496265233,0,0,0,0,0,0,0
TXN00017777,2026-01-22 07:39:28,USR37799,MCH3970,20853.0,UTR8253511098,9120,SUCCESS,TXN00017777,USR37799,MCH3970,UTR8253511098,0,0,0,0,0,0,0
TXN00017385,2026-03-19 00:10:51,USR65310,MCH9991,0.876155,UTR2069021690,4110,SUCCESS,TXN00017385,USR65310,MCH9991,UTR2069021690,0,0,0,0,0,0,0
TXN00004163,2026-01-30 02:28:24,USR84618,MCH8979,13726.0,UTR9853213555,1310,SUCCESS,TXN00004163,USR84618,MCH8979,UTR9853213555,0,0,0,0,0,0,0
TXN00015417,2026-02-24 14:42:40,USR80222,MCH1639,3795.54,UTR9960647070,8120,SUCCESS,TXN00015417,USR80222,MCH1639,UTR9960647070,0,0,0,0,0,0,0
TXN00000813,2026-02-14 07:37:59,USR77740,MCH7023,3125.32,UTR2154627271,0110,SUCCESS,TXN00000813,USR77740,MCH7023,UTR2154627271,0,0,0,0,0,0,0
TXN00013746,2026-02-10 23:28:25,USR96196,MCH7399,7978.11,UTR7756714549,0110,SUCCESS,TXN00013746,USR96196,MCH7399,UTR7756714549,0,0,0,0,0,0,0
TXN00002920,2026-03-27 05:47:43,USR70940,MCH4010,7580.0,UTR0145359567,8120,SUCCESS,TXN00002920,USR70940,MCH4010,UTR0145359567,0,0,0,0,0,0,0
TXN00004118,2026-02-13 13:52:53,USR53783,MCH3454,0.101707,UTR9367156040,,SUCCESS,TXN00004118,USR53783,MCH3454,UTR9367156040,0,0,1,0,0,0,0
TXN00016967,2026-02-24 00:00:00,USR73739,MCH6641,13355.0,UTR5835654438,4110,SUCCESS,TXN00016967,USR73739,MCH6641,UTR5835654438,0,0,0,0,0,0,0
TXN00000967,2026-03-14 00:00:00,USR76787,MCH8674,17978.96,UTR8419331443,8120,SUCCESS,TXN00000967,USR76787,MCH8674,UTR8419331443,0,0,0,0,0,0,0
TXN00009142,2026-03-11 03:11:27,USR99949,MCH9676,4967.33,UTR0836128057,0110,SUCCESS,TXN00009142,USR99949,MCH9676,UTR0836128057,0,0,0,0,0,0,0
TXN00012410,2026-01-10 00:34:59,USR22251,MCH1807,24481.16,UTR0332655538,4110,SUCCESS,TXN00012410,USR22251,MCH1807,UTR0332655538,0,0,0,0,0,0,0
TXN00001486,2026-03-12 11:49:17,USR39769,MCH5479,9168.0,UTR7936333864,4110,FAILED,TXN00001486,USR39769,MCH5479,UTR7936333864,0,0,0,0,0,1,0
TXN00001272,2026-02-13 17:44:58,USR51534,MCH8576,21504.46,UTR7666725651,4110,SUCCESS,TXN00001272,USR51534,MCH8576,UTR7666725651,0,0,0,0,0,0,0
TXN00015248,2026-03-24 12:12:00,USR77395,MCH9294,6528.17,UTR5156624277,0110,SUCCESS,TXN00015248,USR77395,MCH9294,UTR5156624277,0,0,0,0,0,0,0
TXN00019568,2026-01-30 06:28:03,USR95812,MCH6817,18111.82,UTR0390974067,8120,SUCCESS,TXN00019568,USR95812,MCH6817,UTR0390974067,0,0,0,0,0,0,0
TXN00007446,2026-09-03 17:37:32,USR24150,MCH2026,17701.62,UTR9732026319,4110,SUCCESS,TXN00007446,USR24150,MCH2026,UTR9732026319,0,0,0,0,0,0,0
TXN00002172,2026-01-25 19:24:12,USR11340,MCH6932,1750.33,UTR5854786653,0110,SUCCESS,TXN00002172,USR11340,MCH6932,UTR5854786653,0,0,0,0,0,0,0
TXN00005464,2026-03-28 08:55:07,USR41302,MCH5135,-7929.43,UTR4880049801,8120,SUCCESS,TXN00005464,USR41302,MCH5135,UTR4880049801,1,0,0,0,0,0,0
TXN00019831,2026-03-02 16:17:31,USR35322,MCH7638,20667.66,UTR4513785979,8120,FAILED,TXN00019831,USR35322,MCH7638,UTR4513785979,0,0,0,0,0,1,0
TXN00009111,2026-03-10 13:37:39,USR26061,MCH1745,23583.0,UTR6102007881,4110,SUCCESS,TXN00009111,USR26061,MCH1745,UTR 6102007881,0,0,0,0,0,0,0
TXN00005075,2026-03-13 19:20:13,USR22780,MCH2389,24311.81,UTR2924063565,,SUCCESS,TXN00005075,USR22780,MCH2389,UTR2924063565,0,0,1,0,0,0,0
TXN00013363,2026-01-30 04:32:17,USR78491,MCH6740,8910.61,UTR8413385984,0110,SUCCESS,TXN00013363,USR78491,MCH6740,UTR8413385984,0,0,0,0,0,0,0
TXN00000253,2026-03-13 01:28:05,USR61903,MCH7829,0.2127991,UTR7726830194,1310,SUCCESS,TXN00000253,USR61903,MCH7829,UTR7726830194,0,0,0,0,0,0,0
TXN00004835,2026-03-24 07:43:54,USR19463,MCH7815,0.1368066,UTR6812669633,,SUCCESS,TXN00004835,USR19463,MCH7815,UTR6812669633,0,0,1,0,0,0,0
TXN00010993,2026-02-28 17:56:00,USR13800,MCH1596,21231.99,UTR6708948997,,SUCCESS,TXN00010993,USR13800,MCH1596,UTR6708948997,0,0,1,0,0,0,0
TXN00009539,2026-01-31 05:33:44,USR81394,MCH2222,854.39,UTR8861569571,9120,SUCCESS,TXN00009539,USR81394,MCH2222,UTR8861569571,0,0,0,0,0,0,0
TXN00019693,2026-02-25 00:21:54,USR50413,MCH3131,1078.19,UTR8082341386,8120,SUCCESS,TXN00019693,USR50413,MCH3131,UTR8082341386,0,0,0,0,0,0,0
TXN00011730,2026-03-14 01:28:12,USR85246,MCH5091,2605.81,UTR0708155443,1310,SUCCESS,TXN00011730,USR85246,MCH5091,UTR0708155443,0,0,0,0,0,0,0
TXN00000654,2026-01-12 04:45:56,USR89915,MCH4249,18638.53,UTR8810674375,4110,SUCCESS,TXN00000654,USR89915,MCH4249,UTR8810674375,0,0,0,0,0,0,0
TXN00009269,2026-02-16 00:00:00,USR26753,MCH9221,3658.96,UTR2703698440,4110,SUCCESS,TXN00009269,USR26753,MCH9221,UTR2703698440,0,0,0,0,0,0,0
TXN00011339,2026-10-01 13:57:15,USR90434,MCH3646,21480.96,UTR9765492633,0110,FAILED,TXN00011339,USR90434,MCH3646,UTR9765492633,0,0,0,0,0,1,0
TXN00010776,2026-03-10 22:00:46,USR80934,MCH7173,155.04,UTR9349007391,,SUCCESS,TXN00010776,USR80934,MCH7173,UTR9349007391,0,0,1,0,0,0,0
TXN00003289,2026-01-28 22:35:52,USR15502,MCH5336,22545.33,UTR6010484350,1310,FAILED,TXN00003289,USR15502,MCH5336,UTR6010484350,0,0,0,0,0,1,0
TXN00006706,2026-03-07 11:06:04,USR52844,MCH3411,20451.0,UTR5919859493,4110,SUCCESS,TXN00006706,USR52844,MCH3411,UTR5919859493,0,0,0,0,0,0,0
TXN00004980,2026-02-11 16:23:55,USR62684,MCH6886,991.23,UTR5862855937,1310,SUCCESS,TXN00004980,USR62684,MCH6886,UTR5862855937,0,0,0,0,0,0,0
TXN00003011,2026-08-03 20:35:09,USR13175,MCH5435,13725.98,UTR9342799162,0110,PENDING,TXN00003011,USR13175,MCH5435,UTR9342799162,0,0,0,0,0,0,1
TXN00000634,2026-01-22 15:26:58,USR10437,MCH2642,13307.52,UTR2142755678,8120,SUCCESS,TXN00000634,USR10437,MCH2642,UTR2142755678,0,0,0,0,0,0,0
TXN00002740,2026-03-12 14:13:20,USR69267,MCH1507,1899.37,UTR2585129411,0110,FAILED,TXN00002740,USR69267,MCH1507,UTR2585129411,0,0,0,0,0,1,0
TXN00003434,2026-03-25 02:57:57,USR86763,MCH2253,11062.92,UTR4125366673,9120,SUCCESS,TXN00003434,USR86763,MCH2253,UTR4125366673,0,0,0,0,0,0,0
TXN00005652,2026-03-27 23:20:51,USR92100,MCH5343,16884.02,UTR8559731012,,SUCCESS,TXN00005652,USR92100,MCH5343,UTR8559731012,0,0,1,0,0,0,0
TXN00001895,2026-02-27 20:44:16,USR27479,MCH4463,13882.0,UTR7258425546,4110,SUCCESS,TXN00001895,USR27479,MCH4463,UTR7258425546,0,0,0,0,0,0,0
TXN00016587,2026-01-26 01:18:36,USR21141,MCH8221,4081.27,UTR5403075825,1310,PENDING,TXN00016587,USR21141,MCH8221,UTR5403075825,0,0,0,0,0,0,1
TXN00016714,2026-03-27 22:40:28,USR49515,MCH6069,22904.61,,0110,SUCCESS,TXN00016714,USR49515,MCH6069,,0,1,0,0,0,0,0
TXN00017308,2026-01-30 00:08:58,USR56171,MCH6707,19897.86,UTR8091641969,9120,SUCCESS,TXN00017308,USR56171,MCH6707,UTR8091641969,0,0,0,0,0,0,0
TXN00019614,2026-02-28 19:21:49,USR75848,MCH4114,9277.14,UTR8286454999,9120,SUCCESS,TXN00019614,USR75848,MCH4114,UTR8286454999,0,0,0,0,0,0,0
TXN00008936,2026-03-03 19:57:43,USR49740,MCH1264,16092.37,UTR0606574161,,SUCCESS,TXN00008936,USR49740,MCH1264,UTR0606574161,0,0,1,0,0,0,0
TXN00016815,2026-02-05 14:32:53,USR38239,MCH1057,-14626.94,UTR2627155041,,SUCCESS,TXN00016815,USR38239,MCH1057,UTR2627155041,1,0,1,0,0,0,0
TXN00019178,2026-03-09 23:22:59,USR33288,MCH5485,1342.74,UTR1552829033,9120,SUCCESS,TXN00019178,USR33288,MCH5485,UTR1552829033,0,0,0,0,0,0,0
TXN00019876,2026-03-19 08:52:31,USR50032,MCH2363,4323.96,,,PENDING,TXN00019876,USR50032,MCH2363,,0,1,1,0,0,0,1
TXN00008892,2026-02-22 13:26:45,USR30856,MCH7474,0.2079631,UTR2841595560,8120,SUCCESS,TXN00008892,USR30856,MCH7474,UTR2841595560,0,0,0,0,0,0,0
TXN00004236,2026-01-21 08:30:58,USR64086,MCH9877,7901.0,UTR6803755147,1310,PENDING,TXN00004236,USR64086,MCH9877,UTR6803755147,0,0,0,0,0,0,1
TXN00007171,2026-01-08 07:41:40,USR67542,MCH6155,12080.52,UTR0344220971,9120,SUCCESS,TXN00007171,USR67542,MCH6155,UTR 0344220971,0,0,0,0,0,0,0
TXN00007289,2026-02-09 09:40:51,USR16137,MCH4132,23711.0,UTR3557080015,4110,FAILED,TXN00007289,USR16137,MCH4132,UTR3557080015,0,0,0,0,0,1,0
TXN00014150,2026-02-07 12:27:22,USR25365,MCH1222,3924.29,UTR3851135772,8120,SUCCESS,TXN00014150,USR25365,MCH1222,UTR3851135772,0,0,0,0,0,0,0
TXN00004802,2026-03-01 00:00:00,USR63021,MCH5252,1772.69,UTR1385912555,1310,FAILED,TXN00004802,USR63021,MCH5252,UTR1385912555,0,0,0,0,0,1,0
TXN00019127,2026-03-26 09:59:09,USR51880,MCH6710,23231.93,,1310,SUCCESS,TXN00019127,USR51880,MCH6710,,0,1,0,0,0,0,0
TXN00005986,2026-03-08 10:47:53,USR51648,MCH7139,360.22,UTR8862126128,1310,SUCCESS,TXN00005986,USR51648,MCH7139,UTR8862126128,0,0,0,0,0,0,0
TXN00018293,2026-04-02 10:34:24,USR91063,MCH3521,9303.73,UTR0532080097,,SUCCESS,TXN00018293,USR91063,MCH3521,UTR0532080097,0,0,1,0,0,0,0
TXN00010351,2026-03-21 09:36:45,USR36104,MCH9213,0.1446244,UTR0726867541,,SUCCESS,TXN00010351,USR36104,MCH9213,UTR 0726867541,0,0,1,0,0,0,0
TXN00008120,2026-08-01 16:34:19,USR57581,MCH4239,13250.55,UTR4250006714,8120,SUCCESS,TXN00008120,USR57581,MCH4239,UTR4250006714,0,0,0,0,0,0,0
TXN00001615,2026-03-18 22:42:15,USR24789,MCH9585,8331.72,UTR4394870042,8120,SUCCESS,TXN00001615,USR24789,MCH9585,UTR4394870042,0,0,0,0,0,0,0
TXN00014843,2026-03-17 02:57:12,USR62126,MCH7978,5767.07,UTR9334246740,4110,SUCCESS,TXN00014843,USR62126,MCH7978,UTR9334246740,0,0,0,0,0,0,0
TXN00001455,2026-01-27 13:07:34,USR69400,MCH1354,769.37,UTR1405730950,9120,SUCCESS,TXN00001455,USR69400,MCH1354,UTR1405730950,0,0,0,0,0,0,0
TXN00018206,2026-01-10 09:42:31,USR24550,MCH3141,8021.64,UTR5575599487,1310,SUCCESS,TXN00018206,USR24550,MCH3141,UTR5575599487,0,0,0,0,0,0,0
TXN00008455,2026-01-10 10:18:15,USR91393,MCH6959,23625.17,UTR8451721751,4110,SUCCESS,TXN00008455,USR91393,MCH6959,UTR8451721751,0,0,0,0,0,0,0
TXN00005897,2026-02-17 10:57:20,USR63449,MCH6168,22872.0,UTR6751916114,9120,SUCCESS,TXN00005897,USR63449,MCH6168,UTR6751916114,0,0,0,0,0,0,0
TXN00010469,2026-01-22 06:57:01,USR58527,MCH1285,19964.41,UTR6726439805,8120,SUCCESS,TXN00010469,USR58527,MCH1285,UTR 6726439805,0,0,0,0,0,0,0
TXN00012030,2026-03-26 19:24:58,USR99048,MCH7037,7738.63,UTR0027659329,0110,PENDING,TXN00012030,USR99048,MCH7037,UTR0027659329,0,0,0,0,0,0,1
TXN00019381,2026-02-20 03:04:50,USR59334,MCH2570,14732.6,UTR7675723274,4110,SUCCESS,TXN00019381,USR59334,MCH2570,UTR7675723274,0,0,0,0,0,0,0
TXN00018567,2026-03-10 06:19:13,USR11655,MCH3352,0.1874303,UTR6663341104,9120,SUCCESS,TXN00018567,USR11655,MCH3352,UTR6663341104,0,0,0,0,0,0,0
TXN00014449,2026-02-01 07:53:52,USR59792,MCH7383,13611.0,UTR4071950833,8120,SUCCESS,TXN00014449,USR59792,MCH7383,UTR4071950833,0,0,0,0,0,0,0
TXN00015955,2026-01-11 16:26:47,USR72069,MCH2942,0.378806,UTR7386102364,0110,FAILED,TXN00015955,USR72069,MCH2942,UTR7386102364,0,0,0,0,0,1,0
TXN00009581,2026-03-15 09:00:31,USR93897,MCH8627,6863.8,UTR9364654553,0110,PENDING,TXN00009581,USR93897,MCH8627,UTR9364654553,0,0,0,0,0,0,1
TXN00006584,2026-01-20 00:31:48,USR52054,MCH5342,2174.63,UTR3249372863,9120,SUCCESS,TXN00006584,USR52054,MCH5342,UTR3249372863,0,0,0,0,0,0,0
TXN00019189,2026-01-15 18:46:59,USR89234,MCH7522,4761.95,UTR9957084416,,FAILED,TXN00019189,USR89234,MCH7522,UTR9957084416,0,0,1,0,0,1,0
TXN00012284,2026-01-01 09:36:49,USR73591,MCH2771,0.1045223,UTR3399758104,4110,SUCCESS,TXN00012284,USR73591,MCH2771,UTR3399758104,0,0,0,0,0,0,0
TXN00006808,2026-01-08 05:31:31,USR37164,MCH7124,10663.69,UTR1321593380,,SUCCESS,TXN00006808,USR37164,MCH7124,UTR1321593380,0,0,1,0,0,0,0
TXN00007908,2026-01-26 00:31:08,USR50117,MCH1509,0.1990375,,4110,SUCCESS,TXN00007908,USR50117,MCH1509,,0,1,0,0,0,0,0
TXN00003066,2026-02-18 10:11:39,USR30953,MCH8168,6692.38,UTR4792944855,1310,SUCCESS,TXN00003066,USR30953,MCH8168,UTR4792944855,0,0,0,0,0,0,0
TXN00009945,2026-02-19 02:07:27,USR46437,MCH2815,7241.0,UTR0735017530,4110,FAILED,TXN00009945,USR46437,MCH2815,UTR0735017530,0,0,0,0,0,1,0
TXN00017658,2026-03-25 02:18:23,USR97793,MCH8727,22974.18,UTR1201591582,4110,SUCCESS,TXN00017658,USR97793,MCH8727,UTR1201591582,0,0,0,0,0,0,0
TXN00010319,2026-03-31 18:58:37,USR50060,MCH6509,17642.84,,9120,SUCCESS,TXN00010319,USR50060,MCH6509,,0,1,0,0,0,0,0
TXN00007758,2026-03-06 09:53:24,USR83071,MCH2860,22044.12,UTR1362647884,0110,SUCCESS,TXN00007758,USR83071,MCH2860,UTR1362647884,0,0,0,0,0,0,0
TXN00016087,2026-03-13 21:59:29,USR13830,MCH9406,14303.85,UTR8978411114,9120,SUCCESS,TXN00016087,USR13830,MCH9406,UTR8978411114,0,0,0,0,0,0,0
TXN00008141,2026-03-24 20:45:26,USR59825,MCH9408,3015.57,UTR2406524738,8120,SUCCESS,TXN00008141,USR59825,MCH9408,UTR2406524738,0,0,0,0,0,0,0
TXN00008725,2026-01-20 09:18:00,USR22972,MCH3089,21644.52,UTR0071178420,4110,SUCCESS,TXN00008725,USR22972,MCH3089,UTR0071178420,0,0,0,0,0,0,0
TXN00000701,2026-01-13 02:23:52,USR70477,MCH9577,13319.41,UTR6695414152,,FAILED,TXN00000701,USR70477,MCH9577,UTR6695414152,0,0,1,0,0,1,0
TXN00006786,2026-02-13 00:24:48,USR35277,MCH2734,21869.93,UTR5760721152,8120,SUCCESS,TXN00006786,USR35277,MCH2734,UTR5760721152,0,0,0,0,0,0,0
TXN00008148,2026-02-14 05:01:34,USR58305,MCH6317,23027.53,UTR7477400731,4110,SUCCESS,TXN00008148,USR58305,MCH6317,UTR7477400731,0,0,0,0,0,0,0
TXN00015214,2026-03-24 09:11:26,USR51465,MCH4637,1463.0,UTR8470730252,,SUCCESS,TXN00015214,USR51465,MCH4637,UTR8470730252,0,0,1,0,0,0,0
TXN00010028,2026-01-15 02:13:25,USR76470,MCH3961,22320.97,UTR2587997029,4110,SUCCESS,TXN00010028,USR76470,MCH3961,UTR2587997029,0,0,0,0,0,0,0
TXN00013725,2026-01-15 07:29:16,USR87969,MCH9492,23681.2,UTR1794186230,0110,SUCCESS,TXN00013725,USR87969,MCH9492,UTR1794186230,0,0,0,0,0,0,0
TXN00003306,2026-01-08 16:09:06,USR61768,MCH5618,8769.51,UTR9006091564,8120,SUCCESS,TXN00003306,USR61768,MCH5618,UTR9006091564,0,0,0,0,0,0,0
TXN00010959,2026-01-03 09:46:40,USR72700,MCH4747,13931.08,UTR1547844083,,SUCCESS,TXN00010959,USR72700,MCH4747,UTR 1547844083,0,0,1,0,0,0,0
TXN00005260,2026-01-13 12:06:21,USR44184,MCH9852,21944.96,UTR9478959735,8120,SUCCESS,TXN00005260,USR44184,MCH9852,UTR9478959735,0,0,0,0,0,0,0
TXN00010575,2026-01-11 00:00:00,USR84839,MCH2108,0.2264974,UTR1833132817,1310,SUCCESS,TXN00010575,USR84839,MCH2108,UTR 1833132817,0,0,0,0,0,0,0
TXN00002374,2026-03-03 06:04:20,USR36989,MCH8471,10754.0,UTR7784045376,1310,FAILED,TXN00002374,USR36989,MCH8471,UTR7784045376,0,0,0,0,0,1,0
TXN00008939,2026-01-15 00:00:00,USR43388,MCH3434,9737.77,UTR9947603117,4110,SUCCESS,TXN00008939,USR43388,MCH3434,UTR9947603117,0,0,0,0,0,0,0
TXN00008711,2026-01-30 14:16:45,USR26525,MCH6250,20151.19,UTR9239168462,9120,SUCCESS,TXN00008711,USR26525,MCH6250,UTR9239168462,0,0,0,0,0,0,0
TXN00001429,2026-03-03 04:03:29,USR85938,MCH6478,15981.61,UTR5779520866,,SUCCESS,TXN00001429,USR85938,MCH6478,UTR5779520866,0,0,1,0,0,0,0
TXN00009660,2026-02-16 20:00:51,USR98397,MCH5839,20433.31,UTR3838131758,9120,SUCCESS,TXN00009660,USR98397,MCH5839,UTR3838131758,0,0,0,0,0,0,0
TXN00012271,2026-01-18 12:57:23,USR27010,MCH2935,0.2310162,UTR8345815022,9120,SUCCESS,TXN00012271,USR27010,MCH2935,UTR8345815022,0,0,0,0,0,0,0
TXN00002448,2026-02-22 09:45:25,USR51064,MCH6361,4873.65,,0110,SUCCESS,TXN00002448,USR51064,MCH6361,,0,1,0,0,0,0,0
TXN00006973,2026-03-30 10:45:09,USR63154,MCH7810,1526.0,UTR5318555126,,SUCCESS,TXN00006973,USR63154,MCH7810,UTR5318555126,0,0,1,0,0,0,0
TXN00016333,2026-01-14 18:29:58,USR89324,MCH3371,18664.03,UTR7649599722,4110,SUCCESS,TXN00016333,USR89324,MCH3371,UTR7649599722,0,0,0,0,0,0,0
TXN00014754,2026-03-13 10:13:18,USR93138,MCH7565,13434.83,UTR8484552577,,SUCCESS,TXN00014754,USR93138,MCH7565,UTR8484552577,0,0,1,0,0,0,0
TXN00003891,2026-03-24 04:56:52,USR74350,MCH9507,18812.42,UTR7542869491,4110,SUCCESS,TXN00003891,USR74350,MCH9507,UTR7542869491,0,0,0,0,0,0,0
TXN00001228,2026-01-30 11:59:17,USR19078,MCH2266,6862.64,UTR8023481794,0110,SUCCESS,TXN00001228,USR19078,MCH2266,UTR8023481794,0,0,0,0,0,0,0
TXN00003408,2026-03-24 15:06:46,USR50607,MCH7205,24940.73,UTR4445956102,9120,SUCCESS,TXN00003408,USR50607,MCH7205,UTR4445956102,0,0,0,0,0,0,0
TXN00012274,2026-03-14 19:28:44,USR88082,MCH2265,17681.37,UTR4740478221,9120,SUCCESS,TXN00012274,USR88082,MCH2265,UTR4740478221,0,0,0,0,0,0,0
TXN00013297,2026-02-01 19:23:39,USR85051,MCH1852,24280.76,UTR5735174627,8120,SUCCESS,TXN00013297,USR85051,MCH1852,UTR5735174627,0,0,0,0,0,0,0
TXN00000603,2026-03-31 18:12:41,USR30855,MCH7460,4433.49,UTR8928181336,,PENDING,TXN00000603,USR30855,MCH7460,UTR8928181336,0,0,1,0,0,0,1
TXN00012417,2026-03-04 21:02:31,USR65130,MCH7604,-2814.17,UTR9628581599,4110,SUCCESS,TXN00012417,USR65130,MCH7604,UTR9628581599,1,0,0,0,0,0,0
TXN00018378,2026-03-16 22:17:32,USR21082,MCH7470,14728.42,UTR4912954081,1310,SUCCESS,TXN00018378,USR21082,MCH7470,UTR4912954081,0,0,0,0,0,0,0
TXN00003189,2026-01-03 14:05:32,USR62106,MCH5608,20715.6,UTR6399121366,0110,SUCCESS,TXN00003189,USR62106,MCH5608,UTR6399121366,0,0,0,0,0,0,0
TXN00005558,2026-03-19 14:15:29,USR89127,MCH4672,18400.65,UTR9502572891,1310,SUCCESS,TXN00005558,USR89127,MCH4672,UTR9502572891,0,0,0,0,0,0,0
TXN00008363,2026-02-05 08:21:24,USR78684,MCH3445,5842.57,UTR6317319836,4110,PENDING,TXN00008363,USR78684,MCH3445,UTR6317319836,0,0,0,0,0,0,1
TXN00006439,2026-02-20 22:54:51,USR64462,MCH3475,3162.18,UTR6843383148,4110,SUCCESS,TXN00006439,USR64462,MCH3475,UTR6843383148,0,0,0,0,0,0,0
TXN00008747,2026-03-20 02:06:36,USR37713,MCH5718,3747.24,,9120,SUCCESS,TXN00008747,USR37713,MCH5718,,0,1,0,0,0,0,0
TXN00012651,2026-01-19 15:51:41,USR90843,MCH5545,9871.0,UTR6974411151,8120,SUCCESS,TXN00012651,USR90843,MCH5545,UTR6974411151,0,0,0,0,0,0,0
TXN00010338,2026-03-03 10:12:28,USR30109,MCH6618,10432.05,UTR9503112319,,SUCCESS,TXN00010338,USR30109,MCH6618,UTR9503112319,0,0,1,0,0,0,0
TXN00014728,2026-03-31 11:29:28,USR45422,MCH7659,13013.45,UTR3282463235,1310,SUCCESS,TXN00014728,USR45422,MCH7659,UTR3282463235,0,0,0,0,0,0,0
TXN00009223,2026-02-27 18:22:41,USR99445,MCH2850,0.1330763,UTR6029355843,1310,SUCCESS,TXN00009223,USR99445,MCH2850,UTR6029355843,0,0,0,0,0,0,0
TXN00014543,2026-01-23 22:50:36,USR26129,MCH4953,4597.24,UTR8451420872,4110,PENDING,TXN00014543,USR26129,MCH4953,UTR8451420872,0,0,0,0,0,0,1
TXN00017475,2026-03-11 13:01:11,USR25842,MCH8577,8570.06,UTR7792047690,1310,SUCCESS,TXN00017475,USR25842,MCH8577,UTR7792047690,0,0,0,0,0,0,0
TXN00006595,2026-02-02 00:00:00,USR14285,MCH2061,18727.49,UTR2177892332,9120,SUCCESS,TXN00006595,USR14285,MCH2061,UTR2177892332,0,0,0,0,0,0,0
TXN00009615,2026-02-02 01:43:11,USR14328,MCH6071,24567.38,UTR6489882050,4110,SUCCESS,TXN00009615,USR14328,MCH6071,UTR6489882050,0,0,0,0,0,0,0
TXN00002176,2026-01-01 18:00:43,USR46449,MCH6394,20927.66,UTR6050780684,0110,SUCCESS,TXN00002176,USR46449,MCH6394,UTR6050780684,0,0,0,0,0,0,0
TXN00019079,2026-02-25 06:39:48,USR21909,MCH1913,2490.51,UTR1613940741,4110,SUCCESS,TXN00019079,USR21909,MCH1913,UTR1613940741,0,0,0,0,0,0,0
TXN00018506,2026-03-31 13:03:09,USR81002,MCH9655,0.1924875,UTR4557931028,8120,SUCCESS,TXN00018506,USR81002,MCH9655,UTR4557931028,0,0,0,0,0,0,0
TXN00017949,2026-02-13 14:52:24,USR12183,MCH9731,10709.09,UTR2035681798,8120,SUCCESS,TXN00017949,USR12183,MCH9731,UTR2035681798,0,0,0,0,0,0,0
TXN00011663,2026-03-18 10:11:29,USR47425,MCH2431,-15744.73,UTR7790574723,9120,SUCCESS,TXN00011663,USR47425,MCH2431,UTR7790574723,1,0,0,0,0,0,0
TXN00019758,2026-01-17 13:48:40,USR37530,MCH2832,0.1304332,UTR5406648758,9120,SUCCESS,TXN00019758,USR37530,MCH2832,UTR5406648758,0,0,0,0,0,0,0
TXN00016093,2026-03-26 11:50:34,USR27144,MCH8410,17256.38,,8120,SUCCESS,TXN00016093,USR27144,MCH8410,,0,1,0,0,0,0,0
TXN00016470,2026-03-09 07:58:10,USR88578,MCH5308,5946.77,UTR8899557938,4110,SUCCESS,TXN00016470,USR88578,MCH5308,UTR8899557938,0,0,0,0,0,0,0
TXN00015784,2026-02-09 21:02:41,USR18509,MCH5183,9805.61,UTR2338238220,8120,SUCCESS,TXN00015784,USR18509,MCH5183,UTR2338238220,0,0,0,0,0,0,0
TXN00004293,2026-03-04 19:37:08,USR16731,MCH9955,14150.61,UTR2497623741,4110,SUCCESS,TXN00004293,USR16731,MCH9955,UTR2497623741,0,0,0,0,0,0,0
TXN00018714,2026-02-18 00:00:00,USR72809,MCH5053,20279.6,UTR9418943733,1310,SUCCESS,TXN00018714,USR72809,MCH5053,UTR9418943733,0,0,0,0,0,0,0
TXN00006444,2026-02-24 00:00:00,USR49144,MCH6727,0.82184,UTR2009580155,0110,SUCCESS,TXN00006444,USR49144,MCH6727,UTR2009580155,0,0,0,0,0,0,0
TXN00008220,2026-02-14 17:49:21,USR16524,MCH4869,18337.71,UTR9509869771,,SUCCESS,TXN00008220,USR16524,MCH4869,UTR9509869771,0,0,1,0,0,0,0
TXN00002284,2026-02-24 19:21:40,USR18536,MCH6257,1150.76,UTR1004276669,0110,SUCCESS,TXN00002284,USR18536,MCH6257,UTR1004276669,0,0,0,0,0,0,0
TXN00018498,2026-01-05 23:57:17,USR55611,MCH7669,2904.71,UTR1622051517,,SUCCESS,TXN00018498,USR55611,MCH7669,UTR1622051517,0,0,1,0,0,0,0
TXN00015566,2026-03-10 00:10:46,USR83721,MCH4248,5839.03,UTR6296426917,4110,FAILED,TXN00015566,USR83721,MCH4248,UTR6296426917,0,0,0,0,0,1,0
TXN00018108,2026-02-14 18:52:10,USR57340,MCH8956,7840.06,UTR7492713368,1310,SUCCESS,TXN00018108,USR57340,MCH8956,UTR7492713368,0,0,0,0,0,0,0
TXN00016562,2026-04-03 14:36:09,USR23412,MCH4943,19081.73,UTR3717341876,1310,SUCCESS,TXN00016562,USR23412,MCH4943,UTR3717341876,0,0,0,0,0,0,0
TXN00018116,2026-03-15 00:00:00,USR31651,MCH5710,2393.39,UTR9453929942,8120,SUCCESS,TXN00018116,USR31651,MCH5710,UTR9453929942,0,0,0,0,0,0,0
TXN00018230,2026-01-03 11:50:03,USR52490,MCH2931,0.57119,UTR9202419983,8120,SUCCESS,TXN00018230,USR52490,MCH2931,UTR9202419983,0,0,0,0,0,0,0
TXN00017252,2026-03-20 08:40:23,USR83914,MCH3865,14867.87,UTR3490462038,,FAILED,TXN00017252,USR83914,MCH3865,UTR 3490462038,0,0,1,0,0,1,0
TXN00017624,2026-03-24 13:00:06,USR71865,MCH5088,-24743.18,UTR6503086535,4110,SUCCESS,TXN00017624,USR71865,MCH5088,UTR6503086535,1,0,0,0,0,0,0
TXN00010168,2026-03-04 16:05:05,USR84349,MCH2222,8620.6,UTR8877522717,,FAILED,TXN00010168,USR84349,MCH2222,UTR8877522717,0,0,1,0,0,1,0
TXN00015206,2026-03-25 04:26:21,USR32447,MCH1759,10036.0,UTR4760043401,4110,SUCCESS,TXN00015206,USR32447,MCH1759,UTR4760043401,0,0,0,0,0,0,0
TXN00015433,2026-01-30 04:26:55,USR80480,MCH2883,14891.61,UTR3114500719,8120,FAILED,TXN00015433,USR80480,MCH2883,UTR3114500719,0,0,0,0,0,1,0
TXN00013952,2026-01-21 02:48:36,USR48944,MCH5367,18837.17,UTR8050822892,4110,SUCCESS,TXN00013952,USR48944,MCH5367,UTR8050822892,0,0,0,0,0,0,0
TXN00015514,2026-03-21 18:23:30,USR13141,MCH3386,18114.27,UTR6055169646,8120,SUCCESS,TXN00015514,USR13141,MCH3386,UTR 6055169646,0,0,0,0,0,0,0
TXN00010904,2026-03-10 15:44:33,USR79448,MCH7323,16409.43,UTR4353519568,4110,FAILED,TXN00010904,USR79448,MCH7323,UTR4353519568,0,0,0,0,0,1,0
TXN00014718,2026-02-06 05:29:26,USR92598,MCH1533,22364.0,UTR8839644754,4110,SUCCESS,TXN00014718,USR92598,MCH1533,UTR8839644754,0,0,0,0,0,0,0
TXN00015000,2026-02-03 19:40:37,USR37808,MCH5710,6284.46,UTR6219082170,8120,FAILED,TXN00015000,USR37808,MCH5710,UTR6219082170,0,0,0,0,0,1,0
TXN00016187,2026-03-05 19:39:39,USR42361,MCH4649,7812.67,UTR0346054268,8120,PENDING,TXN00016187,USR42361,MCH4649,UTR0346054268,0,0,0,0,0,0,1
TXN00006279,2026-03-29 05:56:27,USR93663,MCH8305,0.2109358,UTR0851923217,0110,SUCCESS,TXN00006279,USR93663,MCH8305,UTR0851923217,0,0,0,0,0,0,0
TXN00010701,2026-03-15 02:21:22,USR16787,MCH7193,4617.36,UTR7425608438,4110,SUCCESS,TXN00010701,USR16787,MCH7193,UTR7425608438,0,0,0,0,0,0,0
TXN00011453,2026-03-19 18:25:42,USR28900,MCH4193,634.02,UTR7127312023,4110,SUCCESS,TXN00011453,USR28900,MCH4193,UTR7127312023,0,0,0,0,0,0,0
TXN00019582,2026-03-05 14:54:13,USR99592,MCH6129,12257.37,UTR5296848315,1310,SUCCESS,TXN00019582,USR99592,MCH6129,UTR5296848315,0,0,0,0,0,0,0
TXN00012647,2026-01-03 00:29:01,USR31545,MCH6488,4148.85,UTR8305511744,,SUCCESS,TXN00012647,USR31545,MCH6488,UTR8305511744,0,0,1,0,0,0,0
TXN00001246,2026-01-29 20:52:58,USR59166,MCH7750,15659.25,UTR2108668695,4110,FAILED,TXN00001246,USR59166,MCH7750,UTR2108668695,0,0,0,0,0,1,0
TXN00006277,2026-02-10 15:56:05,USR48556,MCH7359,6399.1,UTR6716852773,,SUCCESS,TXN00006277,USR48556,MCH7359,UTR6716852773,0,0,1,0,0,0,0
TXN00015723,2026-01-11 23:51:11,USR41614,MCH5345,19190.0,UTR6738401251,8120,SUCCESS,TXN00015723,USR41614,MCH5345,UTR 6738401251,0,0,0,0,0,0,0
TXN00009197,2026-01-06 08:18:29,USR34680,MCH3624,18472.0,UTR8188847731,9120,FAILED,TXN00009197,USR34680,MCH3624,UTR8188847731,0,0,0,0,0,1,0
TXN00019853,2026-01-30 16:26:59,USR50279,MCH4096,1624.47,,0110,FAILED,TXN00019853,USR50279,MCH4096,,0,1,0,0,0,1,0
TXN00006305,2026-02-18 04:35:25,USR33317,MCH9509,9565.26,UTR5072036543,,SUCCESS,TXN00006305,USR33317,MCH9509,UTR5072036543,0,0,1,0,0,0,0
TXN00016920,2026-01-18 02:21:21,USR33172,MCH2861,20566.37,UTR3668229563,4110,PENDING,TXN00016920,USR33172,MCH2861,UTR3668229563,0,0,0,0,0,0,1
TXN00018005,2026-01-28 11:28:41,USR69143,MCH5447,21908.89,UTR4981802902,4110,SUCCESS,TXN00018005,USR69143,MCH5447,UTR4981802902,0,0,0,0,0,0,0
TXN00010786,2026-03-19 15:54:39,USR32376,MCH5569,2135.0,UTR5233846645,4110,SUCCESS,TXN00010786,USR32376,MCH5569,UTR5233846645,0,0,0,0,0,0,0
TXN00017613,2026-01-14 09:00:42,USR75587,MCH6412,18914.53,UTR2526067573,1310,FAILED,TXN00017613,USR75587,MCH6412,UTR2526067573,0,0,0,0,0,1,0
TXN00010188,2026-03-12 15:18:11,USR25338,MCH4247,21868.8,UTR5492596308,4110,SUCCESS,TXN00010188,USR25338,MCH4247,UTR5492596308,0,0,0,0,0,0,0
TXN00012653,2026-02-03 09:13:20,USR58752,MCH1759,7134.64,UTR9199288299,4110,SUCCESS,TXN00012653,USR58752,MCH1759,UTR9199288299,0,0,0,0,0,0,0
TXN00000418,2026-01-31 10:45:07,USR98473,MCH8661,8223.33,UTR8889376234,4110,FAILED,TXN00000418,USR98473,MCH8661,UTR8889376234,0,0,0,0,0,1,0
TXN00006564,2026-03-19 15:55:54,USR74164,MCH9679,-14427.63,UTR8918048676,1310,FAILED,TXN00006564,USR74164,MCH9679,UTR8918048676,1,0,0,0,0,1,0
TXN00001893,2026-03-18 13:40:23,USR74331,MCH8965,20003.77,UTR0863655561,8120,PENDING,TXN00001893,USR74331,MCH8965,UTR0863655561,0,0,0,0,0,0,1
TXN00001897,2026-01-27 22:05:49,USR38207,MCH2038,-15403.48,UTR4719941601,1310,SUCCESS,TXN00001897,USR38207,MCH2038,UTR4719941601,1,0,0,0,0,0,0
TXN00000256,2026-01-07 17:16:36,USR10110,MCH5014,13924.46,UTR5941138189,0110,SUCCESS,TXN00000256,USR10110,MCH5014,UTR5941138189,0,0,0,0,0,0,0
TXN00018270,2026-02-10 11:26:21,USR13767,MCH9846,16071.91,UTR3935144174,4110,SUCCESS,TXN00018270,USR13767,MCH9846,UTR3935144174,0,0,0,0,0,0,0
TXN00004643,2026-03-16 15:37:48,USR34652,MCH3451,21464.08,UTR9569953148,8120,SUCCESS,TXN00004643,USR34652,MCH3451,UTR9569953148,0,0,0,0,0,0,0
TXN00003012,2026-01-06 00:00:00,USR16879,MCH9045,7197.94,UTR1390665587,4110,SUCCESS,TXN00003012,USR16879,MCH9045,UTR1390665587,0,0,0,0,0,0,0
TXN00004495,2026-02-19 01:45:21,USR15073,MCH4236,18378.28,UTR0486518704,,SUCCESS,TXN00004495,USR15073,MCH4236,UTR0486518704,0,0,1,0,0,0,0
TXN00007449,2026-01-23 06:44:30,USR72273,MCH9731,16274.0,UTR7342199191,0110,SUCCESS,TXN00007449,USR72273,MCH9731,UTR7342199191,0,0,0,0,0,0,0
TXN00001042,2026-01-07 16:40:51,USR36504,MCH6095,19770.17,UTR4720978477,,SUCCESS,TXN00001042,USR36504,MCH6095,UTR4720978477,0,0,1,0,0,0,0
TXN00012700,2026-01-10 19:07:21,USR15156,MCH6395,3432.76,UTR5628657201,9120,SUCCESS,TXN00012700,USR15156,MCH6395,UTR5628657201,0,0,0,0,0,0,0
TXN00008473,2026-03-14 10:33:30,USR11386,MCH8063,11095.56,UTR9166776941,0110,SUCCESS,TXN00008473,USR11386,MCH8063,UTR 9166776941,0,0,0,0,0,0,0
TXN00010999,2026-02-08 14:22:38,USR82627,MCH7381,6436.86,UTR0691717145,,SUCCESS,TXN00010999,USR82627,MCH7381,UTR0691717145,0,0,1,0,0,0,0
TXN00012487,2026-03-12 07:15:46,USR73004,MCH8753,9841.95,UTR8239257404,0110,SUCCESS,TXN00012487,USR73004,MCH8753,UTR8239257404,0,0,0,0,0,0,0
TXN00004385,2026-01-19 02:18:46,USR63723,MCH7997,21952.06,UTR7949826774,0110,SUCCESS,TXN00004385,USR63723,MCH7997,UTR7949826774,0,0,0,0,0,0,0
TXN00019961,2026-01-12 16:10:44,USR69751,MCH7429,13056.87,UTR2126867265,1310,SUCCESS,TXN00019961,USR69751,MCH7429,UTR2126867265,0,0,0,0,0,0,0
TXN00016212,2026-03-03 03:32:30,USR83839,MCH8813,0.254658,UTR6289844070,,SUCCESS,TXN00016212,USR83839,MCH8813,UTR6289844070,0,0,1,0,0,0,0
TXN00009616,2026-03-18 13:59:15,USR13021,MCH2678,21507.59,UTR0966240101,1310,SUCCESS,TXN00009616,USR13021,MCH2678,UTR0966240101,0,0,0,0,0,0,0
TXN00009596,2026-04-03 13:36:15,USR97212,MCH9766,9393.71,UTR3178268868,,SUCCESS,TXN00009596,USR97212,MCH9766,UTR3178268868,0,0,1,0,0,0,0
TXN00006671,2026-01-31 11:27:54,USR61522,MCH4099,8647.22,UTR5765725385,0110,SUCCESS,TXN00006671,USR61522,MCH4099,UTR5765725385,0,0,0,0,0,0,0
TXN00011024,2026-01-29 00:33:57,USR77449,MCH8710,0.1211698,UTR8032614691,0110,FAILED,TXN00011024,USR77449,MCH8710,UTR8032614691,0,0,0,0,0,1,0
TXN00012218,2026-01-26 14:36:01,USR99619,MCH7090,17065.15,UTR4953673386,8120,SUCCESS,TXN00012218,USR99619,MCH7090,UTR4953673386,0,0,0,0,0,0,0
TXN00007300,2026-02-18 17:21:53,USR21157,MCH8855,15988.27,UTR5433495624,9120,SUCCESS,TXN00007300,USR21157,MCH8855,UTR5433495624,0,0,0,0,0,0,0
TXN00002408,2026-01-31 01:22:41,USR77829,MCH3806,5455.13,UTR3235948573,4110,SUCCESS,TXN00002408,USR77829,MCH3806,UTR3235948573,0,0,0,0,0,0,0
TXN00002557,2026-01-22 19:12:47,USR53636,MCH3664,13069.19,UTR9039601543,4110,SUCCESS,TXN00002557,USR53636,MCH3664,UTR9039601543,0,0,0,0,0,0,0
TXN00010561,2026-03-11 21:18:18,USR83719,MCH9128,2955.32,UTR2125397547,0110,SUCCESS,TXN00010561,USR83719,MCH9128,UTR2125397547,0,0,0,0,0,0,0
TXN00018247,2026-01-17 13:56:08,USR81279,MCH5447,2471.89,UTR2651606211,1310,SUCCESS,TXN00018247,USR81279,MCH5447,UTR2651606211,0,0,0,0,0,0,0
TXN00019653,2026-03-16 01:13:14,USR86830,MCH1651,17282.52,UTR6213965153,8120,SUCCESS,TXN00019653,USR86830,MCH1651,UTR6213965153,0,0,0,0,0,0,0
TXN00000150,2026-01-14 20:54:53,USR80510,MCH2300,6973.38,UTR7358388997,8120,FAILED,TXN00000150,USR80510,MCH2300,UTR7358388997,0,0,0,0,0,1,0
TXN00009783,2026-07-02 03:57:52,USR25046,MCH5000,17394.06,UTR0345843955,9120,SUCCESS,TXN00009783,USR25046,MCH5000,UTR0345843955,0,0,0,0,0,0,0
TXN00001460,2026-01-24 15:56:03,USR25442,MCH3576,16475.55,UTR6559870540,4110,SUCCESS,TXN00001460,USR25442,MCH3576,UTR6559870540,0,0,0,0,0,0,0
TXN00006407,2026-07-03 20:46:14,USR60191,MCH9967,8234.0,UTR3739446392,1310,SUCCESS,TXN00006407,USR60191,MCH9967,UTR3739446392,0,0,0,0,0,0,0
TXN00008249,2026-06-03 17:30:41,USR33955,MCH4291,22831.02,UTR2438459271,0110,SUCCESS,TXN00008249,USR33955,MCH4291,UTR2438459271,0,0,0,0,0,0,0
TXN00007241,2026-01-07 02:28:37,USR58414,MCH8568,20487.5,UTR7902662765,4110,SUCCESS,TXN00007241,USR58414,MCH8568,UTR7902662765,0,0,0,0,0,0,0
TXN00011631,2026-02-15 14:28:48,USR20341,MCH1137,23224.38,UTR1528390233,,SUCCESS,TXN00011631,USR20341,MCH1137,UTR1528390233,0,0,1,0,0,0,0
TXN00004717,2026-03-26 21:33:14,USR26217,MCH9840,14905.0,UTR4245910301,4110,SUCCESS,TXN00004717,USR26217,MCH9840,UTR4245910301,0,0,0,0,0,0,0
TXN00019048,2026-01-24 14:24:06,USR34225,MCH1041,10210.03,UTR6373462310,1310,SUCCESS,TXN00019048,USR34225,MCH1041,UTR6373462310,0,0,0,0,0,0,0
TXN00017148,2026-01-24 10:51:45,USR58965,MCH9386,5861.88,UTR5777325162,4110,PENDING,TXN00017148,USR58965,MCH9386,UTR5777325162,0,0,0,0,0,0,1
TXN00015115,2026-02-25 14:48:41,USR50470,MCH2438,5424.94,UTR9310330004,9120,SUCCESS,TXN00015115,USR50470,MCH2438,UTR9310330004,0,0,0,0,0,0,0
TXN00001081,2026-03-22 15:44:36,USR93837,MCH8930,0.1966076,UTR7477284963,,FAILED,TXN00001081,USR93837,MCH8930,UTR7477284963,0,0,1,0,0,1,0
TXN00006709,2026-03-23 16:34:45,USR83179,MCH2813,16540.0,UTR8563004928,4110,SUCCESS,TXN00006709,USR83179,MCH2813,UTR8563004928,0,0,0,0,0,0,0
TXN00016668,2026-01-05 10:26:36,USR28861,MCH9043,22521.92,UTR9957850588,1310,PENDING,TXN00016668,USR28861,MCH9043,UTR9957850588,0,0,0,0,0,0,1
TXN00005122,2026-01-10 00:46:04,USR37759,MCH9536,23116.8,UTR5550375430,4110,SUCCESS,TXN00005122,USR37759,MCH9536,UTR 5550375430,0,0,0,0,0,0,0
TXN00005208,2026-01-25 02:23:30,USR93394,MCH8757,10868.93,UTR0262334617,9120,SUCCESS,TXN00005208,USR93394,MCH8757,UTR0262334617,0,0,0,0,0,0,0
TXN00007721,2026-02-23 20:11:55,USR27682,MCH7088,13855.92,UTR0995594187,1310,SUCCESS,TXN00007721,USR27682,MCH7088,UTR0995594187,0,0,0,0,0,0,0
TXN00019878,2026-02-27 00:32:52,USR49790,MCH4129,9165.92,UTR0142479951,,SUCCESS,TXN00019878,USR49790,MCH4129,UTR0142479951,0,0,1,0,0,0,0
TXN00001754,2026-02-15 11:17:28,USR55953,MCH1973,6037.62,UTR0012624578,0110,SUCCESS,TXN00001754,USR55953,MCH1973,UTR0012624578,0,0,0,0,0,0,0
TXN00003360,2026-01-28 17:03:57,USR49817,MCH1069,16491.17,,1310,PENDING,TXN00003360,USR49817,MCH1069,,0,1,0,0,0,0,1
TXN00006059,2026-02-15 16:59:56,USR40653,MCH8186,21171.16,UTR7565880309,0110,PENDING,TXN00006059,USR40653,MCH8186,UTR7565880309,0,0,0,0,0,0,1
TXN00006622,2026-02-26 19:25:48,USR38478,MCH1047,10165.1,,9120,SUCCESS,TXN00006622,USR38478,MCH1047,,0,1,0,0,0,0,0
TXN00008011,2026-01-16 01:48:55,USR73253,MCH3991,0.2098681,UTR9731233726,0110,SUCCESS,TXN00008011,USR73253,MCH3991,UTR9731233726,0,0,0,0,0,0,0
TXN00010703,2026-09-03 18:35:09,USR72895,MCH6596,4152.07,,4110,SUCCESS,TXN00010703,USR72895,MCH6596,,0,1,0,0,0,0,0
TXN00003867,2026-02-17 10:34:10,USR51184,MCH4566,-10335.18,UTR5896670868,4110,SUCCESS,TXN00003867,USR51184,MCH4566,UTR 5896670868,1,0,0,0,0,0,0
TXN00000870,2026-01-15 20:03:43,USR80481,MCH4729,23653.43,UTR6655034941,0110,SUCCESS,TXN00000870,USR80481,MCH4729,UTR6655034941,0,0,0,0,0,0,0
TXN00010218,2026-12-03 15:49:15,USR53938,MCH4339,7883.26,UTR2283665954,1310,SUCCESS,TXN00010218,USR53938,MCH4339,UTR2283665954,0,0,0,0,0,0,0
TXN00012905,2026-03-02 14:51:48,USR19863,MCH1571,21598.03,UTR0765659537,,SUCCESS,TXN00012905,USR19863,MCH1571,UTR0765659537,0,0,1,0,0,0,0
TXN00008962,2026-03-17 17:07:36,USR34873,MCH9172,12992.35,UTR3618696004,4110,SUCCESS,TXN00008962,USR34873,MCH9172,UTR3618696004,0,0,0,0,0,0,0
TXN00018020,2026-01-14 08:54:28,USR88323,MCH4980,1560.66,UTR3051752865,8120,SUCCESS,TXN00018020,USR88323,MCH4980,UTR 3051752865,0,0,0,0,0,0,0
TXN00003784,2026-01-22 01:41:06,USR44961,MCH3233,20665.51,UTR4923716911,4110,SUCCESS,TXN00003784,USR44961,MCH3233,UTR4923716911,0,0,0,0,0,0,0
TXN00016746,2026-03-28 11:26:04,USR31566,MCH1717,13114.14,UTR2346103266,4110,SUCCESS,TXN00016746,USR31566,MCH1717,UTR2346103266,0,0,0,0,0,0,0
TXN00004190,2026-02-02 11:59:30,USR58774,MCH2095,17518.28,UTR8500535627,9120,SUCCESS,TXN00004190,USR58774,MCH2095,UTR8500535627,0,0,0,0,0,0,0
TXN00004758,2026-01-12 17:00:13,USR81036,MCH4927,19453.38,UTR7572549329,9120,SUCCESS,TXN00004758,USR81036,MCH4927,UTR 7572549329,0,0,0,0,0,0,0
TXN00014190,2026-02-01 00:00:00,USR21867,MCH9309,15686.84,UTR9819890309,8120,SUCCESS,TXN00014190,USR21867,MCH9309,UTR 9819890309,0,0,0,0,0,0,0
TXN00016802,2026-02-17 09:43:33,USR87377,MCH3613,17501.99,UTR8127314145,9120,SUCCESS,TXN00016802,USR87377,MCH3613,UTR 8127314145,0,0,0,0,0,0,0
TXN00004774,2026-03-27 12:51:11,USR71645,MCH3896,20473.54,UTR1765748376,9120,SUCCESS,TXN00004774,USR71645,MCH3896,UTR1765748376,0,0,0,0,0,0,0
TXN00016040,2026-03-15 21:13:50,USR91958,MCH2151,9770.15,UTR2461677531,0110,FAILED,TXN00016040,USR91958,MCH2151,UTR2461677531,0,0,0,0,0,1,0
TXN00005156,2026-03-19 18:02:18,USR35725,MCH1108,7531.15,UTR1869843576,,FAILED,TXN00005156,USR35725,MCH1108,UTR1869843576,0,0,1,0,0,1,0
TXN00008291,2026-03-10 02:12:46,USR36163,MCH1323,24236.29,UTR9012007554,0110,SUCCESS,TXN00008291,USR36163,MCH1323,UTR9012007554,0,0,0,0,0,0,0
TXN00015418,2026-01-25 22:17:43,USR68191,MCH6764,10020.73,UTR5621512454,0110,SUCCESS,TXN00015418,USR68191,MCH6764,UTR5621512454,0,0,0,0,0,0,0
TXN00009024,2026-03-27 00:43:20,USR42181,MCH1753,7646.36,UTR6227561953,8120,SUCCESS,TXN00009024,USR42181,MCH1753,UTR6227561953,0,0,0,0,0,0,0
TXN00015012,2026-01-19 22:33:44,USR39273,MCH4946,4294.09,UTR1824544230,8120,SUCCESS,TXN00015012,USR39273,MCH4946,UTR1824544230,0,0,0,0,0,0,0
TXN00010743,2026-02-22 09:26:16,USR28581,MCH6641,0.573239,,,SUCCESS,TXN00010743,USR28581,MCH6641,,0,1,1,0,0,0,0
TXN00001353,2026-01-04 21:44:47,USR14485,MCH9642,10971.0,UTR2772098984,9120,FAILED,TXN00001353,USR14485,MCH9642,UTR2772098984,0,0,0,0,0,1,0
TXN00010502,2026-03-15 15:13:07,USR75205,MCH7430,668.42,UTR7463311294,,SUCCESS,TXN00010502,USR75205,MCH7430,UTR7463311294,0,0,1,0,0,0,0
TXN00009381,2026-03-12 09:17:20,USR33991,MCH7817,306.66,UTR2318802641,8120,SUCCESS,TXN00009381,USR33991,MCH7817,UTR2318802641,0,0,0,0,0,0,0
TXN00018847,2026-02-22 16:49:34,USR56189,MCH1350,19399.67,,4110,SUCCESS,TXN00018847,USR56189,MCH1350,,0,1,0,0,0,0,0
TXN00019305,2026-03-28 07:14:23,USR68724,MCH7516,18389.08,UTR0612797346,9120,SUCCESS,TXN00019305,USR68724,MCH7516,UTR0612797346,0,0,0,0,0,0,0
TXN00009244,2026-03-23 21:03:13,USR92253,MCH3803,17601.36,UTR5160064774,8120,SUCCESS,TXN00009244,USR92253,MCH3803,UTR5160064774,0,0,0,0,0,0,0
TXN00019552,2026-03-13 04:47:34,USR84838,MCH6948,278.37,UTR0042056447,9120,SUCCESS,TXN00019552,USR84838,MCH6948,UTR0042056447,0,0,0,0,0,0,0
TXN00019096,2026-01-28 20:29:27,USR56078,MCH1325,6631.87,,1310,SUCCESS,TXN00019096,USR56078,MCH1325,,0,1,0,0,0,0,0
TXN00011199,2026-01-10 22:39:03,USR88588,MCH5813,12206.62,UTR1901647745,4110,SUCCESS,TXN00011199,USR88588,MCH5813,UTR1901647745,0,0,0,0,0,0,0
TXN00001704,2026-03-11 23:53:05,USR53117,MCH2628,12658.49,UTR8969517171,8120,SUCCESS,TXN00001704,USR53117,MCH2628,UTR8969517171,0,0,0,0,0,0,0
TXN00005077,2026-01-24 13:15:42,USR84934,MCH7393,15358.51,UTR1989947954,8120,PENDING,TXN00005077,USR84934,MCH7393,UTR1989947954,0,0,0,0,0,0,1
TXN00017121,2026-03-30 17:50:33,USR99760,MCH2071,5538.67,UTR5086888972,1310,SUCCESS,TXN00017121,USR99760,MCH2071,UTR5086888972,0,0,0,0,0,0,0
TXN00007527,2026-01-25 15:20:41,USR42633,MCH3633,14638.53,UTR1962153199,0110,SUCCESS,TXN00007527,USR42633,MCH3633,UTR1962153199,0,0,0,0,0,0,0
TXN00017645,2026-01-26 14:43:35,USR65480,MCH7220,23957.88,UTR7807306364,0110,SUCCESS,TXN00017645,USR65480,MCH7220,UTR7807306364,0,0,0,0,0,0,0
TXN00005115,2026-01-24 02:58:14,USR79865,MCH4327,7137.29,UTR2585777242,9120,SUCCESS,TXN00005115,USR79865,MCH4327,UTR2585777242,0,0,0,0,0,0,0
TXN00003210,2026-06-02 21:54:27,USR97981,MCH9742,0.1526756,UTR6968145456,9120,SUCCESS,TXN00003210,USR97981,MCH9742,UTR6968145456,0,0,0,0,0,0,0
TXN00004412,2026-03-26 15:51:32,USR52412,MCH4698,0.11464,,1310,SUCCESS,TXN00004412,USR52412,MCH4698,,0,1,0,0,0,0,0
TXN00006417,2026-03-08 10:55:01,USR27253,MCH8795,9644.96,UTR2098960228,8120,SUCCESS,TXN00006417,USR27253,MCH8795,UTR2098960228,0,0,0,0,0,0,0
TXN00012206,2026-03-14 14:33:17,USR22963,MCH4772,324.69,UTR8721008290,1310,SUCCESS,TXN00012206,USR22963,MCH4772,UTR8721008290,0,0,0,0,0,0,0
TXN00002451,2026-03-27 19:07:43,USR29739,MCH2497,6763.49,UTR0533274099,0110,SUCCESS,TXN00002451,USR29739,MCH2497,UTR0533274099,0,0,0,0,0,0,0
TXN00009248,2026-02-15 17:04:57,USR14598,MCH8918,11262.13,UTR3365878511,9120,SUCCESS,TXN00009248,USR14598,MCH8918,UTR3365878511,0,0,0,0,0,0,0
TXN00013433,2026-07-03 06:26:47,USR73313,MCH2726,7282.17,UTR1517757030,4110,PENDING,TXN00013433,USR73313,MCH2726,UTR1517757030,0,0,0,0,0,0,1
TXN00004998,2026-02-05 16:46:28,USR79794,MCH5179,8202.79,UTR2249957239,4110,FAILED,TXN00004998,USR79794,MCH5179,UTR2249957239,0,0,0,0,0,1,0
TXN00007388,2026-01-26 16:22:40,USR11522,MCH6245,24397.01,UTR9646719338,4110,SUCCESS,TXN00007388,USR11522,MCH6245,UTR9646719338,0,0,0,0,0,0,0
TXN00019965,2026-03-05 07:29:05,USR29106,MCH3950,4101.01,UTR7764122186,9120,SUCCESS,TXN00019965,USR29106,MCH3950,UTR7764122186,0,0,0,0,0,0,0
TXN00010117,2026-02-06 12:02:47,USR12427,MCH9238,2572.0,UTR7697309684,0110,SUCCESS,TXN00010117,USR12427,MCH9238,UTR7697309684,0,0,0,0,0,0,0
TXN00013196,2026-03-29 01:50:42,USR38624,MCH2953,21251.0,,4110,PENDING,TXN00013196,USR38624,MCH2953,,0,1,0,0,0,0,1
TXN00017011,2026-10-01 11:03:56,USR96337,MCH7583,23206.85,UTR6031495287,,SUCCESS,TXN00017011,USR96337,MCH7583,UTR6031495287,0,0,1,0,0,0,0
TXN00003170,2026-03-10 19:29:00,USR13980,MCH8711,0.1024768,UTR7133831286,4110,SUCCESS,TXN00003170,USR13980,MCH8711,UTR7133831286,0,0,0,0,0,0,0
TXN00002033,2026-02-26 22:33:45,USR69594,MCH8676,11604.0,UTR0086676442,4110,SUCCESS,TXN00002033,USR69594,MCH8676,UTR0086676442,0,0,0,0,0,0,0
TXN00008928,2026-03-27 10:51:21,USR30050,MCH9931,4112.98,UTR1156789003,1310,SUCCESS,TXN00008928,USR30050,MCH9931,UTR1156789003,0,0,0,0,0,0,0
TXN00013694,2026-02-25 15:40:51,USR99839,MCH9002,0.422254,UTR3226648226,0110,SUCCESS,TXN00013694,USR99839,MCH9002,UTR3226648226,0,0,0,0,0,0,0
TXN00004406,2026-03-20 12:28:37,USR61060,MCH3443,17111.01,UTR7822120158,9120,FAILED,TXN00004406,USR61060,MCH3443,UTR7822120158,0,0,0,0,0,1,0
TXN00014729,2026-01-13 02:03:13,USR12425,MCH1952,0.2326884,UTR8024266614,8120,SUCCESS,TXN00014729,USR12425,MCH1952,UTR8024266614,0,0,0,0,0,0,0
TXN00001286,2026-03-08 00:00:00,USR59811,MCH3567,12947.61,,8120,FAILED,TXN00001286,USR59811,MCH3567,,0,1,0,0,0,1,0
TXN00019587,2026-03-27 02:40:35,USR71133,MCH5069,20832.0,UTR0627005149,4110,SUCCESS,TXN00019587,USR71133,MCH5069,UTR0627005149,0,0,0,0,0,0,0
TXN00011261,2026-01-08 15:09:46,USR48664,MCH2098,6834.31,UTR2663082327,9120,SUCCESS,TXN00011261,USR48664,MCH2098,UTR2663082327,0,0,0,0,0,0,0
TXN00005766,2026-03-15 00:00:00,USR71994,MCH6372,18438.41,UTR8376823708,,SUCCESS,TXN00005766,USR71994,MCH6372,UTR 8376823708,0,0,1,0,0,0,0
TXN00004854,2026-02-18 01:10:19,USR29265,MCH4020,8571.0,UTR1193050024,,SUCCESS,TXN00004854,USR29265,MCH4020,UTR1193050024,0,0,1,0,0,0,0
TXN00000691,2026-02-05 08:41:51,USR37132,MCH8909,8098.74,UTR3111317636,9120,SUCCESS,TXN00000691,USR37132,MCH8909,UTR3111317636,0,0,0,0,0,0,0
TXN00016261,2026-01-10 17:33:42,USR43792,MCH3967,10985.41,UTR2915179871,4110,SUCCESS,TXN00016261,USR43792,MCH3967,UTR2915179871,0,0,0,0,0,0,0
TXN00008433,2026-02-05 01:01:07,USR40614,MCH7102,1610.45,,1310,SUCCESS,TXN00008433,USR40614,MCH7102,,0,1,0,0,0,0,0
TXN00000812,2026-01-12 18:47:09,USR76662,MCH6413,20974.06,UTR5701142166,0110,SUCCESS,TXN00000812,USR76662,MCH6413,UTR5701142166,0,0,0,0,0,0,0
TXN00009993,2026-01-24 02:27:27,USR44137,MCH9307,11783.05,UTR9111522308,0110,SUCCESS,TXN00009993,USR44137,MCH9307,UTR9111522308,0,0,0,0,0,0,0
TXN00003215,2026-01-04 01:33:52,USR10255,MCH6246,5747.66,UTR1326708064,4110,SUCCESS,TXN00003215,USR10255,MCH6246,UTR1326708064,0,0,0,0,0,0,0
TXN00011883,2026-03-09 22:13:38,USR80657,MCH7276,4251.39,UTR4134058411,8120,SUCCESS,TXN00011883,USR80657,MCH7276,UTR4134058411,0,0,0,0,0,0,0
TXN00019030,2026-02-21 05:45:41,USR48500,MCH5731,62.0,UTR7572411088,1310,SUCCESS,TXN00019030,USR48500,MCH5731,UTR7572411088,0,0,0,0,0,0,0
TXN00005385,2026-03-30 17:43:39,USR32396,MCH1104,16211.0,UTR9477020260,0110,SUCCESS,TXN00005385,USR32396,MCH1104,UTR9477020260,0,0,0,0,0,0,0
TXN00012011,2026-01-08 23:36:52,USR75433,MCH8077,23996.26,UTR9690005159,,SUCCESS,TXN00012011,USR75433,MCH8077,UTR9690005159,0,0,1,0,0,0,0
TXN00014946,2026-01-10 17:25:48,USR78652,MCH7609,24956.74,UTR7086082438,4110,SUCCESS,TXN00014946,USR78652,MCH7609,UTR7086082438,0,0,0,0,0,0,0
TXN00016021,2026-01-04 23:37:39,USR42747,MCH6089,12243.59,UTR1029373676,,SUCCESS,TXN00016021,USR42747,MCH6089,UTR 1029373676,0,0,1,0,0,0,0
TXN00008932,2026-02-13 00:00:00,USR61605,MCH3543,0.569327,UTR3882724269,0110,SUCCESS,TXN00008932,USR61605,MCH3543,UTR3882724269,0,0,0,0,0,0,0
TXN00004442,2026-03-19 17:33:51,USR57281,MCH7030,0.2076726,UTR2523705714,,SUCCESS,TXN00004442,USR57281,MCH7030,UTR2523705714,0,0,1,0,0,0,0
TXN00009443,2026-01-09 23:46:59,USR42955,MCH7941,5945.53,UTR3561196682,4110,SUCCESS,TXN00009443,USR42955,MCH7941,UTR3561196682,0,0,0,0,0,0,0
TXN00017292,2026-01-08 03:26:39,USR19941,MCH9701,20246.5,UTR9709306222,0110,SUCCESS,TXN00017292,USR19941,MCH9701,UTR9709306222,0,0,0,0,0,0,0
TXN00004333,2026-10-02 09:17:34,USR70599,MCH2035,11001.99,UTR8979533502,,SUCCESS,TXN00004333,USR70599,MCH2035,UTR 8979533502,0,0,1,0,0,0,0
TXN00000323,2026-01-24 00:00:00,USR75529,MCH2122,16508.33,UTR8199494940,9120,SUCCESS,TXN00000323,USR75529,MCH2122,UTR8199494940,0,0,0,0,0,0,0
TXN00018871,2026-01-26 16:22:13,USR61375,MCH1217,586.35,UTR4540748277,4110,FAILED,TXN00018871,USR61375,MCH1217,UTR4540748277,0,0,0,0,0,1,0
TXN00008236,2026-03-14 07:20:02,USR75942,MCH9544,-13705.06,UTR3041240748,4110,SUCCESS,TXN00008236,USR75942,MCH9544,UTR3041240748,1,0,0,0,0,0,0
TXN00011935,2026-08-02 03:41:57,USR92358,MCH2564,9707.35,UTR3644052703,4110,PENDING,TXN00011935,USR92358,MCH2564,UTR3644052703,0,0,0,0,0,0,1
TXN00002943,2026-01-22 21:23:01,USR26241,MCH6068,7421.03,UTR9529410335,8120,SUCCESS,TXN00002943,USR26241,MCH6068,UTR9529410335,0,0,0,0,0,0,0
TXN00008210,2026-03-16 13:54:32,USR26569,MCH1894,3949.95,UTR6605725126,1310,PENDING,TXN00008210,USR26569,MCH1894,UTR6605725126,0,0,0,0,0,0,1
TXN00014613,2026-02-17 17:36:34,USR91520,MCH3305,16932.98,UTR0317106285,4110,SUCCESS,TXN00014613,USR91520,MCH3305,UTR0317106285,0,0,0,0,0,0,0
TXN00001451,2026-03-11 13:48:24,USR85654,MCH3499,12434.4,UTR1546422344,1310,FAILED,TXN00001451,USR85654,MCH3499,UTR1546422344,0,0,0,0,0,1,0
TXN00005126,2026-03-29 02:49:52,USR24213,MCH7397,0.1526297,UTR8371066534,0110,FAILED,TXN00005126,USR24213,MCH7397,UTR8371066534,0,0,0,0,0,1,0
TXN00002315,2026-03-04 14:10:54,USR84906,MCH2395,24820.0,UTR9595625661,0110,PENDING,TXN00002315,USR84906,MCH2395,UTR9595625661,0,0,0,0,0,0,1
TXN00009631,2026-01-28 00:00:00,USR34441,MCH1147,3964.44,UTR8725981269,4110,FAILED,TXN00009631,USR34441,MCH1147,UTR8725981269,0,0,0,0,0,1,0
TXN00012167,2026-01-05 10:03:01,USR16679,MCH5107,21522.77,UTR1851523112,9120,SUCCESS,TXN00012167,USR16679,MCH5107,UTR1851523112,0,0,0,0,0,0,0
TXN00000087,2026-03-25 01:02:05,USR54754,MCH4921,0.1824286,UTR4666911646,,SUCCESS,TXN00000087,USR54754,MCH4921,UTR4666911646,0,0,1,0,0,0,0
TXN00012935,2026-01-10 00:17:06,USR73126,MCH2681,16452.19,UTR6328919678,4110,SUCCESS,TXN00012935,USR73126,MCH2681,UTR6328919678,0,0,0,0,0,0,0
TXN00017136,2026-01-28 12:50:46,USR48365,MCH6112,23803.58,UTR5732840178,9120,FAILED,TXN00017136,USR48365,MCH6112,UTR5732840178,0,0,0,0,0,1,0
TXN00005249,2026-01-26 03:05:44,USR13387,MCH1116,0.1142763,,8120,SUCCESS,TXN00005249,USR13387,MCH1116,,0,1,0,0,0,0,0
TXN00002945,2026-02-20 09:07:10,USR52799,MCH8489,18977.54,UTR6715773675,1310,SUCCESS,TXN00002945,USR52799,MCH8489,UTR6715773675,0,0,0,0,0,0,0
TXN00012446,2026-01-05 00:00:00,USR22905,MCH5844,162.13,,,SUCCESS,TXN00012446,USR22905,MCH5844,,0,1,1,0,0,0,0
TXN00003429,2026-03-07 11:28:06,USR60879,MCH7854,0.2161219,UTR7363147636,0110,SUCCESS,TXN00003429,USR60879,MCH7854,UTR7363147636,0,0,0,0,0,0,0
TXN00009386,2026-02-01 19:37:01,USR95994,MCH7538,21916.19,UTR3298391297,,SUCCESS,TXN00009386,USR95994,MCH7538,UTR3298391297,0,0,1,0,0,0,0
TXN00017117,2026-02-15 14:11:14,USR67783,MCH8167,2095.9,UTR9772545366,4110,FAILED,TXN00017117,USR67783,MCH8167,UTR 9772545366,0,0,0,0,0,1,0
TXN00012939,2026-02-20 14:48:02,USR26791,MCH9938,4255.37,UTR5144194977,1310,PENDING,TXN00012939,USR26791,MCH9938,UTR5144194977,0,0,0,0,0,0,1
TXN00012431,2026-03-30 01:56:49,USR24570,MCH8970,24649.44,UTR1308352310,,SUCCESS,TXN00012431,USR24570,MCH8970,UTR1308352310,0,0,1,0,0,0,0
TXN00013023,2026-01-09 22:57:17,USR73321,MCH5166,-23832.78,UTR4338856707,8120,SUCCESS,TXN00013023,USR73321,MCH5166,UTR4338856707,1,0,0,0,0,0,0
TXN00014581,2026-01-29 00:08:56,USR38444,MCH2298,12053.79,UTR4661729436,4110,FAILED,TXN00014581,USR38444,MCH2298,UTR4661729436,0,0,0,0,0,1,0
TXN00003801,2026-01-24 13:16:59,USR21950,MCH2124,7416.0,UTR7781963524,1310,SUCCESS,TXN00003801,USR21950,MCH2124,UTR 7781963524,0,0,0,0,0,0,0
TXN00010344,2026-10-01 10:42:26,USR46396,MCH2607,17622.85,UTR8738845964,1310,FAILED,TXN00010344,USR46396,MCH2607,UTR8738845964,0,0,0,0,0,1,0
TXN00006797,2026-02-23 01:42:20,USR75518,MCH3141,24040.67,UTR2743136612,4110,SUCCESS,TXN00006797,USR75518,MCH3141,UTR2743136612,0,0,0,0,0,0,0
TXN00006927,2026-03-17 01:57:45,USR65372,MCH4081,10081.94,UTR6720994048,4110,SUCCESS,TXN00006927,USR65372,MCH4081,UTR6720994048,0,0,0,0,0,0,0
TXN00003463,2026-01-02 02:38:49,USR54573,MCH3707,15902.0,UTR9854130701,0110,SUCCESS,TXN00003463,USR54573,MCH3707,UTR9854130701,0,0,0,0,0,0,0
TXN00016076,2026-02-28 04:07:45,USR39439,MCH7344,0.440992,UTR7016078542,4110,SUCCESS,TXN00016076,USR39439,MCH7344,UTR7016078542,0,0,0,0,0,0,0
TXN00005642,2026-02-17 11:40:41,USR56634,MCH7951,20489.0,UTR2386042156,1310,SUCCESS,TXN00005642,USR56634,MCH7951,UTR2386042156,0,0,0,0,0,0,0
TXN00015344,2026-02-25 15:08:40,USR69522,MCH4152,94.44,UTR3352445844,,SUCCESS,TXN00015344,USR69522,MCH4152,UTR 3352445844,0,0,1,0,0,0,0
TXN00001139,2026-02-26 11:07:21,USR16295,MCH7648,12019.86,UTR3104863290,9120,SUCCESS,TXN00001139,USR16295,MCH7648,UTR 3104863290,0,0,0,0,0,0,0
TXN00012426,2026-01-09 03:39:52,USR71926,MCH9679,20807.32,UTR6960327141,8120,FAILED,TXN00012426,USR71926,MCH9679,UTR6960327141,0,0,0,0,0,1,0
TXN00018819,2026-03-07 19:47:00,USR54007,MCH5313,5611.06,UTR9956296219,8120,SUCCESS,TXN00018819,USR54007,MCH5313,UTR9956296219,0,0,0,0,0,0,0
TXN00016612,2026-02-28 17:56:47,USR96593,MCH2300,13152.07,UTR4943974550,4110,SUCCESS,TXN00016612,USR96593,MCH2300,UTR4943974550,0,0,0,0,0,0,0
TXN00012528,2026-01-30 09:34:30,USR49355,MCH2855,40.08,UTR8753742433,0110,SUCCESS,TXN00012528,USR49355,MCH2855,UTR8753742433,0,0,0,0,0,0,0
TXN00010884,2026-03-23 11:47:04,USR56714,MCH7230,0.1500906,UTR3692241815,0110,SUCCESS,TXN00010884,USR56714,MCH7230,UTR3692241815,0,0,0,0,0,0,0
TXN00001742,2026-01-16 23:24:58,USR21853,MCH3213,18343.02,UTR4791592661,4110,SUCCESS,TXN00001742,USR21853,MCH3213,UTR4791592661,0,0,0,0,0,0,0
TXN00015016,2026-02-20 11:48:52,USR19065,MCH5532,21220.32,UTR2404307244,0110,SUCCESS,TXN00015016,USR19065,MCH5532,UTR2404307244,0,0,0,0,0,0,0
TXN00003778,2026-03-20 02:58:18,USR41546,MCH2001,14169.47,UTR8652965775,8120,SUCCESS,TXN00003778,USR41546,MCH2001,UTR8652965775,0,0,0,0,0,0,0
TXN00009723,2026-03-15 12:07:08,USR26817,MCH5466,17855.03,UTR3147546416,9120,SUCCESS,TXN00009723,USR26817,MCH5466,UTR3147546416,0,0,0,0,0,0,0
TXN00012525,2026-02-28 10:29:57,USR34371,MCH8416,0.41408,UTR3088291605,8120,SUCCESS,TXN00012525,USR34371,MCH8416,UTR3088291605,0,0,0,0,0,0,0
TXN00011932,2026-02-07 17:12:11,USR99996,MCH6976,14143.45,UTR1919385534,4110,SUCCESS,TXN00011932,USR99996,MCH6976,UTR1919385534,0,0,0,0,0,0,0
TXN00011826,2026-02-05 06:51:47,USR68414,MCH2645,0.726914,UTR8970529830,4110,SUCCESS,TXN00011826,USR68414,MCH2645,UTR8970529830,0,0,0,0,0,0,0
TXN00001643,2026-03-07 18:56:52,USR53100,MCH9526,0.1302874,UTR4149563679,1310,SUCCESS,TXN00001643,USR53100,MCH9526,UTR 4149563679,0,0,0,0,0,0,0
TXN00005069,2026-02-05 19:38:39,USR55738,MCH1234,23014.19,UTR7500256606,1310,FAILED,TXN00005069,USR55738,MCH1234,UTR7500256606,0,0,0,0,0,1,0
TXN00003286,2026-03-19 05:25:43,USR24664,MCH3559,1902.0,,4110,SUCCESS,TXN00003286,USR24664,MCH3559,,0,1,0,0,0,0,0
TXN00013315,2026-03-03 00:00:00,USR71290,MCH3814,12507.31,UTR1572747750,4110,SUCCESS,TXN00013315,USR71290,MCH3814,UTR1572747750,0,0,0,0,0,0,0
TXN00015414,2026-03-05 08:45:45,USR16451,MCH3605,7691.24,UTR0897272593,0110,SUCCESS,TXN00015414,USR16451,MCH3605,UTR0897272593,0,0,0,0,0,0,0
TXN00005833,2026-02-01 03:40:38,USR22878,MCH8305,20403.0,UTR5713373795,0110,FAILED,TXN00005833,USR22878,MCH8305,UTR5713373795,0,0,0,0,0,1,0
TXN00019311,2026-01-14 06:48:32,USR64897,MCH3683,20625.1,UTR8470061335,4110,SUCCESS,TXN00019311,USR64897,MCH3683,UTR8470061335,0,0,0,0,0,0,0
TXN00003163,2026-02-27 15:28:43,USR28591,MCH3678,0.753314,UTR5359473336,,SUCCESS,TXN00003163,USR28591,MCH3678,UTR 5359473336,0,0,1,0,0,0,0
TXN00017743,2026-01-15 14:58:12,USR64677,MCH3758,16716.44,UTR1128413643,4110,SUCCESS,TXN00017743,USR64677,MCH3758,UTR1128413643,0,0,0,0,0,0,0
TXN00018523,2026-03-01 08:18:34,USR46807,MCH7187,-11523.95,UTR6919216806,8120,SUCCESS,TXN00018523,USR46807,MCH7187,UTR6919216806,1,0,0,0,0,0,0
TXN00018271,2026-03-20 23:34:38,USR77331,MCH7589,3892.71,UTR7155635318,1310,FAILED,TXN00018271,USR77331,MCH7589,UTR7155635318,0,0,0,0,0,1,0
TXN00002028,2026-02-06 04:19:48,USR35317,MCH7640,24532.61,UTR9263523244,,SUCCESS,TXN00002028,USR35317,MCH7640,UTR9263523244,0,0,1,0,0,0,0
TXN00019564,2026-02-17 01:53:55,USR55010,MCH2692,4652.0,UTR7103727147,0110,SUCCESS,TXN00019564,USR55010,MCH2692,UTR7103727147,0,0,0,0,0,0,0
TXN00011690,2026-02-21 13:28:04,USR96160,MCH7830,16340.69,UTR0011159937,4110,SUCCESS,TXN00011690,USR96160,MCH7830,UTR0011159937,0,0,0,0,0,0,0
TXN00003537,2026-01-16 23:23:57,USR76872,MCH9797,6419.01,UTR2003114778,4110,SUCCESS,TXN00003537,USR76872,MCH9797,UTR2003114778,0,0,0,0,0,0,0
TXN00017661,2026-01-08 13:47:31,USR10342,MCH8398,12275.27,,9120,PENDING,TXN00017661,USR10342,MCH8398,,0,1,0,0,0,0,1
TXN00001519,2026-02-15 22:06:52,USR80707,MCH9146,6094.62,,4110,SUCCESS,TXN00001519,USR80707,MCH9146,,0,1,0,0,0,0,0
TXN00015211,2026-03-21 03:06:57,USR17420,MCH3550,22704.77,UTR5697153587,1310,SUCCESS,TXN00015211,USR17420,MCH3550,UTR5697153587,0,0,0,0,0,0,0
TXN00003538,2026-02-01 20:34:10,USR11594,MCH4728,0.888944,UTR9115985248,,PENDING,TXN00003538,USR11594,MCH4728,UTR9115985248,0,0,1,0,0,0,1
TXN00008812,2026-10-01 16:05:36,USR73868,MCH8307,10054.78,UTR4795118305,,SUCCESS,TXN00008812,USR73868,MCH8307,UTR4795118305,0,0,1,0,0,0,0
TXN00011406,2026-02-05 16:12:01,USR26740,MCH9094,14760.43,UTR0331675439,0110,SUCCESS,TXN00011406,USR26740,MCH9094,UTR 0331675439,0,0,0,0,0,0,0
TXN00012359,2026-01-02 23:47:47,USR57707,MCH3564,3640.84,UTR2045108745,4110,SUCCESS,TXN00012359,USR57707,MCH3564,UTR2045108745,0,0,0,0,0,0,0
TXN00010772,2026-02-21 03:15:33,USR50278,MCH1845,17460.85,UTR5207070064,8120,SUCCESS,TXN00010772,USR50278,MCH1845,UTR5207070064,0,0,0,0,0,0,0
TXN00003821,2026-02-19 18:56:56,USR97970,MCH2414,8776.97,UTR2718901442,4110,SUCCESS,TXN00003821,USR97970,MCH2414,UTR2718901442,0,0,0,0,0,0,0
TXN00018282,2026-01-30 09:29:08,USR91452,MCH5334,6610.12,UTR7307399851,0110,FAILED,TXN00018282,USR91452,MCH5334,UTR7307399851,0,0,0,0,0,1,0
TXN00011565,2026-02-07 23:59:33,USR34331,MCH4027,20211.03,UTR2080186831,9120,FAILED,TXN00011565,USR34331,MCH4027,UTR2080186831,0,0,0,0,0,1,0
TXN00013127,2026-03-17 20:40:33,USR95868,MCH9300,4296.11,UTR4634357469,4110,SUCCESS,TXN00013127,USR95868,MCH9300,UTR4634357469,0,0,0,0,0,0,0
TXN00005924,2026-03-25 05:12:49,USR28314,MCH6869,16204.0,UTR7618357027,8120,SUCCESS,TXN00005924,USR28314,MCH6869,UTR7618357027,0,0,0,0,0,0,0
TXN00007803,2026-02-14 09:20:38,USR74131,MCH6189,24659.0,UTR1575526467,4110,SUCCESS,TXN00007803,USR74131,MCH6189,UTR1575526467,0,0,0,0,0,0,0
TXN00008042,2026-02-13 04:33:49,USR16039,MCH7313,6714.22,UTR8739610447,9120,SUCCESS,TXN00008042,USR16039,MCH7313,UTR8739610447,0,0,0,0,0,0,0
TXN00012635,2026-03-04 22:38:56,USR23948,MCH8465,17973.0,UTR8238896913,4110,SUCCESS,TXN00012635,USR23948,MCH8465,UTR8238896913,0,0,0,0,0,0,0
TXN00008970,2026-03-05 01:36:15,USR48734,MCH6090,1678.0,UTR5740225581,9120,PENDING,TXN00008970,USR48734,MCH6090,UTR5740225581,0,0,0,0,0,0,1
TXN00006896,2026-02-01 03:50:14,USR88145,MCH6335,22406.94,,4110,SUCCESS,TXN00006896,USR88145,MCH6335,,0,1,0,0,0,0,0
TXN00017022,2026-02-06 15:46:14,USR23537,MCH6799,-7448.82,UTR8741979706,,SUCCESS,TXN00017022,USR23537,MCH6799,UTR8741979706,1,0,1,0,0,0,0
TXN00002018,2026-02-16 01:07:27,USR48198,MCH7202,22496.84,UTR1624390050,,SUCCESS,TXN00002018,USR48198,MCH7202,UTR1624390050,0,0,1,0,0,0,0
TXN00007770,2026-01-31 14:58:28,USR50042,MCH1541,17978.38,UTR5375512165,4110,SUCCESS,TXN00007770,USR50042,MCH1541,UTR5375512165,0,0,0,0,0,0,0
TXN00004944,2026-01-31 00:41:53,USR18253,MCH2804,9087.75,UTR8911826394,9120,PENDING,TXN00004944,USR18253,MCH2804,UTR8911826394,0,0,0,0,0,0,1
TXN00006971,2026-03-21 18:30:42,USR90758,MCH9272,4981.26,UTR5344909026,,SUCCESS,TXN00006971,USR90758,MCH9272,UTR5344909026,0,0,1,0,0,0,0
TXN00001490,2026-02-26 07:19:09,USR82150,MCH6585,11222.85,UTR5674759263,,SUCCESS,TXN00001490,USR82150,MCH6585,UTR5674759263,0,0,1,0,0,0,0
TXN00004516,2026-01-22 19:55:23,USR81636,MCH8207,10190.0,UTR5038680010,1310,SUCCESS,TXN00004516,USR81636,MCH8207,UTR5038680010,0,0,0,0,0,0,0
TXN00013274,2026-02-27 23:07:17,USR32601,MCH4513,15036.7,UTR3931036198,,SUCCESS,TXN00013274,USR32601,MCH4513,UTR3931036198,0,0,1,0,0,0,0
TXN00019744,2026-01-02 07:44:50,USR98383,MCH2715,0.113393,UTR5107381968,1310,PENDING,TXN00019744,USR98383,MCH2715,UTR5107381968,0,0,0,0,0,0,1
TXN00011683,2026-10-01 04:44:43,USR50889,MCH2083,12568.22,UTR7892399168,,SUCCESS,TXN00011683,USR50889,MCH2083,UTR7892399168,0,0,1,0,0,0,0
TXN00019882,2026-02-02 01:19:44,USR88333,MCH3923,19133.0,,,SUCCESS,TXN00019882,USR88333,MCH3923,,0,1,1,0,0,0,0
TXN00009629,2026-03-24 02:46:41,USR65918,MCH2368,1199.1,UTR3866454030,,SUCCESS,TXN00009629,USR65918,MCH2368,UTR3866454030,0,0,1,0,0,0,0
TXN00007702,2026-03-19 16:30:40,USR24201,MCH8653,18772.25,UTR5402805885,,PENDING,TXN00007702,USR24201,MCH8653,UTR5402805885,0,0,1,0,0,0,1
TXN00012092,2026-01-22 19:05:07,USR21387,MCH2407,6120.24,UTR7580983361,0110,FAILED,TXN00012092,USR21387,MCH2407,UTR7580983361,0,0,0,0,0,1,0
TXN00007843,2026-02-13 18:16:28,USR14687,MCH5247,0.169034,UTR6685256456,0110,SUCCESS,TXN00007843,USR14687,MCH5247,UTR6685256456,0,0,0,0,0,0,0
TXN00010414,2026-01-01 14:47:44,USR36718,MCH9782,7223.77,UTR3319647601,0110,FAILED,TXN00010414,USR36718,MCH9782,UTR3319647601,0,0,0,0,0,1,0
TXN00005402,2026-01-18 01:04:36,USR38032,MCH3965,24168.69,UTR7264997340,4110,SUCCESS,TXN00005402,USR38032,MCH3965,UTR7264997340,0,0,0,0,0,0,0
TXN00000084,2026-03-17 01:22:47,USR83473,MCH6040,1598.32,UTR8289684568,8120,SUCCESS,TXN00000084,USR83473,MCH6040,UTR8289684568,0,0,0,0,0,0,0
TXN00005065,2026-01-09 09:17:34,USR85454,MCH5808,18430.94,UTR1756005586,4110,SUCCESS,TXN00005065,USR85454,MCH5808,UTR1756005586,0,0,0,0,0,0,0
TXN00013809,2026-01-03 21:56:45,USR62437,MCH3358,0.729855,UTR4333479891,9120,SUCCESS,TXN00013809,USR62437,MCH3358,UTR4333479891,0,0,0,0,0,0,0
TXN00004664,2026-03-03 15:17:08,USR27795,MCH4503,0.2071944,UTR7347285758,4110,FAILED,TXN00004664,USR27795,MCH4503,UTR7347285758,0,0,0,0,0,1,0
TXN00011966,2026-03-13 13:11:57,USR13882,MCH8672,11330.84,UTR9158243489,0110,SUCCESS,TXN00011966,USR13882,MCH8672,UTR9158243489,0,0,0,0,0,0,0
TXN00012920,2026-01-30 06:37:08,USR22177,MCH7168,0.1266646,UTR5245110845,4110,SUCCESS,TXN00012920,USR22177,MCH7168,UTR5245110845,0,0,0,0,0,0,0
TXN00015650,2026-01-24 07:19:34,USR13526,MCH4723,3590.97,UTR2344057683,8120,SUCCESS,TXN00015650,USR13526,MCH4723,UTR2344057683,0,0,0,0,0,0,0
TXN00000214,2026-01-18 08:17:20,USR72072,MCH3068,5614.49,UTR3927712497,4110,SUCCESS,TXN00000214,USR72072,MCH3068,UTR 3927712497,0,0,0,0,0,0,0
TXN00001317,2026-01-29 00:30:41,USR71579,MCH5287,13164.8,UTR6509872213,1310,SUCCESS,TXN00001317,USR71579,MCH5287,UTR6509872213,0,0,0,0,0,0,0
TXN00019204,2026-02-27 02:19:39,USR66971,MCH4731,1096.28,,8120,SUCCESS,TXN00019204,USR66971,MCH4731,,0,1,0,0,0,0,0
TXN00001882,2026-03-16 06:56:45,USR72472,MCH5320,0.2183434,UTR2642213800,4110,SUCCESS,TXN00001882,USR72472,MCH5320,UTR 2642213800,0,0,0,0,0,0,0
TXN00011913,2026-03-18 14:02:36,USR50838,MCH3198,5086.82,,4110,SUCCESS,TXN00011913,USR50838,MCH3198,,0,1,0,0,0,0,0
TXN00006226,2026-02-18 23:52:53,USR85602,MCH4461,0.1570888,UTR5121856747,9120,SUCCESS,TXN00006226,USR85602,MCH4461,UTR5121856747,0,0,0,0,0,0,0
TXN00019510,2026-02-02 00:13:11,USR34937,MCH6983,17985.0,UTR1046958449,4110,SUCCESS,TXN00019510,USR34937,MCH6983,UTR 1046958449,0,0,0,0,0,0,0
TXN00001447,2026-03-04 21:16:22,USR73418,MCH7932,17318.72,UTR3112820368,0110,FAILED,TXN00001447,USR73418,MCH7932,UTR3112820368,0,0,0,0,0,1,0
TXN00007250,2026-03-18 20:14:11,USR29215,MCH8157,20312.22,,4110,SUCCESS,TXN00007250,USR29215,MCH8157,,0,1,0,0,0,0,0
TXN00003046,2026-01-29 04:14:34,USR10937,MCH2415,17616.82,UTR8035874229,4110,SUCCESS,TXN00003046,USR10937,MCH2415,UTR8035874229,0,0,0,0,0,0,0
TXN00013749,2026-01-20 10:54:01,USR63454,MCH1813,18254.58,UTR2708414788,9120,SUCCESS,TXN00013749,USR63454,MCH1813,UTR2708414788,0,0,0,0,0,0,0
TXN00002631,2026-03-06 21:03:12,USR22004,MCH2446,15821.47,UTR2266172633,0110,FAILED,TXN00002631,USR22004,MCH2446,UTR2266172633,0,0,0,0,0,1,0
TXN00008057,2026-03-04 02:48:38,USR21835,MCH4187,8414.46,UTR0658055713,4110,SUCCESS,TXN00008057,USR21835,MCH4187,UTR0658055713,0,0,0,0,0,0,0
TXN00018127,2026-03-02 06:46:40,USR71268,MCH1678,17169.63,UTR7887325468,9120,SUCCESS,TXN00018127,USR71268,MCH1678,UTR7887325468,0,0,0,0,0,0,0
TXN00018939,2026-04-02 07:19:49,USR19140,MCH8482,855.2,UTR8626232498,9120,SUCCESS,TXN00018939,USR19140,MCH8482,UTR8626232498,0,0,0,0,0,0,0
TXN00017920,2026-02-09 20:06:44,USR94972,MCH8036,0.2205254,UTR9808508863,9120,SUCCESS,TXN00017920,USR94972,MCH8036,UTR9808508863,0,0,0,0,0,0,0
TXN00005171,2026-02-26 18:28:06,USR72825,MCH5345,10643.39,UTR0720911787,8120,SUCCESS,TXN00005171,USR72825,MCH5345,UTR0720911787,0,0,0,0,0,0,0
TXN00019711,2026-02-09 11:17:36,USR26803,MCH6185,8224.15,UTR7965273894,1310,FAILED,TXN00019711,USR26803,MCH6185,UTR7965273894,0,0,0,0,0,1,0
TXN00011533,2026-02-24 01:07:37,USR74871,MCH3356,22531.59,UTR6832917291,,SUCCESS,TXN00011533,USR74871,MCH3356,UTR6832917291,0,0,1,0,0,0,0
TXN00008173,2026-01-15 15:07:06,USR94538,MCH9850,12164.93,UTR7110199935,9120,FAILED,TXN00008173,USR94538,MCH9850,UTR7110199935,0,0,0,0,0,1,0
TXN00018199,2026-01-07 12:27:08,USR82267,MCH3430,16770.49,UTR2391346081,1310,SUCCESS,TXN00018199,USR82267,MCH3430,UTR2391346081,0,0,0,0,0,0,0
TXN00009554,2026-01-06 05:21:46,USR60099,MCH5148,15941.1,,9120,PENDING,TXN00009554,USR60099,MCH5148,,0,1,0,0,0,0,1
TXN00018317,2026-01-15 16:47:38,USR46752,MCH6717,0.14011,UTR9093520192,4110,SUCCESS,TXN00018317,USR46752,MCH6717,UTR9093520192,0,0,0,0,0,0,0
TXN00000102,2026-01-26 22:06:12,USR12635,MCH9471,15913.9,UTR0603658239,,SUCCESS,TXN00000102,USR12635,MCH9471,UTR0603658239,0,0,1,0,0,0,0
TXN00019762,2026-02-17 07:14:34,USR57799,MCH7911,24378.11,UTR4377146114,4110,SUCCESS,TXN00019762,USR57799,MCH7911,UTR4377146114,0,0,0,0,0,0,0
TXN00019902,2026-01-09 20:50:00,USR60127,MCH7934,2673.01,UTR2503242831,9120,SUCCESS,TXN00019902,USR60127,MCH7934,UTR2503242831,0,0,0,0,0,0,0
TXN00002095,2026-03-31 11:20:17,USR99660,MCH8825,7185.58,,9120,FAILED,TXN00002095,USR99660,MCH8825,,0,1,0,0,0,1,0
TXN00011302,2026-03-07 02:36:45,USR37332,MCH5513,4949.8,UTR1512677490,1310,FAILED,TXN00011302,USR37332,MCH5513,UTR1512677490,0,0,0,0,0,1,0
TXN00016142,2026-03-27 18:56:34,USR87153,MCH5813,4818.35,UTR8112504649,4110,SUCCESS,TXN00016142,USR87153,MCH5813,UTR8112504649,0,0,0,0,0,0,0
TXN00012391,2026-02-17 12:54:15,USR23229,MCH3566,17071.77,UTR2452305182,8120,SUCCESS,TXN00012391,USR23229,MCH3566,UTR2452305182,0,0,0,0,0,0,0
TXN00003445,2026-01-10 06:15:48,USR53439,MCH7818,24528.0,UTR1815562504,4110,FAILED,TXN00003445,USR53439,MCH7818,UTR1815562504,0,0,0,0,0,1,0
TXN00007615,2026-01-24 05:30:30,USR16553,MCH3218,6140.0,UTR5841115652,4110,SUCCESS,TXN00007615,USR16553,MCH3218,UTR5841115652,0,0,0,0,0,0,0
TXN00006685,2026-03-07 06:44:39,USR89116,MCH6740,17356.35,UTR2630510854,4110,SUCCESS,TXN00006685,USR89116,MCH6740,UTR2630510854,0,0,0,0,0,0,0
TXN00017449,2026-01-31 12:43:42,USR77876,MCH7734,8036.27,UTR6488131139,8120,SUCCESS,TXN00017449,USR77876,MCH7734,UTR6488131139,0,0,0,0,0,0,0
TXN00010070,2026-02-27 03:49:37,USR90904,MCH6679,22352.42,UTR3452470393,1310,PENDING,TXN00010070,USR90904,MCH6679,UTR3452470393,0,0,0,0,0,0,1
TXN00008593,2026-01-10 06:12:51,USR35407,MCH8887,10078.0,UTR6455641421,8120,SUCCESS,TXN00008593,USR35407,MCH8887,UTR6455641421,0,0,0,0,0,0,0
TXN00002527,2026-03-24 15:21:38,USR74847,MCH2635,5275.52,UTR9954075045,,SUCCESS,TXN00002527,USR74847,MCH2635,UTR9954075045,0,0,1,0,0,0,0
TXN00004795,2026-03-12 03:23:19,USR97409,MCH7998,7458.67,UTR8450470207,4110,SUCCESS,TXN00004795,USR97409,MCH7998,UTR8450470207,0,0,0,0,0,0,0
TXN00011395,2026-01-29 05:07:19,USR11632,MCH2011,19698.74,UTR6984125050,4110,SUCCESS,TXN00011395,USR11632,MCH2011,UTR6984125050,0,0,0,0,0,0,0
TXN00017619,2026-03-25 16:21:38,USR34496,MCH6613,23767.54,UTR5248083575,,SUCCESS,TXN00017619,USR34496,MCH6613,UTR5248083575,0,0,1,0,0,0,0
TXN00010468,2026-02-19 06:39:20,USR92463,MCH3685,9019.72,,1310,SUCCESS,TXN00010468,USR92463,MCH3685,,0,1,0,0,0,0,0
TXN00014194,2026-02-07 23:20:28,USR88684,MCH7292,20335.0,,9120,SUCCESS,TXN00014194,USR88684,MCH7292,,0,1,0,0,0,0,0
TXN00011720,2026-03-02 22:58:56,USR45260,MCH5113,7792.03,UTR7915768723,8120,SUCCESS,TXN00011720,USR45260,MCH5113,UTR7915768723,0,0,0,0,0,0,0
TXN00005205,2026-01-15 09:37:10,USR36909,MCH6447,24415.67,UTR0707008538,4110,SUCCESS,TXN00005205,USR36909,MCH6447,UTR0707008538,0,0,0,0,0,0,0
TXN00006101,2026-01-19 21:19:11,USR96364,MCH9004,8819.71,UTR6083914645,9120,SUCCESS,TXN00006101,USR96364,MCH9004,UTR6083914645,0,0,0,0,0,0,0
TXN00010090,2026-03-08 13:19:47,USR31436,MCH8922,5682.76,UTR4617726078,1310,SUCCESS,TXN00010090,USR31436,MCH8922,UTR4617726078,0,0,0,0,0,0,0
TXN00006445,2026-01-22 17:55:21,USR31966,MCH8522,14885.97,UTR8270446164,4110,PENDING,TXN00006445,USR31966,MCH8522,UTR8270446164,0,0,0,0,0,0,1
TXN00005240,2026-03-21 23:17:53,USR73016,MCH5124,9213.0,UTR1785029357,0110,SUCCESS,TXN00005240,USR73016,MCH5124,UTR1785029357,0,0,0,0,0,0,0
TXN00013783,2026-01-01 08:36:53,USR39138,MCH2332,8884.78,UTR6588561116,4110,SUCCESS,TXN00013783,USR39138,MCH2332,UTR6588561116,0,0,0,0,0,0,0
TXN00014677,2026-03-30 00:11:52,USR42224,MCH8424,4647.51,UTR8989035409,,SUCCESS,TXN00014677,USR42224,MCH8424,UTR8989035409,0,0,1,0,0,0,0
TXN00018015,2026-03-06 02:30:06,USR94148,MCH2760,5209.09,UTR4952903450,4110,SUCCESS,TXN00018015,USR94148,MCH2760,UTR4952903450,0,0,0,0,0,0,0
TXN00016955,2026-03-08 21:05:28,USR60643,MCH5060,24455.81,UTR4830398415,4110,SUCCESS,TXN00016955,USR60643,MCH5060,UTR4830398415,0,0,0,0,0,0,0
TXN00000998,2026-02-28 19:49:56,USR98065,MCH1369,3429.1,UTR1538801682,8120,SUCCESS,TXN00000998,USR98065,MCH1369,UTR1538801682,0,0,0,0,0,0,0
TXN00009446,2026-01-03 10:06:08,USR32843,MCH6051,1123.81,UTR4737065829,4110,SUCCESS,TXN00009446,USR32843,MCH6051,UTR4737065829,0,0,0,0,0,0,0
TXN00002911,2026-01-31 18:43:40,USR28882,MCH9512,5768.11,UTR6107901491,,SUCCESS,TXN00002911,USR28882,MCH9512,UTR6107901491,0,0,1,0,0,0,0
TXN00019057,2026-03-09 06:58:38,USR95041,MCH5445,16844.62,UTR5273971371,4110,FAILED,TXN00019057,USR95041,MCH5445,UTR5273971371,0,0,0,0,0,1,0
TXN00003878,2026-01-14 14:07:37,USR99979,MCH4918,21984.0,UTR9260517557,4110,SUCCESS,TXN00003878,USR99979,MCH4918,UTR9260517557,0,0,0,0,0,0,0
TXN00004662,2026-03-12 23:11:41,USR25269,MCH8405,15112.0,UTR1504021387,,PENDING,TXN00004662,USR25269,MCH8405,UTR1504021387,0,0,1,0,0,0,1
TXN00014256,2026-03-23 19:29:32,USR87856,MCH3080,22900.64,UTR2294980610,9120,SUCCESS,TXN00014256,USR87856,MCH3080,UTR2294980610,0,0,0,0,0,0,0
TXN00008332,2026-03-13 02:37:16,USR21546,MCH1514,15489.93,UTR4341124947,8120,FAILED,TXN00008332,USR21546,MCH1514,UTR 4341124947,0,0,0,0,0,1,0
TXN00005939,2026-01-01 20:44:01,USR16251,MCH3676,5982.55,UTR3695890741,,SUCCESS,TXN00005939,USR16251,MCH3676,UTR3695890741,0,0,1,0,0,0,0
TXN00015260,2026-03-29 02:40:10,USR58443,MCH1948,16047.01,UTR8455788680,0110,SUCCESS,TXN00015260,USR58443,MCH1948,UTR8455788680,0,0,0,0,0,0,0
TXN00012626,2026-02-21 07:02:55,USR37032,MCH9261,6016.0,UTR2638797838,9120,SUCCESS,TXN00012626,USR37032,MCH9261,UTR2638797838,0,0,0,0,0,0,0
TXN00019473,2026-02-24 14:09:16,USR46692,MCH1694,3471.28,UTR3903435112,8120,SUCCESS,TXN00019473,USR46692,MCH1694,UTR3903435112,0,0,0,0,0,0,0
TXN00018621,2026-03-09 12:29:38,USR71946,MCH2767,15206.45,UTR9059341544,0110,SUCCESS,TXN00018621,USR71946,MCH2767,UTR9059341544,0,0,0,0,0,0,0
TXN00003838,2026-02-24 00:00:00,USR59828,MCH7752,2974.91,UTR2331559518,9120,SUCCESS,TXN00003838,USR59828,MCH7752,UTR2331559518,0,0,0,0,0,0,0
TXN00001692,2026-03-19 13:28:44,USR78519,MCH9671,12569.13,UTR4901170839,4110,SUCCESS,TXN00001692,USR78519,MCH9671,UTR4901170839,0,0,0,0,0,0,0
TXN00015618,2026-02-10 00:00:00,USR99135,MCH7127,17568.96,UTR8464008584,9120,SUCCESS,TXN00015618,USR99135,MCH7127,UTR 8464008584,0,0,0,0,0,0,0
TXN00010353,2026-11-01 07:46:10,USR82030,MCH2009,2681.02,UTR6105451205,,SUCCESS,TXN00010353,USR82030,MCH2009,UTR6105451205,0,0,1,0,0,0,0
TXN00016975,2026-02-26 03:58:40,USR59617,MCH6465,4144.39,UTR3046913955,,PENDING,TXN00016975,USR59617,MCH6465,UTR3046913955,0,0,1,0,0,0,1
TXN00001484,2026-01-01 05:58:38,USR26544,MCH5370,154.0,UTR1453794362,9120,SUCCESS,TXN00001484,USR26544,MCH5370,UTR1453794362,0,0,0,0,0,0,0
TXN00001618,2026-01-17 23:56:28,USR65824,MCH8850,16549.0,UTR5496450679,9120,SUCCESS,TXN00001618,USR65824,MCH8850,UTR5496450679,0,0,0,0,0,0,0
TXN00019735,2026-08-01 21:45:20,USR72792,MCH8768,-9828.38,UTR0090720357,9120,SUCCESS,TXN00019735,USR72792,MCH8768,UTR0090720357,1,0,0,0,0,0,0
TXN00019544,2026-03-19 19:07:49,USR37257,MCH6735,-4833.97,UTR9265758237,4110,SUCCESS,TXN00019544,USR37257,MCH6735,UTR9265758237,1,0,0,0,0,0,0
TXN00010796,2026-01-09 11:26:38,USR47679,MCH3186,8528.0,UTR1400514781,1310,FAILED,TXN00010796,USR47679,MCH3186,UTR1400514781,0,0,0,0,0,1,0
TXN00013000,2026-03-07 06:53:03,USR44200,MCH7838,1089.91,UTR0937668400,,SUCCESS,TXN00013000,USR44200,MCH7838,UTR0937668400,0,0,1,0,0,0,0
TXN00018639,2026-03-31 03:15:17,USR25247,MCH9297,20681.2,UTR7582559479,,SUCCESS,TXN00018639,USR25247,MCH9297,UTR7582559479,0,0,1,0,0,0,0
TXN00019317,2026-03-20 00:37:10,USR20036,MCH5129,150.78,,4110,SUCCESS,TXN00019317,USR20036,MCH5129,,0,1,0,0,0,0,0
TXN00003309,2026-02-12 22:48:39,USR61485,MCH9844,9245.66,,4110,SUCCESS,TXN00003309,USR61485,MCH9844,,0,1,0,0,0,0,0
TXN00000424,2026-03-31 00:00:00,USR48435,MCH9788,12365.56,UTR1948288154,9120,SUCCESS,TXN00000424,USR48435,MCH9788,UTR1948288154,0,0,0,0,0,0,0
TXN00012372,2026-01-29 23:39:50,USR27950,MCH3479,9921.25,UTR0305094237,4110,SUCCESS,TXN00012372,USR27950,MCH3479,UTR0305094237,0,0,0,0,0,0,0
TXN00012101,2026-03-14 11:20:17,USR43656,MCH2596,10177.53,UTR7746733474,4110,SUCCESS,TXN00012101,USR43656,MCH2596,UTR7746733474,0,0,0,0,0,0,0
TXN00004097,2026-03-11 02:19:40,USR56200,MCH5373,351.92,UTR4473971705,4110,SUCCESS,TXN00004097,USR56200,MCH5373,UTR4473971705,0,0,0,0,0,0,0
TXN00012512,2026-01-01 13:37:28,USR60242,MCH8140,0.2473922,UTR4894453628,0110,SUCCESS,TXN00012512,USR60242,MCH8140,UTR4894453628,0,0,0,0,0,0,0
TXN00002606,2026-02-14 09:09:06,USR84961,MCH9743,12783.12,UTR2279411713,4110,PENDING,TXN00002606,USR84961,MCH9743,UTR2279411713,0,0,0,0,0,0,1
TXN00007384,2026-01-18 15:49:14,USR50946,MCH4769,14033.14,UTR2540060724,4110,SUCCESS,TXN00007384,USR50946,MCH4769,UTR2540060724,0,0,0,0,0,0,0
TXN00008215,2026-02-13 00:10:25,USR58125,MCH8025,-9492.74,UTR5216557390,0110,SUCCESS,TXN00008215,USR58125,MCH8025,UTR5216557390,1,0,0,0,0,0,0
TXN00017183,2026-03-03 18:37:28,USR61829,MCH3127,11543.61,UTR7949574771,,PENDING,TXN00017183,USR61829,MCH3127,UTR7949574771,0,0,1,0,0,0,1
TXN00007062,2026-02-10 01:33:16,USR24969,MCH7274,0.1301056,UTR3915310951,,SUCCESS,TXN00007062,USR24969,MCH7274,UTR3915310951,0,0,1,0,0,0,0
TXN00012091,2026-01-12 12:09:13,USR29767,MCH8614,6832.99,UTR2322771311,9120,SUCCESS,TXN00012091,USR29767,MCH8614,UTR2322771311,0,0,0,0,0,0,0
TXN00018582,2026-01-13 13:40:27,USR20589,MCH8941,17512.62,UTR7094589140,4110,SUCCESS,TXN00018582,USR20589,MCH8941,UTR7094589140,0,0,0,0,0,0,0
TXN00002956,2026-03-02 16:24:27,USR94715,MCH2188,17367.94,UTR7448844077,,SUCCESS,TXN00002956,USR94715,MCH2188,UTR7448844077,0,0,1,0,0,0,0
TXN00013564,2026-01-01 12:01:19,USR12526,MCH8561,13907.33,UTR6937538243,,SUCCESS,TXN00013564,USR12526,MCH8561,UTR6937538243,0,0,1,0,0,0,0
TXN00014719,2026-02-07 06:52:19,USR47704,MCH5961,4758.01,,0110,SUCCESS,TXN00014719,USR47704,MCH5961,,0,1,0,0,0,0,0
TXN00000011,2026-03-07 16:49:26,USR62205,MCH8816,524.41,UTR9178037016,8120,SUCCESS,TXN00000011,USR62205,MCH8816,UTR9178037016,0,0,0,0,0,0,0
TXN00010665,2026-01-30 14:19:14,USR11909,MCH8171,14727.7,UTR2298965012,4110,SUCCESS,TXN00010665,USR11909,MCH8171,UTR2298965012,0,0,0,0,0,0,0
TXN00009753,2026-01-03 08:52:36,USR47626,MCH2426,12301.5,UTR2293587342,4110,FAILED,TXN00009753,USR47626,MCH2426,UTR2293587342,0,0,0,0,0,1,0
TXN00009818,2026-01-09 05:16:48,USR19499,MCH4424,11515.05,UTR8354689472,9120,SUCCESS,TXN00009818,USR19499,MCH4424,UTR8354689472,0,0,0,0,0,0,0
TXN00003602,2026-03-31 01:01:58,USR63284,MCH7227,14276.23,UTR1444285315,8120,SUCCESS,TXN00003602,USR63284,MCH7227,UTR1444285315,0,0,0,0,0,0,0
TXN00005731,2026-02-27 18:33:41,USR29029,MCH8075,0.2053857,UTR8433613431,0110,SUCCESS,TXN00005731,USR29029,MCH8075,UTR8433613431,0,0,0,0,0,0,0
TXN00009468,2026-03-07 16:51:56,USR87650,MCH5078,22732.53,UTR2470374370,9120,SUCCESS,TXN00009468,USR87650,MCH5078,UTR 2470374370,0,0,0,0,0,0,0
TXN00003971,2026-03-05 02:21:49,USR42197,MCH1085,24345.27,UTR9543666063,4110,PENDING,TXN00003971,USR42197,MCH1085,UTR9543666063,0,0,0,0,0,0,1
TXN00016365,2026-02-02 09:38:06,USR88225,MCH4066,430.66,UTR3658588069,1310,SUCCESS,TXN00016365,USR88225,MCH4066,UTR3658588069,0,0,0,0,0,0,0
TXN00010178,2026-01-11 07:34:47,USR89244,MCH8039,10691.77,UTR4764681208,4110,SUCCESS,TXN00010178,USR89244,MCH8039,UTR 4764681208,0,0,0,0,0,0,0
TXN00012625,2026-01-06 21:27:07,USR69695,MCH8711,7751.21,UTR6972224235,0110,FAILED,TXN00012625,USR69695,MCH8711,UTR6972224235,0,0,0,0,0,1,0
TXN00006293,2026-03-17 12:46:32,USR54588,MCH3362,23793.04,UTR8761625033,9120,SUCCESS,TXN00006293,USR54588,MCH3362,UTR8761625033,0,0,0,0,0,0,0
TXN00015212,2026-06-03 00:09:52,USR14707,MCH4443,0.1339235,UTR8988068292,0110,FAILED,TXN00015212,USR14707,MCH4443,UTR8988068292,0,0,0,0,0,1,0
TXN00019678,2026-01-17 10:23:39,USR80127,MCH8197,13435.93,UTR5713231898,,SUCCESS,TXN00019678,USR80127,MCH8197,UTR5713231898,0,0,1,0,0,0,0
TXN00000502,2026-02-23 20:19:01,USR62254,MCH2603,13407.05,UTR0633088556,,SUCCESS,TXN00000502,USR62254,MCH2603,UTR0633088556,0,0,1,0,0,0,0
TXN00005018,2026-02-15 19:17:28,USR99254,MCH9216,0.805847,UTR0240893218,4110,SUCCESS,TXN00005018,USR99254,MCH9216,UTR0240893218,0,0,0,0,0,0,0
TXN00009746,2026-02-12 04:59:14,USR15682,MCH8667,17202.19,UTR2537798751,4110,FAILED,TXN00009746,USR15682,MCH8667,UTR2537798751,0,0,0,0,0,1,0
TXN00019171,2026-02-13 16:00:07,USR92696,MCH1728,0.1843437,UTR8541521884,,SUCCESS,TXN00019171,USR92696,MCH1728,UTR8541521884,0,0,1,0,0,0,0
TXN00014068,2026-02-08 00:00:00,USR46052,MCH1993,8120.55,UTR2765992165,1310,SUCCESS,TXN00014068,USR46052,MCH1993,UTR2765992165,0,0,0,0,0,0,0
TXN00016168,2026-01-13 23:20:15,USR63961,MCH2221,0.2469446,UTR2823064075,9120,SUCCESS,TXN00016168,USR63961,MCH2221,UTR2823064075,0,0,0,0,0,0,0
TXN00008986,2026-01-27 04:48:58,USR77461,MCH6832,17415.71,UTR1866821402,0110,SUCCESS,TXN00008986,USR77461,MCH6832,UTR 1866821402,0,0,0,0,0,0,0
TXN00002770,2026-03-01 16:42:28,USR75185,MCH1930,16993.71,UTR3549132773,,SUCCESS,TXN00002770,USR75185,MCH1930,UTR3549132773,0,0,1,0,0,0,0
TXN00011882,2026-02-06 09:07:33,USR28255,MCH8100,5425.0,UTR4544031539,4110,SUCCESS,TXN00011882,USR28255,MCH8100,UTR4544031539,0,0,0,0,0,0,0
TXN00010510,2026-01-18 01:50:52,USR62330,MCH4949,6845.0,UTR7502619916,4110,SUCCESS,TXN00010510,USR62330,MCH4949,UTR7502619916,0,0,0,0,0,0,0
TXN00014093,2026-03-09 18:19:15,USR92558,MCH7789,10509.16,UTR4792389386,4110,PENDING,TXN00014093,USR92558,MCH7789,UTR4792389386,0,0,0,0,0,0,1
TXN00005007,2026-01-12 04:44:48,USR84076,MCH4868,19422.19,UTR9659127199,8120,SUCCESS,TXN00005007,USR84076,MCH4868,UTR9659127199,0,0,0,0,0,0,0
TXN00016660,2026-01-27 03:12:24,USR69290,MCH7349,629.11,UTR7418958065,0110,SUCCESS,TXN00016660,USR69290,MCH7349,UTR7418958065,0,0,0,0,0,0,0
TXN00007440,2026-02-11 21:27:37,USR96662,MCH8335,3193.93,UTR2616545700,0110,FAILED,TXN00007440,USR96662,MCH8335,UTR2616545700,0,0,0,0,0,1,0
TXN00013495,2026-02-23 13:45:09,USR17691,MCH1718,17809.1,UTR0598097745,4110,SUCCESS,TXN00013495,USR17691,MCH1718,UTR0598097745,0,0,0,0,0,0,0
TXN00015860,2026-01-13 18:13:31,USR19881,MCH7217,12369.71,UTR3712609686,4110,SUCCESS,TXN00015860,USR19881,MCH7217,UTR 3712609686,0,0,0,0,0,0,0
TXN00009215,2026-01-18 07:20:55,USR95075,MCH9095,596.24,UTR8339589725,4110,SUCCESS,TXN00009215,USR95075,MCH9095,UTR8339589725,0,0,0,0,0,0,0
TXN00015022,2026-02-18 23:53:18,USR86530,MCH1021,20803.23,UTR4603801521,4110,SUCCESS,TXN00015022,USR86530,MCH1021,UTR4603801521,0,0,0,0,0,0,0
TXN00002089,2026-01-03 19:27:56,USR73452,MCH7303,20554.36,UTR4131785976,,SUCCESS,TXN00002089,USR73452,MCH7303,UTR4131785976,0,0,1,0,0,0,0
TXN00001869,2026-03-04 02:07:35,USR67392,MCH1517,3301.9,UTR9671374664,,SUCCESS,TXN00001869,USR67392,MCH1517,UTR9671374664,0,0,1,0,0,0,0
TXN00014445,2026-02-19 18:12:42,USR74886,MCH7882,8723.96,UTR5939786982,4110,SUCCESS,TXN00014445,USR74886,MCH7882,UTR5939786982,0,0,0,0,0,0,0
TXN00014484,2026-01-22 05:17:01,USR40198,MCH8869,10303.34,UTR8320283993,4110,SUCCESS,TXN00014484,USR40198,MCH8869,UTR8320283993,0,0,0,0,0,0,0
TXN00003723,2026-02-20 22:05:15,USR59356,MCH3687,23387.76,UTR4866262647,9120,SUCCESS,TXN00003723,USR59356,MCH3687,UTR4866262647,0,0,0,0,0,0,0
TXN00001914,2026-01-24 00:00:00,USR10888,MCH4792,9214.06,UTR1546937413,4110,SUCCESS,TXN00001914,USR10888,MCH4792,UTR1546937413,0,0,0,0,0,0,0
TXN00011379,2026-01-08 23:39:05,USR95445,MCH9337,5702.74,UTR1386636036,9120,SUCCESS,TXN00011379,USR95445,MCH9337,UTR1386636036,0,0,0,0,0,0,0
TXN00007716,2026-03-07 00:00:00,USR56971,MCH5054,23853.75,,9120,SUCCESS,TXN00007716,USR56971,MCH5054,,0,1,0,0,0,0,0
TXN00010868,2026-03-16 17:38:48,USR50272,MCH7591,18840.06,,1310,SUCCESS,TXN00010868,USR50272,MCH7591,,0,1,0,0,0,0,0
TXN00006697,2026-03-15 20:44:03,USR42307,MCH1109,-16549.89,UTR3234266421,8120,SUCCESS,TXN00006697,USR42307,MCH1109,UTR 3234266421,1,0,0,0,0,0,0
TXN00006038,2026-03-11 06:16:15,USR11836,MCH5759,21843.21,UTR1857781624,0110,SUCCESS,TXN00006038,USR11836,MCH5759,UTR1857781624,0,0,0,0,0,0,0
TXN00000993,2026-03-09 21:52:17,USR99751,MCH4533,6810.91,UTR8126968383,,SUCCESS,TXN00000993,USR99751,MCH4533,UTR8126968383,0,0,1,0,0,0,0
TXN00012567,2026-03-16 17:34:48,USR78592,MCH9812,18122.48,UTR9135673341,9120,SUCCESS,TXN00012567,USR78592,MCH9812,UTR9135673341,0,0,0,0,0,0,0
TXN00003830,2026-03-23 12:42:55,USR23155,MCH1563,5538.76,UTR2048909851,4110,PENDING,TXN00003830,USR23155,MCH1563,UTR2048909851,0,0,0,0,0,0,1
TXN00004523,2026-03-14 02:11:34,USR96941,MCH7318,22268.0,UTR5071225833,4110,SUCCESS,TXN00004523,USR96941,MCH7318,UTR5071225833,0,0,0,0,0,0,0
TXN00010029,2026-02-21 12:01:11,USR29324,MCH9798,16350.99,UTR7907598868,,SUCCESS,TXN00010029,USR29324,MCH9798,UTR7907598868,0,0,1,0,0,0,0
TXN00015372,2026-03-20 22:07:10,USR53158,MCH1141,15613.77,UTR2537234765,0110,SUCCESS,TXN00015372,USR53158,MCH1141,UTR2537234765,0,0,0,0,0,0,0
TXN00014969,2026-03-02 00:51:49,USR19006,MCH9875,10288.95,UTR0484289873,4110,SUCCESS,TXN00014969,USR19006,MCH9875,UTR0484289873,0,0,0,0,0,0,0
TXN00014007,2026-01-29 14:16:34,USR30045,MCH7817,9715.29,UTR6396515794,9120,SUCCESS,TXN00014007,USR30045,MCH7817,UTR6396515794,0,0,0,0,0,0,0
TXN00012870,2026-03-03 00:00:00,USR87607,MCH6440,16633.45,UTR7458465792,4110,PENDING,TXN00012870,USR87607,MCH6440,UTR7458465792,0,0,0,0,0,0,1
TXN00013136,2026-01-14 10:46:49,USR10032,MCH3474,24876.37,UTR5267841788,0110,FAILED,TXN00013136,USR10032,MCH3474,UTR5267841788,0,0,0,0,0,1,0
TXN00005461,2026-03-10 15:51:20,USR93765,MCH6028,20005.44,UTR6012827311,8120,SUCCESS,TXN00005461,USR93765,MCH6028,UTR6012827311,0,0,0,0,0,0,0
TXN00001137,2026-01-30 17:30:42,USR61944,MCH1910,21281.66,,,PENDING,TXN00001137,USR61944,MCH1910,,0,1,1,0,0,0,1
TXN00015724,2026-02-02 19:30:02,USR40595,MCH5509,1790.6,UTR9054805399,0110,SUCCESS,TXN00015724,USR40595,MCH5509,UTR9054805399,0,0,0,0,0,0,0
TXN00011584,2026-03-20 14:23:46,USR42096,MCH1069,17880.49,UTR9393196042,9120,SUCCESS,TXN00011584,USR42096,MCH1069,UTR9393196042,0,0,0,0,0,0,0
TXN00003264,2026-03-09 07:32:13,USR94602,MCH9752,463.0,UTR5809234378,4110,SUCCESS,TXN00003264,USR94602,MCH9752,UTR5809234378,0,0,0,0,0,0,0
TXN00013417,2026-03-16 00:40:22,USR63988,MCH4392,1950.87,,,SUCCESS,TXN00013417,USR63988,MCH4392,,0,1,1,0,0,0,0
TXN00001383,2026-01-28 23:35:46,USR43667,MCH1260,24236.0,UTR2092939385,4110,SUCCESS,TXN00001383,USR43667,MCH1260,UTR2092939385,0,0,0,0,0,0,0
TXN00019593,2026-02-18 23:35:33,USR42180,MCH6323,4113.87,UTR5022164483,4110,SUCCESS,TXN00019593,USR42180,MCH6323,UTR5022164483,0,0,0,0,0,0,0
TXN00002148,2026-01-12 01:12:50,USR96454,MCH5308,8951.38,UTR2482207193,9120,SUCCESS,TXN00002148,USR96454,MCH5308,UTR 2482207193,0,0,0,0,0,0,0
TXN00010474,2026-01-21 04:55:42,USR80546,MCH5099,3314.0,UTR0856684532,,SUCCESS,TXN00010474,USR80546,MCH5099,UTR0856684532,0,0,1,0,0,0,0
TXN00018407,2026-03-03 07:01:18,USR31197,MCH8903,22079.99,UTR1517865791,4110,SUCCESS,TXN00018407,USR31197,MCH8903,UTR1517865791,0,0,0,0,0,0,0
TXN00004506,2026-01-17 05:43:43,USR39071,MCH7531,7147.79,UTR1821837371,8120,SUCCESS,TXN00004506,USR39071,MCH7531,UTR1821837371,0,0,0,0,0,0,0
TXN00009668,2026-02-11 20:38:55,USR48008,MCH9278,5490.19,UTR9530929251,4110,PENDING,TXN00009668,USR48008,MCH9278,UTR9530929251,0,0,0,0,0,0,1
TXN00010571,2026-02-25 05:05:14,USR83288,MCH9702,15753.88,,1310,SUCCESS,TXN00010571,USR83288,MCH9702,,0,1,0,0,0,0,0
TXN00017012,2026-04-01 13:01:06,USR92099,MCH3331,19926.4,UTR8454066108,4110,SUCCESS,TXN00017012,USR92099,MCH3331,UTR8454066108,0,0,0,0,0,0,0
TXN00015446,2026-01-31 09:11:37,USR64003,MCH6618,0.852568,UTR2755519751,,PENDING,TXN00015446,USR64003,MCH6618,UTR 2755519751,0,0,1,0,0,0,1
TXN00007680,2026-01-24 14:52:03,USR51419,MCH3205,1345.33,UTR6492232078,8120,SUCCESS,TXN00007680,USR51419,MCH3205,UTR6492232078,0,0,0,0,0,0,0
TXN00010467,2026-02-22 09:38:43,USR65376,MCH8256,10604.66,UTR4211259128,,SUCCESS,TXN00010467,USR65376,MCH8256,UTR4211259128,0,0,1,0,0,0,0
TXN00010068,2026-03-13 07:04:27,USR87038,MCH8699,18806.35,UTR3182548046,4110,SUCCESS,TXN00010068,USR87038,MCH8699,UTR 3182548046,0,0,0,0,0,0,0
TXN00011645,2026-03-07 13:07:24,USR55974,MCH9948,6746.0,UTR9952687843,1310,SUCCESS,TXN00011645,USR55974,MCH9948,UTR9952687843,0,0,0,0,0,0,0
TXN00007970,2026-02-13 04:41:18,USR10276,MCH8795,22378.55,UTR6666613474,0110,PENDING,TXN00007970,USR10276,MCH8795,UTR6666613474,0,0,0,0,0,0,1
TXN00007496,2026-01-31 16:06:15,USR92639,MCH3095,1968.0,UTR4014497055,,SUCCESS,TXN00007496,USR92639,MCH3095,UTR 4014497055,0,0,1,0,0,0,0
TXN00000149,2026-02-14 13:12:08,USR30408,MCH3401,0.129645,UTR5926867133,4110,SUCCESS,TXN00000149,USR30408,MCH3401,UTR5926867133,0,0,0,0,0,0,0
TXN00012461,2026-03-20 22:01:08,USR30120,MCH3559,4313.74,UTR9633336936,9120,SUCCESS,TXN00012461,USR30120,MCH3559,UTR9633336936,0,0,0,0,0,0,0
TXN00008320,2026-02-12 11:26:56,USR82788,MCH1712,12380.0,UTR7519544557,9120,SUCCESS,TXN00008320,USR82788,MCH1712,UTR7519544557,0,0,0,0,0,0,0
TXN00008421,2026-01-02 06:29:34,USR80889,MCH9979,14300.0,UTR4448333531,4110,SUCCESS,TXN00008421,USR80889,MCH9979,UTR4448333531,0,0,0,0,0,0,0
TXN00003312,2026-03-14 13:25:29,USR56023,MCH5997,16421.67,UTR2457518753,9120,SUCCESS,TXN00003312,USR56023,MCH5997,UTR2457518753,0,0,0,0,0,0,0
TXN00013011,2026-01-19 16:41:10,USR40967,MCH6652,0.1414282,UTR4358329325,,SUCCESS,TXN00013011,USR40967,MCH6652,UTR4358329325,0,0,1,0,0,0,0
TXN00006925,2026-01-10 07:35:40,USR73157,MCH9447,15392.66,UTR6742424659,,SUCCESS,TXN00006925,USR73157,MCH9447,UTR6742424659,0,0,1,0,0,0,0
TXN00006587,2026-03-24 17:45:24,USR83667,MCH6477,11772.82,,,SUCCESS,TXN00006587,USR83667,MCH6477,,0,1,1,0,0,0,0
TXN00012418,2026-03-08 15:02:49,USR44023,MCH6087,14332.47,UTR7663320685,9120,SUCCESS,TXN00012418,USR44023,MCH6087,UTR7663320685,0,0,0,0,0,0,0
TXN00007414,2026-01-10 08:23:31,USR39878,MCH5250,20630.12,UTR8088884326,,SUCCESS,TXN00007414,USR39878,MCH5250,UTR8088884326,0,0,1,0,0,0,0
TXN00017554,2026-02-08 04:31:10,USR35726,MCH5306,18351.07,UTR0880159461,4110,SUCCESS,TXN00017554,USR35726,MCH5306,UTR0880159461,0,0,0,0,0,0,0
TXN00014936,2026-05-02 01:40:54,USR23090,MCH7798,23588.15,UTR1169558194,4110,SUCCESS,TXN00014936,USR23090,MCH7798,UTR1169558194,0,0,0,0,0,0,0
TXN00010442,2026-03-09 03:42:58,USR36361,MCH6360,18991.45,UTR1365830748,9120,SUCCESS,TXN00010442,USR36361,MCH6360,UTR1365830748,0,0,0,0,0,0,0
TXN00008186,2026-03-18 20:09:11,USR28469,MCH2737,3740.21,UTR5837742116,4110,SUCCESS,TXN00008186,USR28469,MCH2737,UTR 5837742116,0,0,0,0,0,0,0
TXN00003639,2026-02-03 00:00:00,USR83424,MCH4380,7294.0,UTR7853707570,4110,SUCCESS,TXN00003639,USR83424,MCH4380,UTR7853707570,0,0,0,0,0,0,0
TXN00013126,2026-02-02 19:11:06,USR89362,MCH6500,568.0,UTR6941868343,4110,SUCCESS,TXN00013126,USR89362,MCH6500,UTR6941868343,0,0,0,0,0,0,0
TXN00002235,2026-03-26 12:28:08,USR28711,MCH3288,0.1669844,UTR2278833090,0110,SUCCESS,TXN00002235,USR28711,MCH3288,UTR2278833090,0,0,0,0,0,0,0
TXN00010445,2026-01-18 11:25:53,USR29969,MCH1562,6673.74,UTR7294475488,4110,SUCCESS,TXN00010445,USR29969,MCH1562,UTR7294475488,0,0,0,0,0,0,0
TXN00015071,2026-03-03 12:16:27,USR15918,MCH8941,23328.02,UTR2024387982,9120,SUCCESS,TXN00015071,USR15918,MCH8941,UTR 2024387982,0,0,0,0,0,0,0
TXN00012515,2026-01-02 07:00:07,USR83744,MCH8228,19823.18,UTR5773927517,4110,SUCCESS,TXN00012515,USR83744,MCH8228,UTR5773927517,0,0,0,0,0,0,0
TXN00000138,2026-02-25 01:37:31,USR85850,MCH1302,17578.44,UTR4591206861,0110,SUCCESS,TXN00000138,USR85850,MCH1302,UTR4591206861,0,0,0,0,0,0,0
TXN00008857,2026-02-23 21:06:08,USR61887,MCH7768,5364.65,UTR5144935575,4110,SUCCESS,TXN00008857,USR61887,MCH7768,UTR5144935575,0,0,0,0,0,0,0
TXN00008753,2026-02-02 05:19:43,USR20689,MCH3156,0.629324,UTR3298400720,4110,PENDING,TXN00008753,USR20689,MCH3156,UTR3298400720,0,0,0,0,0,0,1
TXN00007197,2026-02-08 02:35:14,USR33988,MCH6130,0.328569,UTR8939563997,0110,SUCCESS,TXN00007197,USR33988,MCH6130,UTR8939563997,0,0,0,0,0,0,0
TXN00005965,2026-02-15 07:29:06,USR24249,MCH1916,12102.09,UTR1428204390,4110,SUCCESS,TXN00005965,USR24249,MCH1916,UTR1428204390,0,0,0,0,0,0,0
TXN00007342,2026-01-16 15:27:29,USR15769,MCH2797,9912.97,UTR8662832220,8120,SUCCESS,TXN00007342,USR15769,MCH2797,UTR 8662832220,0,0,0,0,0,0,0
TXN00002986,2026-01-26 16:41:34,USR64085,MCH9871,24176.21,UTR0858611566,4110,SUCCESS,TXN00002986,USR64085,MCH9871,UTR0858611566,0,0,0,0,0,0,0
TXN00013148,2026-01-09 16:07:08,USR94805,MCH7698,15272.6,UTR0508180062,4110,FAILED,TXN00013148,USR94805,MCH7698,UTR0508180062,0,0,0,0,0,1,0
TXN00005354,2026-01-23 14:22:30,USR26287,MCH9437,13460.12,UTR6431888649,,SUCCESS,TXN00005354,USR26287,MCH9437,UTR6431888649,0,0,1,0,0,0,0
TXN00006140,2026-03-15 21:42:32,USR99373,MCH4942,20047.63,UTR2527529563,,SUCCESS,TXN00006140,USR99373,MCH4942,UTR2527529563,0,0,1,0,0,0,0
TXN00014772,2026-02-14 05:19:25,USR86949,MCH5916,21712.95,UTR8291465940,0110,SUCCESS,TXN00014772,USR86949,MCH5916,UTR8291465940,0,0,0,0,0,0,0
TXN00005697,2026-08-01 15:58:42,USR58266,MCH4056,11205.0,UTR5610642216,1310,SUCCESS,TXN00005697,USR58266,MCH4056,UTR5610642216,0,0,0,0,0,0,0
TXN00006406,2026-02-25 05:44:03,USR69851,MCH6187,0.222161,UTR6750480283,4110,FAILED,TXN00006406,USR69851,MCH6187,UTR6750480283,0,0,0,0,0,1,0
TXN00006870,2026-02-05 00:43:11,USR91965,MCH4052,23949.9,UTR9533023928,4110,SUCCESS,TXN00006870,USR91965,MCH4052,UTR9533023928,0,0,0,0,0,0,0
TXN00018082,2026-02-25 00:25:31,USR10599,MCH7622,11699.73,UTR1051108728,9120,SUCCESS,TXN00018082,USR10599,MCH7622,UTR1051108728,0,0,0,0,0,0,0
TXN00013563,2026-01-31 16:53:49,USR88840,MCH2463,15030.91,UTR3487243462,1310,SUCCESS,TXN00013563,USR88840,MCH2463,UTR3487243462,0,0,0,0,0,0,0
TXN00015122,2026-03-13 13:08:35,USR36406,MCH3083,901.5,UTR5777218487,8120,SUCCESS,TXN00015122,USR36406,MCH3083,UTR5777218487,0,0,0,0,0,0,0
TXN00015672,2026-03-07 00:00:00,USR59756,MCH5846,0.171289,UTR1984681924,8120,SUCCESS,TXN00015672,USR59756,MCH5846,UTR1984681924,0,0,0,0,0,0,0
TXN00008096,2026-03-19 11:23:33,USR79200,MCH2399,22633.99,UTR5184134216,,SUCCESS,TXN00008096,USR79200,MCH2399,UTR5184134216,0,0,1,0,0,0,0
TXN00002140,2026-02-17 03:40:25,USR12043,MCH2989,21455.84,UTR4003057681,1310,FAILED,TXN00002140,USR12043,MCH2989,UTR4003057681,0,0,0,0,0,1,0
TXN00010522,2026-02-27 13:06:23,USR50376,MCH2548,16975.79,UTR9356762804,4110,SUCCESS,TXN00010522,USR50376,MCH2548,UTR 9356762804,0,0,0,0,0,0,0
TXN00007857,2026-02-11 23:08:33,USR32577,MCH5334,0.1026896,UTR2691789094,9120,SUCCESS,TXN00007857,USR32577,MCH5334,UTR2691789094,0,0,0,0,0,0,0
TXN00003654,2026-03-28 07:36:59,USR92754,MCH3355,4276.0,UTR3423474777,,SUCCESS,TXN00003654,USR92754,MCH3355,UTR3423474777,0,0,1,0,0,0,0
TXN00004524,2026-03-17 00:09:59,USR16710,MCH9853,14927.66,,4110,FAILED,TXN00004524,USR16710,MCH9853,,0,1,0,0,0,1,0
TXN00008339,2026-03-25 13:15:07,USR80571,MCH4227,0.1157086,UTR3448336115,4110,SUCCESS,TXN00008339,USR80571,MCH4227,UTR3448336115,0,0,0,0,0,0,0
TXN00009683,2026-02-25 17:57:20,USR53307,MCH4650,7832.5,,0110,SUCCESS,TXN00009683,USR53307,MCH4650,,0,1,0,0,0,0,0
TXN00011286,2026-01-05 04:51:11,USR58929,MCH4878,5001.22,UTR9668607354,9120,SUCCESS,TXN00011286,USR58929,MCH4878,UTR9668607354,0,0,0,0,0,0,0
TXN00019040,2026-01-27 03:14:28,USR22328,MCH8233,645.77,UTR3881739544,9120,SUCCESS,TXN00019040,USR22328,MCH8233,UTR3881739544,0,0,0,0,0,0,0
TXN00012065,2026-01-26 09:59:56,USR37222,MCH5760,23264.75,UTR6132563963,8120,SUCCESS,TXN00012065,USR37222,MCH5760,UTR6132563963,0,0,0,0,0,0,0
TXN00008064,2026-02-22 09:31:04,USR23182,MCH8803,4252.26,UTR8255033280,8120,SUCCESS,TXN00008064,USR23182,MCH8803,UTR8255033280,0,0,0,0,0,0,0
TXN00000341,2026-03-05 10:39:41,USR14564,MCH8796,12295.48,UTR6498811658,4110,PENDING,TXN00000341,USR14564,MCH8796,UTR6498811658,0,0,0,0,0,0,1
TXN00000536,2026-03-22 12:31:16,USR80969,MCH4176,23620.0,UTR1210733923,0110,SUCCESS,TXN00000536,USR80969,MCH4176,UTR1210733923,0,0,0,0,0,0,0
TXN00015108,2026-01-09 15:42:35,USR67250,MCH1220,10483.44,UTR8297656579,4110,SUCCESS,TXN00015108,USR67250,MCH1220,UTR8297656579,0,0,0,0,0,0,0
TXN00008947,2026-03-01 10:01:13,USR99765,MCH6007,19540.26,UTR5250505244,9120,SUCCESS,TXN00008947,USR99765,MCH6007,UTR5250505244,0,0,0,0,0,0,0
TXN00010161,2026-02-12 18:36:49,USR69290,MCH6475,13842.74,UTR0239156417,9120,SUCCESS,TXN00010161,USR69290,MCH6475,UTR0239156417,0,0,0,0,0,0,0
TXN00013487,2026-02-08 10:56:51,USR97915,MCH4166,13284.66,UTR2196372647,4110,SUCCESS,TXN00013487,USR97915,MCH4166,UTR2196372647,0,0,0,0,0,0,0
TXN00010359,2026-01-22 09:58:16,USR63716,MCH3486,0.251818,UTR2763302012,1310,SUCCESS,TXN00010359,USR63716,MCH3486,UTR2763302012,0,0,0,0,0,0,0
TXN00006374,2026-03-21 03:00:15,USR48489,MCH6818,-22806.07,UTR7913426056,0110,SUCCESS,TXN00006374,USR48489,MCH6818,UTR7913426056,1,0,0,0,0,0,0
TXN00010108,2026-02-28 04:40:05,USR35598,MCH5394,0.1280243,UTR2653476449,1310,SUCCESS,TXN00010108,USR35598,MCH5394,UTR2653476449,0,0,0,0,0,0,0
TXN00005020,2026-07-02 04:24:24,USR67839,MCH7782,21449.79,UTR8943928976,,SUCCESS,TXN00005020,USR67839,MCH7782,UTR8943928976,0,0,1,0,0,0,0
TXN00001488,2026-03-23 00:00:00,USR24566,MCH3495,17389.73,UTR0039263181,4110,SUCCESS,TXN00001488,USR24566,MCH3495,UTR0039263181,0,0,0,0,0,0,0
TXN00019549,2026-10-02 03:16:50,USR14236,MCH5089,22141.12,UTR3206079754,8120,SUCCESS,TXN00019549,USR14236,MCH5089,UTR3206079754,0,0,0,0,0,0,0
TXN00016334,2026-01-01 00:00:00,USR19404,MCH2572,23191.08,UTR2994369207,1310,PENDING,TXN00016334,USR19404,MCH2572,UTR2994369207,0,0,0,0,0,0,1
TXN00008398,2026-01-20 14:52:41,USR53364,MCH3013,11253.32,UTR7637137394,4110,PENDING,TXN00008398,USR53364,MCH3013,UTR7637137394,0,0,0,0,0,0,1
TXN00019872,2026-01-26 12:41:20,USR69849,MCH1881,2068.72,UTR7669728492,,SUCCESS,TXN00019872,USR69849,MCH1881,UTR7669728492,0,0,1,0,0,0,0
TXN00011270,2026-02-17 00:23:44,USR64029,MCH4768,6619.68,UTR0775050586,8120,SUCCESS,TXN00011270,USR64029,MCH4768,UTR0775050586,0,0,0,0,0,0,0
TXN00012177,2026-01-13 20:08:14,USR94129,MCH1148,959.57,UTR7399185345,,FAILED,TXN00012177,USR94129,MCH1148,UTR7399185345,0,0,1,0,0,1,0
TXN00007772,2026-03-29 04:46:26,USR58159,MCH3106,17722.05,UTR7600686043,0110,SUCCESS,TXN00007772,USR58159,MCH3106,UTR7600686043,0,0,0,0,0,0,0
TXN00016725,2026-03-16 15:29:37,USR54827,MCH7289,18391.6,UTR3552248631,1310,SUCCESS,TXN00016725,USR54827,MCH7289,UTR 3552248631,0,0,0,0,0,0,0
TXN00001552,2026-01-08 06:21:44,USR82844,MCH5737,15044.28,UTR6521188627,4110,SUCCESS,TXN00001552,USR82844,MCH5737,UTR6521188627,0,0,0,0,0,0,0
TXN00017978,2026-03-18 22:17:13,USR31240,MCH7843,4583.11,UTR2010991446,4110,SUCCESS,TXN00017978,USR31240,MCH7843,UTR2010991446,0,0,0,0,0,0,0
TXN00008527,2026-01-01 00:27:21,USR10393,MCH6824,11108.38,UTR4833258881,,SUCCESS,TXN00008527,USR10393,MCH6824,UTR4833258881,0,0,1,0,0,0,0
TXN00013514,2026-01-23 03:11:50,USR85743,MCH9586,18266.26,UTR3384718758,4110,SUCCESS,TXN00013514,USR85743,MCH9586,UTR3384718758,0,0,0,0,0,0,0
TXN00011919,2026-01-31 00:38:52,USR11103,MCH2321,6124.71,UTR3645403726,,SUCCESS,TXN00011919,USR11103,MCH2321,UTR3645403726,0,0,1,0,0,0,0
TXN00009119,2026-03-12 13:44:19,USR35613,MCH1572,23444.74,UTR3868838199,4110,SUCCESS,TXN00009119,USR35613,MCH1572,UTR3868838199,0,0,0,0,0,0,0
TXN00019608,2026-03-13 10:42:33,USR20531,MCH4403,9554.0,UTR3439938282,8120,FAILED,TXN00019608,USR20531,MCH4403,UTR3439938282,0,0,0,0,0,1,0
TXN00007715,2026-02-08 17:34:32,USR88056,MCH3226,1818.69,UTR5351797530,4110,SUCCESS,TXN00007715,USR88056,MCH3226,UTR5351797530,0,0,0,0,0,0,0
TXN00000861,2026-02-01 00:00:00,USR62231,MCH4677,19390.44,UTR2947411567,,SUCCESS,TXN00000861,USR62231,MCH4677,UTR2947411567,0,0,1,0,0,0,0
TXN00017652,2026-03-23 02:57:15,USR80611,MCH7275,5976.07,,0110,SUCCESS,TXN00017652,USR80611,MCH7275,,0,1,0,0,0,0,0
TXN00003440,2026-02-20 00:41:27,USR48455,MCH4047,23229.2,UTR1763457187,,SUCCESS,TXN00003440,USR48455,MCH4047,UTR1763457187,0,0,1,0,0,0,0
TXN00018718,2026-03-29 10:08:35,USR51050,MCH4196,420.74,UTR3685932981,4110,SUCCESS,TXN00018718,USR51050,MCH4196,UTR3685932981,0,0,0,0,0,0,0
TXN00001277,2026-01-04 04:03:22,USR76441,MCH6929,0.60587,UTR4206056571,8120,SUCCESS,TXN00001277,USR76441,MCH6929,UTR4206056571,0,0,0,0,0,0,0
TXN00017506,2026-02-01 17:40:24,USR55717,MCH2167,17046.58,UTR7224083772,0110,SUCCESS,TXN00017506,USR55717,MCH2167,UTR7224083772,0,0,0,0,0,0,0
TXN00018356,2026-02-26 09:11:12,USR89479,MCH2731,15697.65,UTR4430201462,4110,SUCCESS,TXN00018356,USR89479,MCH2731,UTR4430201462,0,0,0,0,0,0,0
TXN00010787,2026-03-07 08:55:04,USR22633,MCH6259,5507.58,,4110,SUCCESS,TXN00010787,USR22633,MCH6259,,0,1,0,0,0,0,0
TXN00015836,2026-03-06 14:07:41,USR17108,MCH8891,14143.0,UTR2544283488,8120,SUCCESS,TXN00015836,USR17108,MCH8891,UTR2544283488,0,0,0,0,0,0,0
TXN00010714,2026-02-02 14:13:31,USR24810,MCH6065,19054.17,UTR7493422792,9120,SUCCESS,TXN00010714,USR24810,MCH6065,UTR7493422792,0,0,0,0,0,0,0
TXN00007070,2026-01-22 10:28:23,USR79689,MCH6501,4581.24,UTR0014294309,0110,SUCCESS,TXN00007070,USR79689,MCH6501,UTR0014294309,0,0,0,0,0,0,0
TXN00016243,2026-01-31 02:43:32,USR29729,MCH9518,0.757631,UTR7606258394,1310,FAILED,TXN00016243,USR29729,MCH9518,UTR7606258394,0,0,0,0,0,1,0
TXN00012026,2026-03-18 22:59:25,USR32161,MCH5675,1521.0,,8120,SUCCESS,TXN00012026,USR32161,MCH5675,,0,1,0,0,0,0,0
TXN00003611,2026-01-13 21:53:19,USR19837,MCH4395,14286.0,UTR8782190412,,SUCCESS,TXN00003611,USR19837,MCH4395,UTR8782190412,0,0,1,0,0,0,0
TXN00004503,2026-03-23 13:05:23,USR79565,MCH9738,-7211.73,UTR8863662943,1310,SUCCESS,TXN00004503,USR79565,MCH9738,UTR8863662943,1,0,0,0,0,0,0
TXN00001957,2026-02-17 14:24:33,USR44144,MCH1447,0.160677,UTR6903784210,0110,FAILED,TXN00001957,USR44144,MCH1447,UTR6903784210,0,0,0,0,0,1,0
TXN00015710,2026-01-17 23:20:47,USR43530,MCH6925,13746.61,UTR1765834246,9120,SUCCESS,TXN00015710,USR43530,MCH6925,UTR1765834246,0,0,0,0,0,0,0
TXN00016768,2026-03-26 05:29:59,USR78860,MCH2600,6024.72,UTR5342806866,0110,SUCCESS,TXN00016768,USR78860,MCH2600,UTR5342806866,0,0,0,0,0,0,0
TXN00012302,2026-03-08 02:00:17,USR75601,MCH2002,14741.74,UTR6864236050,4110,SUCCESS,TXN00012302,USR75601,MCH2002,UTR6864236050,0,0,0,0,0,0,0
TXN00012592,2026-02-08 00:48:17,USR66238,MCH4029,15971.09,,0110,SUCCESS,TXN00012592,USR66238,MCH4029,,0,1,0,0,0,0,0
TXN00000080,2026-01-07 18:04:30,USR93270,MCH8530,2905.57,UTR8709767971,4110,SUCCESS,TXN00000080,USR93270,MCH8530,UTR8709767971,0,0,0,0,0,0,0
TXN00015493,2026-01-14 21:46:57,USR96755,MCH9208,13822.21,UTR0541683045,1310,SUCCESS,TXN00015493,USR96755,MCH9208,UTR0541683045,0,0,0,0,0,0,0
TXN00003995,2026-03-28 21:00:52,USR69630,MCH9120,12318.46,UTR9503753712,,SUCCESS,TXN00003995,USR69630,MCH9120,UTR9503753712,0,0,1,0,0,0,0
TXN00013887,2026-01-24 17:50:31,USR42382,MCH3793,16751.87,UTR8432990292,0110,SUCCESS,TXN00013887,USR42382,MCH3793,UTR8432990292,0,0,0,0,0,0,0
TXN00015077,2026-02-02 07:28:58,USR90870,MCH3696,1090.15,UTR9319631340,4110,SUCCESS,TXN00015077,USR90870,MCH3696,UTR 9319631340,0,0,0,0,0,0,0
TXN00012363,2026-02-07 17:16:38,USR43820,MCH6923,15831.34,UTR4312469233,,SUCCESS,TXN00012363,USR43820,MCH6923,UTR4312469233,0,0,1,0,0,0,0
TXN00004348,2026-02-03 19:35:54,USR31339,MCH5029,13871.63,UTR1766290736,,SUCCESS,TXN00004348,USR31339,MCH5029,UTR1766290736,0,0,1,0,0,0,0
TXN00012039,2026-03-19 00:00:00,USR61378,MCH9621,13934.9,UTR7824520513,4110,SUCCESS,TXN00012039,USR61378,MCH9621,UTR 7824520513,0,0,0,0,0,0,0
TXN00003216,2026-02-25 14:11:07,USR95220,MCH6627,2947.61,UTR0991152426,9120,SUCCESS,TXN00003216,USR95220,MCH6627,UTR0991152426,0,0,0,0,0,0,0
TXN00002955,2026-01-13 03:40:04,USR66919,MCH4788,23025.65,UTR8306340553,0110,SUCCESS,TXN00002955,USR66919,MCH4788,UTR8306340553,0,0,0,0,0,0,0
TXN00014834,2026-03-09 20:48:32,USR87539,MCH2287,10698.25,UTR8376695244,4110,SUCCESS,TXN00014834,USR87539,MCH2287,UTR8376695244,0,0,0,0,0,0,0
TXN00000763,2026-03-07 07:43:39,USR42077,MCH7578,6219.74,UTR0333979954,0110,SUCCESS,TXN00000763,USR42077,MCH7578,UTR0333979954,0,0,0,0,0,0,0
TXN00004949,2026-01-18 01:17:04,USR43043,MCH9880,20129.38,UTR3318434523,0110,SUCCESS,TXN00004949,USR43043,MCH9880,UTR3318434523,0,0,0,0,0,0,0
TXN00016672,2026-01-30 23:06:05,USR39185,MCH6971,7775.93,UTR9890442602,4110,SUCCESS,TXN00016672,USR39185,MCH6971,UTR9890442602,0,0,0,0,0,0,0
TXN00014048,2026-01-01 19:53:07,USR15896,MCH9476,4800.56,UTR5532858318,,SUCCESS,TXN00014048,USR15896,MCH9476,UTR5532858318,0,0,1,0,0,0,0
TXN00002890,2026-02-15 09:08:04,USR89268,MCH7682,20897.29,UTR7857926354,,SUCCESS,TXN00002890,USR89268,MCH7682,UTR7857926354,0,0,1,0,0,0,0
TXN00003188,2026-03-03 02:16:59,USR18540,MCH1920,8851.19,UTR0040930219,0110,SUCCESS,TXN00003188,USR18540,MCH1920,UTR 0040930219,0,0,0,0,0,0,0
TXN00019387,2026-02-12 04:02:10,USR42685,MCH7236,11129.72,UTR6030011931,4110,SUCCESS,TXN00019387,USR42685,MCH7236,UTR6030011931,0,0,0,0,0,0,0
TXN00019341,2026-01-04 17:22:40,USR52947,MCH2782,21150.52,UTR9104576286,4110,SUCCESS,TXN00019341,USR52947,MCH2782,UTR9104576286,0,0,0,0,0,0,0
TXN00001796,2026-03-01 05:35:40,USR39468,MCH4677,2128.95,UTR7950770073,4110,SUCCESS,TXN00001796,USR39468,MCH4677,UTR7950770073,0,0,0,0,0,0,0
TXN00012066,2026-10-03 02:03:24,USR57396,MCH6374,10714.29,UTR1740394720,8120,SUCCESS,TXN00012066,USR57396,MCH6374,UTR1740394720,0,0,0,0,0,0,0
TXN00005646,2026-01-09 20:21:51,USR82127,MCH6485,6862.58,,,FAILED,TXN00005646,USR82127,MCH6485,,0,1,1,0,0,1,0
TXN00010777,2026-02-21 15:25:38,USR47823,MCH4321,7531.0,UTR8047892130,4110,SUCCESS,TXN00010777,USR47823,MCH4321,UTR8047892130,0,0,0,0,0,0,0
TXN00011656,2026-01-30 01:56:03,USR80388,MCH1573,15221.1,UTR6464059216,9120,SUCCESS,TXN00011656,USR80388,MCH1573,UTR 6464059216,0,0,0,0,0,0,0
TXN00009110,2026-01-12 02:01:24,USR60437,MCH8946,17937.91,UTR1305470892,1310,SUCCESS,TXN00009110,USR60437,MCH8946,UTR1305470892,0,0,0,0,0,0,0
TXN00001657,2026-01-30 07:59:40,USR66854,MCH5316,0.1384952,UTR3465284769,1310,SUCCESS,TXN00001657,USR66854,MCH5316,UTR 3465284769,0,0,0,0,0,0,0
TXN00013110,2026-03-13 19:32:00,USR33629,MCH3481,4349.25,UTR4633751071,0110,FAILED,TXN00013110,USR33629,MCH3481,UTR4633751071,0,0,0,0,0,1,0
TXN00005232,2026-01-12 19:00:23,USR20962,MCH2107,10489.17,UTR4447289974,4110,SUCCESS,TXN00005232,USR20962,MCH2107,UTR4447289974,0,0,0,0,0,0,0
TXN00000693,2026-01-07 19:03:02,USR70447,MCH7816,12695.18,UTR5113655124,8120,SUCCESS,TXN00000693,USR70447,MCH7816,UTR5113655124,0,0,0,0,0,0,0
TXN00006240,2026-03-02 12:00:33,USR91946,MCH1129,22350.39,UTR0447202245,,FAILED,TXN00006240,USR91946,MCH1129,UTR0447202245,0,0,1,0,0,1,0
TXN00007252,2026-02-07 16:19:20,USR20944,MCH4397,22859.37,UTR5243876376,4110,SUCCESS,TXN00007252,USR20944,MCH4397,UTR5243876376,0,0,0,0,0,0,0
TXN00015489,2026-01-25 16:16:51,USR21629,MCH3541,8588.25,UTR1925315708,0110,PENDING,TXN00015489,USR21629,MCH3541,UTR1925315708,0,0,0,0,0,0,1
TXN00014140,2026-03-30 17:11:48,USR10352,MCH2182,14199.97,UTR3440631859,1310,SUCCESS,TXN00014140,USR10352,MCH2182,UTR3440631859,0,0,0,0,0,0,0
TXN00011486,2026-02-28 16:46:57,USR91508,MCH3585,10074.28,UTR0518861063,4110,SUCCESS,TXN00011486,USR91508,MCH3585,UTR0518861063,0,0,0,0,0,0,0
TXN00007766,2026-03-24 00:00:00,USR14120,MCH5060,15621.27,UTR0563090463,0110,SUCCESS,TXN00007766,USR14120,MCH5060,UTR0563090463,0,0,0,0,0,0,0
TXN00019996,2026-01-31 03:15:45,USR92805,MCH5572,21927.0,UTR9002053036,1310,SUCCESS,TXN00019996,USR92805,MCH5572,UTR 9002053036,0,0,0,0,0,0,0
TXN00006935,2026-03-03 02:52:30,USR74861,MCH4228,0.2369112,UTR3475324185,,SUCCESS,TXN00006935,USR74861,MCH4228,UTR3475324185,0,0,1,0,0,0,0
TXN00000930,2026-01-13 09:23:39,USR94230,MCH6535,6454.61,UTR6935325345,0110,SUCCESS,TXN00000930,USR94230,MCH6535,UTR6935325345,0,0,0,0,0,0,0
TXN00001555,2026-01-26 17:32:52,USR37361,MCH6151,5709.71,UTR8400643703,1310,SUCCESS,TXN00001555,USR37361,MCH6151,UTR8400643703,0,0,0,0,0,0,0
TXN00014806,2026-02-18 14:35:29,USR23294,MCH6677,13947.0,UTR6690600487,1310,PENDING,TXN00014806,USR23294,MCH6677,UTR6690600487,0,0,0,0,0,0,1
TXN00015682,2026-03-22 17:17:47,USR53890,MCH5777,246.78,UTR4213480710,4110,SUCCESS,TXN00015682,USR53890,MCH5777,UTR4213480710,0,0,0,0,0,0,0
TXN00009791,2026-02-16 00:00:00,USR61328,MCH6287,6328.85,UTR1774779951,8120,FAILED,TXN00009791,USR61328,MCH6287,UTR1774779951,0,0,0,0,0,1,0
TXN00017641,2026-03-12 23:02:16,USR74861,MCH7536,6975.39,UTR2908991643,,SUCCESS,TXN00017641,USR74861,MCH7536,UTR2908991643,0,0,1,0,0,0,0
TXN00002905,2026-03-16 00:00:00,USR59284,MCH4140,13067.53,UTR0493004041,1310,SUCCESS,TXN00002905,USR59284,MCH4140,UTR0493004041,0,0,0,0,0,0,0
TXN00011112,2026-03-14 09:17:37,USR96073,MCH1887,5245.06,UTR7921932304,9120,FAILED,TXN00011112,USR96073,MCH1887,UTR7921932304,0,0,0,0,0,1,0
TXN00005695,2026-02-16 05:46:17,USR16224,MCH7601,18873.14,UTR3161007418,0110,SUCCESS,TXN00005695,USR16224,MCH7601,UTR3161007418,0,0,0,0,0,0,0
TXN00006013,2026-02-28 06:10:44,USR76881,MCH4992,24474.0,UTR4067524319,9120,SUCCESS,TXN00006013,USR76881,MCH4992,UTR4067524319,0,0,0,0,0,0,0
TXN00004088,2026-01-29 16:17:02,USR88412,MCH9204,0.1515386,UTR1057661247,,SUCCESS,TXN00004088,USR88412,MCH9204,UTR 1057661247,0,0,1,0,0,0,0
TXN00018686,2026-01-25 07:00:20,USR38627,MCH7894,2720.01,UTR9420378263,8120,SUCCESS,TXN00018686,USR38627,MCH7894,UTR9420378263,0,0,0,0,0,0,0
TXN00018107,2026-02-09 19:58:18,USR17808,MCH1566,0.280488,UTR9174867613,1310,SUCCESS,TXN00018107,USR17808,MCH1566,UTR9174867613,0,0,0,0,0,0,0
TXN00009042,2026-02-24 03:32:14,USR83887,MCH3775,7914.15,UTR2041922947,1310,SUCCESS,TXN00009042,USR83887,MCH3775,UTR2041922947,0,0,0,0,0,0,0
TXN00012205,2026-01-28 06:46:44,USR75061,MCH5748,1718.11,UTR3116235815,9120,SUCCESS,TXN00012205,USR75061,MCH5748,UTR3116235815,0,0,0,0,0,0,0
TXN00019665,2026-02-05 21:44:48,USR33655,MCH3110,15031.42,UTR2568971680,9120,SUCCESS,TXN00019665,USR33655,MCH3110,UTR2568971680,0,0,0,0,0,0,0
TXN00016572,2026-02-28 15:49:35,USR76917,MCH2991,4577.52,UTR8775482124,9120,SUCCESS,TXN00016572,USR76917,MCH2991,UTR 8775482124,0,0,0,0,0,0,0
TXN00018219,2026-01-30 02:52:22,USR54855,MCH8441,2491.34,UTR8946676672,9120,SUCCESS,TXN00018219,USR54855,MCH8441,UTR8946676672,0,0,0,0,0,0,0
TXN00004746,2026-01-08 13:36:37,USR16822,MCH1711,1355.22,,8120,SUCCESS,TXN00004746,USR16822,MCH1711,,0,1,0,0,0,0,0
TXN00003192,2026-01-26 18:43:50,USR13918,MCH5656,22845.57,UTR3744004707,4110,SUCCESS,TXN00003192,USR13918,MCH5656,UTR3744004707,0,0,0,0,0,0,0
TXN00009417,2026-03-10 11:23:21,USR11776,MCH3437,14958.58,UTR5943240920,,SUCCESS,TXN00009417,USR11776,MCH3437,UTR5943240920,0,0,1,0,0,0,0
TXN00013238,2026-01-17 07:49:54,USR70262,MCH3369,17343.93,UTR2992964535,0110,SUCCESS,TXN00013238,USR70262,MCH3369,UTR2992964535,0,0,0,0,0,0,0
TXN00016571,2026-04-01 02:50:34,USR26547,MCH2920,8122.18,UTR4310380561,0110,SUCCESS,TXN00016571,USR26547,MCH2920,UTR 4310380561,0,0,0,0,0,0,0
TXN00003043,2026-01-14 16:16:07,USR40081,MCH8506,2841.45,UTR3144949776,9120,SUCCESS,TXN00003043,USR40081,MCH8506,UTR3144949776,0,0,0,0,0,0,0
TXN00002809,2026-02-06 02:51:14,USR91065,MCH8513,11927.73,UTR6681277047,1310,SUCCESS,TXN00002809,USR91065,MCH8513,UTR 6681277047,0,0,0,0,0,0,0
TXN00000505,2026-01-11 01:22:26,USR47344,MCH2799,17121.43,UTR0665187053,4110,SUCCESS,TXN00000505,USR47344,MCH2799,UTR0665187053,0,0,0,0,0,0,0
TXN00007502,2026-05-03 06:16:55,USR70519,MCH2394,20824.01,UTR9770795757,,SUCCESS,TXN00007502,USR70519,MCH2394,UTR9770795757,0,0,1,0,0,0,0
TXN00008522,2026-01-25 16:04:14,USR49854,MCH9161,10615.48,UTR3671367692,8120,SUCCESS,TXN00008522,USR49854,MCH9161,UTR3671367692,0,0,0,0,0,0,0
TXN00010740,2026-01-14 10:30:32,USR49437,MCH5090,4887.41,UTR1965451448,8120,SUCCESS,TXN00010740,USR49437,MCH5090,UTR1965451448,0,0,0,0,0,0,0
TXN00019567,2026-01-28 11:38:48,USR53716,MCH7028,-9212.82,UTR6045737828,8120,SUCCESS,TXN00019567,USR53716,MCH7028,UTR6045737828,1,0,0,0,0,0,0
TXN00017340,2026-01-15 18:59:31,USR94651,MCH2269,359.7,UTR2373839080,4110,SUCCESS,TXN00017340,USR94651,MCH2269,UTR2373839080,0,0,0,0,0,0,0
TXN00019411,2026-01-30 00:00:00,USR59462,MCH8617,14213.39,UTR9580072464,1310,SUCCESS,TXN00019411,USR59462,MCH8617,UTR9580072464,0,0,0,0,0,0,0
TXN00000724,2026-02-25 06:06:40,USR89557,MCH1606,18530.61,UTR1215187562,9120,SUCCESS,TXN00000724,USR89557,MCH1606,UTR1215187562,0,0,0,0,0,0,0
TXN00010275,2026-01-19 09:29:03,USR61047,MCH7769,0.2305655,UTR1927136898,4110,SUCCESS,TXN00010275,USR61047,MCH7769,UTR 1927136898,0,0,0,0,0,0,0
TXN00018977,2026-02-06 09:09:02,USR11137,MCH3879,16104.14,UTR0772473073,1310,SUCCESS,TXN00018977,USR11137,MCH3879,UTR0772473073,0,0,0,0,0,0,0
TXN00017068,2026-01-28 16:09:47,USR60581,MCH2789,23945.75,UTR2035785401,4110,SUCCESS,TXN00017068,USR60581,MCH2789,UTR 2035785401,0,0,0,0,0,0,0
TXN00002895,2026-03-27 20:26:36,USR88326,MCH9187,3798.36,UTR6130602313,0110,SUCCESS,TXN00002895,USR88326,MCH9187,UTR6130602313,0,0,0,0,0,0,0
TXN00005216,2026-03-21 14:56:50,USR93080,MCH9229,0.152092,,,SUCCESS,TXN00005216,USR93080,MCH9229,,0,1,1,0,0,0,0
TXN00018688,2026-01-20 23:41:26,USR48909,MCH6274,3551.46,UTR9122606274,8120,SUCCESS,TXN00018688,USR48909,MCH6274,UTR9122606274,0,0,0,0,0,0,0
TXN00014788,2026-03-31 00:29:30,USR51286,MCH7249,13458.2,UTR9714230052,0110,SUCCESS,TXN00014788,USR51286,MCH7249,UTR9714230052,0,0,0,0,0,0,0
TXN00015363,2026-02-01 13:50:18,USR73810,MCH5876,3418.27,UTR3184244436,4110,SUCCESS,TXN00015363,USR73810,MCH5876,UTR3184244436,0,0,0,0,0,0,0
TXN00017965,2026-01-04 23:46:11,USR14735,MCH5476,13481.83,UTR5631170866,,SUCCESS,TXN00017965,USR14735,MCH5476,UTR5631170866,0,0,1,0,0,0,0
TXN00010611,2026-03-12 21:03:52,USR96885,MCH8671,13418.5,UTR7088514273,9120,FAILED,TXN00010611,USR96885,MCH8671,UTR7088514273,0,0,0,0,0,1,0
TXN00000336,2026-02-15 08:14:46,USR47350,MCH3913,1027.81,UTR7540137731,0110,SUCCESS,TXN00000336,USR47350,MCH3913,UTR7540137731,0,0,0,0,0,0,0
TXN00003473,2026-01-30 18:54:38,USR27301,MCH8090,15246.34,UTR3432135002,4110,FAILED,TXN00003473,USR27301,MCH8090,UTR3432135002,0,0,0,0,0,1,0
TXN00019649,2026-02-18 06:10:30,USR58347,MCH1490,14604.64,UTR2468553114,,SUCCESS,TXN00019649,USR58347,MCH1490,UTR 2468553114,0,0,1,0,0,0,0
TXN00009565,2026-03-09 00:06:27,USR40562,MCH1034,9485.23,,,FAILED,TXN00009565,USR40562,MCH1034,,0,1,1,0,0,1,0
TXN00017260,2026-01-09 00:00:00,USR53489,MCH4907,18781.33,UTR4498094165,4110,SUCCESS,TXN00017260,USR53489,MCH4907,UTR4498094165,0,0,0,0,0,0,0
TXN00016417,2026-03-12 00:51:07,USR55595,MCH2470,24175.73,,4110,SUCCESS,TXN00016417,USR55595,MCH2470,,0,1,0,0,0,0,0
TXN00010547,2026-02-26 19:21:49,USR72282,MCH1419,23827.29,UTR6166595603,9120,SUCCESS,TXN00010547,USR72282,MCH1419,UTR6166595603,0,0,0,0,0,0,0
TXN00008392,2026-05-01 06:00:30,USR92656,MCH3608,2249.9,UTR7398465625,0110,SUCCESS,TXN00008392,USR92656,MCH3608,UTR7398465625,0,0,0,0,0,0,0
TXN00016637,2026-02-28 00:00:00,USR64932,MCH8531,20674.06,UTR9943172927,4110,FAILED,TXN00016637,USR64932,MCH8531,UTR9943172927,0,0,0,0,0,1,0
TXN00003230,2026-03-17 05:48:58,USR71928,MCH5470,5566.81,UTR3035804960,0110,SUCCESS,TXN00003230,USR71928,MCH5470,UTR3035804960,0,0,0,0,0,0,0
TXN00019881,2026-07-02 04:19:48,USR34086,MCH8444,23661.99,UTR1939350613,9120,SUCCESS,TXN00019881,USR34086,MCH8444,UTR1939350613,0,0,0,0,0,0,0
TXN00019105,2026-02-25 22:12:16,USR51932,MCH6505,11495.7,,1310,SUCCESS,TXN00019105,USR51932,MCH6505,,0,1,0,0,0,0,0
TXN00018025,2026-03-25 09:38:22,USR43516,MCH1621,0.1727744,UTR8147039090,,SUCCESS,TXN00018025,USR43516,MCH1621,UTR8147039090,0,0,1,0,0,0,0
TXN00007851,2026-01-10 16:42:48,USR76211,MCH9006,7587.0,UTR0617937742,8120,SUCCESS,TXN00007851,USR76211,MCH9006,UTR0617937742,0,0,0,0,0,0,0
TXN00013229,2026-03-25 11:07:33,USR27985,MCH7507,2744.67,UTR2236083029,4110,SUCCESS,TXN00013229,USR27985,MCH7507,UTR2236083029,0,0,0,0,0,0,0
TXN00017122,2026-02-15 00:00:00,USR45296,MCH2780,13189.56,UTR2250042556,4110,SUCCESS,TXN00017122,USR45296,MCH2780,UTR2250042556,0,0,0,0,0,0,0
TXN00001906,2026-06-03 04:22:33,USR84692,MCH9448,5069.99,UTR8685468946,1310,SUCCESS,TXN00001906,USR84692,MCH9448,UTR8685468946,0,0,0,0,0,0,0
TXN00014844,2026-03-09 14:32:07,USR70436,MCH6897,14489.35,UTR7115563238,0110,SUCCESS,TXN00014844,USR70436,MCH6897,UTR7115563238,0,0,0,0,0,0,0
TXN00007316,2026-03-11 15:26:11,USR97872,MCH9959,24733.84,UTR1125970271,9120,SUCCESS,TXN00007316,USR97872,MCH9959,UTR1125970271,0,0,0,0,0,0,0
TXN00006899,2026-03-19 07:17:44,USR86475,MCH8905,8008.29,UTR6234314808,4110,SUCCESS,TXN00006899,USR86475,MCH8905,UTR6234314808,0,0,0,0,0,0,0
TXN00017590,2026-01-01 11:30:51,USR64926,MCH8289,16040.77,UTR9912042825,4110,SUCCESS,TXN00017590,USR64926,MCH8289,UTR9912042825,0,0,0,0,0,0,0
TXN00015279,2026-02-06 13:26:18,USR12214,MCH7490,0.890992,UTR2087330798,,FAILED,TXN00015279,USR12214,MCH7490,UTR2087330798,0,0,1,0,0,1,0
TXN00006284,2026-01-12 10:20:29,USR79822,MCH4559,17843.0,UTR8161095942,9120,SUCCESS,TXN00006284,USR79822,MCH4559,UTR8161095942,0,0,0,0,0,0,0
TXN00017811,2026-01-28 23:04:16,USR22883,MCH4686,21982.43,UTR7688030452,0110,SUCCESS,TXN00017811,USR22883,MCH4686,UTR7688030452,0,0,0,0,0,0,0
TXN00006080,2026-02-10 19:46:19,USR93447,MCH8699,8920.41,UTR8019198210,,FAILED,TXN00006080,USR93447,MCH8699,UTR8019198210,0,0,1,0,0,1,0
TXN00007820,2026-03-25 16:14:14,USR89526,MCH6690,14174.48,UTR4988323022,9120,SUCCESS,TXN00007820,USR89526,MCH6690,UTR4988323022,0,0,0,0,0,0,0
TXN00004265,2026-02-26 12:43:36,USR61949,MCH9548,16495.66,UTR1000385548,1310,FAILED,TXN00004265,USR61949,MCH9548,UTR1000385548,0,0,0,0,0,1,0
TXN00005172,2026-01-11 13:55:30,USR61721,MCH4224,14139.74,UTR4374256979,,SUCCESS,TXN00005172,USR61721,MCH4224,UTR4374256979,0,0,1,0,0,0,0
TXN00018428,2026-01-22 21:26:42,USR19898,MCH7225,9358.9,UTR9677189364,1310,PENDING,TXN00018428,USR19898,MCH7225,UTR9677189364,0,0,0,0,0,0,1
TXN00005072,2026-02-24 17:45:53,USR82913,MCH3121,18519.18,UTR2194427324,4110,SUCCESS,TXN00005072,USR82913,MCH3121,UTR2194427324,0,0,0,0,0,0,0
TXN00004512,2026-01-22 09:52:15,USR16260,MCH1207,11797.0,UTR5426410886,1310,SUCCESS,TXN00004512,USR16260,MCH1207,UTR5426410886,0,0,0,0,0,0,0
TXN00017384,2026-02-26 15:59:56,USR55583,MCH7764,12529.91,UTR6368000884,8120,SUCCESS,TXN00017384,USR55583,MCH7764,UTR6368000884,0,0,0,0,0,0,0
TXN00002571,2026-03-22 13:29:04,USR14716,MCH6014,10133.52,UTR0038260881,9120,SUCCESS,TXN00002571,USR14716,MCH6014,UTR0038260881,0,0,0,0,0,0,0
TXN00007265,2026-03-22 13:13:04,USR62297,MCH4140,20149.0,UTR8269881463,1310,SUCCESS,TXN00007265,USR62297,MCH4140,UTR8269881463,0,0,0,0,0,0,0
TXN00013510,2026-01-13 00:00:00,USR18020,MCH6175,0.1482054,UTR7200752197,9120,SUCCESS,TXN00013510,USR18020,MCH6175,UTR7200752197,0,0,0,0,0,0,0
TXN00002188,2026-03-22 21:51:21,USR39225,MCH7948,19153.96,UTR0580215367,8120,SUCCESS,TXN00002188,USR39225,MCH7948,UTR0580215367,0,0,0,0,0,0,0
TXN00005106,2026-05-03 19:37:44,USR30175,MCH9146,-2674.52,UTR6427749933,4110,PENDING,TXN00005106,USR30175,MCH9146,UTR6427749933,1,0,0,0,0,0,1
TXN00000665,2026-12-03 17:37:58,USR31818,MCH4392,2553.54,UTR6603604590,8120,PENDING,TXN00000665,USR31818,MCH4392,UTR6603604590,0,0,0,0,0,0,1
TXN00013388,2026-01-27 00:00:00,USR96392,MCH9197,4637.27,UTR4974067957,0110,SUCCESS,TXN00013388,USR96392,MCH9197,UTR4974067957,0,0,0,0,0,0,0
TXN00008967,2026-02-28 17:04:49,USR66864,MCH8181,0.1480194,UTR6623498214,4110,SUCCESS,TXN00008967,USR66864,MCH8181,UTR6623498214,0,0,0,0,0,0,0
TXN00002123,2026-03-17 10:09:29,USR76682,MCH4289,24178.49,UTR8024245278,4110,PENDING,TXN00002123,USR76682,MCH4289,UTR8024245278,0,0,0,0,0,0,1
TXN00003667,2026-01-05 17:25:26,USR84188,MCH2916,20981.12,UTR2812071207,8120,SUCCESS,TXN00003667,USR84188,MCH2916,UTR2812071207,0,0,0,0,0,0,0
TXN00019207,2026-01-10 09:47:24,USR33033,MCH8779,23830.03,UTR3935942150,9120,SUCCESS,TXN00019207,USR33033,MCH8779,UTR3935942150,0,0,0,0,0,0,0
TXN00019457,2026-03-25 21:17:14,USR98377,MCH4224,1981.79,UTR4358317491,4110,SUCCESS,TXN00019457,USR98377,MCH4224,UTR 4358317491,0,0,0,0,0,0,0
TXN00015483,2026-03-05 02:04:16,USR61577,MCH3211,15355.48,UTR5547492670,,SUCCESS,TXN00015483,USR61577,MCH3211,UTR5547492670,0,0,1,0,0,0,0
TXN00009975,2026-02-17 01:56:31,USR96758,MCH8610,11086.9,UTR8072474675,9120,SUCCESS,TXN00009975,USR96758,MCH8610,UTR8072474675,0,0,0,0,0,0,0
TXN00015753,2026-02-14 23:00:03,USR47947,MCH7446,7833.95,UTR1941701912,4110,SUCCESS,TXN00015753,USR47947,MCH7446,UTR1941701912,0,0,0,0,0,0,0
TXN00013863,2026-02-21 03:49:41,USR88750,MCH3434,0.765201,UTR8320138277,4110,SUCCESS,TXN00013863,USR88750,MCH3434,UTR8320138277,0,0,0,0,0,0,0
TXN00014690,2026-02-14 00:58:18,USR38618,MCH3589,9292.13,UTR3848404228,,SUCCESS,TXN00014690,USR38618,MCH3589,UTR3848404228,0,0,1,0,0,0,0
TXN00018733,2026-02-23 16:30:12,USR13710,MCH2006,0.1540888,UTR3887739802,8120,PENDING,TXN00018733,USR13710,MCH2006,UTR3887739802,0,0,0,0,0,0,1
TXN00003331,2026-03-29 21:13:55,USR37426,MCH9176,0.1551564,UTR9592242454,8120,SUCCESS,TXN00003331,USR37426,MCH9176,UTR9592242454,0,0,0,0,0,0,0
TXN00009861,2026-02-16 22:05:46,USR28463,MCH1356,21227.37,UTR8720234179,0110,SUCCESS,TXN00009861,USR28463,MCH1356,UTR8720234179,0,0,0,0,0,0,0
TXN00017976,2026-02-25 00:25:08,USR29560,MCH6165,4972.59,UTR2789802768,4110,FAILED,TXN00017976,USR29560,MCH6165,UTR2789802768,0,0,0,0,0,1,0
TXN00009666,2026-03-09 09:16:36,USR51158,MCH7237,18617.65,UTR8171962799,4110,SUCCESS,TXN00009666,USR51158,MCH7237,UTR8171962799,0,0,0,0,0,0,0
TXN00017881,2026-01-30 13:46:29,USR29961,MCH4916,0.728782,UTR8326071205,0110,SUCCESS,TXN00017881,USR29961,MCH4916,UTR8326071205,0,0,0,0,0,0,0
TXN00011323,2026-01-10 14:55:58,USR85383,MCH4368,5805.21,UTR1851124794,4110,SUCCESS,TXN00011323,USR85383,MCH4368,UTR1851124794,0,0,0,0,0,0,0
TXN00011472,2026-01-23 09:51:13,USR49131,MCH9119,5394.89,UTR5984688766,9120,SUCCESS,TXN00011472,USR49131,MCH9119,UTR5984688766,0,0,0,0,0,0,0
TXN00019173,2026-03-23 01:14:09,USR48542,MCH1047,5917.73,UTR9489646980,,FAILED,TXN00019173,USR48542,MCH1047,UTR9489646980,0,0,1,0,0,1,0
TXN00005806,2026-03-14 00:00:00,USR54740,MCH8707,2219.04,UTR1546649281,,SUCCESS,TXN00005806,USR54740,MCH8707,UTR1546649281,0,0,1,0,0,0,0
TXN00003358,2026-01-28 21:19:46,USR59140,MCH4860,9576.14,UTR8519239300,4110,SUCCESS,TXN00003358,USR59140,MCH4860,UTR8519239300,0,0,0,0,0,0,0
TXN00014947,2026-01-01 07:11:16,USR68511,MCH3759,1239.23,UTR5677298904,,SUCCESS,TXN00014947,USR68511,MCH3759,UTR 5677298904,0,0,1,0,0,0,0
TXN00019230,2026-03-13 07:48:07,USR91456,MCH6235,18333.16,UTR1899147152,4110,SUCCESS,TXN00019230,USR91456,MCH6235,UTR1899147152,0,0,0,0,0,0,0
TXN00010109,2026-03-03 22:50:27,USR10197,MCH6735,7997.26,UTR5843990621,,SUCCESS,TXN00010109,USR10197,MCH6735,UTR5843990621,0,0,1,0,0,0,0
TXN00004530,2026-02-25 14:31:13,USR82398,MCH6032,4527.82,,9120,PENDING,TXN00004530,USR82398,MCH6032,,0,1,0,0,0,0,1
TXN00010145,2026-02-01 09:35:10,USR75121,MCH4924,0.1562681,UTR4103393391,9120,SUCCESS,TXN00010145,USR75121,MCH4924,UTR4103393391,0,0,0,0,0,0,0
TXN00016929,2026-03-11 03:33:42,USR30987,MCH3680,1589.98,UTR8764693869,4110,SUCCESS,TXN00016929,USR30987,MCH3680,UTR8764693869,0,0,0,0,0,0,0
TXN00019417,2026-02-17 02:16:17,USR37314,MCH7172,-7112.8,UTR7466182335,4110,SUCCESS,TXN00019417,USR37314,MCH7172,UTR7466182335,1,0,0,0,0,0,0
TXN00000871,2026-03-10 14:04:33,USR20413,MCH4699,9339.0,UTR7543268307,1310,SUCCESS,TXN00000871,USR20413,MCH4699,UTR 7543268307,0,0,0,0,0,0,0
TXN00010074,2026-02-02 18:12:51,USR88404,MCH7156,7599.99,UTR9154196092,0110,SUCCESS,TXN00010074,USR88404,MCH7156,UTR9154196092,0,0,0,0,0,0,0
TXN00013220,2026-01-05 08:49:10,USR25029,MCH1201,9015.85,UTR8294729309,0110,SUCCESS,TXN00013220,USR25029,MCH1201,UTR 8294729309,0,0,0,0,0,0,0
TXN00006188,2026-02-27 03:42:07,USR33467,MCH9481,7437.38,UTR9825116587,0110,SUCCESS,TXN00006188,USR33467,MCH9481,UTR9825116587,0,0,0,0,0,0,0
TXN00011867,2026-02-11 01:21:22,USR47143,MCH9488,2041.0,UTR4589221618,,SUCCESS,TXN00011867,USR47143,MCH9488,UTR4589221618,0,0,1,0,0,0,0
TXN00008889,2026-03-05 08:22:17,USR59560,MCH6157,7781.0,UTR1430312471,4110,FAILED,TXN00008889,USR59560,MCH6157,UTR1430312471,0,0,0,0,0,1,0
TXN00003501,2026-03-10 03:38:25,USR62602,MCH1274,7170.12,,9120,SUCCESS,TXN00003501,USR62602,MCH1274,,0,1,0,0,0,0,0
TXN00014939,2026-02-06 17:49:08,USR71637,MCH9842,9178.04,UTR2454138185,,SUCCESS,TXN00014939,USR71637,MCH9842,UTR2454138185,0,0,1,0,0,0,0
TXN00002677,2026-03-08 11:25:33,USR88846,MCH9123,9200.97,UTR7533767919,8120,SUCCESS,TXN00002677,USR88846,MCH9123,UTR7533767919,0,0,0,0,0,0,0
TXN00005403,2026-02-17 14:47:58,USR23643,MCH9827,23953.87,,1310,SUCCESS,TXN00005403,USR23643,MCH9827,,0,1,0,0,0,0,0
TXN00014791,2026-10-03 13:15:42,USR46974,MCH5303,11395.51,UTR5596365560,1310,SUCCESS,TXN00014791,USR46974,MCH5303,UTR5596365560,0,0,0,0,0,0,0
TXN00018886,2026-01-22 03:36:35,USR32510,MCH1076,17918.0,UTR9034264254,4110,SUCCESS,TXN00018886,USR32510,MCH1076,UTR9034264254,0,0,0,0,0,0,0
TXN00000280,2026-03-07 05:08:38,USR82067,MCH9213,19896.86,UTR8299460099,,SUCCESS,TXN00000280,USR82067,MCH9213,UTR8299460099,0,0,1,0,0,0,0
TXN00006994,2026-02-26 20:33:56,USR72858,MCH7052,2093.64,UTR0311480595,0110,SUCCESS,TXN00006994,USR72858,MCH7052,UTR 0311480595,0,0,0,0,0,0,0
TXN00005889,2026-02-08 12:56:33,USR20499,MCH9068,20022.44,UTR4176045646,0110,SUCCESS,TXN00005889,USR20499,MCH9068,UTR4176045646,0,0,0,0,0,0,0
TXN00003477,2026-02-18 18:57:27,USR67422,MCH7391,24023.39,UTR4486186764,4110,SUCCESS,TXN00003477,USR67422,MCH7391,UTR4486186764,0,0,0,0,0,0,0
TXN00017522,2026-01-13 17:23:14,USR59309,MCH1108,14906.0,UTR1219122382,8120,SUCCESS,TXN00017522,USR59309,MCH1108,UTR1219122382,0,0,0,0,0,0,0
TXN00008624,2026-03-17 11:31:00,USR47469,MCH2537,21211.96,UTR8582618454,4110,SUCCESS,TXN00008624,USR47469,MCH2537,UTR8582618454,0,0,0,0,0,0,0
TXN00014421,2026-01-20 00:00:00,USR83539,MCH6017,0.2377776,UTR6013378951,9120,SUCCESS,TXN00014421,USR83539,MCH6017,UTR6013378951,0,0,0,0,0,0,0
TXN00017896,2026-02-01 07:35:58,USR13843,MCH3871,16995.92,UTR0091851966,4110,SUCCESS,TXN00017896,USR13843,MCH3871,UTR0091851966,0,0,0,0,0,0,0
TXN00007887,2026-02-08 16:20:37,USR88086,MCH2649,5259.08,UTR3631697692,4110,SUCCESS,TXN00007887,USR88086,MCH2649,UTR3631697692,0,0,0,0,0,0,0
TXN00019560,2026-01-10 22:53:26,USR29662,MCH6454,8456.52,UTR3403940377,8120,SUCCESS,TXN00019560,USR29662,MCH6454,UTR3403940377,0,0,0,0,0,0,0
TXN00016024,2026-03-27 19:57:56,USR36548,MCH7851,0.1103431,UTR5745415335,0110,SUCCESS,TXN00016024,USR36548,MCH7851,UTR5745415335,0,0,0,0,0,0,0
TXN00008254,2026-02-12 03:40:11,USR21808,MCH8324,15572.3,UTR7404314300,0110,SUCCESS,TXN00008254,USR21808,MCH8324,UTR7404314300,0,0,0,0,0,0,0
TXN00017979,2026-02-03 16:33:48,USR39761,MCH6756,10974.04,UTR3238428273,1310,SUCCESS,TXN00017979,USR39761,MCH6756,UTR3238428273,0,0,0,0,0,0,0
TXN00008503,2026-03-24 00:39:09,USR87982,MCH9912,7023.08,UTR8990511371,0110,SUCCESS,TXN00008503,USR87982,MCH9912,UTR8990511371,0,0,0,0,0,0,0
TXN00019828,2026-02-02 03:22:03,USR51208,MCH6419,8126.57,UTR0281105214,,SUCCESS,TXN00019828,USR51208,MCH6419,UTR0281105214,0,0,1,0,0,0,0
TXN00003534,2026-02-25 14:29:29,USR11467,MCH1118,7491.59,UTR5699265395,9120,FAILED,TXN00003534,USR11467,MCH1118,UTR5699265395,0,0,0,0,0,1,0
TXN00017659,2026-01-20 23:45:40,USR26847,MCH6138,2036.06,UTR5669002721,0110,SUCCESS,TXN00017659,USR26847,MCH6138,UTR5669002721,0,0,0,0,0,0,0
TXN00016340,2026-02-07 10:00:27,USR75446,MCH8162,9593.71,UTR0891169989,4110,SUCCESS,TXN00016340,USR75446,MCH8162,UTR0891169989,0,0,0,0,0,0,0
TXN00009023,2026-03-04 06:33:21,USR39479,MCH2726,12130.0,UTR9774928402,9120,SUCCESS,TXN00009023,USR39479,MCH2726,UTR9774928402,0,0,0,0,0,0,0
TXN00012690,2026-03-14 17:53:20,USR13312,MCH5554,10685.8,UTR1663966261,4110,SUCCESS,TXN00012690,USR13312,MCH5554,UTR1663966261,0,0,0,0,0,0,0
TXN00013580,2026-01-20 02:45:22,USR67565,MCH8455,16807.0,UTR7770832047,4110,SUCCESS,TXN00013580,USR67565,MCH8455,UTR7770832047,0,0,0,0,0,0,0
TXN00016641,2026-03-01 17:21:30,USR93575,MCH4694,16214.11,UTR2488211509,,SUCCESS,TXN00016641,USR93575,MCH4694,UTR2488211509,0,0,1,0,0,0,0
TXN00002484,2026-03-14 16:12:59,USR29221,MCH3332,3728.41,UTR9522906665,,SUCCESS,TXN00002484,USR29221,MCH3332,UTR9522906665,0,0,1,0,0,0,0
TXN00005474,2026-01-30 18:56:59,USR26014,MCH3734,17542.12,UTR3201982716,1310,SUCCESS,TXN00005474,USR26014,MCH3734,UTR3201982716,0,0,0,0,0,0,0
TXN00016166,2026-01-26 15:15:12,USR98111,MCH2740,20857.62,UTR2681875225,1310,SUCCESS,TXN00016166,USR98111,MCH2740,UTR2681875225,0,0,0,0,0,0,0
TXN00009311,2026-01-21 03:06:57,USR77036,MCH1422,6629.01,UTR3431510787,8120,SUCCESS,TXN00009311,USR77036,MCH1422,UTR 3431510787,0,0,0,0,0,0,0
TXN00005090,2026-01-24 19:11:13,USR27383,MCH9984,2989.07,UTR4915571412,9120,SUCCESS,TXN00005090,USR27383,MCH9984,UTR4915571412,0,0,0,0,0,0,0
TXN00018062,2026-02-24 17:59:59,USR66224,MCH9961,22301.72,UTR5781659320,0110,PENDING,TXN00018062,USR66224,MCH9961,UTR5781659320,0,0,0,0,0,0,1
TXN00009954,2026-01-27 17:18:08,USR82892,MCH7255,0.629018,UTR0458801985,,SUCCESS,TXN00009954,USR82892,MCH7255,UTR0458801985,0,0,1,0,0,0,0
TXN00013677,2026-01-03 12:31:09,USR96477,MCH1745,9337.81,UTR2885417898,9120,FAILED,TXN00013677,USR96477,MCH1745,UTR2885417898,0,0,0,0,0,1,0
TXN00016954,2026-02-21 23:49:12,USR13151,MCH6008,24305.81,UTR9209872415,1310,SUCCESS,TXN00016954,USR13151,MCH6008,UTR9209872415,0,0,0,0,0,0,0
TXN00002885,2026-01-03 13:14:46,USR29152,MCH6305,1734.5,UTR4522388335,8120,PENDING,TXN00002885,USR29152,MCH6305,UTR4522388335,0,0,0,0,0,0,1
TXN00000899,2026-03-15 03:43:27,USR41973,MCH8924,334.92,UTR4992970397,8120,SUCCESS,TXN00000899,USR41973,MCH8924,UTR 4992970397,0,0,0,0,0,0,0
TXN00013735,2026-03-05 20:29:52,USR73511,MCH6804,18102.98,UTR3989872956,,SUCCESS,TXN00013735,USR73511,MCH6804,UTR3989872956,0,0,1,0,0,0,0
TXN00013784,2026-03-04 00:26:06,USR65694,MCH4037,0.703289,UTR5025189424,4110,SUCCESS,TXN00013784,USR65694,MCH4037,UTR5025189424,0,0,0,0,0,0,0
TXN00000709,2026-02-01 16:03:40,USR70583,MCH4643,6373.47,UTR5604182217,9120,SUCCESS,TXN00000709,USR70583,MCH4643,UTR5604182217,0,0,0,0,0,0,0
TXN00012746,2026-09-03 00:07:56,USR39473,MCH2383,6220.91,UTR6658300964,8120,SUCCESS,TXN00012746,USR39473,MCH2383,UTR6658300964,0,0,0,0,0,0,0
TXN00013421,2026-03-18 10:33:14,USR14784,MCH3137,23337.49,UTR7902857822,1310,SUCCESS,TXN00013421,USR14784,MCH3137,UTR7902857822,0,0,0,0,0,0,0
TXN00015728,2026-03-22 18:03:46,USR46174,MCH9423,18078.63,UTR7584068413,,SUCCESS,TXN00015728,USR46174,MCH9423,UTR7584068413,0,0,1,0,0,0,0
TXN00016788,2026-03-10 23:56:46,USR88674,MCH1529,15331.56,UTR6980118110,9120,FAILED,TXN00016788,USR88674,MCH1529,UTR6980118110,0,0,0,0,0,1,0
TXN00009755,2026-09-02 05:50:53,USR64106,MCH2451,5548.97,UTR5574741091,4110,SUCCESS,TXN00009755,USR64106,MCH2451,UTR5574741091,0,0,0,0,0,0,0
TXN00002268,2026-03-15 00:00:00,USR67523,MCH4691,17568.82,,9120,SUCCESS,TXN00002268,USR67523,MCH4691,,0,1,0,0,0,0,0
TXN00008029,2026-01-04 09:55:01,USR69905,MCH1672,13115.66,UTR6632379307,8120,SUCCESS,TXN00008029,USR69905,MCH1672,UTR6632379307,0,0,0,0,0,0,0
TXN00016216,2026-02-08 09:29:47,USR18136,MCH3673,16141.89,UTR9427870729,8120,PENDING,TXN00016216,USR18136,MCH3673,UTR9427870729,0,0,0,0,0,0,1
TXN00013183,2026-01-09 00:00:00,USR51991,MCH1257,2798.96,UTR6171033649,0110,SUCCESS,TXN00013183,USR51991,MCH1257,UTR6171033649,0,0,0,0,0,0,0
TXN00008546,2026-03-08 23:09:43,USR95713,MCH4272,0.128457,UTR6026714164,8120,SUCCESS,TXN00008546,USR95713,MCH4272,UTR6026714164,0,0,0,0,0,0,0
TXN00000564,2026-02-23 15:28:36,USR20891,MCH6967,373.0,UTR9318270750,,SUCCESS,TXN00000564,USR20891,MCH6967,UTR9318270750,0,0,1,0,0,0,0
TXN00013038,2026-02-20 09:13:46,USR66360,MCH3844,11109.16,UTR2747333711,9120,SUCCESS,TXN00013038,USR66360,MCH3844,UTR2747333711,0,0,0,0,0,0,0
TXN00006222,2026-01-21 12:06:32,USR30173,MCH9499,17683.64,UTR2533875816,1310,SUCCESS,TXN00006222,USR30173,MCH9499,UTR2533875816,0,0,0,0,0,0,0
TXN00009325,2026-01-20 12:48:00,USR26342,MCH7998,4566.56,UTR8949609653,4110,SUCCESS,TXN00009325,USR26342,MCH7998,UTR8949609653,0,0,0,0,0,0,0
TXN00019534,2026-02-21 23:44:30,USR68346,MCH7903,21865.74,UTR1599981766,4110,SUCCESS,TXN00019534,USR68346,MCH7903,UTR1599981766,0,0,0,0,0,0,0
TXN00005608,2026-01-10 07:30:01,USR74536,MCH7778,22271.9,UTR0564962292,4110,SUCCESS,TXN00005608,USR74536,MCH7778,UTR0564962292,0,0,0,0,0,0,0
TXN00000151,2026-01-26 17:12:55,USR84542,MCH4785,22707.56,UTR9260307499,4110,SUCCESS,TXN00000151,USR84542,MCH4785,UTR 9260307499,0,0,0,0,0,0,0
TXN00018902,2026-01-27 19:27:46,USR15951,MCH5706,0.1228105,UTR3524140127,8120,SUCCESS,TXN00018902,USR15951,MCH5706,UTR3524140127,0,0,0,0,0,0,0
TXN00006859,2026-02-22 17:28:06,USR23582,MCH3812,22740.57,UTR0353253806,1310,SUCCESS,TXN00006859,USR23582,MCH3812,UTR0353253806,0,0,0,0,0,0,0
TXN00000236,2026-02-28 03:38:31,USR77135,MCH5915,18064.08,UTR5357839527,0110,SUCCESS,TXN00000236,USR77135,MCH5915,UTR5357839527,0,0,0,0,0,0,0
TXN00019070,2026-02-05 04:12:47,USR46636,MCH7405,2963.74,UTR3501798729,4110,SUCCESS,TXN00019070,USR46636,MCH7405,UTR3501798729,0,0,0,0,0,0,0
TXN00005114,2026-02-21 10:33:26,USR14604,MCH3937,17525.0,UTR0368088416,8120,SUCCESS,TXN00005114,USR14604,MCH3937,UTR0368088416,0,0,0,0,0,0,0
TXN00007464,2026-01-10 11:41:48,USR31702,MCH5191,9213.7,UTR7127991292,9120,SUCCESS,TXN00007464,USR31702,MCH5191,UTR7127991292,0,0,0,0,0,0,0
TXN00008188,2026-02-02 01:32:06,USR72590,MCH7325,23403.78,UTR0407397482,,SUCCESS,TXN00008188,USR72590,MCH7325,UTR 0407397482,0,0,1,0,0,0,0
TXN00014535,2026-01-02 06:58:18,USR66980,MCH3605,0.193538,UTR3912305214,0110,SUCCESS,TXN00014535,USR66980,MCH3605,UTR3912305214,0,0,0,0,0,0,0
TXN00007249,2026-03-30 03:09:18,USR68796,MCH2060,4080.94,UTR5436853930,,SUCCESS,TXN00007249,USR68796,MCH2060,UTR5436853930,0,0,1,0,0,0,0
TXN00013668,2026-02-11 13:33:31,USR79019,MCH2707,7129.87,UTR9359654650,1310,SUCCESS,TXN00013668,USR79019,MCH2707,UTR9359654650,0,0,0,0,0,0,0
TXN00013858,2026-05-02 21:19:30,USR34791,MCH9529,21898.38,UTR3281889811,1310,SUCCESS,TXN00013858,USR34791,MCH9529,UTR3281889811,0,0,0,0,0,0,0
TXN00018325,2026-03-25 08:49:54,USR55109,MCH5066,0.643165,UTR9746161563,4110,SUCCESS,TXN00018325,USR55109,MCH5066,UTR9746161563,0,0,0,0,0,0,0
TXN00006326,2026-01-08 06:52:30,USR58395,MCH1872,4841.55,UTR5083664451,1310,SUCCESS,TXN00006326,USR58395,MCH1872,UTR5083664451,0,0,0,0,0,0,0
TXN00018195,2026-03-02 00:00:00,USR34202,MCH1617,14371.98,UTR5604221412,9120,SUCCESS,TXN00018195,USR34202,MCH1617,UTR5604221412,0,0,0,0,0,0,0
TXN00010739,2026-01-20 21:00:53,USR31605,MCH8804,5626.5,UTR9048888305,8120,SUCCESS,TXN00010739,USR31605,MCH8804,UTR9048888305,0,0,0,0,0,0,0
TXN00007553,2026-02-23 10:56:08,USR17679,MCH1656,16553.0,UTR0999362173,9120,SUCCESS,TXN00007553,USR17679,MCH1656,UTR0999362173,0,0,0,0,0,0,0
TXN00012803,2026-03-16 15:58:37,USR81518,MCH2059,17409.62,,4110,SUCCESS,TXN00012803,USR81518,MCH2059,,0,1,0,0,0,0,0
TXN00000357,2026-02-10 00:00:00,USR11602,MCH6012,672.52,UTR1899162815,1310,SUCCESS,TXN00000357,USR11602,MCH6012,UTR1899162815,0,0,0,0,0,0,0
TXN00015552,2026-03-31 20:53:16,USR82327,MCH3134,7677.88,UTR6232731351,0110,SUCCESS,TXN00015552,USR82327,MCH3134,UTR6232731351,0,0,0,0,0,0,0
TXN00014037,2026-01-19 12:13:44,USR32224,MCH8956,0.722785,UTR0471076379,4110,SUCCESS,TXN00014037,USR32224,MCH8956,UTR0471076379,0,0,0,0,0,0,0
TXN00012541,2026-01-13 03:28:46,USR28850,MCH5111,1976.0,UTR7457455806,4110,SUCCESS,TXN00012541,USR28850,MCH5111,UTR 7457455806,0,0,0,0,0,0,0
TXN00000037,2026-03-20 14:06:34,USR64994,MCH9697,7622.3,UTR1548930780,9120,SUCCESS,TXN00000037,USR64994,MCH9697,UTR1548930780,0,0,0,0,0,0,0
TXN00007221,2026-03-15 12:25:04,USR70390,MCH9179,-23652.43,UTR2049598575,9120,SUCCESS,TXN00007221,USR70390,MCH9179,UTR2049598575,1,0,0,0,0,0,0
TXN00001510,2026-02-25 12:23:06,USR78888,MCH1349,19124.43,UTR4249151224,8120,SUCCESS,TXN00001510,USR78888,MCH1349,UTR 4249151224,0,0,0,0,0,0,0
TXN00008954,2026-02-27 21:37:16,USR55061,MCH6380,0.1412483,UTR6900909788,4110,SUCCESS,TXN00008954,USR55061,MCH6380,UTR6900909788,0,0,0,0,0,0,0
TXN00009079,2026-03-28 19:56:07,USR85063,MCH1038,18068.07,,,SUCCESS,TXN00009079,USR85063,MCH1038,,0,1,1,0,0,0,0
TXN00012764,2026-03-01 04:36:03,USR66261,MCH4345,15335.95,UTR2243476746,4110,SUCCESS,TXN00012764,USR66261,MCH4345,UTR2243476746,0,0,0,0,0,0,0
TXN00008045,2026-02-22 08:37:52,USR97614,MCH4548,11280.15,UTR7679900031,1310,SUCCESS,TXN00008045,USR97614,MCH4548,UTR7679900031,0,0,0,0,0,0,0
TXN00003703,2026-01-30 04:13:04,USR93026,MCH3195,7945.57,UTR8483357387,,FAILED,TXN00003703,USR93026,MCH3195,UTR8483357387,0,0,1,0,0,1,0
TXN00018296,2026-03-27 16:11:50,USR19667,MCH6726,16490.4,UTR5167035367,8120,SUCCESS,TXN00018296,USR19667,MCH6726,UTR5167035367,0,0,0,0,0,0,0
TXN00006090,2026-01-12 10:27:02,USR40926,MCH6087,538.53,UTR6178245576,0110,SUCCESS,TXN00006090,USR40926,MCH6087,UTR6178245576,0,0,0,0,0,0,0
TXN00003975,2026-02-09 08:22:00,USR45695,MCH9595,6795.0,UTR4946613656,4110,SUCCESS,TXN00003975,USR45695,MCH9595,UTR4946613656,0,0,0,0,0,0,0
TXN00005009,2026-03-13 22:08:32,USR40317,MCH7960,0.455362,UTR9407411071,8120,SUCCESS,TXN00005009,USR40317,MCH7960,UTR9407411071,0,0,0,0,0,0,0
TXN00015952,2026-03-04 12:19:59,USR69482,MCH3556,2903.96,UTR2358631179,4110,SUCCESS,TXN00015952,USR69482,MCH3556,UTR2358631179,0,0,0,0,0,0,0
TXN00006221,2026-01-13 17:43:53,USR75172,MCH8332,19963.35,UTR2392216122,9120,SUCCESS,TXN00006221,USR75172,MCH8332,UTR2392216122,0,0,0,0,0,0,0
TXN00005881,2026-02-04 23:44:05,USR16280,MCH8400,5114.37,UTR6266937959,4110,SUCCESS,TXN00005881,USR16280,MCH8400,UTR6266937959,0,0,0,0,0,0,0
TXN00012428,2026-02-15 11:01:47,USR82326,MCH2783,14844.0,UTR1427350186,0110,SUCCESS,TXN00012428,USR82326,MCH2783,UTR1427350186,0,0,0,0,0,0,0
TXN00012792,2026-04-03 19:50:09,USR81582,MCH8887,4367.17,UTR5523829359,0110,SUCCESS,TXN00012792,USR81582,MCH8887,UTR5523829359,0,0,0,0,0,0,0
TXN00014135,2026-02-02 01:32:22,USR62215,MCH9828,17623.56,UTR8808863440,4110,SUCCESS,TXN00014135,USR62215,MCH9828,UTR8808863440,0,0,0,0,0,0,0
TXN00010750,2026-03-26 13:52:59,USR67172,MCH9100,394.0,UTR8749425566,1310,SUCCESS,TXN00010750,USR67172,MCH9100,UTR8749425566,0,0,0,0,0,0,0
TXN00007718,2026-03-21 17:14:33,USR11785,MCH5330,23058.0,UTR1002305969,4110,SUCCESS,TXN00007718,USR11785,MCH5330,UTR 1002305969,0,0,0,0,0,0,0
TXN00004384,2026-01-18 21:48:13,USR67060,MCH3182,14154.8,UTR7237047315,9120,SUCCESS,TXN00004384,USR67060,MCH3182,UTR7237047315,0,0,0,0,0,0,0
TXN00005782,2026-02-07 04:33:21,USR89525,MCH5318,10135.88,UTR0898140636,4110,SUCCESS,TXN00005782,USR89525,MCH5318,UTR0898140636,0,0,0,0,0,0,0
TXN00013692,2026-01-19 19:09:16,USR65441,MCH5559,1004.74,UTR0916846498,4110,PENDING,TXN00013692,USR65441,MCH5559,UTR0916846498,0,0,0,0,0,0,1
TXN00009157,2026-01-01 08:13:56,USR51724,MCH2860,23316.82,UTR9501387310,0110,SUCCESS,TXN00009157,USR51724,MCH2860,UTR9501387310,0,0,0,0,0,0,0
TXN00014389,2026-03-07 12:58:00,USR16493,MCH1052,9156.72,UTR9225305246,,SUCCESS,TXN00014389,USR16493,MCH1052,UTR9225305246,0,0,1,0,0,0,0
TXN00011801,2026-03-18 16:03:50,USR81011,MCH4671,4436.62,UTR5093706330,1310,SUCCESS,TXN00011801,USR81011,MCH4671,UTR5093706330,0,0,0,0,0,0,0
TXN00004142,2026-03-29 11:47:57,USR53273,MCH6909,3373.06,UTR7482899381,,FAILED,TXN00004142,USR53273,MCH6909,UTR7482899381,0,0,1,0,0,1,0
TXN00019437,2026-02-01 14:13:48,USR35467,MCH8711,11090.46,UTR3234669897,9120,PENDING,TXN00019437,USR35467,MCH8711,UTR3234669897,0,0,0,0,0,0,1
TXN00017918,2026-01-03 00:17:53,USR67855,MCH6931,20220.47,UTR8792955117,4110,SUCCESS,TXN00017918,USR67855,MCH6931,UTR8792955117,0,0,0,0,0,0,0
TXN00000238,2026-02-17 10:32:01,USR49397,MCH2179,0.61766,UTR9874351522,,FAILED,TXN00000238,USR49397,MCH2179,UTR9874351522,0,0,1,0,0,1,0
TXN00009256,2026-02-10 04:07:32,USR30207,MCH2271,8187.26,UTR5739395949,9120,PENDING,TXN00009256,USR30207,MCH2271,UTR5739395949,0,0,0,0,0,0,1
TXN00016197,2026-03-05 11:31:19,USR45674,MCH1345,17755.67,UTR9772990210,4110,SUCCESS,TXN00016197,USR45674,MCH1345,UTR9772990210,0,0,0,0,0,0,0
TXN00019035,2026-03-06 00:02:31,USR95256,MCH2326,8201.37,UTR7909641728,0110,SUCCESS,TXN00019035,USR95256,MCH2326,UTR7909641728,0,0,0,0,0,0,0
TXN00000383,2026-02-17 03:37:33,USR53917,MCH1782,15727.28,UTR6469588772,4110,SUCCESS,TXN00000383,USR53917,MCH1782,UTR6469588772,0,0,0,0,0,0,0
TXN00003544,2026-01-20 22:37:12,USR79536,MCH4976,0.85727,UTR4068693270,4110,PENDING,TXN00003544,USR79536,MCH4976,UTR4068693270,0,0,0,0,0,0,1
TXN00005191,2026-01-09 18:41:45,USR20953,MCH9228,-8310.99,UTR0897384349,8120,FAILED,TXN00005191,USR20953,MCH9228,UTR0897384349,1,0,0,0,0,1,0
TXN00003630,2026-03-11 19:36:37,USR80161,MCH5571,15686.95,UTR4174644289,4110,SUCCESS,TXN00003630,USR80161,MCH5571,UTR4174644289,0,0,0,0,0,0,0
TXN00006667,2026-03-23 20:30:20,USR70689,MCH6948,8306.7,UTR7010404233,,FAILED,TXN00006667,USR70689,MCH6948,UTR7010404233,0,0,1,0,0,1,0
TXN00009231,2026-02-04 23:18:01,USR96844,MCH6240,11903.8,UTR1586181446,1310,SUCCESS,TXN00009231,USR96844,MCH6240,UTR1586181446,0,0,0,0,0,0,0
TXN00012860,2026-02-08 04:22:36,USR37282,MCH3257,5444.93,UTR1587589317,,SUCCESS,TXN00012860,USR37282,MCH3257,UTR1587589317,0,0,1,0,0,0,0
TXN00017435,2026-03-20 13:12:03,USR66360,MCH2019,2048.97,UTR2662054836,0110,SUCCESS,TXN00017435,USR66360,MCH2019,UTR 2662054836,0,0,0,0,0,0,0
TXN00017367,2026-03-20 13:08:02,USR64240,MCH3128,18180.05,UTR1396681172,4110,FAILED,TXN00017367,USR64240,MCH3128,UTR1396681172,0,0,0,0,0,1,0
TXN00015185,2026-01-29 07:13:58,USR64305,MCH6017,274.0,UTR3392493075,9120,SUCCESS,TXN00015185,USR64305,MCH6017,UTR3392493075,0,0,0,0,0,0,0
TXN00003350,2026-03-05 09:21:01,USR56860,MCH5803,6045.1,UTR0125599789,0110,SUCCESS,TXN00003350,USR56860,MCH5803,UTR0125599789,0,0,0,0,0,0,0
TXN00012868,2026-02-25 18:48:55,USR61657,MCH6042,4476.0,UTR5584794160,9120,FAILED,TXN00012868,USR61657,MCH6042,UTR5584794160,0,0,0,0,0,1,0
TXN00005209,2026-02-04 12:56:26,USR21715,MCH8399,21740.0,UTR4837785511,8120,SUCCESS,TXN00005209,USR21715,MCH8399,UTR4837785511,0,0,0,0,0,0,0
TXN00019472,2026-06-01 21:40:54,USR49512,MCH5772,24387.51,UTR0376184583,8120,SUCCESS,TXN00019472,USR49512,MCH5772,UTR 0376184583,0,0,0,0,0,0,0
TXN00000770,2026-01-05 11:41:08,USR43806,MCH9356,20533.22,UTR5467837631,4110,SUCCESS,TXN00000770,USR43806,MCH9356,UTR5467837631,0,0,0,0,0,0,0
TXN00013067,2026-01-21 15:29:34,USR63022,MCH2446,-15253.44,UTR6714817147,4110,SUCCESS,TXN00013067,USR63022,MCH2446,UTR 6714817147,1,0,0,0,0,0,0
TXN00016039,2026-02-16 00:57:45,USR35757,MCH9653,14615.9,UTR5379572779,0110,SUCCESS,TXN00016039,USR35757,MCH9653,UTR5379572779,0,0,0,0,0,0,0
TXN00005722,2026-02-11 02:32:06,USR94115,MCH2693,10579.36,UTR1867066647,1310,SUCCESS,TXN00005722,USR94115,MCH2693,UTR1867066647,0,0,0,0,0,0,0
TXN00004559,2026-03-25 17:04:14,USR31215,MCH8484,23294.0,,8120,SUCCESS,TXN00004559,USR31215,MCH8484,,0,1,0,0,0,0,0
TXN00013117,2026-03-26 12:14:27,USR45851,MCH3533,8279.41,UTR6797994598,4110,SUCCESS,TXN00013117,USR45851,MCH3533,UTR6797994598,0,0,0,0,0,0,0
TXN00017855,2026-02-27 16:07:56,USR52580,MCH4579,2260.95,UTR5794451610,4110,SUCCESS,TXN00017855,USR52580,MCH4579,UTR5794451610,0,0,0,0,0,0,0
TXN00005886,2026-03-21 22:54:31,USR90224,MCH5025,12152.28,UTR9966909467,4110,SUCCESS,TXN00005886,USR90224,MCH5025,UTR9966909467,0,0,0,0,0,0,0
TXN00002397,2026-03-31 00:10:26,USR49363,MCH7519,3869.95,UTR2084595628,9120,FAILED,TXN00002397,USR49363,MCH7519,UTR2084595628,0,0,0,0,0,1,0
TXN00019126,2026-01-13 06:31:42,USR60243,MCH4961,-14900.69,UTR7241598682,1310,SUCCESS,TXN00019126,USR60243,MCH4961,UTR7241598682,1,0,0,0,0,0,0
TXN00006845,2026-02-04 18:23:59,USR35224,MCH1648,22737.0,UTR2206248827,,SUCCESS,TXN00006845,USR35224,MCH1648,UTR2206248827,0,0,1,0,0,0,0
TXN00007523,2026-02-05 22:39:31,USR90801,MCH2376,14013.11,UTR8675969285,1310,SUCCESS,TXN00007523,USR90801,MCH2376,UTR8675969285,0,0,0,0,0,0,0
TXN00001965,2026-03-01 01:26:08,USR54527,MCH1060,14301.09,UTR3060744200,,SUCCESS,TXN00001965,USR54527,MCH1060,UTR3060744200,0,0,1,0,0,0,0
TXN00005851,2026-02-06 00:00:00,USR50729,MCH9646,4071.15,UTR6953033827,1310,SUCCESS,TXN00005851,USR50729,MCH9646,UTR 6953033827,0,0,0,0,0,0,0
TXN00007835,2026-02-10 16:33:26,USR28982,MCH6179,3965.57,UTR9538458637,4110,FAILED,TXN00007835,USR28982,MCH6179,UTR9538458637,0,0,0,0,0,1,0
TXN00003528,2026-01-06 23:54:24,USR40441,MCH8915,18984.72,UTR9570050456,9120,SUCCESS,TXN00003528,USR40441,MCH8915,UTR 9570050456,0,0,0,0,0,0,0
TXN00007431,2026-03-29 13:46:36,USR18311,MCH2109,7163.0,UTR2280166699,1310,SUCCESS,TXN00007431,USR18311,MCH2109,UTR2280166699,0,0,0,0,0,0,0
TXN00008664,2026-02-08 18:10:59,USR21584,MCH1807,12454.0,UTR3390452293,8120,SUCCESS,TXN00008664,USR21584,MCH1807,UTR3390452293,0,0,0,0,0,0,0
TXN00012636,2026-02-10 12:00:02,USR19831,MCH4596,5391.11,,4110,SUCCESS,TXN00012636,USR19831,MCH4596,,0,1,0,0,0,0,0
TXN00002052,2026-02-04 03:23:42,USR17683,MCH7932,12122.56,UTR3384216149,0110,SUCCESS,TXN00002052,USR17683,MCH7932,UTR3384216149,0,0,0,0,0,0,0
TXN00012772,2026-01-11 05:37:32,USR53401,MCH9777,0.1528652,UTR0724728025,,SUCCESS,TXN00012772,USR53401,MCH9777,UTR0724728025,0,0,1,0,0,0,0
TXN00007510,2026-02-05 00:00:00,USR64224,MCH7938,23262.0,UTR2996179185,9120,SUCCESS,TXN00007510,USR64224,MCH7938,UTR2996179185,0,0,0,0,0,0,0
TXN00014130,2026-03-18 06:00:58,USR57938,MCH5218,7007.0,UTR6097819263,1310,SUCCESS,TXN00014130,USR57938,MCH5218,UTR 6097819263,0,0,0,0,0,0,0
TXN00007639,2026-03-22 13:29:31,USR65725,MCH1376,1417.77,UTR0138545498,8120,SUCCESS,TXN00007639,USR65725,MCH1376,UTR0138545498,0,0,0,0,0,0,0
TXN00001149,2026-02-04 03:46:40,USR52869,MCH8328,21266.04,UTR0906647230,4110,PENDING,TXN00001149,USR52869,MCH8328,UTR0906647230,0,0,0,0,0,0,1
TXN00012031,2026-03-13 09:04:30,USR26543,MCH9240,12564.94,UTR6707387011,0110,SUCCESS,TXN00012031,USR26543,MCH9240,UTR6707387011,0,0,0,0,0,0,0
TXN00005825,2026-03-26 08:41:01,USR63336,MCH9534,4357.35,UTR3401838287,1310,SUCCESS,TXN00005825,USR63336,MCH9534,UTR 3401838287,0,0,0,0,0,0,0
TXN00004983,2026-01-07 04:49:57,USR84083,MCH3675,16586.13,UTR8706315367,8120,SUCCESS,TXN00004983,USR84083,MCH3675,UTR8706315367,0,0,0,0,0,0,0
TXN00012040,2026-01-28 08:38:07,USR64828,MCH6576,5178.96,UTR2251189324,1310,SUCCESS,TXN00012040,USR64828,MCH6576,UTR2251189324,0,0,0,0,0,0,0
TXN00013744,2026-03-25 08:55:16,USR49093,MCH8322,16348.58,UTR0609711951,8120,SUCCESS,TXN00013744,USR49093,MCH8322,UTR0609711951,0,0,0,0,0,0,0
TXN00010689,2026-01-01 00:00:00,USR22725,MCH7842,19969.0,UTR8456692344,9120,SUCCESS,TXN00010689,USR22725,MCH7842,UTR8456692344,0,0,0,0,0,0,0
TXN00005654,2026-05-02 20:46:05,USR65636,MCH2282,8818.5,UTR4020173648,4110,FAILED,TXN00005654,USR65636,MCH2282,UTR4020173648,0,0,0,0,0,1,0
TXN00017499,2026-01-27 15:26:03,USR48692,MCH6232,11991.0,UTR7673492471,8120,SUCCESS,TXN00017499,USR48692,MCH6232,UTR7673492471,0,0,0,0,0,0,0
TXN00010623,2026-01-15 11:07:28,USR70120,MCH4480,15373.0,UTR0783374042,1310,FAILED,TXN00010623,USR70120,MCH4480,UTR0783374042,0,0,0,0,0,1,0
TXN00016038,2026-03-12 10:11:22,USR64833,MCH9040,20248.81,UTR5540959157,1310,SUCCESS,TXN00016038,USR64833,MCH9040,UTR 5540959157,0,0,0,0,0,0,0
TXN00019710,2026-02-28 03:08:32,USR49642,MCH8466,13833.55,UTR1847651835,9120,SUCCESS,TXN00019710,USR49642,MCH8466,UTR1847651835,0,0,0,0,0,0,0
TXN00011930,2026-03-25 06:27:45,USR81952,MCH8451,5975.48,,9120,SUCCESS,TXN00011930,USR81952,MCH8451,,0,1,0,0,0,0,0
TXN00015436,2026-03-29 19:54:58,USR40424,MCH8356,0.151854,UTR8647227686,4110,PENDING,TXN00015436,USR40424,MCH8356,UTR8647227686,0,0,0,0,0,0,1
TXN00001748,2026-01-29 15:43:45,USR93817,MCH1216,6502.73,UTR1481292394,8120,SUCCESS,TXN00001748,USR93817,MCH1216,UTR1481292394,0,0,0,0,0,0,0
TXN00010687,2026-03-10 08:12:38,USR60777,MCH1211,11403.34,UTR9942487632,0110,FAILED,TXN00010687,USR60777,MCH1211,UTR9942487632,0,0,0,0,0,1,0
TXN00007797,2026-02-03 17:14:30,USR97097,MCH9748,23421.97,UTR2691178738,4110,FAILED,TXN00007797,USR97097,MCH9748,UTR2691178738,0,0,0,0,0,1,0
TXN00009092,2026-03-11 04:33:30,USR85460,MCH1096,1784.9,UTR5455412377,4110,FAILED,TXN00009092,USR85460,MCH1096,UTR5455412377,0,0,0,0,0,1,0
TXN00005486,2026-03-16 20:09:53,USR81352,MCH3904,24684.34,UTR5520411490,8120,FAILED,TXN00005486,USR81352,MCH3904,UTR5520411490,0,0,0,0,0,1,0
TXN00009833,2026-02-19 11:01:22,USR42592,MCH5296,4072.55,UTR0161501358,4110,SUCCESS,TXN00009833,USR42592,MCH5296,UTR0161501358,0,0,0,0,0,0,0
TXN00010850,2026-02-21 11:22:36,USR58266,MCH6906,1350.17,UTR6186674922,1310,SUCCESS,TXN00010850,USR58266,MCH6906,UTR6186674922,0,0,0,0,0,0,0
TXN00008626,2026-02-07 03:15:33,USR70211,MCH6514,15116.0,UTR1511723804,9120,SUCCESS,TXN00008626,USR70211,MCH6514,UTR1511723804,0,0,0,0,0,0,0
TXN00017742,2026-01-21 14:08:58,USR68128,MCH9947,587.01,UTR5047141985,,FAILED,TXN00017742,USR68128,MCH9947,UTR5047141985,0,0,1,0,0,1,0
TXN00002649,2026-02-06 05:51:27,USR71500,MCH1009,10823.9,UTR9014010387,8120,SUCCESS,TXN00002649,USR71500,MCH1009,UTR9014010387,0,0,0,0,0,0,0
TXN00002071,2026-01-22 22:59:19,USR47035,MCH9503,18921.22,UTR4751271041,0110,SUCCESS,TXN00002071,USR47035,MCH9503,UTR4751271041,0,0,0,0,0,0,0
TXN00007206,2026-02-15 02:49:55,USR24934,MCH8343,4597.65,UTR9118376287,4110,SUCCESS,TXN00007206,USR24934,MCH8343,UTR9118376287,0,0,0,0,0,0,0
TXN00007353,2026-03-31 13:27:25,USR39377,MCH7584,0.1241242,UTR1122032512,9120,SUCCESS,TXN00007353,USR39377,MCH7584,UTR1122032512,0,0,0,0,0,0,0
TXN00016688,2026-01-10 10:54:41,USR35487,MCH6332,14434.28,UTR2125409053,4110,SUCCESS,TXN00016688,USR35487,MCH6332,UTR2125409053,0,0,0,0,0,0,0
TXN00007474,2026-01-28 00:00:00,USR66219,MCH2086,12823.62,UTR8596782882,4110,SUCCESS,TXN00007474,USR66219,MCH2086,UTR8596782882,0,0,0,0,0,0,0
TXN00019871,2026-01-18 07:31:40,USR51912,MCH5119,17627.57,UTR9871332747,0110,SUCCESS,TXN00019871,USR51912,MCH5119,UTR9871332747,0,0,0,0,0,0,0
TXN00002390,2026-03-26 18:53:20,USR61488,MCH4363,17213.24,UTR3563994981,8120,SUCCESS,TXN00002390,USR61488,MCH4363,UTR3563994981,0,0,0,0,0,0,0
TXN00016664,2026-05-01 08:33:54,USR15666,MCH1587,16086.67,UTR0465361773,4110,SUCCESS,TXN00016664,USR15666,MCH1587,UTR0465361773,0,0,0,0,0,0,0
TXN00002320,2026-02-27 16:18:22,USR90746,MCH7367,10281.42,UTR8729473092,4110,SUCCESS,TXN00002320,USR90746,MCH7367,UTR 8729473092,0,0,0,0,0,0,0
TXN00003856,2026-02-25 07:42:20,USR36931,MCH3483,1929.31,UTR7875368141,4110,FAILED,TXN00003856,USR36931,MCH3483,UTR 7875368141,0,0,0,0,0,1,0
TXN00000439,2026-02-09 04:51:54,USR42588,MCH3545,17658.99,UTR3268232555,4110,SUCCESS,TXN00000439,USR42588,MCH3545,UTR3268232555,0,0,0,0,0,0,0
TXN00005910,2026-01-26 02:43:16,USR38902,MCH1886,4122.51,UTR1824857879,8120,SUCCESS,TXN00005910,USR38902,MCH1886,UTR1824857879,0,0,0,0,0,0,0
TXN00016683,2026-03-12 10:58:33,USR38829,MCH2835,2108.05,UTR9886439478,9120,SUCCESS,TXN00016683,USR38829,MCH2835,UTR9886439478,0,0,0,0,0,0,0
TXN00015821,2026-01-11 17:52:10,USR85784,MCH6936,1722.46,UTR8798433502,1310,SUCCESS,TXN00015821,USR85784,MCH6936,UTR8798433502,0,0,0,0,0,0,0
TXN00013387,2026-02-13 22:54:34,USR58200,MCH6940,15187.84,UTR1991845904,4110,SUCCESS,TXN00013387,USR58200,MCH6940,UTR1991845904,0,0,0,0,0,0,0
TXN00001936,2026-02-18 22:01:45,USR21679,MCH9627,20126.68,UTR8168956217,1310,SUCCESS,TXN00001936,USR21679,MCH9627,UTR8168956217,0,0,0,0,0,0,0
TXN00010598,2026-01-09 09:29:59,USR79889,MCH3720,15243.12,UTR2341057522,0110,SUCCESS,TXN00010598,USR79889,MCH3720,UTR2341057522,0,0,0,0,0,0,0
TXN00010343,2026-03-19 01:26:53,USR90342,MCH8399,3560.12,UTR2864358670,,SUCCESS,TXN00010343,USR90342,MCH8399,UTR2864358670,0,0,1,0,0,0,0
TXN00006673,2026-03-13 12:54:42,USR42392,MCH2206,6166.24,UTR3618103402,9120,PENDING,TXN00006673,USR42392,MCH2206,UTR3618103402,0,0,0,0,0,0,1
TXN00008621,2026-02-28 11:27:52,USR27040,MCH3996,24900.36,UTR2867445007,4110,SUCCESS,TXN00008621,USR27040,MCH3996,UTR2867445007,0,0,0,0,0,0,0
TXN00007040,2026-01-02 01:58:54,USR35622,MCH2261,16593.98,UTR6152656054,4110,PENDING,TXN00007040,USR35622,MCH2261,UTR6152656054,0,0,0,0,0,0,1
TXN00007753,2026-01-11 08:36:14,USR32915,MCH2196,3213.42,UTR1535078373,4110,SUCCESS,TXN00007753,USR32915,MCH2196,UTR1535078373,0,0,0,0,0,0,0
TXN00013328,2026-02-23 21:35:54,USR75648,MCH3214,7406.86,UTR3745144718,0110,SUCCESS,TXN00013328,USR75648,MCH3214,UTR3745144718,0,0,0,0,0,0,0
TXN00011274,2026-01-20 01:31:51,USR91717,MCH6863,2853.0,UTR8139471593,1310,SUCCESS,TXN00011274,USR91717,MCH6863,UTR8139471593,0,0,0,0,0,0,0
TXN00008446,2026-02-21 00:00:00,USR68351,MCH6603,17231.0,,4110,SUCCESS,TXN00008446,USR68351,MCH6603,,0,1,0,0,0,0,0
TXN00009727,2026-02-13 23:30:24,USR85447,MCH1072,20528.0,UTR0700729205,1310,SUCCESS,TXN00009727,USR85447,MCH1072,UTR0700729205,0,0,0,0,0,0,0
TXN00011629,2026-01-02 23:32:26,USR71646,MCH6986,8579.0,UTR1340439874,4110,SUCCESS,TXN00011629,USR71646,MCH6986,UTR1340439874,0,0,0,0,0,0,0
TXN00015078,2026-03-26 15:46:07,USR42895,MCH9214,8569.07,UTR9992278472,0110,SUCCESS,TXN00015078,USR42895,MCH9214,UTR9992278472,0,0,0,0,0,0,0
TXN00007035,2026-03-19 04:31:26,USR24179,MCH1829,11148.79,UTR5059941485,4110,SUCCESS,TXN00007035,USR24179,MCH1829,UTR 5059941485,0,0,0,0,0,0,0
TXN00005324,2026-03-11 06:16:26,USR15488,MCH1748,24969.84,UTR4638994059,4110,SUCCESS,TXN00005324,USR15488,MCH1748,UTR4638994059,0,0,0,0,0,0,0
TXN00012618,2026-03-07 21:24:39,USR44035,MCH2966,3393.11,UTR9003899060,,SUCCESS,TXN00012618,USR44035,MCH2966,UTR9003899060,0,0,1,0,0,0,0
TXN00012317,2026-02-16 14:08:36,USR61210,MCH8835,-10497.17,UTR1311883868,0110,SUCCESS,TXN00012317,USR61210,MCH8835,UTR1311883868,1,0,0,0,0,0,0
TXN00009293,2026-02-17 19:37:06,USR39105,MCH1660,13462.78,UTR3667738932,1310,SUCCESS,TXN00009293,USR39105,MCH1660,UTR3667738932,0,0,0,0,0,0,0
TXN00000453,2026-02-20 18:10:19,USR41994,MCH8618,10611.31,UTR3889758541,4110,SUCCESS,TXN00000453,USR41994,MCH8618,UTR3889758541,0,0,0,0,0,0,0
TXN00012684,2026-03-23 23:54:01,USR45210,MCH8517,5268.41,UTR6307318862,4110,SUCCESS,TXN00012684,USR45210,MCH8517,UTR6307318862,0,0,0,0,0,0,0
TXN00014001,2026-01-26 18:57:02,USR23173,MCH4544,1838.65,UTR6456265993,4110,SUCCESS,TXN00014001,USR23173,MCH4544,UTR6456265993,0,0,0,0,0,0,0
TXN00004341,2026-01-31 06:45:25,USR89493,MCH1227,11070.01,UTR7950490147,4110,SUCCESS,TXN00004341,USR89493,MCH1227,UTR7950490147,0,0,0,0,0,0,0
TXN00005341,2026-01-22 06:21:14,USR91841,MCH9384,20268.98,UTR6021466625,9120,SUCCESS,TXN00005341,USR91841,MCH9384,UTR6021466625,0,0,0,0,0,0,0
TXN00017854,2026-01-01 22:40:53,USR61796,MCH3775,11586.78,UTR2749954747,9120,SUCCESS,TXN00017854,USR61796,MCH3775,UTR2749954747,0,0,0,0,0,0,0
TXN00007738,2026-01-23 00:00:00,USR39881,MCH3532,5224.21,UTR7132941454,4110,SUCCESS,TXN00007738,USR39881,MCH3532,UTR7132941454,0,0,0,0,0,0,0
TXN00004356,2026-01-07 00:00:00,USR62572,MCH4683,15131.19,UTR9958351945,,PENDING,TXN00004356,USR62572,MCH4683,UTR9958351945,0,0,1,0,0,0,1
TXN00004885,2026-01-26 10:56:09,USR70762,MCH1127,0.275548,UTR3295006695,9120,SUCCESS,TXN00004885,USR70762,MCH1127,UTR3295006695,0,0,0,0,0,0,0
TXN00007109,2026-01-19 18:53:03,USR44865,MCH2804,22038.0,UTR3155965392,,SUCCESS,TXN00007109,USR44865,MCH2804,UTR3155965392,0,0,1,0,0,0,0
TXN00012988,2026-02-21 18:39:09,USR23771,MCH9127,0.16315,UTR8152586320,0110,SUCCESS,TXN00012988,USR23771,MCH9127,UTR8152586320,0,0,0,0,0,0,0
TXN00018614,2026-01-02 18:09:50,USR94224,MCH2944,10103.14,UTR5965183996,4110,SUCCESS,TXN00018614,USR94224,MCH2944,UTR5965183996,0,0,0,0,0,0,0
TXN00019980,2026-02-24 08:24:52,USR70696,MCH1235,11057.65,UTR0454945164,8120,SUCCESS,TXN00019980,USR70696,MCH1235,UTR0454945164,0,0,0,0,0,0,0
TXN00017967,2026-02-20 11:52:08,USR46075,MCH9240,0.2106235,UTR6961760441,,SUCCESS,TXN00017967,USR46075,MCH9240,UTR6961760441,0,0,1,0,0,0,0
TXN00000085,2026-01-29 02:19:22,USR55964,MCH8217,7781.45,UTR3960795461,9120,SUCCESS,TXN00000085,USR55964,MCH8217,UTR3960795461,0,0,0,0,0,0,0
TXN00011990,2026-02-01 17:25:31,USR50901,MCH8813,23670.31,UTR8249949086,0110,SUCCESS,TXN00011990,USR50901,MCH8813,UTR8249949086,0,0,0,0,0,0,0
TXN00008943,2026-01-13 18:31:26,USR67799,MCH3722,21590.79,UTR4103542015,4110,SUCCESS,TXN00008943,USR67799,MCH3722,UTR4103542015,0,0,0,0,0,0,0
TXN00007076,2026-01-18 14:35:41,USR66293,MCH8122,4573.8,UTR7901017094,,SUCCESS,TXN00007076,USR66293,MCH8122,UTR7901017094,0,0,1,0,0,0,0
TXN00002281,2026-03-08 03:09:21,USR17433,MCH4938,6367.25,UTR4692652221,1310,SUCCESS,TXN00002281,USR17433,MCH4938,UTR4692652221,0,0,0,0,0,0,0
TXN00011206,2026-03-19 04:43:58,USR91091,MCH3213,22887.67,UTR0367476341,1310,SUCCESS,TXN00011206,USR91091,MCH3213,UTR0367476341,0,0,0,0,0,0,0
TXN00000733,2026-02-11 17:42:43,USR15230,MCH4759,0.1663328,UTR3261860857,,SUCCESS,TXN00000733,USR15230,MCH4759,UTR3261860857,0,0,1,0,0,0,0
TXN00000687,2026-03-14 00:52:08,USR27386,MCH7114,14294.6,UTR8252086916,,SUCCESS,TXN00000687,USR27386,MCH7114,UTR8252086916,0,0,1,0,0,0,0
TXN00004969,2026-03-17 20:09:02,USR73048,MCH6584,23928.8,UTR1278376531,4110,SUCCESS,TXN00004969,USR73048,MCH6584,UTR1278376531,0,0,0,0,0,0,0
TXN00013221,2026-02-17 17:12:54,USR11629,MCH9193,10678.28,UTR6455623145,0110,SUCCESS,TXN00013221,USR11629,MCH9193,UTR6455623145,0,0,0,0,0,0,0
TXN00015797,2026-01-30 01:23:04,USR20173,MCH1656,9156.67,UTR0983280201,4110,SUCCESS,TXN00015797,USR20173,MCH1656,UTR0983280201,0,0,0,0,0,0,0
TXN00019594,2026-03-12 02:38:41,USR50326,MCH4253,0.178143,UTR8313843890,9120,SUCCESS,TXN00019594,USR50326,MCH4253,UTR8313843890,0,0,0,0,0,0,0
TXN00016961,2026-03-30 14:30:25,USR53948,MCH9431,15201.0,,,SUCCESS,TXN00016961,USR53948,MCH9431,,0,1,1,0,0,0,0
TXN00009768,2026-03-21 16:29:37,USR84276,MCH3140,19024.68,UTR7836958619,4110,SUCCESS,TXN00009768,USR84276,MCH3140,UTR7836958619,0,0,0,0,0,0,0
TXN00018876,2026-01-02 16:14:03,USR37155,MCH3092,22738.38,UTR8522786092,1310,SUCCESS,TXN00018876,USR37155,MCH3092,UTR8522786092,0,0,0,0,0,0,0
TXN00010878,2026-01-16 14:40:03,USR67456,MCH6347,13598.62,UTR6942809436,1310,SUCCESS,TXN00010878,USR67456,MCH6347,UTR6942809436,0,0,0,0,0,0,0
TXN00005272,2026-03-31 17:22:58,USR78448,MCH4401,3235.49,UTR2307520992,4110,SUCCESS,TXN00005272,USR78448,MCH4401,UTR2307520992,0,0,0,0,0,0,0
TXN00000220,2026-01-29 23:25:36,USR73249,MCH3742,21232.09,UTR1517735722,4110,PENDING,TXN00000220,USR73249,MCH3742,UTR1517735722,0,0,0,0,0,0,1
TXN00009015,2026-01-31 09:06:14,USR70415,MCH3897,6343.89,UTR6822802689,8120,SUCCESS,TXN00009015,USR70415,MCH3897,UTR6822802689,0,0,0,0,0,0,0
TXN00015805,2026-01-11 13:16:39,USR92688,MCH6387,10879.63,UTR3191461636,,FAILED,TXN00015805,USR92688,MCH6387,UTR3191461636,0,0,1,0,0,1,0
TXN00009391,2026-03-19 00:00:00,USR72755,MCH3511,23728.32,UTR6576803040,0110,SUCCESS,TXN00009391,USR72755,MCH3511,UTR6576803040,0,0,0,0,0,0,0
TXN00019304,2026-02-13 03:32:19,USR44171,MCH1637,6491.94,UTR5311830511,9120,SUCCESS,TXN00019304,USR44171,MCH1637,UTR5311830511,0,0,0,0,0,0,0
TXN00013896,2026-01-29 13:29:43,USR22536,MCH5084,17416.51,UTR4313200342,1310,SUCCESS,TXN00013896,USR22536,MCH5084,UTR4313200342,0,0,0,0,0,0,0
TXN00001649,2026-02-27 00:00:00,USR11694,MCH9988,19552.88,UTR8076114908,1310,FAILED,TXN00001649,USR11694,MCH9988,UTR8076114908,0,0,0,0,0,1,0
TXN00019233,2026-01-21 10:55:17,USR45648,MCH1744,8306.0,UTR6156319527,9120,SUCCESS,TXN00019233,USR45648,MCH1744,UTR 6156319527,0,0,0,0,0,0,0
TXN00010002,2026-03-23 17:36:47,USR57154,MCH3225,8329.0,UTR3182153803,0110,SUCCESS,TXN00010002,USR57154,MCH3225,UTR3182153803,0,0,0,0,0,0,0
TXN00000292,2026-01-03 01:00:48,USR27501,MCH6573,943.33,UTR4760539164,1310,SUCCESS,TXN00000292,USR27501,MCH6573,UTR4760539164,0,0,0,0,0,0,0
TXN00009964,2026-03-13 17:55:06,USR26653,MCH5087,13753.97,UTR7127259826,4110,SUCCESS,TXN00009964,USR26653,MCH5087,UTR7127259826,0,0,0,0,0,0,0
TXN00008012,2026-01-09 04:27:34,USR46223,MCH4379,11209.79,UTR2855966476,1310,SUCCESS,TXN00008012,USR46223,MCH4379,UTR2855966476,0,0,0,0,0,0,0
TXN00014498,2026-01-25 00:00:00,USR18105,MCH2933,-11137.92,UTR5756115798,4110,SUCCESS,TXN00014498,USR18105,MCH2933,UTR5756115798,1,0,0,0,0,0,0
TXN00000664,2026-02-03 13:30:33,USR42760,MCH9875,0.59383,UTR8200477942,4110,SUCCESS,TXN00000664,USR42760,MCH9875,UTR8200477942,0,0,0,0,0,0,0
TXN00019374,2026-02-18 05:27:23,USR99455,MCH9922,18056.47,UTR4165550677,4110,SUCCESS,TXN00019374,USR99455,MCH9922,UTR4165550677,0,0,0,0,0,0,0
TXN00005499,2026-02-18 04:11:41,USR63083,MCH2178,14236.93,,,SUCCESS,TXN00005499,USR63083,MCH2178,,0,1,1,0,0,0,0
TXN00011064,2026-01-20 08:18:13,USR34580,MCH4263,20329.5,UTR0936314773,0110,SUCCESS,TXN00011064,USR34580,MCH4263,UTR0936314773,0,0,0,0,0,0,0
TXN00008161,2026-01-03 03:34:07,USR21824,MCH5064,24069.99,UTR7040703892,4110,SUCCESS,TXN00008161,USR21824,MCH5064,UTR7040703892,0,0,0,0,0,0,0
TXN00000792,2026-01-01 12:55:13,USR98247,MCH2383,14659.88,UTR4266954721,,SUCCESS,TXN00000792,USR98247,MCH2383,UTR4266954721,0,0,1,0,0,0,0
TXN00011146,2026-02-05 01:34:18,USR12618,MCH5710,16772.29,,4110,SUCCESS,TXN00011146,USR12618,MCH5710,,0,1,0,0,0,0,0
TXN00005763,2026-02-25 00:15:34,USR91555,MCH8912,23519.36,UTR1691743551,,SUCCESS,TXN00005763,USR91555,MCH8912,UTR1691743551,0,0,1,0,0,0,0
TXN00012077,2026-02-05 17:18:57,USR29080,MCH5600,4742.01,UTR3744048196,,SUCCESS,TXN00012077,USR29080,MCH5600,UTR 3744048196,0,0,1,0,0,0,0
TXN00017319,2026-02-03 06:48:22,USR51649,MCH3742,22445.37,UTR0556074841,8120,SUCCESS,TXN00017319,USR51649,MCH3742,UTR0556074841,0,0,0,0,0,0,0
TXN00009617,2026-03-25 13:47:23,USR63307,MCH3409,17200.59,UTR3306691233,4110,SUCCESS,TXN00009617,USR63307,MCH3409,UTR 3306691233,0,0,0,0,0,0,0
TXN00014918,2026-02-28 13:03:23,USR52290,MCH1736,9101.0,UTR1148586096,8120,SUCCESS,TXN00014918,USR52290,MCH1736,UTR1148586096,0,0,0,0,0,0,0
TXN00000459,2026-01-31 12:06:05,USR52806,MCH5169,1417.0,UTR5825001508,9120,SUCCESS,TXN00000459,USR52806,MCH5169,UTR5825001508,0,0,0,0,0,0,0
TXN00008896,2026-03-25 17:58:29,USR25641,MCH3288,3509.72,UTR7204764240,,SUCCESS,TXN00008896,USR25641,MCH3288,UTR7204764240,0,0,1,0,0,0,0
TXN00000173,2026-01-11 15:30:03,USR96288,MCH8270,12807.21,UTR0748217176,0110,SUCCESS,TXN00000173,USR96288,MCH8270,UTR0748217176,0,0,0,0,0,0,0
TXN00013076,2026-01-12 12:44:41,USR86611,MCH6760,15638.69,UTR6286847756,9120,SUCCESS,TXN00013076,USR86611,MCH6760,UTR6286847756,0,0,0,0,0,0,0
TXN00017243,2026-03-29 04:16:48,USR84482,MCH6960,7819.93,UTR2414472640,0110,PENDING,TXN00017243,USR84482,MCH6960,UTR2414472640,0,0,0,0,0,0,1
TXN00011667,2026-02-22 00:35:01,USR43462,MCH2237,14361.0,UTR3401778338,1310,SUCCESS,TXN00011667,USR43462,MCH2237,UTR3401778338,0,0,0,0,0,0,0
TXN00013822,2026-03-01 21:10:20,USR79329,MCH4033,6186.9,UTR9367394084,1310,SUCCESS,TXN00013822,USR79329,MCH4033,UTR9367394084,0,0,0,0,0,0,0
TXN00015227,2026-01-07 23:21:36,USR52331,MCH5235,3698.69,UTR4905616050,8120,FAILED,TXN00015227,USR52331,MCH5235,UTR4905616050,0,0,0,0,0,1,0
TXN00005422,2026-01-18 05:30:41,USR58371,MCH6900,7743.64,UTR7306043241,4110,FAILED,TXN00005422,USR58371,MCH6900,UTR 7306043241,0,0,0,0,0,1,0
TXN00010437,2026-02-13 17:33:09,USR34886,MCH8531,7185.94,UTR9445410414,0110,SUCCESS,TXN00010437,USR34886,MCH8531,UTR9445410414,0,0,0,0,0,0,0
TXN00007566,2026-01-15 02:38:23,USR18109,MCH7411,22353.55,UTR1827385897,0110,SUCCESS,TXN00007566,USR18109,MCH7411,UTR1827385897,0,0,0,0,0,0,0
TXN00007587,2026-02-28 00:12:43,USR59674,MCH3298,10442.0,UTR1998780972,9120,SUCCESS,TXN00007587,USR59674,MCH3298,UTR1998780972,0,0,0,0,0,0,0
TXN00008125,2026-03-16 05:30:12,USR59421,MCH9821,7089.58,UTR2264721268,9120,SUCCESS,TXN00008125,USR59421,MCH9821,UTR2264721268,0,0,0,0,0,0,0
TXN00012276,2026-03-21 20:43:52,USR93065,MCH5243,9774.85,UTR3946219169,4110,SUCCESS,TXN00012276,USR93065,MCH5243,UTR 3946219169,0,0,0,0,0,0,0
TXN00008390,2026-03-05 23:19:38,USR39864,MCH4584,2263.99,UTR1711669778,0110,SUCCESS,TXN00008390,USR39864,MCH4584,UTR1711669778,0,0,0,0,0,0,0
TXN00011231,2026-02-03 19:23:16,USR56801,MCH6015,0.1990137,UTR3334845429,4110,SUCCESS,TXN00011231,USR56801,MCH6015,UTR3334845429,0,0,0,0,0,0,0
TXN00002103,2026-03-05 19:43:26,USR84878,MCH3535,3957.29,UTR5284652972,4110,SUCCESS,TXN00002103,USR84878,MCH3535,UTR5284652972,0,0,0,0,0,0,0
TXN00007483,2026-03-14 04:49:12,USR64577,MCH2810,10992.24,UTR5635797572,0110,SUCCESS,TXN00007483,USR64577,MCH2810,UTR5635797572,0,0,0,0,0,0,0
TXN00014823,2026-02-25 14:16:55,USR42961,MCH5174,7705.51,UTR4115243063,9120,SUCCESS,TXN00014823,USR42961,MCH5174,UTR 4115243063,0,0,0,0,0,0,0
TXN00012247,2026-02-15 08:29:54,USR83152,MCH7633,839.02,UTR9369723768,1310,FAILED,TXN00012247,USR83152,MCH7633,UTR9369723768,0,0,0,0,0,1,0
TXN00001879,2026-01-20 22:09:49,USR95233,MCH7278,7445.74,UTR4463940455,8120,PENDING,TXN00001879,USR95233,MCH7278,UTR4463940455,0,0,0,0,0,0,1
TXN00006602,2026-03-23 07:26:15,USR69450,MCH2614,14913.88,UTR6460668985,9120,SUCCESS,TXN00006602,USR69450,MCH2614,UTR6460668985,0,0,0,0,0,0,0
TXN00008767,2026-01-14 17:21:48,USR40976,MCH5715,19801.11,UTR0005041075,9120,SUCCESS,TXN00008767,USR40976,MCH5715,UTR0005041075,0,0,0,0,0,0,0
TXN00012818,2026-02-10 07:02:24,USR14269,MCH3440,24036.17,UTR2854649245,1310,SUCCESS,TXN00012818,USR14269,MCH3440,UTR2854649245,0,0,0,0,0,0,0
TXN00007088,2026-01-08 02:26:21,USR36262,MCH8196,15468.44,UTR1402973577,1310,SUCCESS,TXN00007088,USR36262,MCH8196,UTR1402973577,0,0,0,0,0,0,0
TXN00012028,2026-02-13 20:02:51,USR51661,MCH6426,14133.68,UTR7383807513,4110,SUCCESS,TXN00012028,USR51661,MCH6426,UTR 7383807513,0,0,0,0,0,0,0
TXN00008085,2026-02-21 22:52:14,USR59534,MCH3447,17079.91,UTR3533244166,4110,SUCCESS,TXN00008085,USR59534,MCH3447,UTR3533244166,0,0,0,0,0,0,0
TXN00018770,2026-02-13 02:38:27,USR20742,MCH5412,21092.51,UTR7851795847,4110,FAILED,TXN00018770,USR20742,MCH5412,UTR7851795847,0,0,0,0,0,1,0
TXN00018771,2026-05-01 07:29:44,USR81200,MCH6305,14874.81,UTR7310332071,9120,SUCCESS,TXN00018771,USR81200,MCH6305,UTR7310332071,0,0,0,0,0,0,0
TXN00009180,2026-01-08 17:01:36,USR98697,MCH3748,0.15421,UTR1446308815,9120,SUCCESS,TXN00009180,USR98697,MCH3748,UTR1446308815,0,0,0,0,0,0,0
TXN00015003,2026-03-05 22:02:27,USR63898,MCH1833,0.1407104,UTR0833728024,9120,SUCCESS,TXN00015003,USR63898,MCH1833,UTR0833728024,0,0,0,0,0,0,0
TXN00010021,2026-01-23 16:28:13,USR86668,MCH4379,0.443431,UTR7223689087,4110,PENDING,TXN00010021,USR86668,MCH4379,UTR7223689087,0,0,0,0,0,0,1
TXN00003877,2026-01-17 00:00:00,USR13181,MCH2835,4213.41,UTR3757265485,9120,SUCCESS,TXN00003877,USR13181,MCH2835,UTR3757265485,0,0,0,0,0,0,0
TXN00012881,2026-10-03 00:57:35,USR26049,MCH8982,18881.02,UTR7283377546,1310,SUCCESS,TXN00012881,USR26049,MCH8982,UTR7283377546,0,0,0,0,0,0,0
TXN00017865,2026-01-05 09:16:08,USR70791,MCH8473,19807.48,UTR3191919652,8120,SUCCESS,TXN00017865,USR70791,MCH8473,UTR3191919652,0,0,0,0,0,0,0
TXN00017513,2026-01-02 17:33:41,USR91139,MCH6527,1890.69,UTR6888506200,4110,PENDING,TXN00017513,USR91139,MCH6527,UTR 6888506200,0,0,0,0,0,0,1
TXN00000834,2026-02-13 07:03:14,USR59790,MCH2207,4417.91,UTR3657136179,0110,SUCCESS,TXN00000834,USR59790,MCH2207,UTR3657136179,0,0,0,0,0,0,0
TXN00006954,2026-03-14 12:22:54,USR95209,MCH1990,187.34,UTR7047935777,0110,SUCCESS,TXN00006954,USR95209,MCH1990,UTR7047935777,0,0,0,0,0,0,0
TXN00019843,2026-01-02 08:55:26,USR56708,MCH2024,19369.17,UTR6457156136,4110,SUCCESS,TXN00019843,USR56708,MCH2024,UTR6457156136,0,0,0,0,0,0,0
TXN00007910,2026-02-01 22:13:10,USR73077,MCH3348,12310.48,UTR6425866927,9120,PENDING,TXN00007910,USR73077,MCH3348,UTR6425866927,0,0,0,0,0,0,1
TXN00000290,2026-01-07 05:11:28,USR26843,MCH9144,14775.0,UTR2540462040,9120,SUCCESS,TXN00000290,USR26843,MCH9144,UTR2540462040,0,0,0,0,0,0,0
TXN00011393,2026-02-23 18:43:03,USR11104,MCH8621,0.1631665,UTR7669089862,9120,SUCCESS,TXN00011393,USR11104,MCH8621,UTR7669089862,0,0,0,0,0,0,0
TXN00011306,2026-01-15 03:10:20,USR23428,MCH9749,1287.78,UTR8691821011,4110,SUCCESS,TXN00011306,USR23428,MCH9749,UTR8691821011,0,0,0,0,0,0,0
TXN00009632,2026-03-16 13:26:00,USR70870,MCH2677,17386.9,UTR8854279375,1310,SUCCESS,TXN00009632,USR70870,MCH2677,UTR8854279375,0,0,0,0,0,0,0
TXN00001852,2026-02-05 15:57:08,USR76512,MCH9793,0.2040051,UTR8480318924,0110,SUCCESS,TXN00001852,USR76512,MCH9793,UTR8480318924,0,0,0,0,0,0,0
TXN00000227,2026-02-06 07:16:56,USR24136,MCH8141,24325.53,UTR3698366727,9120,SUCCESS,TXN00000227,USR24136,MCH8141,UTR3698366727,0,0,0,0,0,0,0
TXN00000434,2026-02-27 18:31:56,USR24638,MCH9217,2537.06,UTR3261451180,,SUCCESS,TXN00000434,USR24638,MCH9217,UTR3261451180,0,0,1,0,0,0,0
TXN00015023,2026-01-04 01:58:22,USR66788,MCH9743,2102.0,UTR1447667922,8120,SUCCESS,TXN00015023,USR66788,MCH9743,UTR1447667922,0,0,0,0,0,0,0
TXN00003057,2026-02-26 02:06:30,USR10963,MCH2004,15094.89,,1310,FAILED,TXN00003057,USR10963,MCH2004,,0,1,0,0,0,1,0
TXN00014637,2026-01-20 04:17:34,USR46556,MCH4637,6837.36,UTR3861708097,,SUCCESS,TXN00014637,USR46556,MCH4637,UTR3861708097,0,0,1,0,0,0,0
TXN00012898,2026-03-09 23:48:20,USR17397,MCH5270,21851.21,UTR8080575865,1310,PENDING,TXN00012898,USR17397,MCH5270,UTR8080575865,0,0,0,0,0,0,1
TXN00011462,2026-02-19 15:40:55,USR61088,MCH4987,2038.88,UTR8674312518,4110,SUCCESS,TXN00011462,USR61088,MCH4987,UTR 8674312518,0,0,0,0,0,0,0
TXN00015742,2026-03-03 06:44:51,USR87117,MCH1336,17819.4,,4110,SUCCESS,TXN00015742,USR87117,MCH1336,,0,1,0,0,0,0,0
TXN00006454,2026-01-10 05:55:48,USR92860,MCH3952,8014.27,UTR4835080742,4110,SUCCESS,TXN00006454,USR92860,MCH3952,UTR4835080742,0,0,0,0,0,0,0
TXN00015235,2026-03-10 01:42:05,USR51140,MCH8024,2597.55,UTR1451567720,,SUCCESS,TXN00015235,USR51140,MCH8024,UTR1451567720,0,0,1,0,0,0,0
TXN00005764,2026-02-27 01:59:08,USR13009,MCH9737,4377.78,UTR5672212573,1310,SUCCESS,TXN00005764,USR13009,MCH9737,UTR5672212573,0,0,0,0,0,0,0
TXN00009254,2026-02-01 23:06:41,USR55332,MCH6914,7610.84,UTR3041449960,0110,SUCCESS,TXN00009254,USR55332,MCH6914,UTR 3041449960,0,0,0,0,0,0,0
TXN00004740,2026-09-01 20:30:34,USR50880,MCH4873,15537.05,UTR0979858435,4110,SUCCESS,TXN00004740,USR50880,MCH4873,UTR0979858435,0,0,0,0,0,0,0
TXN00001641,2026-03-29 11:58:12,USR93920,MCH7559,13503.53,UTR8033916421,,PENDING,TXN00001641,USR93920,MCH7559,UTR8033916421,0,0,1,0,0,0,1
TXN00012107,2026-01-21 01:25:36,USR46229,MCH1945,18975.71,UTR7480649796,4110,SUCCESS,TXN00012107,USR46229,MCH1945,UTR7480649796,0,0,0,0,0,0,0
TXN00008717,2026-02-12 22:25:27,USR31247,MCH3944,13140.55,UTR3335894925,,SUCCESS,TXN00008717,USR31247,MCH3944,UTR 3335894925,0,0,1,0,0,0,0
TXN00005683,2026-03-23 15:11:57,USR40637,MCH5581,22871.73,UTR0152460742,0110,SUCCESS,TXN00005683,USR40637,MCH5581,UTR0152460742,0,0,0,0,0,0,0
TXN00009814,2026-02-17 06:05:46,USR61976,MCH5485,19434.78,UTR8968164691,0110,SUCCESS,TXN00009814,USR61976,MCH5485,UTR8968164691,0,0,0,0,0,0,0
TXN00017374,2026-01-25 06:45:33,USR80295,MCH6436,17046.0,UTR8949363088,,PENDING,TXN00017374,USR80295,MCH6436,UTR8949363088,0,0,1,0,0,0,1
TXN00000971,2026-01-22 18:28:31,USR33435,MCH2399,16595.14,UTR3849662269,4110,PENDING,TXN00000971,USR33435,MCH2399,UTR3849662269,0,0,0,0,0,0,1
TXN00006329,2026-01-10 20:01:26,USR94649,MCH4338,11672.41,UTR8481845031,4110,SUCCESS,TXN00006329,USR94649,MCH4338,UTR8481845031,0,0,0,0,0,0,0
TXN00000518,2026-01-21 10:48:09,USR93211,MCH6833,20265.73,UTR4365323127,8120,FAILED,TXN00000518,USR93211,MCH6833,UTR 4365323127,0,0,0,0,0,1,0
TXN00005789,2026-01-17 17:15:16,USR95221,MCH8750,24983.76,UTR8415223403,8120,SUCCESS,TXN00005789,USR95221,MCH8750,UTR8415223403,0,0,0,0,0,0,0
TXN00005842,2026-01-21 12:34:32,USR25753,MCH6953,3616.36,UTR0950653872,1310,SUCCESS,TXN00005842,USR25753,MCH6953,UTR0950653872,0,0,0,0,0,0,0
TXN00015336,2026-02-17 00:00:00,USR39347,MCH5234,20870.1,UTR4214901213,4110,SUCCESS,TXN00015336,USR39347,MCH5234,UTR4214901213,0,0,0,0,0,0,0
TXN00012210,2026-01-28 11:15:51,USR82715,MCH9199,5822.54,,9120,SUCCESS,TXN00012210,USR82715,MCH9199,,0,1,0,0,0,0,0
TXN00010349,2026-02-27 09:13:43,USR31087,MCH7048,13029.57,UTR1711411754,,SUCCESS,TXN00010349,USR31087,MCH7048,UTR1711411754,0,0,1,0,0,0,0
TXN00013867,2026-02-12 02:38:10,USR89062,MCH2698,19971.0,UTR6724455922,4110,SUCCESS,TXN00013867,USR89062,MCH2698,UTR 6724455922,0,0,0,0,0,0,0
TXN00002613,2026-02-22 01:05:45,USR90931,MCH2104,6178.13,UTR7526297587,,SUCCESS,TXN00002613,USR90931,MCH2104,UTR7526297587,0,0,1,0,0,0,0
TXN00008992,2026-03-15 13:44:50,USR87872,MCH6475,5100.9,,4110,PENDING,TXN00008992,USR87872,MCH6475,,0,1,0,0,0,0,1
TXN00001829,2026-03-14 01:36:43,USR86139,MCH5815,19969.87,UTR7243487897,8120,SUCCESS,TXN00001829,USR86139,MCH5815,UTR 7243487897,0,0,0,0,0,0,0
TXN00009371,2026-02-14 21:38:00,USR30222,MCH2023,19521.83,UTR7315099635,9120,FAILED,TXN00009371,USR30222,MCH2023,UTR7315099635,0,0,0,0,0,1,0
TXN00011104,2026-01-24 18:18:34,USR80617,MCH8818,9060.85,UTR7941371752,9120,FAILED,TXN00011104,USR80617,MCH8818,UTR7941371752,0,0,0,0,0,1,0
TXN00001931,2026-02-05 03:36:43,USR13864,MCH8425,14503.79,UTR8540913206,4110,SUCCESS,TXN00001931,USR13864,MCH8425,UTR8540913206,0,0,0,0,0,0,0
TXN00006695,2026-03-10 23:14:30,USR17266,MCH7261,14051.31,UTR8034179988,1310,SUCCESS,TXN00006695,USR17266,MCH7261,UTR8034179988,0,0,0,0,0,0,0
TXN00010325,2026-03-05 11:32:16,USR43152,MCH3834,5001.21,UTR4610362127,0110,SUCCESS,TXN00010325,USR43152,MCH3834,UTR4610362127,0,0,0,0,0,0,0
TXN00007644,2026-02-03 17:40:32,USR63010,MCH2340,6575.0,UTR7111084681,1310,SUCCESS,TXN00007644,USR63010,MCH2340,UTR7111084681,0,0,0,0,0,0,0
TXN00011721,2026-03-10 06:52:53,USR76828,MCH5034,3035.82,UTR0774805476,4110,SUCCESS,TXN00011721,USR76828,MCH5034,UTR0774805476,0,0,0,0,0,0,0
TXN00002746,2026-01-18 12:29:38,USR28275,MCH9449,19535.23,,,SUCCESS,TXN00002746,USR28275,MCH9449,,0,1,1,0,0,0,0
TXN00002639,2026-03-18 08:28:24,USR60711,MCH6428,23769.81,UTR7000701831,1310,SUCCESS,TXN00002639,USR60711,MCH6428,UTR7000701831,0,0,0,0,0,0,0
TXN00014903,2026-01-01 22:09:06,USR61769,MCH3595,1932.0,UTR7902491246,1310,SUCCESS,TXN00014903,USR61769,MCH3595,UTR7902491246,0,0,0,0,0,0,0
TXN00013069,2026-02-15 22:59:54,USR12357,MCH9738,22868.0,UTR7445712052,0110,SUCCESS,TXN00013069,USR12357,MCH9738,UTR7445712052,0,0,0,0,0,0,0
TXN00013234,2026-09-01 20:06:13,USR46178,MCH3351,626.35,UTR0714826935,1310,FAILED,TXN00013234,USR46178,MCH3351,UTR0714826935,0,0,0,0,0,1,0
TXN00008671,2026-03-09 18:09:22,USR10851,MCH4016,23679.79,UTR7050346770,4110,SUCCESS,TXN00008671,USR10851,MCH4016,UTR7050346770,0,0,0,0,0,0,0
TXN00012494,2026-01-26 17:40:05,USR38378,MCH2245,3364.62,UTR1475808326,9120,SUCCESS,TXN00012494,USR38378,MCH2245,UTR1475808326,0,0,0,0,0,0,0
TXN00002755,2026-01-30 18:11:13,USR96739,MCH9312,22937.97,UTR4956896390,4110,PENDING,TXN00002755,USR96739,MCH9312,UTR4956896390,0,0,0,0,0,0,1
TXN00012479,2026-01-05 09:27:37,USR18014,MCH6294,0.680938,UTR9359091868,4110,SUCCESS,TXN00012479,USR18014,MCH6294,UTR9359091868,0,0,0,0,0,0,0
TXN00003431,2026-01-19 18:05:54,USR95682,MCH2026,-14527.95,UTR4255582648,9120,FAILED,TXN00003431,USR95682,MCH2026,UTR4255582648,1,0,0,0,0,1,0
TXN00009334,2026-02-23 09:34:40,USR98836,MCH3928,17914.74,UTR1323455600,1310,SUCCESS,TXN00009334,USR98836,MCH3928,UTR1323455600,0,0,0,0,0,0,0
TXN00000175,2026-03-02 00:00:00,USR34435,MCH2971,16132.87,UTR0914716323,1310,SUCCESS,TXN00000175,USR34435,MCH2971,UTR0914716323,0,0,0,0,0,0,0
TXN00016689,2026-02-02 04:01:38,USR72771,MCH2117,13621.76,UTR7175328986,0110,SUCCESS,TXN00016689,USR72771,MCH2117,UTR7175328986,0,0,0,0,0,0,0
TXN00012072,2026-02-11 15:25:02,USR49755,MCH3833,10382.8,UTR3847076070,4110,SUCCESS,TXN00012072,USR49755,MCH3833,UTR 3847076070,0,0,0,0,0,0,0
TXN00015967,2026-01-04 23:16:42,USR71852,MCH5487,13626.38,UTR1773037708,,FAILED,TXN00015967,USR71852,MCH5487,UTR1773037708,0,0,1,0,0,1,0
TXN00010036,2026-02-07 02:08:02,USR85157,MCH7292,0.862623,UTR2736384104,,SUCCESS,TXN00010036,USR85157,MCH7292,UTR2736384104,0,0,1,0,0,0,0
TXN00006382,2026-03-23 03:20:29,USR32742,MCH3472,13256.01,UTR3027026940,9120,SUCCESS,TXN00006382,USR32742,MCH3472,UTR3027026940,0,0,0,0,0,0,0
TXN00007167,2026-03-28 01:18:43,USR18535,MCH2611,21495.1,UTR1889977542,4110,SUCCESS,TXN00007167,USR18535,MCH2611,UTR1889977542,0,0,0,0,0,0,0
TXN00000056,2026-03-24 06:48:18,USR58005,MCH7261,0.2304764,UTR9691241244,1310,PENDING,TXN00000056,USR58005,MCH7261,UTR9691241244,0,0,0,0,0,0,1
TXN00010012,2026-02-15 01:13:59,USR29442,MCH8831,18228.55,UTR6422904076,9120,FAILED,TXN00010012,USR29442,MCH8831,UTR6422904076,0,0,0,0,0,1,0
TXN00019083,2026-03-31 21:04:36,USR65810,MCH2331,5393.39,,,SUCCESS,TXN00019083,USR65810,MCH2331,,0,1,1,0,0,0,0
TXN00006480,2026-03-26 09:53:06,USR40090,MCH8467,0.318055,UTR0959800691,4110,SUCCESS,TXN00006480,USR40090,MCH8467,UTR0959800691,0,0,0,0,0,0,0
TXN00010024,2026-03-10 12:11:07,USR61668,MCH2829,215.5,UTR4762963838,4110,SUCCESS,TXN00010024,USR61668,MCH2829,UTR4762963838,0,0,0,0,0,0,0
TXN00015960,2026-03-11 02:06:52,USR85084,MCH8119,1498.01,UTR1765136094,4110,SUCCESS,TXN00015960,USR85084,MCH8119,UTR1765136094,0,0,0,0,0,0,0
TXN00001774,2026-01-12 23:58:57,USR91064,MCH3500,23883.81,UTR6253207231,,SUCCESS,TXN00001774,USR91064,MCH3500,UTR6253207231,0,0,1,0,0,0,0
TXN00015915,2026-01-03 07:58:02,USR25301,MCH3195,20909.0,UTR9697914081,4110,SUCCESS,TXN00015915,USR25301,MCH3195,UTR9697914081,0,0,0,0,0,0,0
TXN00004166,2026-01-08 11:14:23,USR29876,MCH3033,0.972427,UTR9157886287,4110,SUCCESS,TXN00004166,USR29876,MCH3033,UTR9157886287,0,0,0,0,0,0,0
TXN00006664,2026-03-14 15:57:39,USR26011,MCH2133,18664.0,UTR0746147388,9120,SUCCESS,TXN00006664,USR26011,MCH2133,UTR0746147388,0,0,0,0,0,0,0
TXN00000645,2026-04-02 02:13:47,USR64801,MCH5262,0.300286,UTR0991663434,4110,SUCCESS,TXN00000645,USR64801,MCH5262,UTR0991663434,0,0,0,0,0,0,0
TXN00011619,2026-01-04 15:05:46,USR98395,MCH7099,22945.89,,9120,SUCCESS,TXN00011619,USR98395,MCH7099,,0,1,0,0,0,0,0
TXN00001913,2026-03-18 13:10:43,USR51216,MCH2407,24908.4,UTR2811652619,0110,SUCCESS,TXN00001913,USR51216,MCH2407,UTR2811652619,0,0,0,0,0,0,0
TXN00019413,2026-01-23 00:00:00,USR53707,MCH1880,12748.66,UTR8618997004,0110,SUCCESS,TXN00019413,USR53707,MCH1880,UTR8618997004,0,0,0,0,0,0,0
TXN00003461,2026-03-12 04:26:18,USR33943,MCH9566,6889.45,UTR7388848947,8120,SUCCESS,TXN00003461,USR33943,MCH9566,UTR7388848947,0,0,0,0,0,0,0
TXN00002919,2026-01-13 11:02:28,USR58317,MCH4010,10571.5,UTR9641678035,8120,SUCCESS,TXN00002919,USR58317,MCH4010,UTR9641678035,0,0,0,0,0,0,0
TXN00011248,2026-03-21 00:00:00,USR33817,MCH1840,8785.08,UTR0310075632,0110,SUCCESS,TXN00011248,USR33817,MCH1840,UTR0310075632,0,0,0,0,0,0,0
TXN00013304,2026-03-16 01:52:05,USR48459,MCH1119,20886.0,UTR2918401408,0110,FAILED,TXN00013304,USR48459,MCH1119,UTR2918401408,0,0,0,0,0,1,0
TXN00019525,2026-03-16 10:52:17,USR29699,MCH8815,18451.32,UTR2629132007,4110,PENDING,TXN00019525,USR29699,MCH8815,UTR2629132007,0,0,0,0,0,0,1
TXN00001946,2026-01-30 06:50:58,USR54996,MCH6156,12936.55,UTR3325396269,8120,SUCCESS,TXN00001946,USR54996,MCH6156,UTR3325396269,0,0,0,0,0,0,0
TXN00015788,2026-01-01 16:06:09,USR73095,MCH6483,0.836781,UTR1308781748,4110,SUCCESS,TXN00015788,USR73095,MCH6483,UTR1308781748,0,0,0,0,0,0,0
TXN00001055,2026-03-28 13:31:13,USR36142,MCH8858,24948.37,UTR2897855107,8120,SUCCESS,TXN00001055,USR36142,MCH8858,UTR2897855107,0,0,0,0,0,0,0
TXN00008381,2026-03-01 12:29:05,USR42947,MCH3836,12878.04,UTR6005877031,1310,PENDING,TXN00008381,USR42947,MCH3836,UTR6005877031,0,0,0,0,0,0,1
TXN00018882,2026-02-16 14:57:55,USR74717,MCH5807,10218.99,UTR5172868267,1310,FAILED,TXN00018882,USR74717,MCH5807,UTR5172868267,0,0,0,0,0,1,0
TXN00001070,2026-03-17 05:02:43,USR96431,MCH8873,0.71881,UTR0837675327,4110,SUCCESS,TXN00001070,USR96431,MCH8873,UTR0837675327,0,0,0,0,0,0,0
TXN00013702,2026-12-03 08:29:38,USR61368,MCH8680,0.1780047,UTR6052782363,9120,SUCCESS,TXN00013702,USR61368,MCH8680,UTR6052782363,0,0,0,0,0,0,0
TXN00000325,2026-02-15 22:06:24,USR15799,MCH5543,23872.08,UTR4343722895,4110,SUCCESS,TXN00000325,USR15799,MCH5543,UTR4343722895,0,0,0,0,0,0,0
TXN00000705,2026-02-19 05:40:51,USR89168,MCH5911,1593.74,UTR1364009768,9120,SUCCESS,TXN00000705,USR89168,MCH5911,UTR1364009768,0,0,0,0,0,0,0
TXN00008308,2026-01-19 17:38:30,USR50928,MCH6543,8450.32,UTR9584984152,4110,SUCCESS,TXN00008308,USR50928,MCH6543,UTR 9584984152,0,0,0,0,0,0,0
TXN00014532,2026-02-18 21:03:13,USR85442,MCH8891,24561.36,UTR9439456130,4110,SUCCESS,TXN00014532,USR85442,MCH8891,UTR 9439456130,0,0,0,0,0,0,0
TXN00006926,2026-01-17 06:03:29,USR17053,MCH1567,0.99854,UTR8767919062,9120,SUCCESS,TXN00006926,USR17053,MCH1567,UTR8767919062,0,0,0,0,0,0,0
TXN00015940,2026-02-20 23:16:17,USR86500,MCH6812,0.2194118,UTR6805916451,4110,SUCCESS,TXN00015940,USR86500,MCH6812,UTR6805916451,0,0,0,0,0,0,0
TXN00008880,2026-11-02 09:44:07,USR31220,MCH6913,5365.0,UTR6213316753,9120,SUCCESS,TXN00008880,USR31220,MCH6913,UTR6213316753,0,0,0,0,0,0,0
TXN00010259,2026-03-06 03:37:19,USR81229,MCH8680,21835.87,UTR3590881814,,SUCCESS,TXN00010259,USR81229,MCH8680,UTR3590881814,0,0,1,0,0,0,0
TXN00013980,2026-02-26 16:43:50,USR26397,MCH6275,5013.52,,0110,FAILED,TXN00013980,USR26397,MCH6275,,0,1,0,0,0,1,0
TXN00014557,2026-02-06 11:33:22,USR10906,MCH7570,12469.24,UTR1727331728,8120,SUCCESS,TXN00014557,USR10906,MCH7570,UTR1727331728,0,0,0,0,0,0,0
TXN00013870,2026-01-07 08:20:26,USR38224,MCH4921,11507.06,UTR8427247874,4110,SUCCESS,TXN00013870,USR38224,MCH4921,UTR8427247874,0,0,0,0,0,0,0
TXN00018462,2026-03-12 17:01:24,USR10770,MCH9767,20145.34,UTR2002265749,1310,SUCCESS,TXN00018462,USR10770,MCH9767,UTR2002265749,0,0,0,0,0,0,0
TXN00006209,2026-02-04 21:06:54,USR70477,MCH1540,10062.49,UTR7717393124,4110,SUCCESS,TXN00006209,USR70477,MCH1540,UTR7717393124,0,0,0,0,0,0,0
TXN00016564,2026-01-02 00:00:00,USR47709,MCH8683,12747.97,UTR1894109715,0110,SUCCESS,TXN00016564,USR47709,MCH8683,UTR1894109715,0,0,0,0,0,0,0
TXN00013631,2026-01-07 07:31:36,USR10193,MCH9375,4545.0,UTR7978531205,8120,SUCCESS,TXN00013631,USR10193,MCH9375,UTR7978531205,0,0,0,0,0,0,0
TXN00008359,2026-03-27 17:22:53,USR37962,MCH8161,1301.63,UTR1578322937,4110,SUCCESS,TXN00008359,USR37962,MCH8161,UTR1578322937,0,0,0,0,0,0,0
TXN00010196,2026-03-05 09:17:11,USR51647,MCH1834,23232.72,UTR6819633637,9120,SUCCESS,TXN00010196,USR51647,MCH1834,UTR6819633637,0,0,0,0,0,0,0
TXN00007605,2026-02-28 04:58:15,USR59327,MCH1590,8011.33,UTR3505405469,4110,FAILED,TXN00007605,USR59327,MCH1590,UTR3505405469,0,0,0,0,0,1,0
TXN00013253,2026-01-18 14:49:38,USR48314,MCH1543,8472.61,UTR5822761552,8120,SUCCESS,TXN00013253,USR48314,MCH1543,UTR5822761552,0,0,0,0,0,0,0
TXN00018868,2026-03-06 03:43:14,USR86121,MCH9965,19826.63,UTR9826103653,8120,SUCCESS,TXN00018868,USR86121,MCH9965,UTR9826103653,0,0,0,0,0,0,0
TXN00014824,2026-03-17 09:49:17,USR12134,MCH2028,6972.92,UTR0043992597,9120,SUCCESS,TXN00014824,USR12134,MCH2028,UTR0043992597,0,0,0,0,0,0,0
TXN00002289,2026-03-25 21:50:28,USR91079,MCH7790,12056.21,UTR0045836844,4110,FAILED,TXN00002289,USR91079,MCH7790,UTR0045836844,0,0,0,0,0,1,0
TXN00000156,2026-02-22 07:54:29,USR99393,MCH6281,6058.96,UTR8726257583,8120,SUCCESS,TXN00000156,USR99393,MCH6281,UTR 8726257583,0,0,0,0,0,0,0
TXN00010009,2026-01-12 06:17:11,USR98819,MCH1879,19076.09,UTR1798684318,8120,SUCCESS,TXN00010009,USR98819,MCH1879,UTR1798684318,0,0,0,0,0,0,0
TXN00017724,2026-01-02 14:39:09,USR94370,MCH1997,20966.06,UTR3857829832,,FAILED,TXN00017724,USR94370,MCH1997,UTR3857829832,0,0,1,0,0,1,0
TXN00014859,2026-02-17 05:33:36,USR73318,MCH1618,14702.46,UTR7611433470,1310,SUCCESS,TXN00014859,USR73318,MCH1618,UTR7611433470,0,0,0,0,0,0,0
TXN00007278,2026-02-27 01:23:27,USR67718,MCH8481,2372.96,UTR4171671326,,SUCCESS,TXN00007278,USR67718,MCH8481,UTR4171671326,0,0,1,0,0,0,0
TXN00015129,2026-03-24 05:55:45,USR94067,MCH7122,21451.76,UTR4997070977,,SUCCESS,TXN00015129,USR94067,MCH7122,UTR 4997070977,0,0,1,0,0,0,0
TXN00004798,2026-03-14 15:35:33,USR79177,MCH1960,19581.2,UTR0432301795,9120,PENDING,TXN00004798,USR79177,MCH1960,UTR0432301795,0,0,0,0,0,0,1
TXN00013368,2026-03-22 15:12:03,USR16714,MCH6508,21151.07,UTR1278492904,9120,SUCCESS,TXN00013368,USR16714,MCH6508,UTR1278492904,0,0,0,0,0,0,0
TXN00000384,2026-02-16 17:38:47,USR80126,MCH2798,21938.0,UTR4273321650,9120,SUCCESS,TXN00000384,USR80126,MCH2798,UTR4273321650,0,0,0,0,0,0,0
TXN00016474,2026-03-10 06:19:34,USR23145,MCH7296,0.945592,,,SUCCESS,TXN00016474,USR23145,MCH7296,,0,1,1,0,0,0,0
TXN00016748,2026-03-17 03:57:30,USR69267,MCH6080,2787.58,UTR4533677788,1310,FAILED,TXN00016748,USR69267,MCH6080,UTR 4533677788,0,0,0,0,0,1,0
TXN00000723,2026-03-01 18:15:13,USR25857,MCH7574,1671.74,UTR1622047832,9120,PENDING,TXN00000723,USR25857,MCH7574,UTR1622047832,0,0,0,0,0,0,1
TXN00018404,2026-03-16 02:44:20,USR18418,MCH7223,14740.19,UTR1545351967,1310,SUCCESS,TXN00018404,USR18418,MCH7223,UTR1545351967,0,0,0,0,0,0,0
TXN00010303,2026-02-09 08:54:06,USR67061,MCH7945,3207.47,UTR8117428307,,SUCCESS,TXN00010303,USR67061,MCH7945,UTR 8117428307,0,0,1,0,0,0,0
TXN00004901,2026-02-09 01:22:27,USR11804,MCH3301,161.12,UTR9006572126,8120,SUCCESS,TXN00004901,USR11804,MCH3301,UTR9006572126,0,0,0,0,0,0,0
TXN00010279,2026-01-03 11:06:13,USR98305,MCH3478,9017.97,UTR4656029121,4110,SUCCESS,TXN00010279,USR98305,MCH3478,UTR4656029121,0,0,0,0,0,0,0
TXN00000135,2026-01-07 10:13:50,USR22112,MCH7709,23573.31,UTR9727077347,0110,SUCCESS,TXN00000135,USR22112,MCH7709,UTR 9727077347,0,0,0,0,0,0,0
TXN00012334,2026-02-25 00:00:00,USR99422,MCH2054,23914.53,UTR4625274780,,FAILED,TXN00012334,USR99422,MCH2054,UTR4625274780,0,0,1,0,0,1,0
TXN00015649,2026-12-03 20:54:49,USR48504,MCH5706,4887.89,UTR3371228571,8120,SUCCESS,TXN00015649,USR48504,MCH5706,UTR3371228571,0,0,0,0,0,0,0
TXN00015432,2026-01-25 02:40:02,USR68511,MCH1222,24478.01,,9120,SUCCESS,TXN00015432,USR68511,MCH1222,,0,1,0,0,0,0,0
TXN00010599,2026-02-09 23:19:17,USR24000,MCH5631,2285.74,,,SUCCESS,TXN00010599,USR24000,MCH5631,,0,1,1,0,0,0,0
TXN00010549,2026-01-06 06:37:11,USR90916,MCH1910,7419.57,UTR7525886362,0110,SUCCESS,TXN00010549,USR90916,MCH1910,UTR7525886362,0,0,0,0,0,0,0
TXN00007344,2026-03-03 00:00:00,USR82331,MCH1424,12238.18,,1310,FAILED,TXN00007344,USR82331,MCH1424,,0,1,0,0,0,1,0
TXN00012390,2026-01-20 09:44:01,USR29314,MCH8936,6528.0,UTR1900124259,0110,SUCCESS,TXN00012390,USR29314,MCH8936,UTR1900124259,0,0,0,0,0,0,0
TXN00000586,2026-03-26 22:13:42,USR82933,MCH3068,6011.24,UTR1412217551,9120,FAILED,TXN00000586,USR82933,MCH3068,UTR1412217551,0,0,0,0,0,1,0
TXN00009523,2026-02-19 21:50:53,USR88897,MCH5341,0.2347833,UTR2380432434,9120,FAILED,TXN00009523,USR88897,MCH5341,UTR2380432434,0,0,0,0,0,1,0
TXN00013099,2026-03-18 02:22:08,USR93313,MCH7410,8250.0,,4110,SUCCESS,TXN00013099,USR93313,MCH7410,,0,1,0,0,0,0,0
TXN00002783,2026-03-14 19:23:20,USR30948,MCH9758,24530.0,UTR5375602508,4110,SUCCESS,TXN00002783,USR30948,MCH9758,UTR5375602508,0,0,0,0,0,0,0
TXN00014775,2026-01-25 16:32:02,USR73491,MCH1909,20896.8,UTR3967044416,8120,SUCCESS,TXN00014775,USR73491,MCH1909,UTR3967044416,0,0,0,0,0,0,0
TXN00013718,2026-02-04 17:36:11,USR35509,MCH5163,19678.55,UTR9474761053,9120,SUCCESS,TXN00013718,USR35509,MCH5163,UTR9474761053,0,0,0,0,0,0,0
TXN00011009,2026-02-03 11:43:20,USR31459,MCH9374,16904.64,UTR8607694194,9120,FAILED,TXN00011009,USR31459,MCH9374,UTR8607694194,0,0,0,0,0,1,0
TXN00002846,2026-03-24 19:13:45,USR87704,MCH4187,0.893446,UTR7897699782,,SUCCESS,TXN00002846,USR87704,MCH4187,UTR7897699782,0,0,1,0,0,0,0
TXN00014975,2026-10-02 02:39:17,USR10647,MCH6894,0.106832,UTR5225937199,9120,SUCCESS,TXN00014975,USR10647,MCH6894,UTR5225937199,0,0,0,0,0,0,0
TXN00012769,2026-02-24 14:39:24,USR69318,MCH8258,7483.62,UTR7600206048,1310,FAILED,TXN00012769,USR69318,MCH8258,UTR7600206048,0,0,0,0,0,1,0
TXN00015004,2026-03-25 05:11:15,USR17964,MCH1073,2091.73,UTR8595578173,4110,SUCCESS,TXN00015004,USR17964,MCH1073,UTR8595578173,0,0,0,0,0,0,0
TXN00019597,2026-03-13 03:10:19,USR57405,MCH8047,24947.47,UTR4838235614,9120,FAILED,TXN00019597,USR57405,MCH8047,UTR4838235614,0,0,0,0,0,1,0
TXN00016517,2026-02-06 15:32:50,USR15113,MCH9428,12024.73,UTR5415376961,4110,FAILED,TXN00016517,USR15113,MCH9428,UTR5415376961,0,0,0,0,0,1,0
TXN00013999,2026-02-12 21:12:31,USR63541,MCH6261,9976.93,UTR2820009917,,SUCCESS,TXN00013999,USR63541,MCH6261,UTR2820009917,0,0,1,0,0,0,0
TXN00017405,2026-02-28 23:06:05,USR28615,MCH9594,19370.0,UTR3545409508,4110,SUCCESS,TXN00017405,USR28615,MCH9594,UTR3545409508,0,0,0,0,0,0,0
TXN00009815,2026-05-03 21:04:49,USR60841,MCH8014,23928.0,UTR3504631072,9120,SUCCESS,TXN00009815,USR60841,MCH8014,UTR3504631072,0,0,0,0,0,0,0
TXN00006526,2026-03-03 21:34:17,USR94298,MCH3274,24964.03,UTR7175537689,4110,SUCCESS,TXN00006526,USR94298,MCH3274,UTR7175537689,0,0,0,0,0,0,0
TXN00002181,2026-01-13 13:01:28,USR11367,MCH1116,7639.71,UTR9809527739,9120,FAILED,TXN00002181,USR11367,MCH1116,UTR9809527739,0,0,0,0,0,1,0
TXN00019238,2026-03-27 09:34:43,USR84621,MCH1278,0.348226,UTR4710315953,4110,SUCCESS,TXN00019238,USR84621,MCH1278,UTR 4710315953,0,0,0,0,0,0,0
TXN00008259,2026-01-27 19:21:35,USR81073,MCH3286,15346.56,UTR3271493035,9120,SUCCESS,TXN00008259,USR81073,MCH3286,UTR 3271493035,0,0,0,0,0,0,0
TXN00014836,2026-01-01 14:57:37,USR49870,MCH1173,10870.71,UTR7988704696,0110,SUCCESS,TXN00014836,USR49870,MCH1173,UTR7988704696,0,0,0,0,0,0,0
TXN00010290,2026-02-18 12:20:54,USR72972,MCH6486,3600.85,,8120,SUCCESS,TXN00010290,USR72972,MCH6486,,0,1,0,0,0,0,0
TXN00018190,2026-01-31 04:25:41,USR13826,MCH2138,22849.0,UTR3392665364,4110,SUCCESS,TXN00018190,USR13826,MCH2138,UTR3392665364,0,0,0,0,0,0,0
TXN00011050,2026-01-01 15:25:23,USR19366,MCH3767,4179.29,UTR1206986361,8120,SUCCESS,TXN00011050,USR19366,MCH3767,UTR1206986361,0,0,0,0,0,0,0
TXN00013087,2026-01-15 21:13:31,USR32121,MCH9246,0.857995,UTR5951426317,9120,SUCCESS,TXN00013087,USR32121,MCH9246,UTR5951426317,0,0,0,0,0,0,0
TXN00016781,2026-01-28 04:43:14,USR21881,MCH9971,9717.04,UTR2820672541,4110,SUCCESS,TXN00016781,USR21881,MCH9971,UTR2820672541,0,0,0,0,0,0,0
TXN00016800,2026-01-13 00:51:44,USR99718,MCH2542,0.2255483,UTR1752950032,,SUCCESS,TXN00016800,USR99718,MCH2542,UTR1752950032,0,0,1,0,0,0,0
TXN00009150,2026-01-29 00:54:26,USR20407,MCH2191,13609.06,UTR4745417736,4110,SUCCESS,TXN00009150,USR20407,MCH2191,UTR4745417736,0,0,0,0,0,0,0
TXN00005777,2026-03-27 10:51:54,USR38299,MCH4216,15672.57,UTR2770088943,0110,SUCCESS,TXN00005777,USR38299,MCH4216,UTR2770088943,0,0,0,0,0,0,0
TXN00006241,2026-01-05 17:12:56,USR41127,MCH9907,22995.62,UTR3723495008,8120,SUCCESS,TXN00006241,USR41127,MCH9907,UTR3723495008,0,0,0,0,0,0,0
TXN00003447,2026-01-14 15:38:57,USR24375,MCH6225,20112.31,UTR7777214759,4110,SUCCESS,TXN00003447,USR24375,MCH6225,UTR7777214759,0,0,0,0,0,0,0
TXN00019647,2026-02-07 03:04:33,USR58872,MCH1606,2813.84,UTR2986691397,1310,SUCCESS,TXN00019647,USR58872,MCH1606,UTR2986691397,0,0,0,0,0,0,0
TXN00013431,2026-03-07 04:58:18,USR13545,MCH3558,2706.56,UTR4460514757,,SUCCESS,TXN00013431,USR13545,MCH3558,UTR4460514757,0,0,1,0,0,0,0
TXN00012456,2026-01-10 04:09:52,USR70536,MCH7691,3750.34,UTR0430591600,0110,SUCCESS,TXN00012456,USR70536,MCH7691,UTR0430591600,0,0,0,0,0,0,0
TXN00012278,2026-02-24 00:00:00,USR42940,MCH8296,15040.76,UTR2114882367,9120,SUCCESS,TXN00012278,USR42940,MCH8296,UTR2114882367,0,0,0,0,0,0,0
TXN00018348,2026-03-17 06:48:29,USR27368,MCH3078,-19466.76,UTR8497778840,1310,SUCCESS,TXN00018348,USR27368,MCH3078,UTR8497778840,1,0,0,0,0,0,0
TXN00012291,2026-01-08 11:02:22,USR23899,MCH7809,10691.99,UTR8585038174,,SUCCESS,TXN00012291,USR23899,MCH7809,UTR8585038174,0,0,1,0,0,0,0
TXN00014291,2026-02-22 05:01:09,USR61170,MCH8418,19203.13,UTR3035883100,9120,SUCCESS,TXN00014291,USR61170,MCH8418,UTR3035883100,0,0,0,0,0,0,0
TXN00014297,2026-03-12 12:57:20,USR85573,MCH3425,20342.76,UTR9228135898,,SUCCESS,TXN00014297,USR85573,MCH3425,UTR9228135898,0,0,1,0,0,0,0
TXN00006036,2026-03-02 07:38:13,USR34464,MCH5720,5899.71,UTR8901130390,0110,SUCCESS,TXN00006036,USR34464,MCH5720,UTR8901130390,0,0,0,0,0,0,0
TXN00019636,2026-01-22 13:53:12,USR70497,MCH8594,0.1472473,UTR3851033396,1310,SUCCESS,TXN00019636,USR70497,MCH8594,UTR3851033396,0,0,0,0,0,0,0
TXN00018779,2026-01-06 01:46:25,USR26263,MCH6951,20115.62,UTR9603942225,9120,SUCCESS,TXN00018779,USR26263,MCH6951,UTR9603942225,0,0,0,0,0,0,0
TXN00018700,2026-01-30 09:23:10,USR23404,MCH7877,18585.45,UTR0520530944,8120,SUCCESS,TXN00018700,USR23404,MCH7877,UTR0520530944,0,0,0,0,0,0,0
TXN00011127,2026-02-19 18:16:18,USR86703,MCH1774,20890.03,,8120,SUCCESS,TXN00011127,USR86703,MCH1774,,0,1,0,0,0,0,0
TXN00017104,2026-03-06 19:52:38,USR98102,MCH1741,-8819.67,UTR1771148347,9120,FAILED,TXN00017104,USR98102,MCH1741,UTR1771148347,1,0,0,0,0,1,0
TXN00002913,2026-01-08 04:49:01,USR13313,MCH5000,18236.33,UTR2641974291,1310,SUCCESS,TXN00002913,USR13313,MCH5000,UTR 2641974291,0,0,0,0,0,0,0
TXN00016786,2026-01-07 21:45:14,USR48730,MCH8972,14715.0,UTR3202734322,4110,SUCCESS,TXN00016786,USR48730,MCH8972,UTR3202734322,0,0,0,0,0,0,0
TXN00016384,2026-01-15 14:02:16,USR10264,MCH7016,12910.67,UTR5621787408,1310,SUCCESS,TXN00016384,USR10264,MCH7016,UTR5621787408,0,0,0,0,0,0,0
TXN00019392,2026-01-21 05:56:58,USR42046,MCH5598,19705.72,UTR3317202435,0110,SUCCESS,TXN00019392,USR42046,MCH5598,UTR3317202435,0,0,0,0,0,0,0
TXN00017056,2026-03-31 22:32:57,USR73943,MCH3742,2122.47,UTR6264243452,0110,SUCCESS,TXN00017056,USR73943,MCH3742,UTR6264243452,0,0,0,0,0,0,0
TXN00000576,2026-04-02 17:45:21,USR91902,MCH8714,23738.52,UTR7935084367,9120,SUCCESS,TXN00000576,USR91902,MCH8714,UTR7935084367,0,0,0,0,0,0,0
TXN00011516,2026-01-02 17:10:29,USR19185,MCH3923,15696.23,UTR7172521347,9120,SUCCESS,TXN00011516,USR19185,MCH3923,UTR7172521347,0,0,0,0,0,0,0
TXN00014649,2026-01-27 09:28:53,USR89705,MCH6296,20560.86,UTR2931002455,4110,FAILED,TXN00014649,USR89705,MCH6296,UTR2931002455,0,0,0,0,0,1,0
TXN00017988,2026-01-15 14:03:21,USR60389,MCH6714,21287.36,,8120,SUCCESS,TXN00017988,USR60389,MCH6714,,0,1,0,0,0,0,0
TXN00015367,2026-03-25 17:05:45,USR32388,MCH5975,21542.81,UTR0276972817,8120,SUCCESS,TXN00015367,USR32388,MCH5975,UTR0276972817,0,0,0,0,0,0,0
TXN00006231,2026-05-03 03:52:08,USR79748,MCH9515,0.1446831,UTR2533209304,9120,SUCCESS,TXN00006231,USR79748,MCH9515,UTR2533209304,0,0,0,0,0,0,0
TXN00005317,2026-03-03 05:45:51,USR96681,MCH8387,6974.57,,1310,SUCCESS,TXN00005317,USR96681,MCH8387,,0,1,0,0,0,0,0
TXN00001350,2026-03-21 18:03:00,USR53461,MCH4649,1012.33,UTR1259072447,4110,SUCCESS,TXN00001350,USR53461,MCH4649,UTR1259072447,0,0,0,0,0,0,0
TXN00019084,2026-02-22 04:44:09,USR96162,MCH7787,20723.28,UTR9145418766,1310,SUCCESS,TXN00019084,USR96162,MCH7787,UTR9145418766,0,0,0,0,0,0,0
TXN00019118,2026-02-10 15:28:06,USR60533,MCH1569,4509.45,UTR8276458408,9120,SUCCESS,TXN00019118,USR60533,MCH1569,UTR8276458408,0,0,0,0,0,0,0
TXN00010978,2026-01-20 00:03:02,USR27898,MCH9739,18419.05,UTR6035818417,8120,SUCCESS,TXN00010978,USR27898,MCH9739,UTR6035818417,0,0,0,0,0,0,0
TXN00005452,2026-01-16 07:00:38,USR53457,MCH3970,5976.41,UTR5616746594,4110,SUCCESS,TXN00005452,USR53457,MCH3970,UTR5616746594,0,0,0,0,0,0,0
TXN00016191,2026-02-26 15:05:49,USR86690,MCH2525,13989.46,UTR0813460560,0110,SUCCESS,TXN00016191,USR86690,MCH2525,UTR0813460560,0,0,0,0,0,0,0
TXN00004183,2026-03-23 17:06:04,USR74681,MCH6616,17057.97,UTR2376648256,4110,SUCCESS,TXN00004183,USR74681,MCH6616,UTR 2376648256,0,0,0,0,0,0,0
TXN00018735,2026-01-12 22:01:25,USR80947,MCH2024,12507.0,UTR7133744440,9120,SUCCESS,TXN00018735,USR80947,MCH2024,UTR7133744440,0,0,0,0,0,0,0
TXN00012899,2026-02-09 05:14:38,USR25453,MCH5458,22183.4,UTR7350471358,9120,PENDING,TXN00012899,USR25453,MCH5458,UTR7350471358,0,0,0,0,0,0,1
TXN00005330,2026-03-02 09:39:27,USR63311,MCH9131,12766.4,UTR6318998953,1310,SUCCESS,TXN00005330,USR63311,MCH9131,UTR6318998953,0,0,0,0,0,0,0
TXN00018487,2026-01-07 21:08:00,USR95009,MCH2541,4630.59,UTR3426278014,1310,SUCCESS,TXN00018487,USR95009,MCH2541,UTR3426278014,0,0,0,0,0,0,0
TXN00016146,2026-03-26 19:07:46,USR38210,MCH4931,2609.22,UTR2545132902,4110,SUCCESS,TXN00016146,USR38210,MCH4931,UTR 2545132902,0,0,0,0,0,0,0
TXN00014054,2026-03-18 00:49:15,USR19303,MCH7408,14721.41,UTR7960813401,8120,PENDING,TXN00014054,USR19303,MCH7408,UTR7960813401,0,0,0,0,0,0,1
TXN00002728,2026-02-02 22:00:45,USR39899,MCH3791,5713.6,UTR9410170574,,SUCCESS,TXN00002728,USR39899,MCH3791,UTR9410170574,0,0,1,0,0,0,0
TXN00009785,2026-02-07 01:06:39,USR70485,MCH8424,13563.55,UTR3180388448,8120,SUCCESS,TXN00009785,USR70485,MCH8424,UTR3180388448,0,0,0,0,0,0,0
TXN00001996,2026-01-21 21:02:24,USR33827,MCH9746,16427.0,UTR6744120926,9120,SUCCESS,TXN00001996,USR33827,MCH9746,UTR6744120926,0,0,0,0,0,0,0
TXN00002590,2026-03-12 14:34:47,USR68965,MCH8296,17851.68,,,PENDING,TXN00002590,USR68965,MCH8296,,0,1,1,0,0,0,1
TXN00008913,2026-01-31 19:49:11,USR73812,MCH8940,21812.85,UTR0325444497,8120,SUCCESS,TXN00008913,USR73812,MCH8940,UTR0325444497,0,0,0,0,0,0,0
TXN00014157,2026-04-03 00:59:08,USR29609,MCH5175,0.2201576,UTR3166469907,0110,SUCCESS,TXN00014157,USR29609,MCH5175,UTR3166469907,0,0,0,0,0,0,0
TXN00003056,2026-02-01 18:58:50,USR80284,MCH9559,0.2421375,UTR6732487501,4110,SUCCESS,TXN00003056,USR80284,MCH9559,UTR6732487501,0,0,0,0,0,0,0
TXN00003452,2026-01-26 07:40:25,USR73733,MCH9414,16872.91,UTR5134213544,8120,FAILED,TXN00003452,USR73733,MCH9414,UTR5134213544,0,0,0,0,0,1,0
TXN00007443,2026-02-05 23:02:31,USR31396,MCH9483,3363.72,UTR4763038859,4110,PENDING,TXN00007443,USR31396,MCH9483,UTR4763038859,0,0,0,0,0,0,1
TXN00019210,2026-02-17 21:27:25,USR83665,MCH7247,23760.1,UTR6325822312,4110,SUCCESS,TXN00019210,USR83665,MCH7247,UTR6325822312,0,0,0,0,0,0,0
TXN00003354,2026-02-16 00:00:00,USR88323,MCH5226,12681.42,UTR9225472986,0110,SUCCESS,TXN00003354,USR88323,MCH5226,UTR9225472986,0,0,0,0,0,0,0
TXN00007666,2026-02-19 20:02:40,USR34476,MCH8638,6943.0,UTR7693445889,0110,SUCCESS,TXN00007666,USR34476,MCH8638,UTR7693445889,0,0,0,0,0,0,0
TXN00005058,2026-02-15 00:00:00,USR63976,MCH5680,6926.09,UTR6060140567,8120,SUCCESS,TXN00005058,USR63976,MCH5680,UTR6060140567,0,0,0,0,0,0,0
TXN00018823,2026-02-15 00:02:21,USR22441,MCH2982,11103.0,UTR8216142003,8120,SUCCESS,TXN00018823,USR22441,MCH2982,UTR8216142003,0,0,0,0,0,0,0
TXN00018111,2026-02-24 06:21:09,USR32920,MCH1747,12656.79,UTR6544376222,4110,SUCCESS,TXN00018111,USR32920,MCH1747,UTR6544376222,0,0,0,0,0,0,0
TXN00010690,2026-03-25 12:50:12,USR83132,MCH1212,6090.12,UTR4562679833,0110,SUCCESS,TXN00010690,USR83132,MCH1212,UTR4562679833,0,0,0,0,0,0,0
TXN00014473,2026-01-22 08:51:40,USR57968,MCH8835,2176.1,,8120,SUCCESS,TXN00014473,USR57968,MCH8835,,0,1,0,0,0,0,0
TXN00014348,2026-02-17 01:34:15,USR93006,MCH8885,10593.87,UTR2311053618,9120,SUCCESS,TXN00014348,USR93006,MCH8885,UTR2311053618,0,0,0,0,0,0,0
TXN00018259,2026-02-27 03:55:08,USR97529,MCH7528,19148.99,UTR7302478178,1310,PENDING,TXN00018259,USR97529,MCH7528,UTR7302478178,0,0,0,0,0,0,1
TXN00001166,2026-01-19 14:19:22,USR85225,MCH9317,20451.0,,9120,SUCCESS,TXN00001166,USR85225,MCH9317,,0,1,0,0,0,0,0
TXN00011348,2026-03-09 18:46:03,USR80469,MCH7343,3631.02,UTR6593720752,4110,SUCCESS,TXN00011348,USR80469,MCH7343,UTR6593720752,0,0,0,0,0,0,0
TXN00007027,2026-02-22 23:37:48,USR22770,MCH5525,1011.33,UTR3600609847,9120,SUCCESS,TXN00007027,USR22770,MCH5525,UTR3600609847,0,0,0,0,0,0,0
TXN00005392,2026-02-24 17:17:53,USR63430,MCH6787,14234.47,UTR0314307906,,SUCCESS,TXN00005392,USR63430,MCH6787,UTR0314307906,0,0,1,0,0,0,0
TXN00005200,2026-01-04 21:58:30,USR27849,MCH6632,7076.0,UTR0432004454,,SUCCESS,TXN00005200,USR27849,MCH6632,UTR0432004454,0,0,1,0,0,0,0
TXN00012452,2026-01-11 10:48:04,USR93819,MCH5920,19545.24,UTR2227081902,4110,SUCCESS,TXN00012452,USR93819,MCH5920,UTR2227081902,0,0,0,0,0,0,0
TXN00013936,2026-02-06 07:12:02,USR74973,MCH5036,4594.77,UTR2359251780,4110,SUCCESS,TXN00013936,USR74973,MCH5036,UTR 2359251780,0,0,0,0,0,0,0
TXN00009250,2026-01-12 20:20:05,USR25941,MCH4419,7698.3,UTR3436529428,8120,SUCCESS,TXN00009250,USR25941,MCH4419,UTR3436529428,0,0,0,0,0,0,0
TXN00007073,2026-01-25 12:55:51,USR56574,MCH4141,15583.08,UTR5829635334,4110,SUCCESS,TXN00007073,USR56574,MCH4141,UTR5829635334,0,0,0,0,0,0,0
TXN00005894,2026-03-01 23:13:02,USR52125,MCH5277,4815.97,UTR9120611223,,SUCCESS,TXN00005894,USR52125,MCH5277,UTR9120611223,0,0,1,0,0,0,0
TXN00012996,2026-03-18 04:41:29,USR87500,MCH5342,23506.45,UTR2288307274,9120,SUCCESS,TXN00012996,USR87500,MCH5342,UTR 2288307274,0,0,0,0,0,0,0
TXN00012304,2026-08-02 06:28:55,USR11930,MCH6907,15645.42,UTR8206787154,9120,SUCCESS,TXN00012304,USR11930,MCH6907,UTR8206787154,0,0,0,0,0,0,0
TXN00007415,2026-01-18 05:25:25,USR90488,MCH1431,12136.54,UTR8235406030,8120,SUCCESS,TXN00007415,USR90488,MCH1431,UTR8235406030,0,0,0,0,0,0,0
TXN00009500,2026-01-31 07:20:44,USR84917,MCH3981,5376.23,UTR4004058351,4110,SUCCESS,TXN00009500,USR84917,MCH3981,UTR4004058351,0,0,0,0,0,0,0
TXN00011943,2026-01-29 21:02:44,USR97236,MCH3026,0.599785,UTR4291329727,4110,SUCCESS,TXN00011943,USR97236,MCH3026,UTR4291329727,0,0,0,0,0,0,0
TXN00003787,2026-03-26 10:01:15,USR40980,MCH6323,14425.67,UTR2311483538,4110,SUCCESS,TXN00003787,USR40980,MCH6323,UTR2311483538,0,0,0,0,0,0,0
TXN00016073,2026-03-18 18:53:45,USR64431,MCH7756,24117.49,UTR3104897052,9120,SUCCESS,TXN00016073,USR64431,MCH7756,UTR3104897052,0,0,0,0,0,0,0
TXN00013877,2026-01-19 09:53:45,USR70816,MCH4075,12906.11,UTR1943342317,,FAILED,TXN00013877,USR70816,MCH4075,UTR1943342317,0,0,1,0,0,1,0
TXN00008843,2026-03-02 16:53:37,USR26671,MCH3714,6055.77,UTR2149631754,4110,SUCCESS,TXN00008843,USR26671,MCH3714,UTR2149631754,0,0,0,0,0,0,0
TXN00013024,2026-01-07 00:55:18,USR74571,MCH9290,16887.0,UTR0057087366,0110,SUCCESS,TXN00013024,USR74571,MCH9290,UTR0057087366,0,0,0,0,0,0,0
TXN00010974,2026-01-22 13:37:57,USR50683,MCH6013,16712.0,UTR9575357127,8120,SUCCESS,TXN00010974,USR50683,MCH6013,UTR9575357127,0,0,0,0,0,0,0
TXN00002962,2026-04-03 05:36:32,USR14526,MCH6524,0.86401,UTR0184821699,8120,PENDING,TXN00002962,USR14526,MCH6524,UTR0184821699,0,0,0,0,0,0,1
TXN00001769,2026-03-18 18:25:21,USR48824,MCH7762,9403.0,UTR8481261818,4110,SUCCESS,TXN00001769,USR48824,MCH7762,UTR8481261818,0,0,0,0,0,0,0
TXN00001770,2026-02-08 07:25:31,USR83389,MCH6146,9867.96,UTR2180486662,8120,SUCCESS,TXN00001770,USR83389,MCH6146,UTR2180486662,0,0,0,0,0,0,0
TXN00011817,2026-01-09 03:34:12,USR77508,MCH1371,14246.92,UTR1170184714,9120,SUCCESS,TXN00011817,USR77508,MCH1371,UTR1170184714,0,0,0,0,0,0,0
TXN00019016,2026-01-08 12:08:55,USR37026,MCH4241,7211.0,UTR3250681476,,SUCCESS,TXN00019016,USR37026,MCH4241,UTR3250681476,0,0,1,0,0,0,0
TXN00010857,2026-01-13 19:28:32,USR16845,MCH3690,17721.13,UTR8089190958,,SUCCESS,TXN00010857,USR16845,MCH3690,UTR8089190958,0,0,1,0,0,0,0
TXN00014351,2026-01-09 00:21:08,USR11050,MCH1557,-3236.12,UTR0562433538,4110,SUCCESS,TXN00014351,USR11050,MCH1557,UTR0562433538,1,0,0,0,0,0,0
TXN00010537,2026-01-24 00:31:32,USR11183,MCH6011,8272.52,UTR3341323131,4110,SUCCESS,TXN00010537,USR11183,MCH6011,UTR3341323131,0,0,0,0,0,0,0
TXN00007160,2026-03-22 05:45:12,USR61773,MCH3027,14528.4,UTR0890195629,4110,SUCCESS,TXN00007160,USR61773,MCH3027,UTR 0890195629,0,0,0,0,0,0,0
TXN00008509,2026-03-22 05:04:50,USR57992,MCH2777,22899.0,UTR8376837026,1310,SUCCESS,TXN00008509,USR57992,MCH2777,UTR8376837026,0,0,0,0,0,0,0
TXN00005160,2026-03-13 09:29:46,USR80182,MCH5229,5652.0,UTR0489857007,4110,SUCCESS,TXN00005160,USR80182,MCH5229,UTR0489857007,0,0,0,0,0,0,0
TXN00019276,2026-02-22 09:53:40,USR77678,MCH6891,11249.95,UTR8998881902,1310,SUCCESS,TXN00019276,USR77678,MCH6891,UTR8998881902,0,0,0,0,0,0,0
TXN00014243,2026-02-14 16:21:15,USR46133,MCH9275,21283.71,UTR1136484881,8120,SUCCESS,TXN00014243,USR46133,MCH9275,UTR1136484881,0,0,0,0,0,0,0
TXN00017772,2026-03-08 03:13:08,USR21570,MCH8851,20720.32,UTR1514690767,8120,SUCCESS,TXN00017772,USR21570,MCH8851,UTR 1514690767,0,0,0,0,0,0,0
TXN00012061,2026-03-30 01:06:05,USR30924,MCH7787,23808.01,UTR7062041285,9120,SUCCESS,TXN00012061,USR30924,MCH7787,UTR 7062041285,0,0,0,0,0,0,0
TXN00003645,2026-03-16 07:43:14,USR27991,MCH5013,19016.79,UTR3373197978,,PENDING,TXN00003645,USR27991,MCH5013,UTR3373197978,0,0,1,0,0,0,1
TXN00005983,2026-03-01 03:11:22,USR41191,MCH4878,24009.57,UTR7000282535,9120,SUCCESS,TXN00005983,USR41191,MCH4878,UTR7000282535,0,0,0,0,0,0,0
TXN00005406,2026-06-01 10:52:51,USR20769,MCH4482,22389.94,UTR9529590119,4110,SUCCESS,TXN00005406,USR20769,MCH4482,UTR 9529590119,0,0,0,0,0,0,0
TXN00013292,2026-02-09 13:31:45,USR66151,MCH1293,0.286507,UTR9394653208,8120,SUCCESS,TXN00013292,USR66151,MCH1293,UTR9394653208,0,0,0,0,0,0,0
TXN00001776,2026-02-05 18:52:00,USR36033,MCH9135,7892.0,UTR5976297180,8120,SUCCESS,TXN00001776,USR36033,MCH9135,UTR5976297180,0,0,0,0,0,0,0
TXN00002782,2026-03-19 18:41:20,USR67030,MCH9320,21093.0,UTR4117702108,8120,SUCCESS,TXN00002782,USR67030,MCH9320,UTR4117702108,0,0,0,0,0,0,0
TXN00001417,2026-01-06 00:15:50,USR97602,MCH4787,993.2,UTR1832636776,1310,SUCCESS,TXN00001417,USR97602,MCH4787,UTR1832636776,0,0,0,0,0,0,0
TXN00001809,2026-01-14 13:42:14,USR39600,MCH1712,4360.99,UTR8736327903,0110,SUCCESS,TXN00001809,USR39600,MCH1712,UTR8736327903,0,0,0,0,0,0,0
TXN00008023,2026-01-13 06:33:38,USR98641,MCH4538,20035.79,UTR1955995335,8120,SUCCESS,TXN00008023,USR98641,MCH4538,UTR1955995335,0,0,0,0,0,0,0
TXN00012639,2026-01-12 08:29:30,USR95360,MCH8165,10303.32,UTR1238102010,8120,SUCCESS,TXN00012639,USR95360,MCH8165,UTR1238102010,0,0,0,0,0,0,0
TXN00001767,2026-02-05 12:19:03,USR94188,MCH2742,18436.55,UTR6198317232,9120,PENDING,TXN00001767,USR94188,MCH2742,UTR6198317232,0,0,0,0,0,0,1
TXN00016766,2026-01-31 00:00:00,USR80493,MCH3643,5394.18,UTR9974627456,8120,SUCCESS,TXN00016766,USR80493,MCH3643,UTR9974627456,0,0,0,0,0,0,0
TXN00004987,2026-02-03 22:15:26,USR59797,MCH1802,18205.63,UTR8561941470,,SUCCESS,TXN00004987,USR59797,MCH1802,UTR8561941470,0,0,1,0,0,0,0
TXN00009703,2026-02-27 21:43:31,USR69099,MCH3792,17893.73,UTR8215258988,8120,SUCCESS,TXN00009703,USR69099,MCH3792,UTR8215258988,0,0,0,0,0,0,0
TXN00010490,2026-01-05 04:27:59,USR24505,MCH4175,8052.95,,9120,SUCCESS,TXN00010490,USR24505,MCH4175,,0,1,0,0,0,0,0
TXN00012568,2026-02-14 23:51:35,USR61561,MCH4619,1497.56,UTR8415640155,4110,SUCCESS,TXN00012568,USR61561,MCH4619,UTR8415640155,0,0,0,0,0,0,0
TXN00000581,2026-01-10 23:31:35,USR84041,MCH9570,0.114838,UTR8309703253,9120,SUCCESS,TXN00000581,USR84041,MCH9570,UTR 8309703253,0,0,0,0,0,0,0
TXN00018494,2026-01-10 19:08:39,USR63488,MCH9040,16177.67,UTR9234777860,4110,FAILED,TXN00018494,USR63488,MCH9040,UTR9234777860,0,0,0,0,0,1,0
TXN00016145,2026-01-27 06:09:31,USR11487,MCH2950,11973.0,UTR8466080110,1310,SUCCESS,TXN00016145,USR11487,MCH2950,UTR8466080110,0,0,0,0,0,0,0
TXN00018124,2026-02-19 17:31:42,USR35709,MCH9108,15214.11,UTR7669884480,1310,SUCCESS,TXN00018124,USR35709,MCH9108,UTR7669884480,0,0,0,0,0,0,0
TXN00013027,2026-01-13 15:04:10,USR74580,MCH3212,1010.09,UTR3354926784,1310,SUCCESS,TXN00013027,USR74580,MCH3212,UTR3354926784,0,0,0,0,0,0,0
TXN00018189,2026-03-02 00:00:00,USR85511,MCH5836,4115.27,UTR9792344183,9120,FAILED,TXN00018189,USR85511,MCH5836,UTR9792344183,0,0,0,0,0,1,0
TXN00002090,2026-01-18 12:23:59,USR89909,MCH7622,9516.7,UTR6912173184,9120,SUCCESS,TXN00002090,USR89909,MCH7622,UTR6912173184,0,0,0,0,0,0,0
TXN00018054,2026-01-10 00:00:00,USR35991,MCH1483,17720.54,UTR0705712041,9120,SUCCESS,TXN00018054,USR35991,MCH1483,UTR0705712041,0,0,0,0,0,0,0
TXN00013816,2026-03-03 07:06:58,USR15038,MCH3947,6363.77,UTR9961035217,8120,SUCCESS,TXN00013816,USR15038,MCH3947,UTR9961035217,0,0,0,0,0,0,0
TXN00010200,2026-03-06 12:38:37,USR62720,MCH4001,5862.52,UTR5816535383,1310,SUCCESS,TXN00010200,USR62720,MCH4001,UTR5816535383,0,0,0,0,0,0,0
TXN00014442,2026-01-17 05:14:53,USR26167,MCH5557,0.106166,UTR2900042339,4110,SUCCESS,TXN00014442,USR26167,MCH5557,UTR2900042339,0,0,0,0,0,0,0
TXN00002859,2026-02-03 17:33:34,USR91737,MCH3416,910.11,UTR3929409937,4110,SUCCESS,TXN00002859,USR91737,MCH3416,UTR3929409937,0,0,0,0,0,0,0
TXN00001384,2026-03-06 07:55:53,USR26803,MCH1621,6460.75,UTR6728574071,1310,SUCCESS,TXN00001384,USR26803,MCH1621,UTR6728574071,0,0,0,0,0,0,0
TXN00007781,2026-03-30 00:00:00,USR28342,MCH6988,11392.99,UTR1706937863,0110,SUCCESS,TXN00007781,USR28342,MCH6988,UTR1706937863,0,0,0,0,0,0,0
TXN00009669,2026-03-18 03:35:02,USR78749,MCH5280,0.1765875,UTR4398475831,,FAILED,TXN00009669,USR78749,MCH5280,UTR 4398475831,0,0,1,0,0,1,0
TXN00004321,2026-02-14 23:00:55,USR74272,MCH7649,14520.32,UTR9215570542,,SUCCESS,TXN00004321,USR74272,MCH7649,UTR9215570542,0,0,1,0,0,0,0
TXN00012095,2026-01-19 12:00:00,USR66731,MCH3214,15415.82,UTR0992826288,0110,SUCCESS,TXN00012095,USR66731,MCH3214,UTR0992826288,0,0,0,0,0,0,0
TXN00002024,2026-02-11 22:20:42,USR77959,MCH2136,1315.92,UTR0841516604,9120,SUCCESS,TXN00002024,USR77959,MCH2136,UTR0841516604,0,0,0,0,0,0,0
TXN00014676,2026-03-15 16:16:04,USR47269,MCH4491,0.92733,UTR5052444125,1310,SUCCESS,TXN00014676,USR47269,MCH4491,UTR5052444125,0,0,0,0,0,0,0
TXN00011192,2026-03-17 14:45:13,USR62698,MCH5539,3844.89,UTR9065298930,0110,SUCCESS,TXN00011192,USR62698,MCH5539,UTR9065298930,0,0,0,0,0,0,0
TXN00017223,2026-01-03 16:49:17,USR75374,MCH2834,23081.41,UTR6096571377,,SUCCESS,TXN00017223,USR75374,MCH2834,UTR6096571377,0,0,1,0,0,0,0
TXN00009452,2026-01-19 11:13:31,USR66114,MCH3217,15659.86,UTR4546521484,9120,SUCCESS,TXN00009452,USR66114,MCH3217,UTR4546521484,0,0,0,0,0,0,0
TXN00005033,2026-01-22 19:09:30,USR46754,MCH3320,14114.77,UTR2190915811,8120,SUCCESS,TXN00005033,USR46754,MCH3320,UTR2190915811,0,0,0,0,0,0,0
TXN00019505,2026-03-17 16:29:16,USR75855,MCH4838,8946.41,UTR1485851546,0110,SUCCESS,TXN00019505,USR75855,MCH4838,UTR1485851546,0,0,0,0,0,0,0
TXN00018052,2026-02-08 18:00:07,USR45083,MCH4400,20243.0,UTR6675773011,0110,SUCCESS,TXN00018052,USR45083,MCH4400,UTR6675773011,0,0,0,0,0,0,0
TXN00019009,2026-03-05 19:03:33,USR95308,MCH6486,0.339271,UTR9549466851,1310,FAILED,TXN00019009,USR95308,MCH6486,UTR9549466851,0,0,0,0,0,1,0
TXN00014239,2026-03-30 09:09:31,USR23141,MCH7221,12749.32,UTR3075075922,8120,SUCCESS,TXN00014239,USR23141,MCH7221,UTR3075075922,0,0,0,0,0,0,0
TXN00014020,2026-01-07 22:15:16,USR39561,MCH6520,3740.05,UTR0545336923,1310,SUCCESS,TXN00014020,USR39561,MCH6520,UTR0545336923,0,0,0,0,0,0,0
TXN00001381,2026-03-09 08:22:36,USR72422,MCH4322,4096.46,UTR4244522046,,SUCCESS,TXN00001381,USR72422,MCH4322,UTR 4244522046,0,0,1,0,0,0,0
TXN00001498,2026-02-03 12:11:49,USR20874,MCH2435,11592.72,UTR0007333278,1310,FAILED,TXN00001498,USR20874,MCH2435,UTR0007333278,0,0,0,0,0,1,0
TXN00015086,2026-03-02 07:46:26,USR79526,MCH4011,2512.58,,1310,SUCCESS,TXN00015086,USR79526,MCH4011,,0,1,0,0,0,0,0
TXN00000802,2026-01-18 01:50:44,USR39873,MCH3669,0.382195,UTR2468509237,4110,FAILED,TXN00000802,USR39873,MCH3669,UTR 2468509237,0,0,0,0,0,1,0
TXN00011315,2026-02-18 14:33:45,USR85892,MCH7306,0.2362144,UTR3086096416,9120,FAILED,TXN00011315,USR85892,MCH7306,UTR3086096416,0,0,0,0,0,1,0
TXN00008302,2026-03-15 11:13:58,USR73421,MCH1505,6483.29,UTR0372758780,4110,SUCCESS,TXN00008302,USR73421,MCH1505,UTR0372758780,0,0,0,0,0,0,0
TXN00008689,2026-07-01 22:56:33,USR50853,MCH4860,5581.52,UTR4444294635,8120,SUCCESS,TXN00008689,USR50853,MCH4860,UTR4444294635,0,0,0,0,0,0,0
TXN00013948,2026-03-18 18:17:18,USR94466,MCH4422,10691.1,UTR7864571756,,SUCCESS,TXN00013948,USR94466,MCH4422,UTR7864571756,0,0,1,0,0,0,0
TXN00011209,2026-03-01 13:23:30,USR92133,MCH7200,630.0,UTR3624094647,,SUCCESS,TXN00011209,USR92133,MCH7200,UTR3624094647,0,0,1,0,0,0,0
TXN00002559,2026-01-31 22:35:22,USR14112,MCH1786,1930.78,UTR3014891773,1310,SUCCESS,TXN00002559,USR14112,MCH1786,UTR3014891773,0,0,0,0,0,0,0
TXN00000476,2026-01-08 02:42:35,USR43666,MCH3009,24824.19,UTR2710120136,0110,SUCCESS,TXN00000476,USR43666,MCH3009,UTR2710120136,0,0,0,0,0,0,0
TXN00002240,2026-02-02 08:06:22,USR76010,MCH9622,5995.36,UTR1533797535,,SUCCESS,TXN00002240,USR76010,MCH9622,UTR1533797535,0,0,1,0,0,0,0
TXN00013243,2026-03-16 14:16:46,USR60903,MCH2626,3715.58,UTR1884503183,8120,SUCCESS,TXN00013243,USR60903,MCH2626,UTR1884503183,0,0,0,0,0,0,0
TXN00011109,2026-02-17 20:53:25,USR11488,MCH4795,7314.33,UTR0482129016,8120,SUCCESS,TXN00011109,USR11488,MCH4795,UTR0482129016,0,0,0,0,0,0,0
TXN00003935,2026-03-09 18:07:46,USR40027,MCH5060,7687.34,UTR7058220392,8120,SUCCESS,TXN00003935,USR40027,MCH5060,UTR7058220392,0,0,0,0,0,0,0
TXN00005905,2026-02-03 22:59:58,USR63888,MCH8138,2487.66,,9120,SUCCESS,TXN00005905,USR63888,MCH8138,,0,1,0,0,0,0,0
TXN00008004,2026-02-08 13:06:22,USR95180,MCH9616,23065.08,UTR0613476991,4110,SUCCESS,TXN00008004,USR95180,MCH9616,UTR0613476991,0,0,0,0,0,0,0
TXN00004545,2026-01-22 05:14:22,USR53093,MCH3383,10013.82,UTR1540533743,,SUCCESS,TXN00004545,USR53093,MCH3383,UTR1540533743,0,0,1,0,0,0,0
TXN00010551,2026-02-12 07:38:21,USR65450,MCH8385,10890.38,UTR7694570725,,SUCCESS,TXN00010551,USR65450,MCH8385,UTR 7694570725,0,0,1,0,0,0,0
TXN00001378,2026-01-16 00:00:00,USR93473,MCH6315,12875.29,UTR4752167997,8120,SUCCESS,TXN00001378,USR93473,MCH6315,UTR4752167997,0,0,0,0,0,0,0
TXN00007638,2026-12-03 12:01:32,USR13786,MCH2552,0.1558663,,1310,SUCCESS,TXN00007638,USR13786,MCH2552,,0,1,0,0,0,0,0
TXN00001393,2026-01-25 12:07:55,USR74592,MCH3386,4252.25,UTR8170438390,1310,SUCCESS,TXN00001393,USR74592,MCH3386,UTR8170438390,0,0,0,0,0,0,0
TXN00017964,2026-01-19 12:03:59,USR91993,MCH8589,8980.67,UTR0820349799,,FAILED,TXN00017964,USR91993,MCH8589,UTR0820349799,0,0,1,0,0,1,0
TXN00008224,2026-02-20 14:20:31,USR38777,MCH4549,22446.0,UTR4403527527,9120,SUCCESS,TXN00008224,USR38777,MCH4549,UTR4403527527,0,0,0,0,0,0,0
TXN00018266,2026-03-09 17:38:55,USR43728,MCH4562,19697.95,UTR8303583652,4110,SUCCESS,TXN00018266,USR43728,MCH4562,UTR8303583652,0,0,0,0,0,0,0
TXN00007701,2026-01-23 07:46:33,USR11967,MCH5646,24917.12,UTR3064031733,,SUCCESS,TXN00007701,USR11967,MCH5646,UTR3064031733,0,0,1,0,0,0,0
TXN00001323,2026-03-09 22:29:51,USR48415,MCH1869,21795.87,UTR9024842071,1310,SUCCESS,TXN00001323,USR48415,MCH1869,UTR9024842071,0,0,0,0,0,0,0
TXN00016353,2026-03-21 21:13:39,USR25593,MCH9572,247.56,UTR1682180828,4110,SUCCESS,TXN00016353,USR25593,MCH9572,UTR1682180828,0,0,0,0,0,0,0
TXN00001186,2026-03-10 17:48:09,USR79168,MCH5389,23431.0,UTR2940094536,9120,SUCCESS,TXN00001186,USR79168,MCH5389,UTR 2940094536,0,0,0,0,0,0,0
TXN00008792,2026-02-07 17:36:31,USR31300,MCH7855,0.145413,UTR1218687312,0110,SUCCESS,TXN00008792,USR31300,MCH7855,UTR 1218687312,0,0,0,0,0,0,0
TXN00018183,2026-03-28 21:37:23,USR23181,MCH2484,959.18,UTR4784402552,0110,SUCCESS,TXN00018183,USR23181,MCH2484,UTR4784402552,0,0,0,0,0,0,0
TXN00001387,2026-03-15 20:05:34,USR80777,MCH5925,19339.09,UTR4447714922,1310,SUCCESS,TXN00001387,USR80777,MCH5925,UTR4447714922,0,0,0,0,0,0,0
TXN00003141,2026-01-04 18:40:34,USR49773,MCH2363,9284.0,UTR2863480044,8120,SUCCESS,TXN00003141,USR49773,MCH2363,UTR2863480044,0,0,0,0,0,0,0
TXN00014827,2026-03-21 01:17:19,USR33914,MCH2907,12697.02,UTR1677348914,4110,FAILED,TXN00014827,USR33914,MCH2907,UTR 1677348914,0,0,0,0,0,1,0
TXN00011042,2026-03-26 05:28:54,USR78144,MCH2249,17394.05,UTR4325012550,,SUCCESS,TXN00011042,USR78144,MCH2249,UTR4325012550,0,0,1,0,0,0,0
TXN00002812,2026-01-08 11:09:21,USR25970,MCH6423,16018.97,UTR2376876521,9120,SUCCESS,TXN00002812,USR25970,MCH6423,UTR2376876521,0,0,0,0,0,0,0
TXN00002866,2026-01-30 02:56:58,USR44866,MCH7639,14506.42,UTR9124516002,4110,SUCCESS,TXN00002866,USR44866,MCH7639,UTR9124516002,0,0,0,0,0,0,0
TXN00006355,2026-03-15 14:44:36,USR73074,MCH2099,23020.06,UTR4298297284,,FAILED,TXN00006355,USR73074,MCH2099,UTR4298297284,0,0,1,0,0,1,0
TXN00014097,2026-02-13 16:30:38,USR21773,MCH6272,14071.92,UTR1179407144,9120,FAILED,TXN00014097,USR21773,MCH6272,UTR1179407144,0,0,0,0,0,1,0
TXN00014471,2026-01-21 15:47:06,USR56310,MCH4410,22228.52,UTR1362877023,8120,FAILED,TXN00014471,USR56310,MCH4410,UTR1362877023,0,0,0,0,0,1,0
TXN00005607,2026-01-24 01:31:39,USR41149,MCH3996,21743.7,UTR2088804766,4110,FAILED,TXN00005607,USR41149,MCH3996,UTR2088804766,0,0,0,0,0,1,0
TXN00003670,2026-01-05 07:04:44,USR50153,MCH4386,11231.48,UTR6880179285,8120,SUCCESS,TXN00003670,USR50153,MCH4386,UTR6880179285,0,0,0,0,0,0,0
TXN00012208,2026-03-31 22:17:19,USR71162,MCH7390,14537.67,UTR3274638401,1310,SUCCESS,TXN00012208,USR71162,MCH7390,UTR3274638401,0,0,0,0,0,0,0
TXN00003134,2026-01-20 07:50:18,USR10035,MCH7111,0.1361091,UTR2576527872,4110,SUCCESS,TXN00003134,USR10035,MCH7111,UTR2576527872,0,0,0,0,0,0,0
TXN00014378,2026-01-02 02:07:21,USR84504,MCH6848,16828.5,UTR1018303916,1310,SUCCESS,TXN00014378,USR84504,MCH6848,UTR1018303916,0,0,0,0,0,0,0
TXN00002882,2026-01-23 23:38:07,USR91350,MCH5205,21377.2,UTR7214432572,4110,SUCCESS,TXN00002882,USR91350,MCH5205,UTR7214432572,0,0,0,0,0,0,0
TXN00019055,2026-03-14 15:24:18,USR81339,MCH4659,12096.42,UTR2143310901,4110,SUCCESS,TXN00019055,USR81339,MCH4659,UTR2143310901,0,0,0,0,0,0,0
TXN00015223,2026-02-03 19:36:52,USR46774,MCH1443,24818.19,UTR5716048703,0110,PENDING,TXN00015223,USR46774,MCH1443,UTR5716048703,0,0,0,0,0,0,1
TXN00015241,2026-02-01 09:37:11,USR80882,MCH3503,24850.0,UTR4945583527,1310,SUCCESS,TXN00015241,USR80882,MCH3503,UTR4945583527,0,0,0,0,0,0,0
TXN00011256,2026-01-22 23:57:24,USR59572,MCH2138,23811.76,UTR4955836290,9120,SUCCESS,TXN00011256,USR59572,MCH2138,UTR4955836290,0,0,0,0,0,0,0
TXN00005456,2026-03-04 00:00:00,USR18064,MCH4850,5444.15,UTR6503572104,9120,SUCCESS,TXN00005456,USR18064,MCH4850,UTR6503572104,0,0,0,0,0,0,0
TXN00017543,2026-01-31 19:06:19,USR12289,MCH9360,14056.33,UTR3102904673,9120,SUCCESS,TXN00017543,USR12289,MCH9360,UTR3102904673,0,0,0,0,0,0,0
TXN00015210,2026-01-30 00:57:27,USR85131,MCH5607,2222.09,UTR7830432057,,SUCCESS,TXN00015210,USR85131,MCH5607,UTR7830432057,0,0,1,0,0,0,0
TXN00016685,2026-01-13 13:47:46,USR12686,MCH4071,6729.18,UTR5668179882,9120,SUCCESS,TXN00016685,USR12686,MCH4071,UTR 5668179882,0,0,0,0,0,0,0
TXN00014005,2026-03-29 00:00:00,USR53673,MCH7247,19762.48,UTR5251898941,4110,SUCCESS,TXN00014005,USR53673,MCH7247,UTR5251898941,0,0,0,0,0,0,0
TXN00005593,2026-02-02 03:30:22,USR20059,MCH8273,1660.72,UTR7298231702,0110,SUCCESS,TXN00005593,USR20059,MCH8273,UTR7298231702,0,0,0,0,0,0,0
TXN00014780,2026-03-23 16:52:27,USR20143,MCH6411,21474.22,UTR3535538758,8120,FAILED,TXN00014780,USR20143,MCH6411,UTR3535538758,0,0,0,0,0,1,0
TXN00008825,2026-03-31 22:33:06,USR11337,MCH1714,21964.48,UTR0509457108,,SUCCESS,TXN00008825,USR11337,MCH1714,UTR0509457108,0,0,1,0,0,0,0
TXN00000737,2026-03-05 13:34:28,USR92479,MCH2875,9817.2,UTR6343228973,,SUCCESS,TXN00000737,USR92479,MCH2875,UTR6343228973,0,0,1,0,0,0,0
TXN00001848,2026-03-25 01:20:36,USR80552,MCH3622,-4944.79,UTR9621363969,9120,SUCCESS,TXN00001848,USR80552,MCH3622,UTR9621363969,1,0,0,0,0,0,0
TXN00008776,2026-02-21 03:31:51,USR30260,MCH6328,3167.99,UTR5393249584,9120,SUCCESS,TXN00008776,USR30260,MCH6328,UTR5393249584,0,0,0,0,0,0,0
TXN00001375,2026-07-03 01:31:27,USR67726,MCH8618,6188.3,UTR0804513704,,SUCCESS,TXN00001375,USR67726,MCH8618,UTR 0804513704,0,0,1,0,0,0,0
TXN00008349,2026-02-22 14:02:00,USR83594,MCH2299,11701.81,UTR8742315244,0110,SUCCESS,TXN00008349,USR83594,MCH2299,UTR 8742315244,0,0,0,0,0,0,0
TXN00019535,2026-01-20 06:23:53,USR55971,MCH2147,1262.17,UTR2476548241,0110,SUCCESS,TXN00019535,USR55971,MCH2147,UTR2476548241,0,0,0,0,0,0,0
TXN00014219,2026-01-31 03:05:00,USR15578,MCH2663,6255.0,UTR1478912537,4110,SUCCESS,TXN00014219,USR15578,MCH2663,UTR1478912537,0,0,0,0,0,0,0
TXN00007093,2026-01-10 12:49:41,USR43321,MCH3792,17235.0,UTR9697482685,,FAILED,TXN00007093,USR43321,MCH3792,UTR9697482685,0,0,1,0,0,1,0
TXN00014901,2026-03-15 20:10:18,USR30206,MCH2814,3439.0,UTR8307400921,8120,PENDING,TXN00014901,USR30206,MCH2814,UTR8307400921,0,0,0,0,0,0,1
TXN00018654,2026-02-25 03:38:57,USR67752,MCH2722,0.1942426,UTR8010609099,4110,PENDING,TXN00018654,USR67752,MCH2722,UTR8010609099,0,0,0,0,0,0,1
TXN00014165,2026-01-18 05:55:19,USR60150,MCH9773,12414.15,UTR9163398878,,SUCCESS,TXN00014165,USR60150,MCH9773,UTR9163398878,0,0,1,0,0,0,0
TXN00010817,2026-02-10 00:00:00,USR70727,MCH8887,22244.49,UTR4073573215,4110,SUCCESS,TXN00010817,USR70727,MCH8887,UTR4073573215,0,0,0,0,0,0,0
TXN00014152,2026-02-16 02:18:43,USR46214,MCH5813,21823.1,UTR1689694826,4110,SUCCESS,TXN00014152,USR46214,MCH5813,UTR 1689694826,0,0,0,0,0,0,0
TXN00000745,2026-02-15 22:36:13,USR85997,MCH7506,5813.0,UTR9818872147,4110,SUCCESS,TXN00000745,USR85997,MCH7506,UTR9818872147,0,0,0,0,0,0,0
TXN00010657,2026-02-04 00:00:00,USR87988,MCH4657,-10808.61,UTR2902116715,,SUCCESS,TXN00010657,USR87988,MCH4657,UTR2902116715,1,0,1,0,0,0,0
TXN00019694,2026-03-15 20:17:00,USR73511,MCH2202,10234.54,UTR8692308584,0110,SUCCESS,TXN00019694,USR73511,MCH2202,UTR8692308584,0,0,0,0,0,0,0
TXN00012543,2026-02-01 08:19:59,USR18860,MCH8810,23646.65,UTR0898803492,4110,SUCCESS,TXN00012543,USR18860,MCH8810,UTR0898803492,0,0,0,0,0,0,0
TXN00000386,2026-03-25 22:46:53,USR24637,MCH6456,20088.99,UTR0503900688,1310,SUCCESS,TXN00000386,USR24637,MCH6456,UTR0503900688,0,0,0,0,0,0,0
TXN00000497,2026-03-05 11:52:30,USR46287,MCH8085,14596.0,UTR1923130161,4110,SUCCESS,TXN00000497,USR46287,MCH8085,UTR1923130161,0,0,0,0,0,0,0
TXN00002837,2026-01-21 19:59:07,USR54663,MCH1686,24831.44,UTR7470643496,8120,SUCCESS,TXN00002837,USR54663,MCH1686,UTR7470643496,0,0,0,0,0,0,0
TXN00002350,2026-02-18 23:41:03,USR70284,MCH1109,263.18,UTR5771785504,8120,SUCCESS,TXN00002350,USR70284,MCH1109,UTR5771785504,0,0,0,0,0,0,0
TXN00014049,2026-03-16 18:24:26,USR29216,MCH3123,22782.63,UTR7404373955,1310,SUCCESS,TXN00014049,USR29216,MCH3123,UTR 7404373955,0,0,0,0,0,0,0
TXN00010635,2026-01-04 06:20:29,USR80076,MCH4220,0.910705,UTR1947259624,8120,SUCCESS,TXN00010635,USR80076,MCH4220,UTR1947259624,0,0,0,0,0,0,0
TXN00018306,2026-02-18 20:33:14,USR80759,MCH4454,0.1636787,UTR1818206891,9120,SUCCESS,TXN00018306,USR80759,MCH4454,UTR1818206891,0,0,0,0,0,0,0
TXN00011493,2026-01-10 08:28:25,USR66573,MCH4292,10398.43,UTR6256394228,8120,SUCCESS,TXN00011493,USR66573,MCH4292,UTR6256394228,0,0,0,0,0,0,0
TXN00003321,2026-01-27 08:55:26,USR10078,MCH9972,13714.99,UTR5942560726,0110,SUCCESS,TXN00003321,USR10078,MCH9972,UTR5942560726,0,0,0,0,0,0,0
TXN00014516,2026-01-31 20:55:00,USR57889,MCH2345,0.426097,UTR4285655439,8120,PENDING,TXN00014516,USR57889,MCH2345,UTR4285655439,0,0,0,0,0,0,1
TXN00003239,2026-03-10 12:34:31,USR52036,MCH5640,15411.35,UTR9561094377,0110,SUCCESS,TXN00003239,USR52036,MCH5640,UTR9561094377,0,0,0,0,0,0,0
TXN00014558,2026-01-20 20:15:08,USR59054,MCH3594,13338.0,UTR4821154762,4110,SUCCESS,TXN00014558,USR59054,MCH3594,UTR4821154762,0,0,0,0,0,0,0
TXN00003545,2026-03-11 14:32:23,USR11160,MCH6605,21617.83,UTR8071473081,4110,FAILED,TXN00003545,USR11160,MCH6605,UTR8071473081,0,0,0,0,0,1,0
TXN00009461,2026-02-01 18:45:09,USR45601,MCH2268,17095.65,UTR1108672609,9120,SUCCESS,TXN00009461,USR45601,MCH2268,UTR 1108672609,0,0,0,0,0,0,0
TXN00012155,2026-02-02 07:37:33,USR31102,MCH4369,0.1490749,UTR8671344759,8120,SUCCESS,TXN00012155,USR31102,MCH4369,UTR8671344759,0,0,0,0,0,0,0
TXN00012867,2026-03-29 15:00:12,USR42281,MCH6081,8509.32,UTR5533948738,1310,SUCCESS,TXN00012867,USR42281,MCH6081,UTR5533948738,0,0,0,0,0,0,0
TXN00018976,2026-03-05 07:13:09,USR41766,MCH1880,0.2203044,UTR6205015792,4110,SUCCESS,TXN00018976,USR41766,MCH1880,UTR6205015792,0,0,0,0,0,0,0
TXN00014867,2026-01-19 00:34:04,USR78440,MCH2816,16898.02,UTR5991086825,,SUCCESS,TXN00014867,USR78440,MCH2816,UTR5991086825,0,0,1,0,0,0,0
TXN00014724,2026-01-07 21:59:17,USR48995,MCH4971,6285.3,UTR5640203888,1310,SUCCESS,TXN00014724,USR48995,MCH4971,UTR5640203888,0,0,0,0,0,0,0
TXN00009732,2026-02-26 02:40:40,USR86367,MCH6586,18706.56,UTR9600986294,,SUCCESS,TXN00009732,USR86367,MCH6586,UTR9600986294,0,0,1,0,0,0,0
TXN00005299,2026-01-29 15:38:41,USR21624,MCH3332,10714.51,,0110,SUCCESS,TXN00005299,USR21624,MCH3332,,0,1,0,0,0,0,0
TXN00001859,2026-01-27 18:51:01,USR55657,MCH4845,21051.54,UTR2211602185,8120,SUCCESS,TXN00001859,USR55657,MCH4845,UTR2211602185,0,0,0,0,0,0,0
TXN00009438,2026-03-18 05:03:07,USR46287,MCH5176,5753.35,UTR8962268556,9120,SUCCESS,TXN00009438,USR46287,MCH5176,UTR 8962268556,0,0,0,0,0,0,0
TXN00017167,2026-01-17 13:05:08,USR28876,MCH9962,16689.03,UTR5085384253,4110,PENDING,TXN00017167,USR28876,MCH9962,UTR5085384253,0,0,0,0,0,0,1
TXN00002877,2026-01-22 18:31:15,USR39272,MCH5641,12443.52,UTR9300902491,9120,SUCCESS,TXN00002877,USR39272,MCH5641,UTR9300902491,0,0,0,0,0,0,0
TXN00002326,2026-03-18 21:04:09,USR90295,MCH3813,23877.0,UTR7768850669,4110,SUCCESS,TXN00002326,USR90295,MCH3813,UTR7768850669,0,0,0,0,0,0,0
TXN00010229,2026-03-17 17:08:07,USR35497,MCH4706,0.485154,UTR6669448613,4110,FAILED,TXN00010229,USR35497,MCH4706,UTR6669448613,0,0,0,0,0,1,0
TXN00009556,2026-02-11 09:44:13,USR50470,MCH4347,0.2066992,UTR3857819254,8120,SUCCESS,TXN00009556,USR50470,MCH4347,UTR3857819254,0,0,0,0,0,0,0
TXN00015480,2026-01-25 18:07:01,USR40608,MCH9611,4586.55,UTR0428671096,8120,SUCCESS,TXN00015480,USR40608,MCH9611,UTR 0428671096,0,0,0,0,0,0,0
TXN00014145,2026-02-07 00:32:11,USR42221,MCH6068,12788.0,UTR4032379371,9120,SUCCESS,TXN00014145,USR42221,MCH6068,UTR4032379371,0,0,0,0,0,0,0
TXN00015551,2026-03-17 23:54:05,USR83995,MCH7555,12283.55,UTR2304405941,,SUCCESS,TXN00015551,USR83995,MCH7555,UTR2304405941,0,0,1,0,0,0,0
TXN00008501,2026-02-23 00:00:00,USR26926,MCH4178,10618.0,UTR5626129137,0110,SUCCESS,TXN00008501,USR26926,MCH4178,UTR5626129137,0,0,0,0,0,0,0
TXN00002563,2026-03-05 02:31:05,USR85189,MCH4163,1265.15,UTR8227424111,8120,FAILED,TXN00002563,USR85189,MCH4163,UTR8227424111,0,0,0,0,0,1,0
TXN00010105,2026-03-28 19:05:38,USR94678,MCH3089,17578.76,UTR8296273227,0110,SUCCESS,TXN00010105,USR94678,MCH3089,UTR8296273227,0,0,0,0,0,0,0
TXN00010114,2026-03-25 03:39:06,USR48591,MCH6657,12308.0,UTR7099582288,0110,SUCCESS,TXN00010114,USR48591,MCH6657,UTR7099582288,0,0,0,0,0,0,0
TXN00000134,2026-01-26 23:52:53,USR44674,MCH8945,8447.0,,8120,SUCCESS,TXN00000134,USR44674,MCH8945,,0,1,0,0,0,0,0
TXN00003653,2026-03-27 19:18:07,USR90788,MCH7159,20690.55,UTR0100070258,8120,SUCCESS,TXN00003653,USR90788,MCH7159,UTR0100070258,0,0,0,0,0,0,0
TXN00019638,2026-02-24 11:12:57,USR63950,MCH8124,0.332239,UTR8089661553,0110,SUCCESS,TXN00019638,USR63950,MCH8124,UTR8089661553,0,0,0,0,0,0,0
TXN00014988,2026-03-13 10:34:07,USR15491,MCH1753,19227.89,UTR3625506778,1310,SUCCESS,TXN00014988,USR15491,MCH1753,UTR3625506778,0,0,0,0,0,0,0
TXN00014326,2026-03-09 10:16:08,USR38322,MCH2855,22174.44,UTR2294429848,0110,SUCCESS,TXN00014326,USR38322,MCH2855,UTR2294429848,0,0,0,0,0,0,0
TXN00005867,2026-02-25 05:06:09,USR61024,MCH8091,18308.0,UTR3754601114,0110,SUCCESS,TXN00005867,USR61024,MCH8091,UTR3754601114,0,0,0,0,0,0,0
TXN00001710,2026-03-02 23:55:27,USR43228,MCH7810,16258.53,UTR3862832330,9120,FAILED,TXN00001710,USR43228,MCH7810,UTR 3862832330,0,0,0,0,0,1,0
TXN00013217,2026-02-01 02:39:31,USR36946,MCH1352,7844.0,UTR5638778311,9120,SUCCESS,TXN00013217,USR36946,MCH1352,UTR5638778311,0,0,0,0,0,0,0
TXN00017595,2026-03-27 18:16:59,USR27635,MCH7395,19563.16,UTR2738984315,4110,FAILED,TXN00017595,USR27635,MCH7395,UTR2738984315,0,0,0,0,0,1,0
TXN00007757,2026-03-07 14:45:22,USR98047,MCH2088,6558.25,UTR8663726462,0110,SUCCESS,TXN00007757,USR98047,MCH2088,UTR8663726462,0,0,0,0,0,0,0
TXN00011928,2026-03-26 04:08:48,USR53517,MCH5690,535.41,UTR5098762014,1310,PENDING,TXN00011928,USR53517,MCH5690,UTR5098762014,0,0,0,0,0,0,1
TXN00001147,2026-02-23 10:29:53,USR14205,MCH3803,0.1993768,UTR3170071410,1310,SUCCESS,TXN00001147,USR14205,MCH3803,UTR3170071410,0,0,0,0,0,0,0
TXN00009103,2026-03-11 01:50:40,USR27918,MCH4552,8114.6,UTR0067767277,4110,FAILED,TXN00009103,USR27918,MCH4552,UTR0067767277,0,0,0,0,0,1,0
TXN00006794,2026-02-05 16:53:56,USR20832,MCH6949,7929.66,UTR6036418108,0110,SUCCESS,TXN00006794,USR20832,MCH6949,UTR6036418108,0,0,0,0,0,0,0
TXN00011293,2026-03-17 23:03:22,USR10160,MCH5990,13850.23,UTR7733747708,1310,PENDING,TXN00011293,USR10160,MCH5990,UTR7733747708,0,0,0,0,0,0,1
TXN00011005,2026-02-07 11:42:27,USR79637,MCH8244,1318.0,UTR9982438824,1310,SUCCESS,TXN00011005,USR79637,MCH8244,UTR9982438824,0,0,0,0,0,0,0
TXN00007281,2026-03-23 02:47:02,USR67365,MCH9537,-14262.11,UTR0587862085,1310,SUCCESS,TXN00007281,USR67365,MCH9537,UTR0587862085,1,0,0,0,0,0,0
TXN00001165,2026-01-18 23:25:49,USR21498,MCH7102,4027.0,UTR3647885815,4110,SUCCESS,TXN00001165,USR21498,MCH7102,UTR3647885815,0,0,0,0,0,0,0
TXN00002017,2026-03-31 14:42:39,USR50850,MCH5920,8690.11,UTR2548393181,9120,SUCCESS,TXN00002017,USR50850,MCH5920,UTR2548393181,0,0,0,0,0,0,0
TXN00001365,2026-02-12 07:41:08,USR55700,MCH8809,18330.49,UTR9969264443,4110,SUCCESS,TXN00001365,USR55700,MCH8809,UTR9969264443,0,0,0,0,0,0,0
TXN00006303,2026-04-01 19:49:19,USR54287,MCH7397,12136.82,UTR5459477460,1310,SUCCESS,TXN00006303,USR54287,MCH7397,UTR5459477460,0,0,0,0,0,0,0
TXN00004816,2026-02-04 03:08:14,USR10190,MCH4895,23371.0,UTR8064637653,8120,FAILED,TXN00004816,USR10190,MCH4895,UTR8064637653,0,0,0,0,0,1,0
TXN00010692,2026-07-01 20:44:22,USR84099,MCH8174,1718.0,UTR7676527269,,SUCCESS,TXN00010692,USR84099,MCH8174,UTR7676527269,0,0,1,0,0,0,0
TXN00015849,2026-03-16 05:09:50,USR22527,MCH4730,3753.91,UTR0042421651,4110,SUCCESS,TXN00015849,USR22527,MCH4730,UTR0042421651,0,0,0,0,0,0,0
TXN00014880,2026-03-02 20:38:13,USR88572,MCH8156,864.54,UTR8993528564,4110,SUCCESS,TXN00014880,USR88572,MCH8156,UTR8993528564,0,0,0,0,0,0,0
TXN00004177,2026-01-11 09:15:49,USR73263,MCH2385,14572.03,UTR8121128587,9120,SUCCESS,TXN00004177,USR73263,MCH2385,UTR8121128587,0,0,0,0,0,0,0
TXN00019142,2026-02-11 00:10:01,USR86426,MCH6693,17916.01,UTR0839764142,4110,SUCCESS,TXN00019142,USR86426,MCH6693,UTR0839764142,0,0,0,0,0,0,0
TXN00011964,2026-02-17 17:43:30,USR70067,MCH5101,4913.43,UTR2173049442,4110,SUCCESS,TXN00011964,USR70067,MCH5101,UTR2173049442,0,0,0,0,0,0,0
TXN00015893,2026-02-19 15:16:30,USR22531,MCH4411,21362.03,UTR7648349123,4110,PENDING,TXN00015893,USR22531,MCH4411,UTR7648349123,0,0,0,0,0,0,1
TXN00011941,2026-03-15 11:09:50,USR12346,MCH4051,2280.05,UTR0437028706,,SUCCESS,TXN00011941,USR12346,MCH4051,UTR0437028706,0,0,1,0,0,0,0
TXN00018522,2026-02-20 06:28:03,USR42055,MCH3529,8301.12,UTR6603710602,8120,SUCCESS,TXN00018522,USR42055,MCH3529,UTR6603710602,0,0,0,0,0,0,0
TXN00000438,2026-01-23 20:03:53,USR61932,MCH1725,20548.0,UTR7298620073,,SUCCESS,TXN00000438,USR61932,MCH1725,UTR7298620073,0,0,1,0,0,0,0
TXN00007190,2026-03-28 00:00:00,USR84844,MCH7439,15130.73,UTR3207421167,8120,FAILED,TXN00007190,USR84844,MCH7439,UTR3207421167,0,0,0,0,0,1,0
TXN00016716,2026-01-10 01:23:00,USR10624,MCH4301,23177.46,UTR1787669691,,SUCCESS,TXN00016716,USR10624,MCH4301,UTR1787669691,0,0,1,0,0,0,0
TXN00011512,2026-03-20 14:13:43,USR40991,MCH6337,14959.96,UTR8366977681,0110,SUCCESS,TXN00011512,USR40991,MCH6337,UTR8366977681,0,0,0,0,0,0,0
TXN00004571,2026-02-27 01:57:43,USR19991,MCH7129,0.1250646,UTR5932689299,8120,SUCCESS,TXN00004571,USR19991,MCH7129,UTR5932689299,0,0,0,0,0,0,0
TXN00003092,2026-03-24 06:03:16,USR36946,MCH9580,23939.95,UTR3195232903,1310,SUCCESS,TXN00003092,USR36946,MCH9580,UTR3195232903,0,0,0,0,0,0,0
TXN00013626,2026-02-06 15:23:39,USR28601,MCH5814,10204.3,UTR9705241596,4110,FAILED,TXN00013626,USR28601,MCH5814,UTR 9705241596,0,0,0,0,0,1,0
TXN00013800,2026-01-20 22:25:18,USR25578,MCH2902,20214.75,UTR5654380594,9120,SUCCESS,TXN00013800,USR25578,MCH2902,UTR 5654380594,0,0,0,0,0,0,0
TXN00017823,2026-02-16 00:00:00,USR66681,MCH7230,16922.4,UTR0961254214,4110,SUCCESS,TXN00017823,USR66681,MCH7230,UTR0961254214,0,0,0,0,0,0,0
TXN00018043,2026-01-04 02:53:02,USR66247,MCH7086,11228.68,UTR8728217944,9120,SUCCESS,TXN00018043,USR66247,MCH7086,UTR 8728217944,0,0,0,0,0,0,0
TXN00017058,2026-02-14 13:08:11,USR46654,MCH4741,23324.3,UTR2347119007,8120,SUCCESS,TXN00017058,USR46654,MCH4741,UTR2347119007,0,0,0,0,0,0,0
TXN00017787,2026-01-10 19:25:17,USR91098,MCH7427,2805.38,UTR1594157687,8120,SUCCESS,TXN00017787,USR91098,MCH7427,UTR1594157687,0,0,0,0,0,0,0
TXN00017101,2026-02-26 10:22:20,USR53752,MCH8577,20788.02,UTR3125747951,8120,SUCCESS,TXN00017101,USR53752,MCH8577,UTR3125747951,0,0,0,0,0,0,0
TXN00014411,2026-01-01 10:52:19,USR46898,MCH7604,0.1386897,UTR1849514042,9120,SUCCESS,TXN00014411,USR46898,MCH7604,UTR1849514042,0,0,0,0,0,0,0
TXN00004719,2026-01-27 14:30:41,USR85551,MCH9996,10887.2,UTR3606515898,1310,SUCCESS,TXN00004719,USR85551,MCH9996,UTR3606515898,0,0,0,0,0,0,0
TXN00011736,2026-03-01 15:42:27,USR34574,MCH9437,17717.39,UTR0654340821,8120,SUCCESS,TXN00011736,USR34574,MCH9437,UTR 0654340821,0,0,0,0,0,0,0
TXN00012500,2026-01-21 11:49:29,USR79478,MCH7712,21003.53,UTR4673415200,4110,SUCCESS,TXN00012500,USR79478,MCH7712,UTR 4673415200,0,0,0,0,0,0,0
TXN00016537,2026-01-14 17:12:01,USR94296,MCH6467,15846.41,UTR1443578507,9120,SUCCESS,TXN00016537,USR94296,MCH6467,UTR1443578507,0,0,0,0,0,0,0
TXN00008728,2026-01-16 03:29:09,USR96540,MCH8580,5376.0,UTR5956692216,4110,SUCCESS,TXN00008728,USR96540,MCH8580,UTR5956692216,0,0,0,0,0,0,0
TXN00018331,2026-03-05 22:17:08,USR17495,MCH9769,-19479.66,UTR1090773346,1310,PENDING,TXN00018331,USR17495,MCH9769,UTR1090773346,1,0,0,0,0,0,1
TXN00017230,2026-02-07 03:04:04,USR93901,MCH4029,2285.75,UTR1564456263,4110,FAILED,TXN00017230,USR93901,MCH4029,UTR1564456263,0,0,0,0,0,1,0
TXN00011020,2026-03-13 23:53:04,USR95269,MCH9940,0.2382587,UTR7856468806,8120,FAILED,TXN00011020,USR95269,MCH9940,UTR7856468806,0,0,0,0,0,1,0
TXN00010969,2026-03-01 01:05:42,USR31310,MCH3354,16440.78,UTR3400658817,4110,SUCCESS,TXN00010969,USR31310,MCH3354,UTR3400658817,0,0,0,0,0,0,0
TXN00007154,2026-03-04 16:14:39,USR14967,MCH8488,22256.61,UTR6163582761,4110,SUCCESS,TXN00007154,USR14967,MCH8488,UTR6163582761,0,0,0,0,0,0,0
TXN00011405,2026-03-07 22:29:24,USR81427,MCH7611,20990.77,UTR1008660654,,SUCCESS,TXN00011405,USR81427,MCH7611,UTR1008660654,0,0,1,0,0,0,0
TXN00019306,2026-02-11 23:15:09,USR23451,MCH6293,13789.6,UTR5750334245,0110,FAILED,TXN00019306,USR23451,MCH6293,UTR5750334245,0,0,0,0,0,1,0
TXN00005530,2026-01-01 02:59:07,USR82055,MCH6477,7323.45,UTR7213810693,0110,SUCCESS,TXN00005530,USR82055,MCH6477,UTR 7213810693,0,0,0,0,0,0,0
TXN00017651,2026-02-24 05:26:05,USR61491,MCH5445,7566.94,UTR1098714547,,SUCCESS,TXN00017651,USR61491,MCH5445,UTR1098714547,0,0,1,0,0,0,0
TXN00009873,2026-03-25 10:25:55,USR67429,MCH2248,6591.46,UTR0675829267,4110,SUCCESS,TXN00009873,USR67429,MCH2248,UTR0675829267,0,0,0,0,0,0,0
TXN00013525,2026-03-07 19:14:08,USR98198,MCH5228,13961.33,UTR5926899295,4110,SUCCESS,TXN00013525,USR98198,MCH5228,UTR5926899295,0,0,0,0,0,0,0
TXN00004496,2026-03-05 09:45:46,USR40077,MCH4130,15256.6,UTR4912422780,,SUCCESS,TXN00004496,USR40077,MCH4130,UTR 4912422780,0,0,1,0,0,0,0
TXN00006956,2026-01-15 22:16:26,USR54877,MCH1256,9002.02,,9120,SUCCESS,TXN00006956,USR54877,MCH1256,,0,1,0,0,0,0,0
TXN00004834,2026-01-03 14:30:19,USR16103,MCH9909,3903.0,UTR2436920173,9120,SUCCESS,TXN00004834,USR16103,MCH9909,UTR2436920173,0,0,0,0,0,0,0
TXN00012366,2026-01-28 15:56:55,USR37771,MCH6294,-3824.8,UTR1556578883,1310,SUCCESS,TXN00012366,USR37771,MCH6294,UTR1556578883,1,0,0,0,0,0,0
TXN00004678,2026-01-27 01:44:10,USR65789,MCH1375,24035.8,UTR0305195676,1310,SUCCESS,TXN00004678,USR65789,MCH1375,UTR0305195676,0,0,0,0,0,0,0
TXN00018471,2026-02-15 23:52:39,USR90336,MCH4355,12941.46,UTR8441596054,0110,SUCCESS,TXN00018471,USR90336,MCH4355,UTR8441596054,0,0,0,0,0,0,0
TXN00014276,2026-03-05 23:46:04,USR57626,MCH4844,5105.12,UTR2387366147,4110,SUCCESS,TXN00014276,USR57626,MCH4844,UTR2387366147,0,0,0,0,0,0,0
TXN00001489,2026-02-26 23:39:50,USR25765,MCH5901,9720.07,UTR2495813346,4110,SUCCESS,TXN00001489,USR25765,MCH5901,UTR2495813346,0,0,0,0,0,0,0
TXN00005592,2026-01-10 00:00:00,USR64823,MCH6929,13137.7,UTR4126362861,4110,SUCCESS,TXN00005592,USR64823,MCH6929,UTR4126362861,0,0,0,0,0,0,0
TXN00016960,2026-02-04 10:29:35,USR36803,MCH3795,22792.96,UTR3252003743,0110,SUCCESS,TXN00016960,USR36803,MCH3795,UTR3252003743,0,0,0,0,0,0,0
TXN00010666,2026-01-16 17:01:40,USR29579,MCH8357,3488.3,UTR2021404374,0110,FAILED,TXN00010666,USR29579,MCH8357,UTR2021404374,0,0,0,0,0,1,0
TXN00013463,2026-01-19 14:15:16,USR75848,MCH8730,9033.75,UTR6124406834,0110,FAILED,TXN00013463,USR75848,MCH8730,UTR6124406834,0,0,0,0,0,1,0
TXN00019679,2026-01-21 03:56:01,USR65355,MCH3777,474.32,UTR0426161671,,SUCCESS,TXN00019679,USR65355,MCH3777,UTR0426161671,0,0,1,0,0,0,0
TXN00015702,2026-02-13 13:26:06,USR33448,MCH5656,2989.93,UTR2089520050,9120,SUCCESS,TXN00015702,USR33448,MCH5656,UTR 2089520050,0,0,0,0,0,0,0
TXN00018159,2026-01-29 05:05:35,USR13035,MCH2085,7901.48,,9120,SUCCESS,TXN00018159,USR13035,MCH2085,,0,1,0,0,0,0,0
TXN00016556,2026-02-15 15:36:33,USR26728,MCH9262,8409.38,UTR4160815555,,PENDING,TXN00016556,USR26728,MCH9262,UTR4160815555,0,0,1,0,0,0,1
TXN00003080,2026-01-05 21:46:03,USR68398,MCH9442,23618.96,UTR2328158833,9120,SUCCESS,TXN00003080,USR68398,MCH9442,UTR 2328158833,0,0,0,0,0,0,0
TXN00012197,2026-01-26 06:47:23,USR14251,MCH9151,20144.06,UTR1570837501,0110,SUCCESS,TXN00012197,USR14251,MCH9151,UTR1570837501,0,0,0,0,0,0,0
TXN00008933,2026-03-14 09:23:47,USR57454,MCH3931,0.42914,UTR0129093328,4110,SUCCESS,TXN00008933,USR57454,MCH3931,UTR0129093328,0,0,0,0,0,0,0
TXN00002164,2026-01-06 07:39:04,USR99180,MCH5104,21037.77,UTR2452997719,,SUCCESS,TXN00002164,USR99180,MCH5104,UTR2452997719,0,0,1,0,0,0,0
TXN00007105,2026-01-28 16:25:03,USR72259,MCH5429,0.654917,UTR3159132388,0110,SUCCESS,TXN00007105,USR72259,MCH5429,UTR 3159132388,0,0,0,0,0,0,0
TXN00009227,2026-01-18 05:25:00,USR50525,MCH7740,10071.26,UTR9368437127,,SUCCESS,TXN00009227,USR50525,MCH7740,UTR9368437127,0,0,1,0,0,0,0
TXN00015517,2026-03-18 11:40:11,USR49307,MCH6990,1433.13,UTR8110671857,8120,SUCCESS,TXN00015517,USR49307,MCH6990,UTR8110671857,0,0,0,0,0,0,0
TXN00005339,2026-01-31 00:00:00,USR56540,MCH2512,22740.79,UTR8608432414,4110,SUCCESS,TXN00005339,USR56540,MCH2512,UTR8608432414,0,0,0,0,0,0,0
TXN00001184,2026-01-30 08:20:04,USR54539,MCH8953,23301.38,UTR1932729430,9120,SUCCESS,TXN00001184,USR54539,MCH8953,UTR1932729430,0,0,0,0,0,0,0
TXN00019181,2026-01-18 19:28:16,USR45410,MCH5584,0.2072569,UTR2502406791,4110,SUCCESS,TXN00019181,USR45410,MCH5584,UTR2502406791,0,0,0,0,0,0,0
TXN00014534,2026-03-10 09:54:17,USR62148,MCH5702,12204.06,UTR1108516357,4110,SUCCESS,TXN00014534,USR62148,MCH5702,UTR1108516357,0,0,0,0,0,0,0
TXN00014986,2026-01-05 10:36:54,USR51717,MCH5520,11323.61,UTR3271168861,1310,SUCCESS,TXN00014986,USR51717,MCH5520,UTR3271168861,0,0,0,0,0,0,0
TXN00007915,2026-07-03 23:32:59,USR45945,MCH8813,0.6866,UTR5969023752,9120,SUCCESS,TXN00007915,USR45945,MCH8813,UTR5969023752,0,0,0,0,0,0,0
TXN00009193,2026-01-21 03:49:50,USR62468,MCH6739,23347.13,UTR6570784277,1310,SUCCESS,TXN00009193,USR62468,MCH6739,UTR6570784277,0,0,0,0,0,0,0
TXN00006238,2026-03-16 21:08:31,USR34410,MCH5472,16271.6,UTR0495521403,0110,FAILED,TXN00006238,USR34410,MCH5472,UTR0495521403,0,0,0,0,0,1,0
TXN00011638,2026-02-01 07:17:46,USR98752,MCH9072,15594.41,UTR7410872671,9120,SUCCESS,TXN00011638,USR98752,MCH9072,UTR7410872671,0,0,0,0,0,0,0
TXN00014979,2026-03-03 22:49:06,USR79374,MCH8998,17386.28,UTR8982763343,1310,SUCCESS,TXN00014979,USR79374,MCH8998,UTR 8982763343,0,0,0,0,0,0,0
TXN00004267,2026-02-21 21:09:58,USR38053,MCH2195,16209.0,UTR0680670831,9120,PENDING,TXN00004267,USR38053,MCH2195,UTR0680670831,0,0,0,0,0,0,1
TXN00004248,2026-07-03 08:09:05,USR18692,MCH1790,0.301998,UTR0444640621,9120,SUCCESS,TXN00004248,USR18692,MCH1790,UTR0444640621,0,0,0,0,0,0,0
TXN00017537,2026-03-22 13:41:28,USR78683,MCH5805,3467.89,UTR4665947865,9120,SUCCESS,TXN00017537,USR78683,MCH5805,UTR4665947865,0,0,0,0,0,0,0
TXN00001651,2026-03-04 00:50:06,USR73641,MCH7744,913.65,UTR8202905039,4110,SUCCESS,TXN00001651,USR73641,MCH7744,UTR8202905039,0,0,0,0,0,0,0
TXN00019742,2026-01-13 00:00:00,USR20007,MCH7361,9349.0,UTR4842434190,4110,SUCCESS,TXN00019742,USR20007,MCH7361,UTR4842434190,0,0,0,0,0,0,0
TXN00010590,2026-03-03 22:38:45,USR70074,MCH2696,3496.77,UTR8036183502,,SUCCESS,TXN00010590,USR70074,MCH2696,UTR8036183502,0,0,1,0,0,0,0
TXN00019514,2026-01-02 22:25:00,USR13604,MCH4969,14747.92,UTR9591504347,,SUCCESS,TXN00019514,USR13604,MCH4969,UTR9591504347,0,0,1,0,0,0,0
TXN00019796,2026-02-20 00:00:00,USR38880,MCH6203,20210.08,UTR2661556403,,SUCCESS,TXN00019796,USR38880,MCH6203,UTR2661556403,0,0,1,0,0,0,0
TXN00010480,2026-01-15 11:42:06,USR19838,MCH8913,8892.0,UTR7388377824,9120,SUCCESS,TXN00010480,USR19838,MCH8913,UTR7388377824,0,0,0,0,0,0,0
TXN00012000,2026-02-13 01:12:30,USR93101,MCH3700,7930.46,UTR7533594527,4110,SUCCESS,TXN00012000,USR93101,MCH3700,UTR7533594527,0,0,0,0,0,0,0
TXN00000684,2026-02-22 06:41:02,USR71888,MCH8619,0.1671939,UTR5391361611,0110,SUCCESS,TXN00000684,USR71888,MCH8619,UTR5391361611,0,0,0,0,0,0,0
TXN00011515,2026-02-23 01:43:01,USR27765,MCH5843,18503.5,,8120,SUCCESS,TXN00011515,USR27765,MCH5843,,0,1,0,0,0,0,0
TXN00018114,2026-10-02 20:48:41,USR62545,MCH1769,13000.69,UTR0317230005,0110,SUCCESS,TXN00018114,USR62545,MCH1769,UTR0317230005,0,0,0,0,0,0,0
TXN00006639,2026-02-28 07:22:25,USR65980,MCH2823,2144.21,,9120,SUCCESS,TXN00006639,USR65980,MCH2823,,0,1,0,0,0,0,0
TXN00005267,2026-01-12 21:30:36,USR85547,MCH2294,7279.01,UTR5343403621,0110,SUCCESS,TXN00005267,USR85547,MCH2294,UTR5343403621,0,0,0,0,0,0,0
TXN00014181,2026-03-06 00:54:33,USR80015,MCH1991,2365.0,UTR8670695625,4110,SUCCESS,TXN00014181,USR80015,MCH1991,UTR8670695625,0,0,0,0,0,0,0
TXN00002764,2026-02-13 09:53:15,USR71903,MCH6069,11197.36,UTR1305990115,0110,SUCCESS,TXN00002764,USR71903,MCH6069,UTR1305990115,0,0,0,0,0,0,0
TXN00006411,2026-02-06 20:53:00,USR87559,MCH2435,1204.06,UTR7672693592,,SUCCESS,TXN00006411,USR87559,MCH2435,UTR 7672693592,0,0,1,0,0,0,0
TXN00008883,2026-02-28 18:36:42,USR64488,MCH7747,864.05,UTR2386043684,8120,FAILED,TXN00008883,USR64488,MCH7747,UTR2386043684,0,0,0,0,0,1,0
TXN00008893,2026-03-08 09:56:55,USR86289,MCH5457,24511.97,UTR2349581387,9120,SUCCESS,TXN00008893,USR86289,MCH5457,UTR2349581387,0,0,0,0,0,0,0
TXN00004846,2026-02-08 00:50:45,USR24519,MCH6549,9811.52,UTR3080609303,4110,SUCCESS,TXN00004846,USR24519,MCH6549,UTR3080609303,0,0,0,0,0,0,0
TXN00016982,2026-03-14 02:56:02,USR64274,MCH6527,8879.4,UTR7212404905,9120,PENDING,TXN00016982,USR64274,MCH6527,UTR 7212404905,0,0,0,0,0,0,1
TXN00002108,2026-03-03 11:23:51,USR16285,MCH4212,22654.52,UTR3933134146,,SUCCESS,TXN00002108,USR16285,MCH4212,UTR3933134146,0,0,1,0,0,0,0
TXN00004592,2026-02-27 22:46:45,USR20914,MCH8717,0.517838,UTR2324815961,4110,SUCCESS,TXN00004592,USR20914,MCH8717,UTR2324815961,0,0,0,0,0,0,0
TXN00006100,2026-03-28 08:30:46,USR21056,MCH7910,21861.21,UTR9781415221,,SUCCESS,TXN00006100,USR21056,MCH7910,UTR9781415221,0,0,1,0,0,0,0
TXN00007818,2026-05-02 02:35:40,USR17966,MCH3188,0.2351403,UTR6029402269,1310,SUCCESS,TXN00007818,USR17966,MCH3188,UTR6029402269,0,0,0,0,0,0,0
TXN00004244,2026-03-24 07:29:20,USR31292,MCH7641,11360.05,UTR7776973791,4110,SUCCESS,TXN00004244,USR31292,MCH7641,UTR7776973791,0,0,0,0,0,0,0
TXN00013888,2026-03-31 10:07:02,USR43398,MCH4459,346.0,UTR0151599350,1310,SUCCESS,TXN00013888,USR43398,MCH4459,UTR0151599350,0,0,0,0,0,0,0
TXN00002175,2026-01-12 15:35:01,USR59431,MCH1897,5687.22,UTR7351572544,4110,SUCCESS,TXN00002175,USR59431,MCH1897,UTR7351572544,0,0,0,0,0,0,0
TXN00002086,2026-03-22 12:47:01,USR23673,MCH1907,12450.0,UTR4855282540,0110,SUCCESS,TXN00002086,USR23673,MCH1907,UTR 4855282540,0,0,0,0,0,0,0
TXN00008226,2026-01-21 05:43:01,USR63740,MCH8744,13787.42,UTR0265156878,4110,SUCCESS,TXN00008226,USR63740,MCH8744,UTR0265156878,0,0,0,0,0,0,0
TXN00013926,2026-03-04 15:07:32,USR47256,MCH2107,4631.78,UTR9597869569,4110,SUCCESS,TXN00013926,USR47256,MCH2107,UTR9597869569,0,0,0,0,0,0,0
TXN00017259,2026-01-27 16:42:52,USR24192,MCH1841,-20248.94,UTR8181575920,0110,SUCCESS,TXN00017259,USR24192,MCH1841,UTR8181575920,1,0,0,0,0,0,0
TXN00015982,2026-01-25 11:48:55,USR61129,MCH4843,21754.87,UTR5504519336,1310,SUCCESS,TXN00015982,USR61129,MCH4843,UTR5504519336,0,0,0,0,0,0,0
TXN00001712,2026-03-29 17:04:59,USR99523,MCH7081,1543.13,UTR1600143714,8120,SUCCESS,TXN00001712,USR99523,MCH7081,UTR1600143714,0,0,0,0,0,0,0
TXN00013081,2026-01-12 17:38:21,USR93577,MCH8884,6830.31,UTR2498831753,8120,SUCCESS,TXN00013081,USR93577,MCH8884,UTR2498831753,0,0,0,0,0,0,0
TXN00010463,2026-03-02 02:11:25,USR60546,MCH7488,24351.04,UTR2746819770,4110,SUCCESS,TXN00010463,USR60546,MCH7488,UTR2746819770,0,0,0,0,0,0,0
TXN00007821,2026-01-26 05:08:47,USR60728,MCH7069,8867.06,UTR6645959614,,SUCCESS,TXN00007821,USR60728,MCH7069,UTR6645959614,0,0,1,0,0,0,0
TXN00015376,2026-02-23 23:42:50,USR99305,MCH3834,16406.66,UTR0414870353,9120,FAILED,TXN00015376,USR99305,MCH3834,UTR0414870353,0,0,0,0,0,1,0
TXN00010005,2026-04-03 08:34:36,USR39804,MCH5083,11920.84,UTR9441613582,9120,SUCCESS,TXN00010005,USR39804,MCH5083,UTR9441613582,0,0,0,0,0,0,0
TXN00017070,2026-03-06 00:59:32,USR71507,MCH2030,21254.47,UTR5364288555,0110,SUCCESS,TXN00017070,USR71507,MCH2030,UTR5364288555,0,0,0,0,0,0,0
TXN00016857,2026-03-02 21:05:03,USR66398,MCH8357,17191.75,UTR5473470802,,SUCCESS,TXN00016857,USR66398,MCH8357,UTR5473470802,0,0,1,0,0,0,0
TXN00016585,2026-03-11 01:41:52,USR14772,MCH7331,9364.68,UTR9675978933,9120,FAILED,TXN00016585,USR14772,MCH7331,UTR9675978933,0,0,0,0,0,1,0
TXN00013373,2026-03-27 06:32:20,USR69162,MCH6912,448.96,UTR7560920986,0110,SUCCESS,TXN00013373,USR69162,MCH6912,UTR7560920986,0,0,0,0,0,0,0
TXN00013420,2026-01-08 21:05:25,USR54231,MCH5527,18869.52,UTR7782121276,4110,SUCCESS,TXN00013420,USR54231,MCH5527,UTR 7782121276,0,0,0,0,0,0,0
TXN00002166,2026-01-20 20:20:25,USR92076,MCH8789,24478.0,,0110,FAILED,TXN00002166,USR92076,MCH8789,,0,1,0,0,0,1,0
TXN00007899,2026-02-13 16:14:15,USR84435,MCH8128,6449.81,UTR1144588956,4110,SUCCESS,TXN00007899,USR84435,MCH8128,UTR1144588956,0,0,0,0,0,0,0
TXN00013014,2026-02-05 01:48:51,USR98526,MCH7784,4534.45,UTR6901604588,1310,SUCCESS,TXN00013014,USR98526,MCH7784,UTR 6901604588,0,0,0,0,0,0,0
TXN00008169,2026-03-12 14:16:56,USR19781,MCH9219,10911.0,UTR2823975046,9120,SUCCESS,TXN00008169,USR19781,MCH9219,UTR2823975046,0,0,0,0,0,0,0
TXN00016057,2026-03-30 01:01:54,USR64127,MCH4608,8856.58,UTR7370260545,1310,SUCCESS,TXN00016057,USR64127,MCH4608,UTR7370260545,0,0,0,0,0,0,0
TXN00007029,2026-03-03 13:26:00,USR58004,MCH7275,9593.19,UTR1715377909,1310,PENDING,TXN00007029,USR58004,MCH7275,UTR1715377909,0,0,0,0,0,0,1
TXN00005871,2026-03-26 23:19:06,USR60749,MCH5768,5276.97,UTR8553233700,,SUCCESS,TXN00005871,USR60749,MCH5768,UTR 8553233700,0,0,1,0,0,0,0
TXN00013185,2026-03-02 01:41:05,USR46829,MCH7521,12609.38,UTR4604890153,,SUCCESS,TXN00013185,USR46829,MCH7521,UTR4604890153,0,0,1,0,0,0,0
TXN00004332,2026-01-29 16:24:25,USR18512,MCH8526,3313.17,UTR6108114568,4110,SUCCESS,TXN00004332,USR18512,MCH8526,UTR6108114568,0,0,0,0,0,0,0
TXN00006888,2026-03-04 08:35:03,USR55871,MCH6499,8961.89,UTR3742728278,0110,SUCCESS,TXN00006888,USR55871,MCH6499,UTR3742728278,0,0,0,0,0,0,0
TXN00005027,2026-03-19 23:23:40,USR14799,MCH4611,6480.02,UTR2172948252,,SUCCESS,TXN00005027,USR14799,MCH4611,UTR2172948252,0,0,1,0,0,0,0
TXN00018947,2026-01-08 12:32:22,USR74688,MCH6639,1430.41,UTR4170784961,9120,SUCCESS,TXN00018947,USR74688,MCH6639,UTR4170784961,0,0,0,0,0,0,0
TXN00007054,2026-01-30 13:58:54,USR57332,MCH3792,12100.0,UTR2045052990,4110,SUCCESS,TXN00007054,USR57332,MCH3792,UTR 2045052990,0,0,0,0,0,0,0
TXN00013182,2026-02-24 07:23:11,USR14885,MCH9390,1157.79,UTR4762681718,9120,SUCCESS,TXN00013182,USR14885,MCH9390,UTR4762681718,0,0,0,0,0,0,0
TXN00002225,2026-02-12 09:36:43,USR14984,MCH6944,320.0,UTR6633127121,9120,SUCCESS,TXN00002225,USR14984,MCH6944,UTR6633127121,0,0,0,0,0,0,0
TXN00013742,2026-03-23 02:05:55,USR96212,MCH9693,0.203093,UTR4297996861,8120,PENDING,TXN00013742,USR96212,MCH9693,UTR4297996861,0,0,0,0,0,0,1
TXN00009447,2026-03-19 13:51:49,USR92078,MCH7293,24264.63,UTR3224132081,4110,FAILED,TXN00009447,USR92078,MCH7293,UTR3224132081,0,0,0,0,0,1,0
TXN00007111,2026-02-17 04:08:19,USR64369,MCH1112,0.1801113,UTR9472005029,4110,FAILED,TXN00007111,USR64369,MCH1112,UTR9472005029,0,0,0,0,0,1,0
TXN00004598,2026-01-29 02:11:43,USR34811,MCH3331,5813.3,UTR8032561966,8120,SUCCESS,TXN00004598,USR34811,MCH3331,UTR8032561966,0,0,0,0,0,0,0
TXN00000674,2026-02-25 23:32:51,USR95736,MCH8679,13117.54,UTR4105565913,4110,SUCCESS,TXN00000674,USR95736,MCH8679,UTR4105565913,0,0,0,0,0,0,0
TXN00014817,2026-03-31 17:49:23,USR53194,MCH9353,11173.57,UTR4967865918,8120,SUCCESS,TXN00014817,USR53194,MCH9353,UTR4967865918,0,0,0,0,0,0,0
TXN00009099,2026-02-01 11:08:56,USR41395,MCH2199,23414.77,UTR0920686062,9120,SUCCESS,TXN00009099,USR41395,MCH2199,UTR0920686062,0,0,0,0,0,0,0
TXN00014715,2026-02-10 08:55:52,USR75984,MCH2367,13344.72,UTR3538234029,8120,SUCCESS,TXN00014715,USR75984,MCH2367,UTR3538234029,0,0,0,0,0,0,0
TXN00011614,2026-02-02 18:39:05,USR33631,MCH8267,24245.82,UTR1654390459,1310,SUCCESS,TXN00011614,USR33631,MCH8267,UTR1654390459,0,0,0,0,0,0,0
TXN00007676,2026-06-02 14:39:38,USR72121,MCH4672,0.1445115,UTR0374426114,1310,SUCCESS,TXN00007676,USR72121,MCH4672,UTR0374426114,0,0,0,0,0,0,0
TXN00014998,2026-03-19 02:03:42,USR45098,MCH9778,0.129048,UTR7833350662,4110,SUCCESS,TXN00014998,USR45098,MCH9778,UTR7833350662,0,0,0,0,0,0,0
TXN00001794,2026-01-02 20:18:36,USR20775,MCH1612,17008.89,UTR4385474786,0110,SUCCESS,TXN00001794,USR20775,MCH1612,UTR4385474786,0,0,0,0,0,0,0
TXN00019148,2026-01-24 10:35:02,USR84691,MCH3935,22255.01,UTR8644251910,1310,SUCCESS,TXN00019148,USR84691,MCH3935,UTR8644251910,0,0,0,0,0,0,0
TXN00011103,2026-03-04 14:27:35,USR74446,MCH1934,19168.0,UTR4111398194,1310,SUCCESS,TXN00011103,USR74446,MCH1934,UTR 4111398194,0,0,0,0,0,0,0
TXN00008464,2026-03-05 18:37:59,USR20838,MCH8989,-20090.51,UTR2208703251,0110,SUCCESS,TXN00008464,USR20838,MCH8989,UTR2208703251,1,0,0,0,0,0,0
TXN00019798,2026-01-25 09:25:48,USR79794,MCH4846,5082.0,UTR5182775264,9120,SUCCESS,TXN00019798,USR79794,MCH4846,UTR5182775264,0,0,0,0,0,0,0
TXN00000268,2026-03-26 16:54:58,USR21818,MCH6451,17565.08,UTR5334944383,9120,SUCCESS,TXN00000268,USR21818,MCH6451,UTR5334944383,0,0,0,0,0,0,0
TXN00014224,2026-03-08 11:47:00,USR25398,MCH2992,12959.44,,4110,SUCCESS,TXN00014224,USR25398,MCH2992,,0,1,0,0,0,0,0
TXN00001524,2026-07-02 11:37:43,USR30807,MCH7427,2544.51,UTR7470208841,4110,SUCCESS,TXN00001524,USR30807,MCH7427,UTR7470208841,0,0,0,0,0,0,0
TXN00011018,2026-03-28 04:44:07,USR47681,MCH7371,23282.35,UTR7010036018,4110,SUCCESS,TXN00011018,USR47681,MCH7371,UTR7010036018,0,0,0,0,0,0,0
TXN00004186,2026-03-20 01:38:02,USR97741,MCH1127,15813.58,UTR0563435724,,PENDING,TXN00004186,USR97741,MCH1127,UTR 0563435724,0,0,1,0,0,0,1
TXN00009839,2026-02-04 11:55:33,USR44750,MCH3351,18245.0,UTR1584909532,4110,FAILED,TXN00009839,USR44750,MCH3351,UTR1584909532,0,0,0,0,0,1,0
TXN00005906,2026-02-03 10:09:29,USR92179,MCH1083,15577.62,UTR5141315843,0110,SUCCESS,TXN00005906,USR92179,MCH1083,UTR5141315843,0,0,0,0,0,0,0
TXN00011774,2026-08-03 16:29:16,USR25901,MCH5761,5538.33,UTR8385899156,1310,SUCCESS,TXN00011774,USR25901,MCH5761,UTR8385899156,0,0,0,0,0,0,0
TXN00008899,2026-08-03 20:23:45,USR42498,MCH3617,1886.59,,0110,SUCCESS,TXN00008899,USR42498,MCH3617,,0,1,0,0,0,0,0
TXN00014436,2026-03-19 08:58:04,USR30565,MCH8834,8845.17,UTR1306160592,8120,SUCCESS,TXN00014436,USR30565,MCH8834,UTR 1306160592,0,0,0,0,0,0,0
TXN00000333,2026-02-04 00:00:00,USR33576,MCH8036,369.69,UTR7700626683,4110,SUCCESS,TXN00000333,USR33576,MCH8036,UTR 7700626683,0,0,0,0,0,0,0
TXN00001579,2026-01-07 15:25:54,USR62617,MCH3437,15181.28,UTR1699041127,1310,SUCCESS,TXN00001579,USR62617,MCH3437,UTR1699041127,0,0,0,0,0,0,0
TXN00011982,2026-01-07 00:00:00,USR59055,MCH4469,104.0,UTR1101734050,8120,SUCCESS,TXN00011982,USR59055,MCH4469,UTR1101734050,0,0,0,0,0,0,0
TXN00019294,2026-03-22 16:27:30,USR16748,MCH2680,20730.49,,,SUCCESS,TXN00019294,USR16748,MCH2680,,0,1,1,0,0,0,0
TXN00015305,2026-02-08 00:00:00,USR80781,MCH6104,16349.42,UTR6356783870,8120,SUCCESS,TXN00015305,USR80781,MCH6104,UTR6356783870,0,0,0,0,0,0,0
TXN00018548,2026-01-14 12:33:57,USR78546,MCH6588,10946.93,UTR1728386130,,SUCCESS,TXN00018548,USR78546,MCH6588,UTR1728386130,0,0,1,0,0,0,0
TXN00007836,2026-10-03 00:46:43,USR44965,MCH1746,11396.96,UTR3771227877,0110,SUCCESS,TXN00007836,USR44965,MCH1746,UTR3771227877,0,0,0,0,0,0,0
TXN00013224,2026-02-03 00:09:22,USR43944,MCH4861,22431.13,UTR5100477647,0110,SUCCESS,TXN00013224,USR43944,MCH4861,UTR5100477647,0,0,0,0,0,0,0
TXN00009979,2026-03-25 16:38:21,USR58929,MCH5102,23765.79,UTR1514604184,8120,SUCCESS,TXN00009979,USR58929,MCH5102,UTR1514604184,0,0,0,0,0,0,0
TXN00001377,2026-03-25 06:39:46,USR89071,MCH7597,11138.18,UTR2522006807,9120,SUCCESS,TXN00001377,USR89071,MCH7597,UTR2522006807,0,0,0,0,0,0,0
TXN00007945,2026-03-20 10:07:02,USR94681,MCH6805,9541.41,UTR3852098878,9120,SUCCESS,TXN00007945,USR94681,MCH6805,UTR3852098878,0,0,0,0,0,0,0
TXN00010189,2026-01-25 07:55:54,USR19350,MCH2397,4272.3,UTR4169177396,1310,SUCCESS,TXN00010189,USR19350,MCH2397,UTR4169177396,0,0,0,0,0,0,0
TXN00002343,2026-01-11 01:10:36,USR31013,MCH3388,2013.7,UTR0812964959,9120,SUCCESS,TXN00002343,USR31013,MCH3388,UTR0812964959,0,0,0,0,0,0,0
TXN00002070,2026-02-25 00:00:00,USR36336,MCH4822,8262.07,UTR5763245764,8120,SUCCESS,TXN00002070,USR36336,MCH4822,UTR5763245764,0,0,0,0,0,0,0
TXN00005975,2026-02-19 15:54:48,USR20301,MCH8953,7236.0,UTR1542105895,9120,SUCCESS,TXN00005975,USR20301,MCH8953,UTR 1542105895,0,0,0,0,0,0,0
TXN00012793,2026-02-05 07:34:06,USR66996,MCH3143,19791.43,UTR5248676192,4110,SUCCESS,TXN00012793,USR66996,MCH3143,UTR5248676192,0,0,0,0,0,0,0
TXN00010421,2026-02-27 15:29:32,USR93230,MCH7021,4693.41,UTR1112690322,0110,FAILED,TXN00010421,USR93230,MCH7021,UTR1112690322,0,0,0,0,0,1,0
TXN00004833,2026-03-09 00:55:33,USR42767,MCH3146,0.161419,UTR4957122549,8120,FAILED,TXN00004833,USR42767,MCH3146,UTR4957122549,0,0,0,0,0,1,0
TXN00002997,2026-03-02 21:23:53,USR30314,MCH9495,3940.26,UTR4309542509,8120,SUCCESS,TXN00002997,USR30314,MCH9495,UTR4309542509,0,0,0,0,0,0,0
TXN00011017,2026-03-12 16:01:16,USR48077,MCH7822,16764.0,UTR6168786206,0110,SUCCESS,TXN00011017,USR48077,MCH7822,UTR6168786206,0,0,0,0,0,0,0
TXN00005504,2026-01-24 02:34:14,USR63300,MCH5208,12305.12,UTR8538618021,9120,SUCCESS,TXN00005504,USR63300,MCH5208,UTR8538618021,0,0,0,0,0,0,0
TXN00002752,2026-02-01 20:06:31,USR57934,MCH9294,16856.52,UTR4388703130,1310,FAILED,TXN00002752,USR57934,MCH9294,UTR4388703130,0,0,0,0,0,1,0
TXN00001202,2026-02-01 04:34:49,USR39214,MCH3115,624.43,UTR8235247914,1310,SUCCESS,TXN00001202,USR39214,MCH3115,UTR8235247914,0,0,0,0,0,0,0
TXN00017669,2026-02-15 10:52:10,USR61265,MCH3674,0.1286602,,0110,SUCCESS,TXN00017669,USR61265,MCH3674,,0,1,0,0,0,0,0
TXN00009885,2026-02-15 20:53:31,USR39934,MCH6723,1382.07,UTR3191653799,0110,SUCCESS,TXN00009885,USR39934,MCH6723,UTR 3191653799,0,0,0,0,0,0,0
TXN00001557,2026-03-02 12:17:58,USR87854,MCH9207,15278.41,UTR4361030062,8120,SUCCESS,TXN00001557,USR87854,MCH9207,UTR4361030062,0,0,0,0,0,0,0
TXN00010434,2026-03-04 02:54:07,USR24242,MCH5665,0.1180371,UTR1250336678,1310,SUCCESS,TXN00010434,USR24242,MCH5665,UTR1250336678,0,0,0,0,0,0,0
TXN00003725,2026-03-09 14:30:58,USR61521,MCH7461,9319.0,UTR7303139173,,SUCCESS,TXN00003725,USR61521,MCH7461,UTR7303139173,0,0,1,0,0,0,0
TXN00006665,2026-02-19 17:43:58,USR74107,MCH1937,22338.81,UTR9171550835,9120,SUCCESS,TXN00006665,USR74107,MCH1937,UTR9171550835,0,0,0,0,0,0,0
TXN00016584,2026-02-23 19:16:36,USR82168,MCH3613,20448.67,UTR1627113725,1310,SUCCESS,TXN00016584,USR82168,MCH3613,UTR1627113725,0,0,0,0,0,0,0
TXN00001374,2026-01-02 04:07:11,USR80349,MCH5934,0.1231202,UTR2902805565,1310,SUCCESS,TXN00001374,USR80349,MCH5934,UTR2902805565,0,0,0,0,0,0,0
TXN00010852,2026-02-23 06:01:29,USR21014,MCH6598,9380.36,UTR5101770979,9120,SUCCESS,TXN00010852,USR21014,MCH6598,UTR5101770979,0,0,0,0,0,0,0
TXN00017286,2026-02-07 22:37:49,USR18372,MCH2443,-12552.44,UTR6491833974,0110,PENDING,TXN00017286,USR18372,MCH2443,UTR6491833974,1,0,0,0,0,0,1
TXN00009126,2026-02-06 22:52:43,USR50494,MCH8479,24044.44,UTR4409036395,,FAILED,TXN00009126,USR50494,MCH8479,UTR4409036395,0,0,1,0,0,1,0
TXN00019323,2026-01-08 05:14:55,USR22572,MCH2049,9896.02,,4110,SUCCESS,TXN00019323,USR22572,MCH2049,,0,1,0,0,0,0,0
TXN00006996,2026-03-10 00:00:00,USR27938,MCH1871,14497.63,UTR6534884998,0110,SUCCESS,TXN00006996,USR27938,MCH1871,UTR6534884998,0,0,0,0,0,0,0
TXN00012875,2026-02-20 11:10:16,USR13493,MCH4690,23959.13,UTR1116436783,4110,SUCCESS,TXN00012875,USR13493,MCH4690,UTR1116436783,0,0,0,0,0,0,0
TXN00000415,2026-02-22 15:24:23,USR43072,MCH9748,0.1579961,,1310,SUCCESS,TXN00000415,USR43072,MCH9748,,0,1,0,0,0,0,0
TXN00005554,2026-01-22 21:38:45,USR27553,MCH6109,0.152633,UTR3656197574,,FAILED,TXN00005554,USR27553,MCH6109,UTR3656197574,0,0,1,0,0,1,0
TXN00011277,2026-03-18 23:57:09,USR93179,MCH3222,7048.51,UTR1461270334,0110,SUCCESS,TXN00011277,USR93179,MCH3222,UTR 1461270334,0,0,0,0,0,0,0
TXN00001768,2026-09-01 18:25:15,USR83463,MCH8170,11906.0,UTR4018223559,8120,SUCCESS,TXN00001768,USR83463,MCH8170,UTR4018223559,0,0,0,0,0,0,0
TXN00017646,2026-03-16 09:22:48,USR57823,MCH8972,21368.3,UTR5248163638,1310,SUCCESS,TXN00017646,USR57823,MCH8972,UTR5248163638,0,0,0,0,0,0,0
TXN00008801,2026-01-11 11:24:18,USR26706,MCH3705,19092.75,UTR4602993315,9120,SUCCESS,TXN00008801,USR26706,MCH3705,UTR4602993315,0,0,0,0,0,0,0
TXN00004175,2026-01-19 23:39:37,USR14910,MCH5811,21841.73,UTR7568767516,,SUCCESS,TXN00004175,USR14910,MCH5811,UTR7568767516,0,0,1,0,0,0,0
TXN00016436,2026-02-01 00:03:34,USR57398,MCH8420,16532.25,UTR0356208481,8120,SUCCESS,TXN00016436,USR57398,MCH8420,UTR0356208481,0,0,0,0,0,0,0
TXN00019211,2026-02-03 02:51:38,USR33146,MCH9312,895.12,UTR9913918598,9120,SUCCESS,TXN00019211,USR33146,MCH9312,UTR9913918598,0,0,0,0,0,0,0
TXN00005655,2026-01-19 02:46:11,USR83580,MCH6715,0.316149,UTR9605453743,4110,SUCCESS,TXN00005655,USR83580,MCH6715,UTR9605453743,0,0,0,0,0,0,0
TXN00019491,2026-01-22 06:11:10,USR82649,MCH4714,23309.47,UTR6544053771,8120,FAILED,TXN00019491,USR82649,MCH4714,UTR6544053771,0,0,0,0,0,1,0
TXN00002951,2026-01-20 01:24:59,USR59155,MCH3987,20689.38,UTR7347732482,8120,SUCCESS,TXN00002951,USR59155,MCH3987,UTR7347732482,0,0,0,0,0,0,0
TXN00008739,2026-01-15 08:06:45,USR57977,MCH1828,2254.75,UTR4458096146,0110,SUCCESS,TXN00008739,USR57977,MCH1828,UTR4458096146,0,0,0,0,0,0,0
TXN00010632,2026-03-13 05:07:25,USR81350,MCH9651,0.1856401,UTR6942427480,,SUCCESS,TXN00010632,USR81350,MCH9651,UTR6942427480,0,0,1,0,0,0,0
TXN00005418,2026-03-20 07:09:14,USR34456,MCH4374,7898.0,UTR2086636970,1310,FAILED,TXN00005418,USR34456,MCH4374,UTR2086636970,0,0,0,0,0,1,0
TXN00003566,2026-03-12 05:21:53,USR29151,MCH3073,18127.9,UTR8122695036,0110,SUCCESS,TXN00003566,USR29151,MCH3073,UTR8122695036,0,0,0,0,0,0,0
TXN00008187,2026-01-04 01:57:10,USR89057,MCH8978,6032.5,UTR0629886312,1310,SUCCESS,TXN00008187,USR89057,MCH8978,UTR0629886312,0,0,0,0,0,0,0
TXN00015320,2026-03-17 12:14:38,USR14803,MCH3568,14656.9,UTR7005616681,9120,SUCCESS,TXN00015320,USR14803,MCH3568,UTR7005616681,0,0,0,0,0,0,0
TXN00015462,2026-01-14 18:06:31,USR72883,MCH3216,20438.74,UTR2517461787,0110,SUCCESS,TXN00015462,USR72883,MCH3216,UTR2517461787,0,0,0,0,0,0,0
TXN00006493,2026-03-04 11:02:16,USR10730,MCH2354,10276.3,,,SUCCESS,TXN00006493,USR10730,MCH2354,,0,1,1,0,0,0,0
TXN00005497,2026-02-24 21:49:39,USR38414,MCH6912,14487.0,UTR2344384370,9120,SUCCESS,TXN00005497,USR38414,MCH6912,UTR 2344384370,0,0,0,0,0,0,0
TXN00017681,2026-02-19 21:32:14,USR83331,MCH4859,0.1268,UTR6172640439,1310,FAILED,TXN00017681,USR83331,MCH4859,UTR 6172640439,0,0,0,0,0,1,0
TXN00009961,2026-01-17 22:52:47,USR45501,MCH9804,0.1470628,UTR9834127342,9120,SUCCESS,TXN00009961,USR45501,MCH9804,UTR9834127342,0,0,0,0,0,0,0
TXN00007041,2026-02-23 17:48:17,USR76632,MCH1843,19601.46,UTR8146211320,8120,SUCCESS,TXN00007041,USR76632,MCH1843,UTR8146211320,0,0,0,0,0,0,0
TXN00015164,2026-03-06 14:22:46,USR87379,MCH4335,12335.0,UTR5743482597,1310,SUCCESS,TXN00015164,USR87379,MCH4335,UTR5743482597,0,0,0,0,0,0,0
TXN00014551,2026-01-14 08:31:39,USR92208,MCH8780,0.770066,UTR4019004242,9120,SUCCESS,TXN00014551,USR92208,MCH8780,UTR4019004242,0,0,0,0,0,0,0
TXN00002517,2026-01-06 01:35:15,USR29593,MCH7405,487.71,UTR7895760997,,SUCCESS,TXN00002517,USR29593,MCH7405,UTR7895760997,0,0,1,0,0,0,0
TXN00015707,2026-02-20 19:52:53,USR45531,MCH6959,10470.94,UTR8973262822,1310,SUCCESS,TXN00015707,USR45531,MCH6959,UTR8973262822,0,0,0,0,0,0,0
TXN00008726,2026-03-08 13:00:09,USR94808,MCH5362,0.1811331,UTR2200336470,9120,SUCCESS,TXN00008726,USR94808,MCH5362,UTR2200336470,0,0,0,0,0,0,0
TXN00007107,2026-01-07 18:39:59,USR14205,MCH2849,714.5,UTR7486167168,4110,SUCCESS,TXN00007107,USR14205,MCH2849,UTR7486167168,0,0,0,0,0,0,0
TXN00004580,2026-03-01 19:44:10,USR69151,MCH7490,16143.61,UTR9764357946,4110,SUCCESS,TXN00004580,USR69151,MCH7490,UTR9764357946,0,0,0,0,0,0,0
TXN00001608,2026-02-11 19:34:22,USR30142,MCH6473,20010.91,UTR2738503426,8120,SUCCESS,TXN00001608,USR30142,MCH6473,UTR2738503426,0,0,0,0,0,0,0
TXN00009601,2026-01-23 11:53:11,USR85025,MCH1777,489.13,,,SUCCESS,TXN00009601,USR85025,MCH1777,,0,1,1,0,0,0,0
TXN00018460,2026-03-12 20:58:11,USR11356,MCH4162,12489.9,UTR9450791120,4110,SUCCESS,TXN00018460,USR11356,MCH4162,UTR9450791120,0,0,0,0,0,0,0
TXN00009656,2026-02-03 06:44:35,USR79339,MCH7407,14071.59,UTR3665188887,1310,SUCCESS,TXN00009656,USR79339,MCH7407,UTR3665188887,0,0,0,0,0,0,0
TXN00012519,2026-02-14 16:15:27,USR61698,MCH9584,0.1063845,UTR8770349061,9120,SUCCESS,TXN00012519,USR61698,MCH9584,UTR8770349061,0,0,0,0,0,0,0
TXN00007280,2026-03-29 05:01:10,USR58994,MCH2295,15154.29,UTR4584202472,4110,SUCCESS,TXN00007280,USR58994,MCH2295,UTR4584202472,0,0,0,0,0,0,0
TXN00013536,2026-03-07 08:26:10,USR40589,MCH8202,6301.47,UTR1510631864,,FAILED,TXN00013536,USR40589,MCH8202,UTR1510631864,0,0,1,0,0,1,0
TXN00009177,2026-02-14 01:17:14,USR94255,MCH2868,5804.17,UTR6167553088,8120,SUCCESS,TXN00009177,USR94255,MCH2868,UTR6167553088,0,0,0,0,0,0,0
TXN00019867,2026-01-10 23:57:07,USR81962,MCH9080,9033.65,UTR3839939849,8120,SUCCESS,TXN00019867,USR81962,MCH9080,UTR3839939849,0,0,0,0,0,0,0
TXN00000807,2026-01-05 21:01:02,USR29446,MCH3466,23359.83,UTR3557979300,1310,FAILED,TXN00000807,USR29446,MCH3466,UTR3557979300,0,0,0,0,0,1,0
TXN00000969,2026-01-06 01:22:05,USR74983,MCH8275,14164.45,UTR2885041548,4110,SUCCESS,TXN00000969,USR74983,MCH8275,UTR2885041548,0,0,0,0,0,0,0
TXN00018201,2026-01-15 20:34:02,USR98558,MCH2579,0.222671,UTR2422417105,8120,PENDING,TXN00018201,USR98558,MCH2579,UTR2422417105,0,0,0,0,0,0,1
TXN00007828,2026-01-03 12:35:21,USR14351,MCH3808,8405.29,UTR4335587672,,SUCCESS,TXN00007828,USR14351,MCH3808,UTR 4335587672,0,0,1,0,0,0,0
TXN00009579,2026-08-01 15:01:28,USR47065,MCH1798,1280.84,UTR9568891716,1310,SUCCESS,TXN00009579,USR47065,MCH1798,UTR9568891716,0,0,0,0,0,0,0
TXN00007175,2026-02-19 05:48:40,USR60098,MCH6886,2429.5,UTR4896404814,4110,SUCCESS,TXN00007175,USR60098,MCH6886,UTR4896404814,0,0,0,0,0,0,0
TXN00005581,2026-02-16 20:51:29,USR38257,MCH1936,1008.3,UTR4179189570,1310,SUCCESS,TXN00005581,USR38257,MCH1936,UTR4179189570,0,0,0,0,0,0,0
TXN00006814,2026-02-06 14:56:08,USR96531,MCH7108,19891.0,UTR0686534210,8120,SUCCESS,TXN00006814,USR96531,MCH7108,UTR0686534210,0,0,0,0,0,0,0
TXN00003955,2026-02-08 12:50:08,USR35609,MCH5886,5794.57,UTR0014943496,8120,SUCCESS,TXN00003955,USR35609,MCH5886,UTR0014943496,0,0,0,0,0,0,0
TXN00013327,2026-03-30 11:55:55,USR39771,MCH3833,12337.57,UTR5232579741,4110,FAILED,TXN00013327,USR39771,MCH3833,UTR5232579741,0,0,0,0,0,1,0
TXN00017568,2026-01-22 17:59:28,USR12785,MCH3578,22471.0,UTR5583265899,9120,SUCCESS,TXN00017568,USR12785,MCH3578,UTR5583265899,0,0,0,0,0,0,0
TXN00004993,2026-01-06 00:00:00,USR16003,MCH7634,8547.61,UTR2537627271,,FAILED,TXN00004993,USR16003,MCH7634,UTR2537627271,0,0,1,0,0,1,0
TXN00013910,2026-03-28 00:08:36,USR18716,MCH9506,5778.14,UTR0834821769,4110,SUCCESS,TXN00013910,USR18716,MCH9506,UTR 0834821769,0,0,0,0,0,0,0
TXN00007590,2026-03-21 15:16:17,USR16442,MCH2223,1864.0,UTR3150798294,4110,FAILED,TXN00007590,USR16442,MCH2223,UTR3150798294,0,0,0,0,0,1,0
TXN00000356,2026-01-14 14:38:54,USR63015,MCH4444,0.1606406,UTR9149895806,4110,FAILED,TXN00000356,USR63015,MCH4444,UTR9149895806,0,0,0,0,0,1,0
TXN00005094,2026-01-03 07:42:53,USR96725,MCH3046,2958.13,UTR9390012977,1310,SUCCESS,TXN00005094,USR96725,MCH3046,UTR9390012977,0,0,0,0,0,0,0
TXN00008449,2026-01-07 20:00:58,USR17075,MCH6092,2945.72,UTR1389925747,1310,SUCCESS,TXN00008449,USR17075,MCH6092,UTR1389925747,0,0,0,0,0,0,0
TXN00010823,2026-02-10 18:58:25,USR94218,MCH4426,0.2386639,UTR0130187586,9120,SUCCESS,TXN00010823,USR94218,MCH4426,UTR0130187586,0,0,0,0,0,0,0
TXN00005574,2026-02-23 02:42:36,USR13457,MCH4173,16161.29,UTR4077751931,0110,SUCCESS,TXN00005574,USR13457,MCH4173,UTR 4077751931,0,0,0,0,0,0,0
TXN00003355,2026-03-05 03:51:54,USR49349,MCH8404,4706.13,UTR3816126108,9120,SUCCESS,TXN00003355,USR49349,MCH8404,UTR3816126108,0,0,0,0,0,0,0
TXN00004323,2026-07-03 23:28:44,USR45039,MCH1319,16809.54,UTR5647317475,4110,SUCCESS,TXN00004323,USR45039,MCH1319,UTR5647317475,0,0,0,0,0,0,0
TXN00016286,2026-01-14 20:21:54,USR20464,MCH6904,16172.91,UTR4353699000,9120,SUCCESS,TXN00016286,USR20464,MCH6904,UTR4353699000,0,0,0,0,0,0,0
TXN00014521,2026-02-02 12:51:06,USR71281,MCH1975,19642.81,UTR9228033831,0110,SUCCESS,TXN00014521,USR71281,MCH1975,UTR9228033831,0,0,0,0,0,0,0
TXN00015306,2026-02-17 10:34:51,USR78549,MCH3677,0.191147,UTR2867654540,0110,SUCCESS,TXN00015306,USR78549,MCH3677,UTR2867654540,0,0,0,0,0,0,0
TXN00017588,2026-03-29 15:51:51,USR62031,MCH6010,13980.0,UTR0922762063,0110,SUCCESS,TXN00017588,USR62031,MCH6010,UTR0922762063,0,0,0,0,0,0,0
TXN00013642,2026-02-11 22:15:28,USR49104,MCH5572,11896.52,UTR8293649991,4110,SUCCESS,TXN00013642,USR49104,MCH5572,UTR8293649991,0,0,0,0,0,0,0
TXN00001337,2026-02-28 14:45:17,USR31282,MCH7488,4996.57,UTR2053027035,4110,SUCCESS,TXN00001337,USR31282,MCH7488,UTR2053027035,0,0,0,0,0,0,0
TXN00012103,2026-02-07 00:00:00,USR32553,MCH3914,24486.47,UTR3586592914,9120,SUCCESS,TXN00012103,USR32553,MCH3914,UTR 3586592914,0,0,0,0,0,0,0
TXN00002036,2026-02-02 00:07:50,USR60966,MCH8282,8744.16,UTR9072284407,1310,SUCCESS,TXN00002036,USR60966,MCH8282,UTR9072284407,0,0,0,0,0,0,0
TXN00016749,2026-03-08 07:12:37,USR18052,MCH8053,19869.0,UTR7295537888,0110,SUCCESS,TXN00016749,USR18052,MCH8053,UTR7295537888,0,0,0,0,0,0,0
TXN00015351,2026-03-19 02:57:18,USR52978,MCH3219,313.32,UTR7408516790,1310,SUCCESS,TXN00015351,USR52978,MCH3219,UTR7408516790,0,0,0,0,0,0,0
TXN00014600,2026-03-11 20:33:42,USR31478,MCH3709,24773.03,UTR0909588079,8120,FAILED,TXN00014600,USR31478,MCH3709,UTR0909588079,0,0,0,0,0,1,0
TXN00001932,2026-02-19 19:55:52,USR95119,MCH2639,14041.5,UTR6519405673,1310,FAILED,TXN00001932,USR95119,MCH2639,UTR6519405673,0,0,0,0,0,1,0
TXN00013582,2026-02-01 23:08:56,USR10261,MCH1485,3339.34,UTR9644219295,8120,SUCCESS,TXN00013582,USR10261,MCH1485,UTR9644219295,0,0,0,0,0,0,0
TXN00016125,2026-01-30 10:59:48,USR94206,MCH4540,12672.73,UTR1275121636,0110,SUCCESS,TXN00016125,USR94206,MCH4540,UTR1275121636,0,0,0,0,0,0,0
TXN00016649,2026-02-27 23:22:08,USR66249,MCH4527,0.352307,UTR9561543007,4110,SUCCESS,TXN00016649,USR66249,MCH4527,UTR9561543007,0,0,0,0,0,0,0
TXN00005555,2026-01-16 19:01:01,USR17594,MCH2467,20875.99,UTR3766797946,,SUCCESS,TXN00005555,USR17594,MCH2467,UTR3766797946,0,0,1,0,0,0,0
TXN00014855,2026-01-19 02:20:36,USR78925,MCH2990,11713.42,UTR6046643827,8120,SUCCESS,TXN00014855,USR78925,MCH2990,UTR6046643827,0,0,0,0,0,0,0
TXN00006733,2026-01-15 05:12:10,USR75989,MCH3227,0.2333704,UTR4150787356,1310,SUCCESS,TXN00006733,USR75989,MCH3227,UTR4150787356,0,0,0,0,0,0,0
TXN00004481,2026-01-31 13:01:28,USR18231,MCH4758,4044.83,UTR4240451059,8120,FAILED,TXN00004481,USR18231,MCH4758,UTR4240451059,0,0,0,0,0,1,0
TXN00003237,2026-12-03 14:58:11,USR80879,MCH7566,5496.65,UTR0233522981,,SUCCESS,TXN00003237,USR80879,MCH7566,UTR0233522981,0,0,1,0,0,0,0
TXN00010758,2026-02-04 05:52:39,USR26368,MCH4314,18765.59,UTR5201215150,4110,PENDING,TXN00010758,USR26368,MCH4314,UTR5201215150,0,0,0,0,0,0,1
TXN00003624,2026-01-01 08:05:36,USR61546,MCH1173,21853.05,UTR4369521650,1310,SUCCESS,TXN00003624,USR61546,MCH1173,UTR 4369521650,0,0,0,0,0,0,0
TXN00003124,2026-01-13 11:48:26,USR74445,MCH2695,11478.92,UTR3755245302,,SUCCESS,TXN00003124,USR74445,MCH2695,UTR3755245302,0,0,1,0,0,0,0
TXN00013993,2026-02-18 07:21:33,USR57775,MCH8610,4742.0,UTR0702910294,8120,SUCCESS,TXN00013993,USR57775,MCH8610,UTR0702910294,0,0,0,0,0,0,0
TXN00011484,2026-01-18 09:19:23,USR24140,MCH5213,14423.25,UTR1978657847,4110,SUCCESS,TXN00011484,USR24140,MCH5213,UTR1978657847,0,0,0,0,0,0,0
TXN00011054,2026-01-27 12:54:08,USR80623,MCH1498,20059.2,UTR9575050911,4110,SUCCESS,TXN00011054,USR80623,MCH1498,UTR 9575050911,0,0,0,0,0,0,0
TXN00014476,2026-03-21 03:17:07,USR13561,MCH9583,13106.57,UTR5315724456,0110,SUCCESS,TXN00014476,USR13561,MCH9583,UTR5315724456,0,0,0,0,0,0,0
TXN00002424,2026-03-04 17:20:48,USR85375,MCH3446,11468.49,UTR0933827044,8120,SUCCESS,TXN00002424,USR85375,MCH3446,UTR0933827044,0,0,0,0,0,0,0
TXN00011037,2026-01-09 08:34:34,USR74261,MCH6677,15216.53,UTR1922158057,1310,SUCCESS,TXN00011037,USR74261,MCH6677,UTR1922158057,0,0,0,0,0,0,0
TXN00009059,2026-02-11 00:24:29,USR71890,MCH9851,5511.0,UTR8986293581,4110,SUCCESS,TXN00009059,USR71890,MCH9851,UTR8986293581,0,0,0,0,0,0,0
TXN00019119,2026-01-26 13:42:39,USR19973,MCH9126,13919.58,UTR4389106546,0110,SUCCESS,TXN00019119,USR19973,MCH9126,UTR4389106546,0,0,0,0,0,0,0
TXN00012054,2026-01-03 05:31:27,USR45332,MCH8409,18927.3,UTR3908092427,,SUCCESS,TXN00012054,USR45332,MCH8409,UTR3908092427,0,0,1,0,0,0,0
TXN00011950,2026-03-03 07:09:30,USR32661,MCH7914,18049.11,UTR5763656508,4110,SUCCESS,TXN00011950,USR32661,MCH7914,UTR5763656508,0,0,0,0,0,0,0
TXN00015366,2026-03-30 05:50:42,USR23311,MCH8807,275.08,UTR0533147212,4110,SUCCESS,TXN00015366,USR23311,MCH8807,UTR0533147212,0,0,0,0,0,0,0
TXN00000540,2026-02-02 09:14:35,USR11647,MCH4105,3237.69,UTR7297219097,4110,SUCCESS,TXN00000540,USR11647,MCH4105,UTR7297219097,0,0,0,0,0,0,0
TXN00016593,2026-01-23 01:40:55,USR39264,MCH3148,0.1633174,UTR4749305086,0110,SUCCESS,TXN00016593,USR39264,MCH3148,UTR 4749305086,0,0,0,0,0,0,0
TXN00018217,2026-03-31 21:50:23,USR55686,MCH2004,15343.47,UTR5398454300,4110,SUCCESS,TXN00018217,USR55686,MCH2004,UTR5398454300,0,0,0,0,0,0,0
TXN00003071,2026-01-09 17:49:46,USR35660,MCH9072,17668.68,UTR3384498811,4110,SUCCESS,TXN00003071,USR35660,MCH9072,UTR3384498811,0,0,0,0,0,0,0
TXN00017923,2026-03-06 00:26:10,USR78889,MCH2008,14023.07,UTR4125685501,4110,SUCCESS,TXN00017923,USR78889,MCH2008,UTR4125685501,0,0,0,0,0,0,0
TXN00005117,2026-02-17 18:30:37,USR99710,MCH3480,11396.68,UTR0063924675,0110,SUCCESS,TXN00005117,USR99710,MCH3480,UTR0063924675,0,0,0,0,0,0,0
TXN00012371,2026-01-12 17:01:22,USR85744,MCH1094,1263.1,UTR3662682699,4110,SUCCESS,TXN00012371,USR85744,MCH1094,UTR3662682699,0,0,0,0,0,0,0
TXN00004702,2026-01-13 01:29:36,USR47375,MCH6992,1843.37,UTR4077791149,1310,PENDING,TXN00004702,USR47375,MCH6992,UTR4077791149,0,0,0,0,0,0,1
TXN00010922,2026-01-15 02:46:08,USR82983,MCH5742,14876.95,UTR1535695727,9120,SUCCESS,TXN00010922,USR82983,MCH5742,UTR 1535695727,0,0,0,0,0,0,0
TXN00000651,2026-02-22 01:28:23,USR91117,MCH5276,2182.14,UTR2242584051,1310,SUCCESS,TXN00000651,USR91117,MCH5276,UTR2242584051,0,0,0,0,0,0,0
TXN00016951,2026-02-10 16:34:34,USR81708,MCH6783,23957.56,UTR6648504109,4110,SUCCESS,TXN00016951,USR81708,MCH6783,UTR6648504109,0,0,0,0,0,0,0
TXN00003874,2026-03-13 03:28:59,USR59734,MCH1585,20684.28,UTR8911870765,8120,SUCCESS,TXN00003874,USR59734,MCH1585,UTR8911870765,0,0,0,0,0,0,0
TXN00012047,2026-03-27 02:08:12,USR20038,MCH7673,9906.65,UTR5987892371,8120,SUCCESS,TXN00012047,USR20038,MCH7673,UTR5987892371,0,0,0,0,0,0,0
TXN00017288,2026-02-17 16:11:56,USR63171,MCH8876,0.581214,UTR3457706705,4110,SUCCESS,TXN00017288,USR63171,MCH8876,UTR3457706705,0,0,0,0,0,0,0
TXN00019995,2026-02-26 21:55:04,USR29322,MCH1665,0.2252695,UTR4144018944,4110,FAILED,TXN00019995,USR29322,MCH1665,UTR4144018944,0,0,0,0,0,1,0
TXN00016349,2026-07-02 08:31:04,USR32193,MCH7886,14065.6,UTR0118837547,4110,SUCCESS,TXN00016349,USR32193,MCH7886,UTR0118837547,0,0,0,0,0,0,0
TXN00014794,2026-08-01 19:13:30,USR37202,MCH2497,16849.0,UTR7181791122,1310,SUCCESS,TXN00014794,USR37202,MCH2497,UTR7181791122,0,0,0,0,0,0,0
TXN00011309,2026-01-27 22:19:55,USR43969,MCH6973,17714.87,UTR7536658472,9120,SUCCESS,TXN00011309,USR43969,MCH6973,UTR7536658472,0,0,0,0,0,0,0
TXN00004679,2026-02-01 08:19:49,USR48463,MCH8247,16982.27,UTR3079276675,8120,SUCCESS,TXN00004679,USR48463,MCH8247,UTR3079276675,0,0,0,0,0,0,0
TXN00014764,2026-03-07 16:11:09,USR87989,MCH5224,10135.5,UTR0114765215,0110,SUCCESS,TXN00014764,USR87989,MCH5224,UTR0114765215,0,0,0,0,0,0,0
TXN00001682,2026-01-05 18:16:52,USR98160,MCH2464,24390.5,UTR9442628141,4110,SUCCESS,TXN00001682,USR98160,MCH2464,UTR9442628141,0,0,0,0,0,0,0
TXN00015369,2026-02-22 04:29:29,USR38576,MCH1398,111.0,UTR2022506458,,SUCCESS,TXN00015369,USR38576,MCH1398,UTR2022506458,0,0,1,0,0,0,0
TXN00017316,2026-03-24 23:50:57,USR23514,MCH3856,18135.51,UTR7808036890,9120,SUCCESS,TXN00017316,USR23514,MCH3856,UTR7808036890,0,0,0,0,0,0,0
TXN00001619,2026-01-08 16:00:34,USR86674,MCH3557,13949.0,UTR5990919809,4110,SUCCESS,TXN00001619,USR86674,MCH3557,UTR5990919809,0,0,0,0,0,0,0
TXN00018550,2026-02-23 02:48:21,USR93515,MCH3114,1263.72,UTR8166437315,1310,SUCCESS,TXN00018550,USR93515,MCH3114,UTR8166437315,0,0,0,0,0,0,0
TXN00013505,2026-07-01 08:18:04,USR13898,MCH9080,3034.18,UTR0090079604,8120,FAILED,TXN00013505,USR13898,MCH9080,UTR0090079604,0,0,0,0,0,1,0
TXN00002712,2026-03-17 19:29:33,USR89364,MCH1066,12953.83,UTR7693149625,4110,SUCCESS,TXN00002712,USR89364,MCH1066,UTR7693149625,0,0,0,0,0,0,0
TXN00005859,2026-03-10 21:24:59,USR39325,MCH4215,509.12,UTR0580627387,0110,FAILED,TXN00005859,USR39325,MCH4215,UTR0580627387,0,0,0,0,0,1,0
TXN00009171,2026-02-17 21:51:39,USR98960,MCH4889,6780.02,UTR6343788873,4110,SUCCESS,TXN00009171,USR98960,MCH4889,UTR6343788873,0,0,0,0,0,0,0
TXN00015142,2026-02-27 08:36:28,USR66277,MCH4704,24540.42,UTR8524062488,0110,FAILED,TXN00015142,USR66277,MCH4704,UTR8524062488,0,0,0,0,0,1,0
TXN00006503,2026-02-13 12:08:43,USR82816,MCH6757,11866.58,UTR5255182657,4110,SUCCESS,TXN00006503,USR82816,MCH6757,UTR5255182657,0,0,0,0,0,0,0
TXN00003588,2026-09-02 16:43:44,USR52006,MCH2703,19063.55,UTR2810629309,4110,FAILED,TXN00003588,USR52006,MCH2703,UTR2810629309,0,0,0,0,0,1,0
TXN00018948,2026-02-19 05:15:03,USR65177,MCH8361,17949.0,UTR2519177125,1310,SUCCESS,TXN00018948,USR65177,MCH8361,UTR2519177125,0,0,0,0,0,0,0
TXN00018226,2026-03-24 07:21:00,USR92026,MCH2186,12162.28,UTR1633307502,1310,SUCCESS,TXN00018226,USR92026,MCH2186,UTR1633307502,0,0,0,0,0,0,0
TXN00011900,2026-01-30 22:05:29,USR55436,MCH3851,3049.24,UTR1494023597,4110,FAILED,TXN00011900,USR55436,MCH3851,UTR 1494023597,0,0,0,0,0,1,0
TXN00001628,2026-02-26 14:51:16,USR88518,MCH8505,13400.33,UTR7144926723,1310,FAILED,TXN00001628,USR88518,MCH8505,UTR7144926723,0,0,0,0,0,1,0
TXN00004708,2026-02-11 12:50:40,USR89024,MCH5045,4900.86,UTR4811208861,,SUCCESS,TXN00004708,USR89024,MCH5045,UTR4811208861,0,0,1,0,0,0,0
TXN00006533,2026-03-07 04:38:55,USR31981,MCH8449,23155.56,UTR8085893241,0110,SUCCESS,TXN00006533,USR31981,MCH8449,UTR8085893241,0,0,0,0,0,0,0
TXN00009868,2026-01-08 18:33:38,USR95697,MCH7518,4945.18,UTR4438573501,4110,SUCCESS,TXN00009868,USR95697,MCH7518,UTR4438573501,0,0,0,0,0,0,0
TXN00012172,2026-02-06 23:38:56,USR10549,MCH8898,21986.64,UTR6249071741,0110,SUCCESS,TXN00012172,USR10549,MCH8898,UTR6249071741,0,0,0,0,0,0,0
TXN00016079,2026-01-13 12:26:18,USR20918,MCH5442,19463.92,UTR9399712524,1310,SUCCESS,TXN00016079,USR20918,MCH5442,UTR9399712524,0,0,0,0,0,0,0
TXN00004492,2026-03-21 03:35:26,USR44694,MCH8303,17376.88,UTR7774080953,4110,SUCCESS,TXN00004492,USR44694,MCH8303,UTR7774080953,0,0,0,0,0,0,0
TXN00015298,2026-03-02 20:57:06,USR21562,MCH7536,0.547153,UTR7884908098,0110,FAILED,TXN00015298,USR21562,MCH7536,UTR 7884908098,0,0,0,0,0,1,0
TXN00007760,2026-03-01 00:00:00,USR75989,MCH3252,4919.07,UTR6171343299,0110,SUCCESS,TXN00007760,USR75989,MCH3252,UTR6171343299,0,0,0,0,0,0,0
TXN00004890,2026-03-18 15:10:44,USR78718,MCH4342,17254.0,UTR8855278490,9120,SUCCESS,TXN00004890,USR78718,MCH4342,UTR8855278490,0,0,0,0,0,0,0
TXN00014687,2026-06-02 22:30:47,USR68903,MCH7778,8642.71,UTR2201656029,9120,SUCCESS,TXN00014687,USR68903,MCH7778,UTR2201656029,0,0,0,0,0,0,0
TXN00019004,2026-01-21 20:40:49,USR70411,MCH4473,1996.5,UTR8426120244,0110,SUCCESS,TXN00019004,USR70411,MCH4473,UTR8426120244,0,0,0,0,0,0,0
TXN00004542,2026-03-11 19:20:43,USR99795,MCH1493,12956.76,UTR3305067058,0110,SUCCESS,TXN00004542,USR99795,MCH1493,UTR3305067058,0,0,0,0,0,0,0
TXN00003478,2026-03-31 14:59:34,USR75030,MCH9617,13403.02,UTR0126565672,0110,SUCCESS,TXN00003478,USR75030,MCH9617,UTR0126565672,0,0,0,0,0,0,0
TXN00014885,2026-03-03 18:59:52,USR99056,MCH8900,10501.77,UTR6224771962,0110,SUCCESS,TXN00014885,USR99056,MCH8900,UTR6224771962,0,0,0,0,0,0,0
TXN00018710,2026-01-26 23:24:08,USR65246,MCH9612,11527.42,UTR0250575715,8120,SUCCESS,TXN00018710,USR65246,MCH9612,UTR0250575715,0,0,0,0,0,0,0
TXN00005104,2026-01-01 00:00:00,USR49268,MCH2030,8317.34,UTR1357340664,0110,SUCCESS,TXN00005104,USR49268,MCH2030,UTR1357340664,0,0,0,0,0,0,0
TXN00005125,2026-01-23 11:22:12,USR64401,MCH6061,22820.89,UTR9054633887,,SUCCESS,TXN00005125,USR64401,MCH6061,UTR9054633887,0,0,1,0,0,0,0
TXN00005907,2026-01-16 21:00:51,USR28828,MCH6607,11177.39,UTR4976620077,0110,SUCCESS,TXN00005907,USR28828,MCH6607,UTR4976620077,0,0,0,0,0,0,0
TXN00011592,2026-02-06 22:48:00,USR34073,MCH5547,22494.99,UTR6394691517,4110,SUCCESS,TXN00011592,USR34073,MCH5547,UTR6394691517,0,0,0,0,0,0,0
TXN00003999,2026-01-23 07:23:41,USR31245,MCH9012,13253.22,UTR1126293083,,SUCCESS,TXN00003999,USR31245,MCH9012,UTR1126293083,0,0,1,0,0,0,0
TXN00001501,2026-03-16 01:37:19,USR62108,MCH4810,12981.85,UTR3914770040,,SUCCESS,TXN00001501,USR62108,MCH4810,UTR3914770040,0,0,1,0,0,0,0
TXN00016520,2026-03-09 14:04:59,USR69293,MCH1508,2797.63,UTR6317756607,4110,SUCCESS,TXN00016520,USR69293,MCH1508,UTR6317756607,0,0,0,0,0,0,0
TXN00017778,2026-01-12 04:24:26,USR98387,MCH7657,338.2,UTR4881863341,9120,SUCCESS,TXN00017778,USR98387,MCH7657,UTR 4881863341,0,0,0,0,0,0,0
TXN00001559,2026-02-08 14:12:11,USR17762,MCH7881,20998.13,UTR1747728677,,FAILED,TXN00001559,USR17762,MCH7881,UTR1747728677,0,0,1,0,0,1,0
TXN00005769,2026-01-11 06:08:49,USR93917,MCH5899,6707.25,UTR2113861048,,SUCCESS,TXN00005769,USR93917,MCH5899,UTR2113861048,0,0,1,0,0,0,0
TXN00009491,2026-01-11 00:14:49,USR75028,MCH5184,12538.76,UTR8883559400,4110,SUCCESS,TXN00009491,USR75028,MCH5184,UTR8883559400,0,0,0,0,0,0,0
TXN00014607,2026-01-18 19:41:31,USR34488,MCH6189,19474.53,UTR1224547309,4110,SUCCESS,TXN00014607,USR34488,MCH6189,UTR 1224547309,0,0,0,0,0,0,0
TXN00013884,2026-02-28 05:03:02,USR11619,MCH9606,0.25964,UTR0077862985,9120,SUCCESS,TXN00013884,USR11619,MCH9606,UTR0077862985,0,0,0,0,0,0,0
TXN00019280,2026-01-01 00:00:00,USR87207,MCH9595,10202.5,UTR2034933476,1310,FAILED,TXN00019280,USR87207,MCH9595,UTR2034933476,0,0,0,0,0,1,0
TXN00014139,2026-02-28 13:05:53,USR71970,MCH1313,17173.66,UTR8939936326,4110,SUCCESS,TXN00014139,USR71970,MCH1313,UTR8939936326,0,0,0,0,0,0,0
TXN00001314,2026-03-22 00:37:08,USR77976,MCH3267,0.2043427,UTR0860090753,,SUCCESS,TXN00001314,USR77976,MCH3267,UTR0860090753,0,0,1,0,0,0,0
TXN00018544,2026-02-02 11:32:15,USR99802,MCH5133,15399.73,UTR3438741891,4110,SUCCESS,TXN00018544,USR99802,MCH5133,UTR3438741891,0,0,0,0,0,0,0
TXN00009116,2026-02-20 20:34:58,USR95283,MCH7986,11896.62,UTR3050739124,,SUCCESS,TXN00009116,USR95283,MCH7986,UTR3050739124,0,0,1,0,0,0,0
TXN00015013,2026-11-03 02:56:42,USR13984,MCH4791,24610.0,UTR7094405154,0110,FAILED,TXN00015013,USR13984,MCH4791,UTR 7094405154,0,0,0,0,0,1,0
TXN00001218,2026-02-17 17:51:09,USR50433,MCH8808,17015.68,UTR2196590303,4110,PENDING,TXN00001218,USR50433,MCH8808,UTR2196590303,0,0,0,0,0,0,1
TXN00005827,2026-01-14 01:08:27,USR19542,MCH2678,15936.18,UTR0242181312,0110,SUCCESS,TXN00005827,USR19542,MCH2678,UTR0242181312,0,0,0,0,0,0,0
TXN00008845,2026-01-23 22:23:49,USR41942,MCH8577,485.89,UTR3371078650,4110,SUCCESS,TXN00008845,USR41942,MCH8577,UTR3371078650,0,0,0,0,0,0,0
TXN00014092,2026-03-16 18:32:07,USR71763,MCH2617,9788.0,UTR3048746937,,SUCCESS,TXN00014092,USR71763,MCH2617,UTR3048746937,0,0,1,0,0,0,0
TXN00012260,2026-01-11 22:07:21,USR24673,MCH2042,20588.09,UTR8876855187,4110,SUCCESS,TXN00012260,USR24673,MCH2042,UTR8876855187,0,0,0,0,0,0,0
TXN00008217,2026-03-13 14:46:36,USR10007,MCH2501,0.1407513,UTR7905031096,8120,SUCCESS,TXN00008217,USR10007,MCH2501,UTR7905031096,0,0,0,0,0,0,0
TXN00014332,2026-03-14 10:12:24,USR16793,MCH6816,3315.77,UTR7738558701,9120,SUCCESS,TXN00014332,USR16793,MCH6816,UTR7738558701,0,0,0,0,0,0,0
TXN00008073,2026-01-16 02:50:53,USR90632,MCH4158,18320.76,UTR4100497368,1310,PENDING,TXN00008073,USR90632,MCH4158,UTR4100497368,0,0,0,0,0,0,1
TXN00018887,2026-02-09 16:07:56,USR25062,MCH3218,8760.54,UTR7960348177,8120,PENDING,TXN00018887,USR25062,MCH3218,UTR7960348177,0,0,0,0,0,0,1
TXN00018518,2026-02-21 21:17:51,USR16352,MCH6114,9888.26,UTR7826026748,4110,SUCCESS,TXN00018518,USR16352,MCH6114,UTR7826026748,0,0,0,0,0,0,0
TXN00007858,2026-03-25 03:20:38,USR46549,MCH5018,-5791.4,UTR8613102538,4110,SUCCESS,TXN00007858,USR46549,MCH5018,UTR8613102538,1,0,0,0,0,0,0
TXN00012788,2026-03-13 02:58:10,USR13066,MCH2646,24600.61,UTR9906041299,4110,SUCCESS,TXN00012788,USR13066,MCH2646,UTR9906041299,0,0,0,0,0,0,0
TXN00009056,2026-01-28 18:13:45,USR67224,MCH5910,0.2376534,UTR9264177449,4110,SUCCESS,TXN00009056,USR67224,MCH5910,UTR9264177449,0,0,0,0,0,0,0
TXN00012249,2026-01-12 06:21:20,USR98604,MCH2758,5243.4,UTR3784919269,8120,SUCCESS,TXN00012249,USR98604,MCH2758,UTR3784919269,0,0,0,0,0,0,0
TXN00000880,2026-01-07 01:05:22,USR95302,MCH2905,5557.08,,9120,SUCCESS,TXN00000880,USR95302,MCH2905,,0,1,0,0,0,0,0
TXN00018752,2026-01-04 06:39:27,USR94390,MCH1042,13841.59,UTR2613536711,4110,PENDING,TXN00018752,USR94390,MCH1042,UTR2613536711,0,0,0,0,0,0,1
TXN00011343,2026-02-18 22:51:36,USR51930,MCH8476,9582.81,UTR3268138568,4110,SUCCESS,TXN00011343,USR51930,MCH8476,UTR3268138568,0,0,0,0,0,0,0
TXN00013997,2026-01-03 09:35:51,USR68794,MCH5829,22893.13,UTR4832485448,1310,SUCCESS,TXN00013997,USR68794,MCH5829,UTR4832485448,0,0,0,0,0,0,0
TXN00005719,2026-01-19 17:05:03,USR96084,MCH5219,2334.51,UTR4557912338,8120,SUCCESS,TXN00005719,USR96084,MCH5219,UTR4557912338,0,0,0,0,0,0,0
TXN00019571,2026-03-03 07:37:51,USR57901,MCH5968,12052.46,UTR7724245073,8120,SUCCESS,TXN00019571,USR57901,MCH5968,UTR7724245073,0,0,0,0,0,0,0
TXN00017461,2026-02-01 00:00:00,USR83964,MCH2475,3652.07,UTR4290688062,8120,SUCCESS,TXN00017461,USR83964,MCH2475,UTR4290688062,0,0,0,0,0,0,0
TXN00003652,2026-03-16 09:02:02,USR77763,MCH2492,9952.66,UTR6763283852,,SUCCESS,TXN00003652,USR77763,MCH2492,UTR6763283852,0,0,1,0,0,0,0
TXN00011100,2026-02-17 18:10:43,USR85775,MCH6474,24733.44,UTR6669041110,0110,SUCCESS,TXN00011100,USR85775,MCH6474,UTR6669041110,0,0,0,0,0,0,0
TXN00013064,2026-02-21 08:59:17,USR67310,MCH3349,0.2434865,UTR6241554260,,SUCCESS,TXN00013064,USR67310,MCH3349,UTR6241554260,0,0,1,0,0,0,0
TXN00018067,2026-03-20 02:20:30,USR38289,MCH1247,5074.77,UTR2908712259,4110,SUCCESS,TXN00018067,USR38289,MCH1247,UTR2908712259,0,0,0,0,0,0,0
TXN00012983,2026-02-24 21:56:13,USR37509,MCH8638,2340.57,UTR5418815889,4110,FAILED,TXN00012983,USR37509,MCH8638,UTR5418815889,0,0,0,0,0,1,0
TXN00009503,2026-01-21 08:58:33,USR91304,MCH6970,13925.54,UTR0119157217,4110,SUCCESS,TXN00009503,USR91304,MCH6970,UTR0119157217,0,0,0,0,0,0,0
TXN00014429,2026-01-19 15:44:46,USR79388,MCH1927,13669.39,UTR0754474012,0110,SUCCESS,TXN00014429,USR79388,MCH1927,UTR0754474012,0,0,0,0,0,0,0
TXN00008502,2026-02-01 12:29:56,USR70777,MCH2457,7740.01,UTR3241628233,8120,SUCCESS,TXN00008502,USR70777,MCH2457,UTR3241628233,0,0,0,0,0,0,0
TXN00010146,2026-01-25 23:38:15,USR43735,MCH7890,0.1949767,UTR1705253685,,SUCCESS,TXN00010146,USR43735,MCH7890,UTR1705253685,0,0,1,0,0,0,0
TXN00008594,2026-02-27 18:59:21,USR84747,MCH1796,22682.01,UTR1934133378,8120,SUCCESS,TXN00008594,USR84747,MCH1796,UTR1934133378,0,0,0,0,0,0,0
TXN00000986,2026-01-13 06:06:58,USR50265,MCH4304,12392.33,UTR7885720184,1310,SUCCESS,TXN00000986,USR50265,MCH4304,UTR7885720184,0,0,0,0,0,0,0
TXN00004754,2026-01-01 18:47:13,USR15573,MCH3584,12727.26,UTR3676199995,9120,SUCCESS,TXN00004754,USR15573,MCH3584,UTR 3676199995,0,0,0,0,0,0,0
TXN00006205,2026-01-13 23:45:07,USR90481,MCH3650,2269.57,UTR4072443618,4110,SUCCESS,TXN00006205,USR90481,MCH3650,UTR 4072443618,0,0,0,0,0,0,0
TXN00014089,2026-03-24 02:51:38,USR19989,MCH6256,506.8,UTR6103615571,0110,SUCCESS,TXN00014089,USR19989,MCH6256,UTR6103615571,0,0,0,0,0,0,0
TXN00016456,2026-02-21 19:46:32,USR94971,MCH5200,24713.23,UTR0902999346,,SUCCESS,TXN00016456,USR94971,MCH5200,UTR0902999346,0,0,1,0,0,0,0
TXN00002795,2026-01-07 12:39:54,USR40821,MCH4098,10931.0,UTR8593028726,8120,SUCCESS,TXN00002795,USR40821,MCH4098,UTR8593028726,0,0,0,0,0,0,0
TXN00008672,2026-01-13 15:47:46,USR46908,MCH9445,3407.0,UTR6691831776,1310,SUCCESS,TXN00008672,USR46908,MCH9445,UTR6691831776,0,0,0,0,0,0,0
TXN00003933,2026-02-18 18:14:53,USR46505,MCH5023,15573.0,UTR0105492500,,SUCCESS,TXN00003933,USR46505,MCH5023,UTR0105492500,0,0,1,0,0,0,0
TXN00016239,2026-01-18 12:22:40,USR50835,MCH4232,11313.0,UTR4709731008,4110,SUCCESS,TXN00016239,USR50835,MCH4232,UTR 4709731008,0,0,0,0,0,0,0
TXN00003132,2026-03-15 07:11:46,USR90788,MCH7957,0.2057637,UTR5173253048,4110,SUCCESS,TXN00003132,USR90788,MCH7957,UTR5173253048,0,0,0,0,0,0,0
TXN00004776,2026-01-14 07:32:03,USR26601,MCH4058,20689.82,UTR7975978403,4110,SUCCESS,TXN00004776,USR26601,MCH4058,UTR7975978403,0,0,0,0,0,0,0
TXN00017002,2026-01-01 08:34:03,USR29464,MCH1869,16966.77,UTR3077445947,8120,SUCCESS,TXN00017002,USR29464,MCH1869,UTR3077445947,0,0,0,0,0,0,0
TXN00006105,2026-03-08 02:08:26,USR92467,MCH6964,3174.66,UTR5691978814,1310,SUCCESS,TXN00006105,USR92467,MCH6964,UTR5691978814,0,0,0,0,0,0,0
TXN00018228,2026-01-26 06:28:35,USR86624,MCH3002,19351.78,UTR4931686285,4110,SUCCESS,TXN00018228,USR86624,MCH3002,UTR4931686285,0,0,0,0,0,0,0
TXN00005709,2026-03-07 18:46:14,USR31705,MCH8513,16418.0,UTR4177134432,,SUCCESS,TXN00005709,USR31705,MCH8513,UTR4177134432,0,0,1,0,0,0,0
TXN00002852,2026-02-13 05:11:03,USR71571,MCH8702,6017.57,UTR7250166813,1310,SUCCESS,TXN00002852,USR71571,MCH8702,UTR7250166813,0,0,0,0,0,0,0
TXN00013262,2026-02-10 01:56:48,USR54588,MCH2053,8143.0,UTR3820149379,1310,FAILED,TXN00013262,USR54588,MCH2053,UTR3820149379,0,0,0,0,0,1,0
TXN00000446,2026-01-04 20:36:17,USR92958,MCH4904,23681.74,UTR1483187681,1310,SUCCESS,TXN00000446,USR92958,MCH4904,UTR1483187681,0,0,0,0,0,0,0
TXN00018295,2026-02-15 10:18:09,USR54043,MCH8677,20865.95,UTR9896378064,0110,SUCCESS,TXN00018295,USR54043,MCH8677,UTR9896378064,0,0,0,0,0,0,0
TXN00016803,2026-01-04 20:15:27,USR33080,MCH3381,20704.43,UTR3515133230,,SUCCESS,TXN00016803,USR33080,MCH3381,UTR3515133230,0,0,1,0,0,0,0
TXN00009767,2026-02-24 08:57:54,USR46456,MCH1382,15855.04,UTR7772504934,,SUCCESS,TXN00009767,USR46456,MCH1382,UTR7772504934,0,0,1,0,0,0,0
TXN00004428,2026-02-07 17:35:42,USR29420,MCH1642,0.243317,UTR7534392221,9120,FAILED,TXN00004428,USR29420,MCH1642,UTR7534392221,0,0,0,0,0,1,0
TXN00011439,2026-01-23 14:37:32,USR45484,MCH3891,22250.25,UTR0403954409,0110,SUCCESS,TXN00011439,USR45484,MCH3891,UTR0403954409,0,0,0,0,0,0,0
TXN00009811,2026-01-14 23:32:05,USR34792,MCH3585,2836.51,UTR0653276169,9120,SUCCESS,TXN00009811,USR34792,MCH3585,UTR0653276169,0,0,0,0,0,0,0
TXN00009851,2026-02-18 17:06:46,USR76117,MCH5057,16152.33,UTR1185226546,1310,SUCCESS,TXN00009851,USR76117,MCH5057,UTR1185226546,0,0,0,0,0,0,0
TXN00006018,2026-01-14 14:03:33,USR47324,MCH6379,13677.42,UTR0662793290,9120,FAILED,TXN00006018,USR47324,MCH6379,UTR0662793290,0,0,0,0,0,1,0
TXN00014055,2026-02-09 04:56:53,USR87435,MCH3990,0.559523,UTR7615480788,8120,FAILED,TXN00014055,USR87435,MCH3990,UTR7615480788,0,0,0,0,0,1,0
TXN00018197,2026-01-20 11:39:52,USR44628,MCH1396,19220.54,UTR2293210435,9120,SUCCESS,TXN00018197,USR44628,MCH1396,UTR2293210435,0,0,0,0,0,0,0
TXN00009450,2026-02-18 13:12:39,USR58272,MCH5685,7974.24,UTR5463128713,8120,SUCCESS,TXN00009450,USR58272,MCH5685,UTR 5463128713,0,0,0,0,0,0,0
TXN00018335,2026-01-07 14:56:27,USR41757,MCH2758,9716.31,UTR7759600852,,SUCCESS,TXN00018335,USR41757,MCH2758,UTR7759600852,0,0,1,0,0,0,0
TXN00004911,2026-01-08 16:08:00,USR68896,MCH1854,22113.12,UTR9488218464,,SUCCESS,TXN00004911,USR68896,MCH1854,UTR9488218464,0,0,1,0,0,0,0
TXN00014278,2026-03-09 19:40:27,USR48832,MCH5738,0.1223054,UTR8182364246,1310,SUCCESS,TXN00014278,USR48832,MCH5738,UTR8182364246,0,0,0,0,0,0,0
TXN00009725,2026-03-06 03:57:54,USR72525,MCH2693,3466.0,UTR1453002810,1310,FAILED,TXN00009725,USR72525,MCH2693,UTR1453002810,0,0,0,0,0,1,0
TXN00018811,2026-03-13 09:38:23,USR27671,MCH3569,15509.55,UTR6243463648,8120,SUCCESS,TXN00018811,USR27671,MCH3569,UTR6243463648,0,0,0,0,0,0,0
TXN00014893,2026-07-01 05:44:32,USR60701,MCH3897,2330.56,UTR3383821812,9120,FAILED,TXN00014893,USR60701,MCH3897,UTR3383821812,0,0,0,0,0,1,0
TXN00004475,2026-02-23 21:02:24,USR47288,MCH4051,16733.78,UTR8698625192,8120,FAILED,TXN00004475,USR47288,MCH4051,UTR8698625192,0,0,0,0,0,1,0
TXN00007660,2026-08-01 00:40:17,USR40002,MCH2346,16060.53,UTR6596537986,8120,SUCCESS,TXN00007660,USR40002,MCH2346,UTR 6596537986,0,0,0,0,0,0,0
TXN00016893,2026-02-15 15:06:13,USR47337,MCH6292,202.37,UTR4587229084,8120,SUCCESS,TXN00016893,USR47337,MCH6292,UTR4587229084,0,0,0,0,0,0,0
TXN00007812,2026-03-07 00:00:00,USR19538,MCH2744,1422.33,UTR4265488698,0110,SUCCESS,TXN00007812,USR19538,MCH2744,UTR4265488698,0,0,0,0,0,0,0
TXN00006680,2026-03-11 08:38:11,USR75289,MCH9505,13194.21,UTR2656878368,9120,SUCCESS,TXN00006680,USR75289,MCH9505,UTR2656878368,0,0,0,0,0,0,0
TXN00015595,2026-01-26 03:39:21,USR34721,MCH7889,2866.22,UTR9553995169,8120,SUCCESS,TXN00015595,USR34721,MCH7889,UTR9553995169,0,0,0,0,0,0,0
TXN00010321,2026-01-04 13:55:52,USR15960,MCH4153,13825.52,UTR2668382535,,SUCCESS,TXN00010321,USR15960,MCH4153,UTR2668382535,0,0,1,0,0,0,0
TXN00013940,2026-03-11 11:35:06,USR81246,MCH8278,21542.2,UTR1430095448,8120,FAILED,TXN00013940,USR81246,MCH8278,UTR1430095448,0,0,0,0,0,1,0
TXN00010831,2026-01-03 03:20:56,USR52104,MCH2572,5731.27,UTR8076892000,0110,FAILED,TXN00010831,USR52104,MCH2572,UTR8076892000,0,0,0,0,0,1,0
TXN00017544,2026-03-15 04:13:49,USR90608,MCH2386,24837.15,UTR9687065784,9120,SUCCESS,TXN00017544,USR90608,MCH2386,UTR9687065784,0,0,0,0,0,0,0
TXN00007632,2026-03-10 07:33:28,USR50438,MCH8267,15084.52,UTR6431229703,0110,SUCCESS,TXN00007632,USR50438,MCH8267,UTR6431229703,0,0,0,0,0,0,0
TXN00000064,2026-02-22 01:30:07,USR18058,MCH4511,8925.27,UTR8508573315,,SUCCESS,TXN00000064,USR18058,MCH4511,UTR8508573315,0,0,1,0,0,0,0
TXN00016594,2026-02-11 03:13:23,USR12958,MCH4481,10924.0,UTR2874234668,8120,SUCCESS,TXN00016594,USR12958,MCH4481,UTR2874234668,0,0,0,0,0,0,0
TXN00006529,2026-02-19 08:30:46,USR10834,MCH7638,9140.52,UTR5051600674,4110,SUCCESS,TXN00006529,USR10834,MCH7638,UTR5051600674,0,0,0,0,0,0,0
TXN00009864,2026-01-11 23:41:31,USR59994,MCH9374,20152.35,UTR1413174016,8120,SUCCESS,TXN00009864,USR59994,MCH9374,UTR1413174016,0,0,0,0,0,0,0
TXN00010888,2026-03-06 16:43:18,USR70222,MCH7989,7120.67,UTR4389709878,4110,FAILED,TXN00010888,USR70222,MCH7989,UTR4389709878,0,0,0,0,0,1,0
TXN00014564,2026-02-28 01:36:58,USR72134,MCH3587,20693.5,UTR6525279550,0110,SUCCESS,TXN00014564,USR72134,MCH3587,UTR6525279550,0,0,0,0,0,0,0
TXN00012273,2026-01-17 08:09:20,USR98715,MCH6876,23250.87,UTR2417561536,4110,PENDING,TXN00012273,USR98715,MCH6876,UTR2417561536,0,0,0,0,0,0,1
TXN00007989,2026-03-10 00:44:31,USR25951,MCH2301,19806.83,UTR3997491491,8120,SUCCESS,TXN00007989,USR25951,MCH2301,UTR3997491491,0,0,0,0,0,0,0
TXN00014657,2026-01-17 06:55:23,USR45222,MCH4586,16955.03,UTR1086849161,1310,SUCCESS,TXN00014657,USR45222,MCH4586,UTR 1086849161,0,0,0,0,0,0,0
TXN00008852,2026-03-27 07:27:59,USR64778,MCH4608,11762.7,,1310,SUCCESS,TXN00008852,USR64778,MCH4608,,0,1,0,0,0,0,0
TXN00005620,2026-01-09 12:11:19,USR35288,MCH6620,4820.4,UTR2434271135,4110,SUCCESS,TXN00005620,USR35288,MCH6620,UTR2434271135,0,0,0,0,0,0,0
TXN00013355,2026-02-19 13:09:05,USR94874,MCH5417,518.32,UTR6604879608,9120,SUCCESS,TXN00013355,USR94874,MCH5417,UTR 6604879608,0,0,0,0,0,0,0
TXN00015272,2026-03-25 02:57:13,USR77073,MCH8604,15212.0,UTR2415116940,,SUCCESS,TXN00015272,USR77073,MCH8604,UTR2415116940,0,0,1,0,0,0,0
TXN00004054,2026-02-03 13:54:39,USR87388,MCH8199,13909.21,UTR3988926311,9120,SUCCESS,TXN00004054,USR87388,MCH8199,UTR3988926311,0,0,0,0,0,0,0
TXN00009062,2026-03-31 05:30:06,USR60680,MCH2662,21318.13,UTR9197764462,8120,SUCCESS,TXN00009062,USR60680,MCH2662,UTR9197764462,0,0,0,0,0,0,0
TXN00003515,2026-02-27 20:20:53,USR81554,MCH9873,21315.16,UTR2460907348,8120,SUCCESS,TXN00003515,USR81554,MCH9873,UTR2460907348,0,0,0,0,0,0,0
TXN00004331,2026-01-11 03:37:03,USR28168,MCH6914,7015.57,UTR7508358543,4110,SUCCESS,TXN00004331,USR28168,MCH6914,UTR 7508358543,0,0,0,0,0,0,0
TXN00019177,2026-02-16 07:44:15,USR98257,MCH5861,13060.86,UTR7392930364,0110,SUCCESS,TXN00019177,USR98257,MCH5861,UTR7392930364,0,0,0,0,0,0,0
TXN00002640,2026-02-19 06:50:46,USR51996,MCH8663,17566.49,UTR5725950832,9120,SUCCESS,TXN00002640,USR51996,MCH8663,UTR5725950832,0,0,0,0,0,0,0
TXN00014330,2026-02-07 00:09:24,USR16346,MCH1253,3819.0,UTR3871048864,1310,SUCCESS,TXN00014330,USR16346,MCH1253,UTR3871048864,0,0,0,0,0,0,0
TXN00016956,2026-03-18 02:31:12,USR92470,MCH3543,11785.87,UTR7403579049,0110,SUCCESS,TXN00016956,USR92470,MCH3543,UTR7403579049,0,0,0,0,0,0,0
TXN00004807,2026-09-01 09:59:51,USR45305,MCH3007,1955.63,UTR4546180015,4110,SUCCESS,TXN00004807,USR45305,MCH3007,UTR4546180015,0,0,0,0,0,0,0
TXN00002078,2026-03-02 08:43:17,USR65878,MCH2784,11286.47,UTR2681668114,4110,SUCCESS,TXN00002078,USR65878,MCH2784,UTR2681668114,0,0,0,0,0,0,0
TXN00014505,2026-03-07 19:37:21,USR37418,MCH2116,830.56,UTR0630577645,1310,FAILED,TXN00014505,USR37418,MCH2116,UTR0630577645,0,0,0,0,0,1,0
TXN00008940,2026-03-17 15:27:10,USR49387,MCH6101,7841.1,UTR4458643481,1310,SUCCESS,TXN00008940,USR49387,MCH6101,UTR4458643481,0,0,0,0,0,0,0
TXN00018669,2026-01-05 05:52:25,USR16099,MCH1032,24380.06,UTR6078066454,8120,SUCCESS,TXN00018669,USR16099,MCH1032,UTR6078066454,0,0,0,0,0,0,0
TXN00018450,2026-02-04 21:50:16,USR87969,MCH1283,11254.49,UTR7656429995,,SUCCESS,TXN00018450,USR87969,MCH1283,UTR7656429995,0,0,1,0,0,0,0
TXN00011290,2026-01-01 23:56:11,USR97723,MCH2377,17680.94,UTR9516177350,8120,SUCCESS,TXN00011290,USR97723,MCH2377,UTR9516177350,0,0,0,0,0,0,0
TXN00001196,2026-03-03 22:20:38,USR11119,MCH2750,21789.7,,9120,SUCCESS,TXN00001196,USR11119,MCH2750,,0,1,0,0,0,0,0
TXN00017279,2026-01-08 12:18:42,USR93631,MCH9695,3035.01,UTR3452505080,1310,SUCCESS,TXN00017279,USR93631,MCH9695,UTR3452505080,0,0,0,0,0,0,0
TXN00019611,2026-02-07 23:23:05,USR23343,MCH6656,1334.0,UTR3302985890,9120,SUCCESS,TXN00019611,USR23343,MCH6656,UTR 3302985890,0,0,0,0,0,0,0
TXN00009609,2026-05-02 06:53:54,USR60548,MCH2871,5142.15,UTR5495102482,,SUCCESS,TXN00009609,USR60548,MCH2871,UTR5495102482,0,0,1,0,0,0,0
TXN00002394,2026-02-26 13:52:53,USR81149,MCH9897,0.357343,UTR7476038338,8120,SUCCESS,TXN00002394,USR81149,MCH9897,UTR7476038338,0,0,0,0,0,0,0
TXN00016940,2026-06-01 05:13:42,USR91913,MCH7697,12883.29,UTR7404608628,0110,SUCCESS,TXN00016940,USR91913,MCH7697,UTR7404608628,0,0,0,0,0,0,0
TXN00016043,2026-03-11 23:30:52,USR52464,MCH4316,896.38,UTR5926685939,4110,SUCCESS,TXN00016043,USR52464,MCH4316,UTR5926685939,0,0,0,0,0,0,0
TXN00010783,2026-02-13 21:11:09,USR88745,MCH5925,22925.3,UTR4916195176,8120,SUCCESS,TXN00010783,USR88745,MCH5925,UTR4916195176,0,0,0,0,0,0,0
TXN00005360,2026-01-26 21:03:10,USR43903,MCH4512,0.1246334,UTR4342536685,4110,SUCCESS,TXN00005360,USR43903,MCH4512,UTR4342536685,0,0,0,0,0,0,0
TXN00003047,2026-02-07 07:08:02,USR55794,MCH3331,10573.99,UTR0867387891,4110,SUCCESS,TXN00003047,USR55794,MCH3331,UTR0867387891,0,0,0,0,0,0,0
TXN00010033,2026-01-29 00:56:04,USR92208,MCH5917,21947.04,UTR8332152924,4110,PENDING,TXN00010033,USR92208,MCH5917,UTR8332152924,0,0,0,0,0,0,1
TXN00009984,2026-02-27 19:43:05,USR96580,MCH1232,0.2274649,UTR3381875552,1310,SUCCESS,TXN00009984,USR96580,MCH1232,UTR3381875552,0,0,0,0,0,0,0
TXN00019977,2026-02-11 04:10:23,USR43303,MCH9082,513.83,UTR0422898256,9120,SUCCESS,TXN00019977,USR43303,MCH9082,UTR0422898256,0,0,0,0,0,0,0
TXN00017152,2026-02-10 05:59:13,USR95909,MCH7627,11398.63,UTR7037210442,,SUCCESS,TXN00017152,USR95909,MCH7627,UTR7037210442,0,0,1,0,0,0,0
TXN00016576,2026-01-16 13:38:23,USR47737,MCH8741,24544.37,UTR5018316016,1310,SUCCESS,TXN00016576,USR47737,MCH8741,UTR5018316016,0,0,0,0,0,0,0
TXN00000209,2026-03-27 00:53:06,USR69827,MCH8788,136.49,UTR8846106736,4110,SUCCESS,TXN00000209,USR69827,MCH8788,UTR8846106736,0,0,0,0,0,0,0
TXN00017888,2026-02-04 01:22:44,USR13268,MCH5386,13165.08,UTR4380013359,,SUCCESS,TXN00017888,USR13268,MCH5386,UTR4380013359,0,0,1,0,0,0,0
TXN00006113,2026-01-15 00:00:00,USR96449,MCH5317,23082.92,UTR1141381123,,SUCCESS,TXN00006113,USR96449,MCH5317,UTR1141381123,0,0,1,0,0,0,0
TXN00000136,2026-01-21 11:37:32,USR74210,MCH9113,8086.84,UTR1462315130,4110,SUCCESS,TXN00000136,USR74210,MCH9113,UTR1462315130,0,0,0,0,0,0,0
TXN00006553,2026-02-13 22:28:37,USR49959,MCH8432,14645.5,UTR3110689385,4110,SUCCESS,TXN00006553,USR49959,MCH8432,UTR3110689385,0,0,0,0,0,0,0
TXN00007153,2026-01-18 00:00:00,USR75776,MCH7317,0.2405951,UTR1406524923,1310,SUCCESS,TXN00007153,USR75776,MCH7317,UTR1406524923,0,0,0,0,0,0,0
TXN00003104,2026-02-08 21:25:22,USR92066,MCH1295,10856.18,UTR1532037473,4110,SUCCESS,TXN00003104,USR92066,MCH1295,UTR1532037473,0,0,0,0,0,0,0
TXN00005398,2026-03-27 14:20:17,USR27106,MCH3281,11452.93,UTR8187283130,9120,SUCCESS,TXN00005398,USR27106,MCH3281,UTR8187283130,0,0,0,0,0,0,0
TXN00016220,2026-03-12 20:35:05,USR88708,MCH1821,0.2011592,UTR9031229016,,SUCCESS,TXN00016220,USR88708,MCH1821,UTR9031229016,0,0,1,0,0,0,0
TXN00016208,2026-01-02 11:35:15,USR79924,MCH7990,7243.34,UTR8071284731,4110,SUCCESS,TXN00016208,USR79924,MCH7990,UTR8071284731,0,0,0,0,0,0,0
TXN00016090,2026-02-18 01:29:38,USR75156,MCH9471,23654.88,UTR2578903998,8120,PENDING,TXN00016090,USR75156,MCH9471,UTR2578903998,0,0,0,0,0,0,1
TXN00003345,2026-01-14 08:19:17,USR18784,MCH9876,11853.29,UTR0151213736,8120,SUCCESS,TXN00003345,USR18784,MCH9876,UTR0151213736,0,0,0,0,0,0,0
TXN00000362,2026-03-26 21:41:59,USR76449,MCH9071,16085.77,UTR6063130364,9120,SUCCESS,TXN00000362,USR76449,MCH9071,UTR 6063130364,0,0,0,0,0,0,0
TXN00007125,2026-02-11 14:01:42,USR97364,MCH2977,10256.49,UTR9603500513,8120,SUCCESS,TXN00007125,USR97364,MCH2977,UTR9603500513,0,0,0,0,0,0,0
TXN00005746,2026-01-27 19:35:40,USR50579,MCH8957,17297.52,UTR4586960783,9120,SUCCESS,TXN00005746,USR50579,MCH8957,UTR4586960783,0,0,0,0,0,0,0
TXN00008328,2026-01-19 02:52:18,USR46572,MCH5554,22578.41,UTR0458339750,9120,SUCCESS,TXN00008328,USR46572,MCH5554,UTR0458339750,0,0,0,0,0,0,0
TXN00012156,2026-01-23 19:13:12,USR58636,MCH4850,7368.66,UTR7740385307,4110,PENDING,TXN00012156,USR58636,MCH4850,UTR7740385307,0,0,0,0,0,0,1
TXN00017194,2026-01-10 16:02:00,USR24788,MCH5297,0.1143695,UTR6483248889,,SUCCESS,TXN00017194,USR24788,MCH5297,UTR 6483248889,0,0,1,0,0,0,0
TXN00012347,2026-02-23 02:57:59,USR17198,MCH9622,3906.4,UTR2409068026,1310,SUCCESS,TXN00012347,USR17198,MCH9622,UTR2409068026,0,0,0,0,0,0,0
TXN00019062,2026-02-09 19:11:46,USR48866,MCH8863,21081.16,UTR1440941426,9120,SUCCESS,TXN00019062,USR48866,MCH8863,UTR1440941426,0,0,0,0,0,0,0
TXN00019720,2026-02-17 10:48:58,USR98106,MCH5379,5199.79,UTR6872108043,4110,SUCCESS,TXN00019720,USR98106,MCH5379,UTR6872108043,0,0,0,0,0,0,0
TXN00011579,2026-01-05 09:08:01,USR72123,MCH8193,16999.0,UTR6109455276,9120,SUCCESS,TXN00011579,USR72123,MCH8193,UTR6109455276,0,0,0,0,0,0,0
TXN00001249,2026-02-11 15:14:45,USR37339,MCH3134,23021.99,UTR0257047331,,SUCCESS,TXN00001249,USR37339,MCH3134,UTR 0257047331,0,0,1,0,0,0,0
TXN00011357,2026-02-06 20:34:01,USR94122,MCH2149,-2772.43,UTR2337941806,4110,SUCCESS,TXN00011357,USR94122,MCH2149,UTR2337941806,1,0,0,0,0,0,0
TXN00008279,2026-02-18 12:53:46,USR21294,MCH8501,9958.2,UTR4016680141,,SUCCESS,TXN00008279,USR21294,MCH8501,UTR4016680141,0,0,1,0,0,0,0
TXN00003625,2026-03-15 10:01:32,USR46809,MCH7934,6249.23,UTR3167084223,8120,SUCCESS,TXN00003625,USR46809,MCH7934,UTR3167084223,0,0,0,0,0,0,0
TXN00003351,2026-03-27 12:03:26,USR96715,MCH5567,5380.67,UTR1090324483,,SUCCESS,TXN00003351,USR96715,MCH5567,UTR1090324483,0,0,1,0,0,0,0
TXN00014245,2026-02-25 22:29:11,USR54368,MCH5117,18969.0,UTR4921894606,8120,PENDING,TXN00014245,USR54368,MCH5117,UTR4921894606,0,0,0,0,0,0,1
TXN00004212,2026-02-17 16:07:47,USR66868,MCH1868,14643.84,UTR0481628654,4110,FAILED,TXN00004212,USR66868,MCH1868,UTR0481628654,0,0,0,0,0,1,0
TXN00003035,2026-11-01 07:25:35,USR64386,MCH1230,6953.54,UTR9031699201,4110,SUCCESS,TXN00003035,USR64386,MCH1230,UTR 9031699201,0,0,0,0,0,0,0
TXN00017926,2026-02-18 08:01:59,USR17350,MCH5594,19552.04,UTR2726112017,4110,FAILED,TXN00017926,USR17350,MCH5594,UTR2726112017,0,0,0,0,0,1,0
TXN00016518,2026-03-13 04:12:13,USR82645,MCH9503,23115.78,UTR4646152990,4110,SUCCESS,TXN00016518,USR82645,MCH9503,UTR 4646152990,0,0,0,0,0,0,0
TXN00003976,2026-02-06 19:44:57,USR77272,MCH6325,22607.04,UTR7987265941,9120,SUCCESS,TXN00003976,USR77272,MCH6325,UTR7987265941,0,0,0,0,0,0,0
TXN00018292,2026-03-30 01:35:57,USR40785,MCH1384,11272.7,UTR2229042283,0110,SUCCESS,TXN00018292,USR40785,MCH1384,UTR2229042283,0,0,0,0,0,0,0
TXN00014659,2026-12-02 20:28:50,USR26624,MCH1942,5436.71,UTR8041463634,4110,SUCCESS,TXN00014659,USR26624,MCH1942,UTR8041463634,0,0,0,0,0,0,0
TXN00018999,2026-02-19 08:09:01,USR83715,MCH6101,0.967342,UTR6998629955,4110,SUCCESS,TXN00018999,USR83715,MCH6101,UTR6998629955,0,0,0,0,0,0,0
TXN00009298,2026-01-23 14:16:50,USR65473,MCH6368,20037.41,UTR0058975387,,SUCCESS,TXN00009298,USR65473,MCH6368,UTR 0058975387,0,0,1,0,0,0,0
TXN00002513,2026-02-28 16:58:04,USR91793,MCH1309,11213.49,UTR5447756119,0110,PENDING,TXN00002513,USR91793,MCH1309,UTR5447756119,0,0,0,0,0,0,1
TXN00009709,2026-03-04 00:00:00,USR44576,MCH8829,8817.0,UTR7404754838,9120,PENDING,TXN00009709,USR44576,MCH8829,UTR 7404754838,0,0,0,0,0,0,1
TXN00017008,2026-02-13 15:00:41,USR67324,MCH8057,9534.77,UTR3122177926,1310,SUCCESS,TXN00017008,USR67324,MCH8057,UTR3122177926,0,0,0,0,0,0,0
TXN00006002,2026-01-19 06:54:38,USR50251,MCH4025,4317.94,UTR0808275261,,SUCCESS,TXN00006002,USR50251,MCH4025,UTR0808275261,0,0,1,0,0,0,0
TXN00018392,2026-02-10 00:00:00,USR12070,MCH8007,23916.94,UTR2853803813,4110,SUCCESS,TXN00018392,USR12070,MCH8007,UTR2853803813,0,0,0,0,0,0,0
TXN00019019,2026-02-18 21:13:49,USR71665,MCH6963,10493.32,UTR4283740383,0110,SUCCESS,TXN00019019,USR71665,MCH6963,UTR4283740383,0,0,0,0,0,0,0
TXN00018580,2026-02-23 12:54:50,USR56345,MCH9626,0.787687,UTR7109077303,0110,SUCCESS,TXN00018580,USR56345,MCH9626,UTR7109077303,0,0,0,0,0,0,0
TXN00019047,2026-02-01 21:53:25,USR42195,MCH9937,5055.38,UTR6353055979,4110,SUCCESS,TXN00019047,USR42195,MCH9937,UTR6353055979,0,0,0,0,0,0,0
TXN00012228,2026-01-15 16:28:20,USR71165,MCH1172,2068.0,,4110,SUCCESS,TXN00012228,USR71165,MCH1172,,0,1,0,0,0,0,0
TXN00019157,2026-02-27 10:14:37,USR22172,MCH7744,7420.08,UTR5964995445,0110,SUCCESS,TXN00019157,USR22172,MCH7744,UTR5964995445,0,0,0,0,0,0,0
TXN00010052,2026-03-25 08:06:49,USR64516,MCH2188,11510.56,UTR0970233810,8120,PENDING,TXN00010052,USR64516,MCH2188,UTR0970233810,0,0,0,0,0,0,1
TXN00019702,2026-03-13 21:30:57,USR43204,MCH6701,11670.67,UTR5276770896,4110,SUCCESS,TXN00019702,USR43204,MCH6701,UTR5276770896,0,0,0,0,0,0,0
TXN00003255,2026-02-23 00:54:31,USR63454,MCH8231,0.843679,UTR1590221122,0110,SUCCESS,TXN00003255,USR63454,MCH8231,UTR1590221122,0,0,0,0,0,0,0
TXN00008881,2026-01-31 07:54:16,USR88409,MCH7691,14632.19,UTR7929089475,,SUCCESS,TXN00008881,USR88409,MCH7691,UTR7929089475,0,0,1,0,0,0,0
TXN00004279,2026-03-28 22:40:11,USR87784,MCH7255,-3179.33,UTR3611064747,4110,SUCCESS,TXN00004279,USR87784,MCH7255,UTR3611064747,1,0,0,0,0,0,0
TXN00015238,2026-08-02 05:33:22,USR78790,MCH8656,14445.67,UTR2858521782,4110,SUCCESS,TXN00015238,USR78790,MCH8656,UTR 2858521782,0,0,0,0,0,0,0
TXN00001396,2026-03-17 00:10:01,USR26493,MCH9009,20724.0,UTR1811057576,1310,SUCCESS,TXN00001396,USR26493,MCH9009,UTR1811057576,0,0,0,0,0,0,0
TXN00004845,2026-03-14 14:36:07,USR37551,MCH3741,4485.58,UTR6743308148,,SUCCESS,TXN00004845,USR37551,MCH3741,UTR6743308148,0,0,1,0,0,0,0
TXN00017327,2026-02-20 15:45:44,USR44375,MCH3609,0.1375253,UTR6647853281,,SUCCESS,TXN00017327,USR44375,MCH3609,UTR6647853281,0,0,1,0,0,0,0
TXN00018870,2026-03-23 04:01:14,USR17019,MCH7952,10942.47,UTR1769133825,4110,SUCCESS,TXN00018870,USR17019,MCH7952,UTR1769133825,0,0,0,0,0,0,0
TXN00017983,2026-02-18 10:35:03,USR37632,MCH7578,18098.48,UTR9644618875,1310,SUCCESS,TXN00017983,USR37632,MCH7578,UTR9644618875,0,0,0,0,0,0,0
TXN00006154,2026-03-03 12:07:58,USR14444,MCH7793,1582.06,UTR3047095644,8120,SUCCESS,TXN00006154,USR14444,MCH7793,UTR3047095644,0,0,0,0,0,0,0
TXN00014694,2026-02-28 20:08:29,USR76352,MCH1001,16440.78,UTR0405106576,1310,SUCCESS,TXN00014694,USR76352,MCH1001,UTR0405106576,0,0,0,0,0,0,0
TXN00015660,2026-03-20 11:35:05,USR57250,MCH1881,9415.5,UTR7428410280,1310,SUCCESS,TXN00015660,USR57250,MCH1881,UTR7428410280,0,0,0,0,0,0,0
TXN00003317,2026-02-22 06:58:39,USR94397,MCH5061,12104.89,UTR9816165253,1310,SUCCESS,TXN00003317,USR94397,MCH5061,UTR9816165253,0,0,0,0,0,0,0
TXN00016717,2026-03-11 18:08:22,USR14182,MCH6537,6568.58,UTR6213192591,8120,FAILED,TXN00016717,USR14182,MCH6537,UTR6213192591,0,0,0,0,0,1,0
TXN00007114,2026-01-03 20:10:55,USR50711,MCH9408,4790.02,UTR7927899818,,SUCCESS,TXN00007114,USR50711,MCH9408,UTR7927899818,0,0,1,0,0,0,0
TXN00008494,2026-01-16 08:34:40,USR67417,MCH1613,23465.07,UTR8132587358,4110,SUCCESS,TXN00008494,USR67417,MCH1613,UTR8132587358,0,0,0,0,0,0,0
TXN00010660,2026-03-04 21:06:39,USR23891,MCH8698,14124.81,UTR4134139485,0110,SUCCESS,TXN00010660,USR23891,MCH8698,UTR4134139485,0,0,0,0,0,0,0
TXN00008901,2026-03-29 05:59:25,USR46163,MCH3095,9133.44,UTR6795021932,,SUCCESS,TXN00008901,USR46163,MCH3095,UTR6795021932,0,0,1,0,0,0,0
TXN00017941,2026-01-11 11:29:56,USR74392,MCH6471,0.1611432,UTR2339838825,8120,SUCCESS,TXN00017941,USR74392,MCH6471,UTR2339838825,0,0,0,0,0,0,0
TXN00019883,2026-02-25 21:22:30,USR87465,MCH1897,18273.99,UTR5774685833,,SUCCESS,TXN00019883,USR87465,MCH1897,UTR5774685833,0,0,1,0,0,0,0
TXN00001366,2026-03-03 15:09:20,USR39189,MCH2350,3297.88,UTR5359487302,0110,SUCCESS,TXN00001366,USR39189,MCH2350,UTR5359487302,0,0,0,0,0,0,0
TXN00012097,2026-03-20 23:23:17,USR89246,MCH1720,4438.46,UTR0794984694,0110,SUCCESS,TXN00012097,USR89246,MCH1720,UTR0794984694,0,0,0,0,0,0,0
TXN00008123,2026-01-24 06:13:10,USR84625,MCH1225,2957.29,UTR0020758789,8120,SUCCESS,TXN00008123,USR84625,MCH1225,UTR0020758789,0,0,0,0,0,0,0
TXN00014448,2026-02-01 18:17:41,USR63398,MCH2830,12421.0,UTR9808563091,4110,SUCCESS,TXN00014448,USR63398,MCH2830,UTR9808563091,0,0,0,0,0,0,0
TXN00003334,2026-03-03 22:31:06,USR22659,MCH1776,4882.43,UTR2501881302,4110,SUCCESS,TXN00003334,USR22659,MCH1776,UTR2501881302,0,0,0,0,0,0,0
TXN00012191,2026-01-09 16:53:41,USR91644,MCH1577,14835.84,UTR8006369680,1310,SUCCESS,TXN00012191,USR91644,MCH1577,UTR8006369680,0,0,0,0,0,0,0
TXN00000892,2026-03-16 07:57:52,USR18345,MCH2519,0.2139385,UTR2889989323,8120,SUCCESS,TXN00000892,USR18345,MCH2519,UTR2889989323,0,0,0,0,0,0,0
TXN00005291,2026-03-27 18:31:35,USR10366,MCH1062,7052.81,UTR7754940217,9120,SUCCESS,TXN00005291,USR10366,MCH1062,UTR 7754940217,0,0,0,0,0,0,0
TXN00001551,2026-01-15 23:41:15,USR42942,MCH1680,23785.57,UTR0527439887,4110,SUCCESS,TXN00001551,USR42942,MCH1680,UTR0527439887,0,0,0,0,0,0,0
TXN00016686,2026-03-10 05:18:32,USR77112,MCH7901,6101.8,UTR0921548779,4110,SUCCESS,TXN00016686,USR77112,MCH7901,UTR0921548779,0,0,0,0,0,0,0
TXN00006148,2026-03-16 03:14:42,USR81660,MCH3015,12189.5,UTR1591562136,,SUCCESS,TXN00006148,USR81660,MCH3015,UTR1591562136,0,0,1,0,0,0,0
TXN00005207,2026-03-11 01:07:00,USR38902,MCH9256,20047.99,UTR4088822606,4110,SUCCESS,TXN00005207,USR38902,MCH9256,UTR4088822606,0,0,0,0,0,0,0
TXN00013675,2026-07-03 14:40:20,USR77677,MCH9132,24306.77,UTR2391917894,4110,SUCCESS,TXN00013675,USR77677,MCH9132,UTR2391917894,0,0,0,0,0,0,0
TXN00000657,2026-01-18 08:05:35,USR20552,MCH5373,7102.0,UTR0961250286,9120,SUCCESS,TXN00000657,USR20552,MCH5373,UTR0961250286,0,0,0,0,0,0,0
TXN00006287,2026-03-18 04:37:24,USR61299,MCH2504,21694.4,UTR0376375035,1310,SUCCESS,TXN00006287,USR61299,MCH2504,UTR0376375035,0,0,0,0,0,0,0
TXN00013240,2026-01-14 23:37:26,USR70807,MCH2716,24057.33,UTR9160682335,1310,SUCCESS,TXN00013240,USR70807,MCH2716,UTR9160682335,0,0,0,0,0,0,0
TXN00015772,2026-02-09 00:53:11,USR17834,MCH8273,0.242628,UTR8810332349,4110,PENDING,TXN00015772,USR17834,MCH8273,UTR8810332349,0,0,0,0,0,0,1
TXN00016549,2026-02-15 14:37:52,USR82944,MCH9099,0.1228121,UTR8770427154,0110,SUCCESS,TXN00016549,USR82944,MCH9099,UTR8770427154,0,0,0,0,0,0,0
TXN00011606,2026-02-27 12:41:55,USR28601,MCH1524,19719.27,UTR5421283643,,FAILED,TXN00011606,USR28601,MCH1524,UTR5421283643,0,0,1,0,0,1,0
TXN00007958,2026-01-23 03:47:10,USR85769,MCH2744,20791.03,UTR9845662670,0110,SUCCESS,TXN00007958,USR85769,MCH2744,UTR9845662670,0,0,0,0,0,0,0
TXN00000222,2026-03-04 00:51:36,USR62579,MCH7251,14212.03,UTR7407957206,4110,FAILED,TXN00000222,USR62579,MCH7251,UTR7407957206,0,0,0,0,0,1,0
TXN00006722,2026-01-06 03:39:01,USR34699,MCH4609,1897.42,UTR1713454516,8120,FAILED,TXN00006722,USR34699,MCH4609,UTR1713454516,0,0,0,0,0,1,0
TXN00008608,2026-02-03 18:44:10,USR53003,MCH2652,-6254.19,UTR3638384349,1310,SUCCESS,TXN00008608,USR53003,MCH2652,UTR3638384349,1,0,0,0,0,0,0
TXN00003227,2026-01-20 19:06:07,USR88387,MCH9341,6046.01,UTR5890751485,9120,SUCCESS,TXN00003227,USR88387,MCH9341,UTR5890751485,0,0,0,0,0,0,0
TXN00000749,2026-03-13 10:54:52,USR64118,MCH8611,-22662.74,UTR9144767124,4110,SUCCESS,TXN00000749,USR64118,MCH8611,UTR9144767124,1,0,0,0,0,0,0
TXN00017877,2026-01-15 05:33:46,USR91590,MCH8357,0.594454,UTR6867539723,0110,SUCCESS,TXN00017877,USR91590,MCH8357,UTR6867539723,0,0,0,0,0,0,0
TXN00012786,2026-02-19 02:49:28,USR86858,MCH6359,19977.27,UTR0544589080,8120,SUCCESS,TXN00012786,USR86858,MCH6359,UTR0544589080,0,0,0,0,0,0,0
TXN00002450,2026-03-13 17:09:54,USR36608,MCH6439,8568.0,UTR4828152872,4110,SUCCESS,TXN00002450,USR36608,MCH6439,UTR4828152872,0,0,0,0,0,0,0
TXN00001929,2026-02-13 12:33:25,USR33506,MCH1782,16061.71,UTR5646089653,0110,SUCCESS,TXN00001929,USR33506,MCH1782,UTR 5646089653,0,0,0,0,0,0,0
TXN00014591,2026-02-22 08:41:14,USR63067,MCH9156,18349.26,UTR1147892450,1310,SUCCESS,TXN00014591,USR63067,MCH9156,UTR1147892450,0,0,0,0,0,0,0
TXN00013838,2026-03-01 02:04:48,USR34378,MCH3227,20790.06,UTR5841676315,1310,SUCCESS,TXN00013838,USR34378,MCH3227,UTR5841676315,0,0,0,0,0,0,0
TXN00019260,2026-01-23 11:50:27,USR87583,MCH7583,3136.65,UTR9357916405,4110,SUCCESS,TXN00019260,USR87583,MCH7583,UTR9357916405,0,0,0,0,0,0,0
TXN00010926,2026-01-01 10:00:23,USR72903,MCH7437,5376.69,UTR2507234114,9120,SUCCESS,TXN00010926,USR72903,MCH7437,UTR2507234114,0,0,0,0,0,0,0
TXN00015134,2026-02-05 10:34:01,USR23896,MCH4543,735.0,UTR3879155980,,FAILED,TXN00015134,USR23896,MCH4543,UTR3879155980,0,0,1,0,0,1,0
TXN00004804,2026-02-12 22:49:44,USR63941,MCH5525,0.476132,UTR4542122280,8120,PENDING,TXN00004804,USR63941,MCH5525,UTR4542122280,0,0,0,0,0,0,1
TXN00012956,2026-02-11 01:04:09,USR25789,MCH8195,17670.0,UTR4464450721,0110,SUCCESS,TXN00012956,USR25789,MCH8195,UTR4464450721,0,0,0,0,0,0,0
TXN00010171,2026-01-14 23:14:50,USR64835,MCH7114,12977.05,UTR7060416415,4110,FAILED,TXN00010171,USR64835,MCH7114,UTR7060416415,0,0,0,0,0,1,0
TXN00011778,2026-01-24 03:42:23,USR10347,MCH5231,13643.61,UTR6607227512,1310,SUCCESS,TXN00011778,USR10347,MCH5231,UTR 6607227512,0,0,0,0,0,0,0
TXN00006074,2026-01-22 13:53:17,USR85028,MCH9426,0.1152221,UTR9220025704,0110,SUCCESS,TXN00006074,USR85028,MCH9426,UTR 9220025704,0,0,0,0,0,0,0
TXN00003410,2026-02-15 10:34:02,USR69139,MCH3151,1018.37,UTR2370534669,4110,SUCCESS,TXN00003410,USR69139,MCH3151,UTR2370534669,0,0,0,0,0,0,0
TXN00015382,2026-02-17 10:26:05,USR26643,MCH7852,8061.61,UTR6645729014,0110,FAILED,TXN00015382,USR26643,MCH7852,UTR6645729014,0,0,0,0,0,1,0
TXN00016901,2026-03-17 04:01:46,USR11684,MCH4055,7145.72,UTR4788069309,8120,FAILED,TXN00016901,USR11684,MCH4055,UTR4788069309,0,0,0,0,0,1,0
TXN00009245,2026-02-23 10:41:26,USR21382,MCH1668,12318.12,UTR8965716677,8120,SUCCESS,TXN00009245,USR21382,MCH1668,UTR8965716677,0,0,0,0,0,0,0
TXN00007938,2026-01-28 19:38:53,USR78349,MCH2487,14635.67,UTR6095502731,0110,SUCCESS,TXN00007938,USR78349,MCH2487,UTR6095502731,0,0,0,0,0,0,0
TXN00006892,2026-01-24 16:09:30,USR10162,MCH8198,22520.0,,4110,FAILED,TXN00006892,USR10162,MCH8198,,0,1,0,0,0,1,0
TXN00016163,2026-03-10 11:50:41,USR91319,MCH2935,15218.21,UTR3294808514,1310,FAILED,TXN00016163,USR91319,MCH2935,UTR3294808514,0,0,0,0,0,1,0
TXN00017911,2026-02-17 00:37:42,USR87362,MCH7683,4223.36,UTR2831840515,,SUCCESS,TXN00017911,USR87362,MCH7683,UTR2831840515,0,0,1,0,0,0,0
TXN00015430,2026-03-05 21:37:20,USR69026,MCH7569,7143.34,UTR9605402178,8120,SUCCESS,TXN00015430,USR69026,MCH7569,UTR9605402178,0,0,0,0,0,0,0
TXN00005678,2026-03-15 10:40:20,USR79285,MCH6452,4171.0,UTR4820124076,4110,SUCCESS,TXN00005678,USR79285,MCH6452,UTR4820124076,0,0,0,0,0,0,0
TXN00001009,2026-01-03 11:50:06,USR52687,MCH6587,6249.2,UTR4951123936,8120,SUCCESS,TXN00001009,USR52687,MCH6587,UTR4951123936,0,0,0,0,0,0,0
TXN00009095,2026-03-27 16:29:12,USR49595,MCH2628,12835.37,UTR5785734900,9120,SUCCESS,TXN00009095,USR49595,MCH2628,UTR5785734900,0,0,0,0,0,0,0
TXN00002363,2026-02-06 04:48:29,USR69285,MCH2105,-7383.07,UTR5657131912,0110,FAILED,TXN00002363,USR69285,MCH2105,UTR5657131912,1,0,0,0,0,1,0
TXN00016278,2026-03-22 15:14:42,USR22604,MCH9708,13305.55,UTR5614964318,,SUCCESS,TXN00016278,USR22604,MCH9708,UTR5614964318,0,0,1,0,0,0,0
TXN00009352,2026-02-02 19:26:59,USR27173,MCH8207,8699.97,,0110,SUCCESS,TXN00009352,USR27173,MCH8207,,0,1,0,0,0,0,0
TXN00019399,2026-03-01 13:16:29,USR52346,MCH1917,8764.43,UTR9068869791,1310,SUCCESS,TXN00019399,USR52346,MCH1917,UTR9068869791,0,0,0,0,0,0,0
TXN00017474,2026-01-27 00:00:00,USR25198,MCH2665,9717.71,UTR0248876497,8120,PENDING,TXN00017474,USR25198,MCH2665,UTR0248876497,0,0,0,0,0,0,1
TXN00008856,2026-03-01 20:39:37,USR43222,MCH6795,3117.39,UTR2601607664,4110,SUCCESS,TXN00008856,USR43222,MCH6795,UTR2601607664,0,0,0,0,0,0,0
TXN00004749,2026-01-22 23:03:46,USR22362,MCH6225,-9801.35,UTR2882291926,1310,SUCCESS,TXN00004749,USR22362,MCH6225,UTR2882291926,1,0,0,0,0,0,0
TXN00013810,2026-02-23 20:31:30,USR63885,MCH4302,3090.16,UTR6122673342,4110,SUCCESS,TXN00013810,USR63885,MCH4302,UTR6122673342,0,0,0,0,0,0,0
TXN00009512,2026-12-02 19:52:26,USR84238,MCH6021,13312.43,UTR3246222150,4110,SUCCESS,TXN00009512,USR84238,MCH6021,UTR3246222150,0,0,0,0,0,0,0
TXN00013437,2026-02-06 13:01:14,USR37654,MCH2404,8382.88,UTR1392811724,4110,SUCCESS,TXN00013437,USR37654,MCH2404,UTR1392811724,0,0,0,0,0,0,0
TXN00005092,2026-01-01 14:51:41,USR70405,MCH8915,1328.07,UTR8155714076,4110,FAILED,TXN00005092,USR70405,MCH8915,UTR8155714076,0,0,0,0,0,1,0
TXN00000523,2026-03-03 13:52:53,USR12368,MCH1946,24248.16,UTR3103456024,4110,SUCCESS,TXN00000523,USR12368,MCH1946,UTR3103456024,0,0,0,0,0,0,0
TXN00001442,2026-03-23 16:37:02,USR62004,MCH5072,2356.58,UTR9838395253,1310,SUCCESS,TXN00001442,USR62004,MCH5072,UTR9838395253,0,0,0,0,0,0,0
TXN00019255,2026-01-26 00:00:00,USR82017,MCH4694,3680.39,UTR7887544437,4110,SUCCESS,TXN00019255,USR82017,MCH4694,UTR7887544437,0,0,0,0,0,0,0
TXN00005137,2026-01-10 06:42:38,USR53260,MCH4730,0.1508429,UTR8048386056,4110,SUCCESS,TXN00005137,USR53260,MCH4730,UTR8048386056,0,0,0,0,0,0,0
TXN00015907,2026-02-16 00:15:01,USR35223,MCH2455,0.2334951,UTR6261565197,8120,SUCCESS,TXN00015907,USR35223,MCH2455,UTR6261565197,0,0,0,0,0,0,0
TXN00003520,2026-02-13 08:59:53,USR18758,MCH9670,5277.72,UTR6489882382,4110,FAILED,TXN00003520,USR18758,MCH9670,UTR6489882382,0,0,0,0,0,1,0
TXN00018167,2026-03-13 21:25:37,USR39750,MCH7886,0.2459012,UTR3829458862,4110,SUCCESS,TXN00018167,USR39750,MCH7886,UTR3829458862,0,0,0,0,0,0,0
TXN00004960,2026-02-20 05:12:59,USR10441,MCH9322,18736.74,UTR6915758223,,SUCCESS,TXN00004960,USR10441,MCH9322,UTR 6915758223,0,0,1,0,0,0,0
TXN00006880,2026-05-03 00:58:44,USR88161,MCH3089,6647.03,UTR6992438288,4110,SUCCESS,TXN00006880,USR88161,MCH3089,UTR6992438288,0,0,0,0,0,0,0
TXN00015113,2026-03-14 07:05:06,USR24900,MCH9693,22584.0,UTR3512781537,8120,SUCCESS,TXN00015113,USR24900,MCH9693,UTR 3512781537,0,0,0,0,0,0,0
TXN00009445,2026-02-19 03:03:11,USR19531,MCH9659,11903.0,UTR9393189440,8120,SUCCESS,TXN00009445,USR19531,MCH9659,UTR9393189440,0,0,0,0,0,0,0
TXN00013167,2026-01-09 00:00:00,USR70775,MCH8924,0.989779,UTR2502921454,4110,SUCCESS,TXN00013167,USR70775,MCH8924,UTR2502921454,0,0,0,0,0,0,0
TXN00012623,2026-01-23 12:22:46,USR62748,MCH9008,23516.51,UTR9812830626,1310,SUCCESS,TXN00012623,USR62748,MCH9008,UTR9812830626,0,0,0,0,0,0,0
TXN00003642,2026-01-19 07:11:28,USR88556,MCH3109,22711.78,UTR7312015618,4110,SUCCESS,TXN00003642,USR88556,MCH3109,UTR7312015618,0,0,0,0,0,0,0
TXN00004906,2026-03-01 19:29:37,USR69562,MCH3673,4050.75,UTR8562887610,1310,SUCCESS,TXN00004906,USR69562,MCH3673,UTR8562887610,0,0,0,0,0,0,0
TXN00014826,2026-02-03 10:29:36,USR19598,MCH9272,3304.98,,9120,PENDING,TXN00014826,USR19598,MCH9272,,0,1,0,0,0,0,1
TXN00018670,2026-01-31 11:57:58,USR31741,MCH4150,0.2416027,UTR5457244231,4110,SUCCESS,TXN00018670,USR31741,MCH4150,UTR5457244231,0,0,0,0,0,0,0
TXN00015123,2026-01-01 03:54:40,USR10484,MCH1361,12842.92,UTR3874079338,4110,SUCCESS,TXN00015123,USR10484,MCH1361,UTR3874079338,0,0,0,0,0,0,0
TXN00001150,2026-03-10 05:46:14,USR80622,MCH5142,0.2168368,UTR4147254406,4110,SUCCESS,TXN00001150,USR80622,MCH5142,UTR4147254406,0,0,0,0,0,0,0
TXN00009439,2026-01-04 15:08:12,USR72409,MCH1491,32.64,UTR4053736228,9120,SUCCESS,TXN00009439,USR72409,MCH1491,UTR4053736228,0,0,0,0,0,0,0
TXN00016323,2026-03-22 02:12:51,USR37934,MCH8583,23970.03,UTR0832937891,,SUCCESS,TXN00016323,USR37934,MCH8583,UTR0832937891,0,0,1,0,0,0,0
TXN00008227,2026-02-15 21:45:48,USR46059,MCH1858,8994.98,UTR9303077082,1310,SUCCESS,TXN00008227,USR46059,MCH1858,UTR9303077082,0,0,0,0,0,0,0
TXN00012837,2026-02-14 12:58:19,USR18812,MCH9568,22972.11,UTR5669882240,4110,SUCCESS,TXN00012837,USR18812,MCH9568,UTR5669882240,0,0,0,0,0,0,0
TXN00001605,2026-01-29 11:35:47,USR80943,MCH6742,0.17449,UTR1510595718,0110,SUCCESS,TXN00001605,USR80943,MCH6742,UTR1510595718,0,0,0,0,0,0,0
TXN00005085,2026-03-13 02:45:47,USR15925,MCH6053,4882.01,UTR7060766048,1310,SUCCESS,TXN00005085,USR15925,MCH6053,UTR7060766048,0,0,0,0,0,0,0
TXN00009238,2026-03-29 03:23:45,USR39715,MCH3773,2522.25,UTR9624417226,4110,SUCCESS,TXN00009238,USR39715,MCH3773,UTR9624417226,0,0,0,0,0,0,0
TXN00004513,2026-01-29 08:37:07,USR19975,MCH5413,2294.64,UTR4815976191,4110,SUCCESS,TXN00004513,USR19975,MCH5413,UTR4815976191,0,0,0,0,0,0,0
TXN00009803,2026-03-26 17:37:17,USR85191,MCH5758,3279.75,UTR6789903847,4110,SUCCESS,TXN00009803,USR85191,MCH5758,UTR6789903847,0,0,0,0,0,0,0
TXN00004250,2026-01-14 00:00:00,USR17458,MCH7792,24233.35,UTR0944077048,,SUCCESS,TXN00004250,USR17458,MCH7792,UTR0944077048,0,0,1,0,0,0,0
TXN00008563,2026-01-26 17:28:01,USR19261,MCH2118,16407.09,,9120,SUCCESS,TXN00008563,USR19261,MCH2118,,0,1,0,0,0,0,0
TXN00007492,2026-03-05 13:12:10,USR87928,MCH3181,9938.31,UTR6243660558,1310,FAILED,TXN00007492,USR87928,MCH3181,UTR6243660558,0,0,0,0,0,1,0
TXN00015826,2026-02-08 07:21:31,USR58796,MCH7549,6840.08,UTR6603362880,1310,FAILED,TXN00015826,USR58796,MCH7549,UTR6603362880,0,0,0,0,0,1,0
TXN00017036,2026-01-30 00:00:00,USR28279,MCH8713,20819.75,UTR7271721483,4110,SUCCESS,TXN00017036,USR28279,MCH8713,UTR7271721483,0,0,0,0,0,0,0
TXN00010056,2026-01-26 00:00:00,USR19690,MCH3559,11933.47,UTR2532676408,4110,SUCCESS,TXN00010056,USR19690,MCH3559,UTR2532676408,0,0,0,0,0,0,0
TXN00017419,2026-01-04 06:39:59,USR81834,MCH6112,13380.38,UTR9158657827,4110,SUCCESS,TXN00017419,USR81834,MCH6112,UTR9158657827,0,0,0,0,0,0,0
TXN00013616,2026-03-16 04:28:43,USR94567,MCH7484,18671.0,,,SUCCESS,TXN00013616,USR94567,MCH7484,,0,1,1,0,0,0,0
TXN00005903,2026-02-26 23:31:48,USR68106,MCH8555,0.324322,UTR0572751214,9120,SUCCESS,TXN00005903,USR68106,MCH8555,UTR0572751214,0,0,0,0,0,0,0
TXN00014300,2026-01-22 02:14:25,USR73690,MCH2632,17624.0,UTR2205959460,0110,SUCCESS,TXN00014300,USR73690,MCH2632,UTR2205959460,0,0,0,0,0,0,0
TXN00010060,2026-03-05 12:43:49,USR48187,MCH9820,7924.76,UTR0673665886,1310,SUCCESS,TXN00010060,USR48187,MCH9820,UTR0673665886,0,0,0,0,0,0,0
TXN00012735,2026-03-18 04:54:59,USR17977,MCH4000,0.647342,UTR0933718851,8120,SUCCESS,TXN00012735,USR17977,MCH4000,UTR0933718851,0,0,0,0,0,0,0
TXN00018310,2026-03-10 13:37:21,USR64889,MCH2321,7191.62,UTR5035153944,4110,SUCCESS,TXN00018310,USR64889,MCH2321,UTR5035153944,0,0,0,0,0,0,0
TXN00001221,2026-03-03 02:42:53,USR13437,MCH3646,23772.08,UTR7562095772,4110,SUCCESS,TXN00001221,USR13437,MCH3646,UTR7562095772,0,0,0,0,0,0,0
TXN00009535,2026-02-25 17:42:36,USR80092,MCH4893,10465.4,,4110,SUCCESS,TXN00009535,USR80092,MCH4893,,0,1,0,0,0,0,0
TXN00013494,2026-01-17 13:14:25,USR69691,MCH5931,11141.39,UTR2505831749,4110,SUCCESS,TXN00013494,USR69691,MCH5931,UTR2505831749,0,0,0,0,0,0,0
TXN00005844,2026-03-21 23:59:16,USR35171,MCH1490,426.62,UTR5721952012,0110,SUCCESS,TXN00005844,USR35171,MCH1490,UTR5721952012,0,0,0,0,0,0,0
TXN00011021,2026-02-10 08:26:27,USR48641,MCH9918,17572.54,UTR3612598413,,SUCCESS,TXN00011021,USR48641,MCH9918,UTR3612598413,0,0,1,0,0,0,0
TXN00013544,2026-01-27 14:32:57,USR90051,MCH2514,22229.73,UTR6891343556,9120,SUCCESS,TXN00013544,USR90051,MCH2514,UTR6891343556,0,0,0,0,0,0,0
TXN00000561,2026-03-23 00:44:50,USR73771,MCH1844,17604.95,UTR0243833392,1310,SUCCESS,TXN00000561,USR73771,MCH1844,UTR0243833392,0,0,0,0,0,0,0
TXN00003795,2026-03-13 23:45:44,USR60236,MCH5957,820.76,UTR0224909865,0110,SUCCESS,TXN00003795,USR60236,MCH5957,UTR0224909865,0,0,0,0,0,0,0
TXN00018313,2026-02-19 19:28:54,USR98696,MCH3311,11706.19,UTR6896033428,0110,FAILED,TXN00018313,USR98696,MCH3311,UTR6896033428,0,0,0,0,0,1,0
TXN00016521,2026-11-02 05:38:35,USR89343,MCH9606,4450.83,UTR9379288548,8120,FAILED,TXN00016521,USR89343,MCH9606,UTR9379288548,0,0,0,0,0,1,0
TXN00000378,2026-03-15 03:56:05,USR89119,MCH6897,591.57,UTR7166674454,4110,FAILED,TXN00000378,USR89119,MCH6897,UTR7166674454,0,0,0,0,0,1,0
TXN00014672,2026-02-07 00:46:17,USR26294,MCH1111,0.2189258,UTR1469714478,9120,SUCCESS,TXN00014672,USR26294,MCH1111,UTR1469714478,0,0,0,0,0,0,0
TXN00017992,2026-02-24 04:33:44,USR75336,MCH3548,21774.31,UTR6214363075,1310,SUCCESS,TXN00017992,USR75336,MCH3548,UTR6214363075,0,0,0,0,0,0,0
TXN00013112,2026-01-01 04:51:36,USR11666,MCH8698,13145.52,UTR9826587881,1310,SUCCESS,TXN00013112,USR11666,MCH8698,UTR9826587881,0,0,0,0,0,0,0
TXN00002609,2026-03-23 05:37:25,USR19884,MCH8715,17677.34,UTR0883111263,1310,SUCCESS,TXN00002609,USR19884,MCH8715,UTR0883111263,0,0,0,0,0,0,0
TXN00011170,2026-01-31 16:49:25,USR79614,MCH1972,2158.48,UTR8383084179,4110,SUCCESS,TXN00011170,USR79614,MCH1972,UTR8383084179,0,0,0,0,0,0,0
TXN00003167,2026-02-19 11:43:11,USR25771,MCH2341,23178.49,UTR1872109479,,SUCCESS,TXN00003167,USR25771,MCH2341,UTR1872109479,0,0,1,0,0,0,0
TXN00018890,2026-01-08 17:21:27,USR35489,MCH1651,2336.47,UTR5567415855,,SUCCESS,TXN00018890,USR35489,MCH1651,UTR5567415855,0,0,1,0,0,0,0
TXN00012294,2026-02-18 08:40:56,USR47590,MCH8909,11750.35,UTR4779800540,8120,SUCCESS,TXN00012294,USR47590,MCH8909,UTR4779800540,0,0,0,0,0,0,0
TXN00012783,2026-03-10 00:00:00,USR44704,MCH6828,3412.99,UTR4345455161,8120,SUCCESS,TXN00012783,USR44704,MCH6828,UTR4345455161,0,0,0,0,0,0,0
TXN00002470,2026-03-29 15:20:27,USR64419,MCH7854,13580.18,UTR7831350718,4110,SUCCESS,TXN00002470,USR64419,MCH7854,UTR7831350718,0,0,0,0,0,0,0
TXN00005557,2026-01-08 03:45:19,USR50793,MCH8884,2821.45,UTR3759046451,1310,SUCCESS,TXN00005557,USR50793,MCH8884,UTR3759046451,0,0,0,0,0,0,0
TXN00002048,2026-01-05 23:52:40,USR34686,MCH2812,17698.8,UTR9397700266,4110,SUCCESS,TXN00002048,USR34686,MCH2812,UTR9397700266,0,0,0,0,0,0,0
TXN00006843,2026-02-25 14:26:02,USR48484,MCH8837,0.303767,UTR1038377595,0110,FAILED,TXN00006843,USR48484,MCH8837,UTR1038377595,0,0,0,0,0,1,0
TXN00009027,2026-01-04 17:44:21,USR14552,MCH5886,14111.88,UTR1963387168,1310,FAILED,TXN00009027,USR14552,MCH5886,UTR1963387168,0,0,0,0,0,1,0
TXN00002534,2026-02-13 14:59:22,USR43123,MCH7764,367.74,UTR2023622983,4110,SUCCESS,TXN00002534,USR43123,MCH7764,UTR2023622983,0,0,0,0,0,0,0
TXN00006597,2026-03-15 12:17:09,USR28670,MCH5993,2946.37,UTR3282353750,,SUCCESS,TXN00006597,USR28670,MCH5993,UTR3282353750,0,0,1,0,0,0,0
TXN00012171,2026-03-02 03:54:27,USR65559,MCH9716,9132.63,UTR6811047555,0110,SUCCESS,TXN00012171,USR65559,MCH9716,UTR6811047555,0,0,0,0,0,0,0
TXN00007373,2026-02-16 18:22:07,USR59324,MCH4255,2496.41,UTR0475610974,8120,SUCCESS,TXN00007373,USR59324,MCH4255,UTR 0475610974,0,0,0,0,0,0,0
TXN00016930,2026-02-13 19:53:13,USR82584,MCH7935,0.1988832,UTR0905678597,4110,SUCCESS,TXN00016930,USR82584,MCH7935,UTR 0905678597,0,0,0,0,0,0,0
TXN00010378,2026-03-19 00:03:39,USR16083,MCH8237,12831.6,UTR9932388765,,SUCCESS,TXN00010378,USR16083,MCH8237,UTR9932388765,0,0,1,0,0,0,0
TXN00015207,2026-02-17 07:58:05,USR39884,MCH3109,19891.13,UTR0523908717,1310,SUCCESS,TXN00015207,USR39884,MCH3109,UTR0523908717,0,0,0,0,0,0,0
TXN00018225,2026-03-23 17:21:05,USR89118,MCH3695,4312.47,UTR1042913829,9120,SUCCESS,TXN00018225,USR89118,MCH3695,UTR 1042913829,0,0,0,0,0,0,0
TXN00012323,2026-01-01 13:31:38,USR60125,MCH2718,3516.68,UTR8959698613,1310,FAILED,TXN00012323,USR60125,MCH2718,UTR8959698613,0,0,0,0,0,1,0
TXN00001817,2026-03-28 03:27:50,USR12722,MCH2137,7393.16,UTR4946168244,1310,SUCCESS,TXN00001817,USR12722,MCH2137,UTR4946168244,0,0,0,0,0,0,0
TXN00012464,2026-01-25 17:52:02,USR67033,MCH9224,19447.01,UTR0351525085,1310,SUCCESS,TXN00012464,USR67033,MCH9224,UTR0351525085,0,0,0,0,0,0,0
TXN00012200,2026-01-05 06:54:19,USR49035,MCH3483,16990.91,UTR5348476715,8120,SUCCESS,TXN00012200,USR49035,MCH3483,UTR5348476715,0,0,0,0,0,0,0
TXN00003858,2026-01-24 20:35:32,USR28941,MCH8062,13771.08,UTR4429819886,,PENDING,TXN00003858,USR28941,MCH8062,UTR4429819886,0,0,1,0,0,0,1
TXN00007894,2026-01-25 16:32:16,USR96647,MCH3574,11043.93,UTR7131792966,,SUCCESS,TXN00007894,USR96647,MCH3574,UTR7131792966,0,0,1,0,0,0,0
TXN00011957,2026-03-18 15:14:34,USR17049,MCH2598,16964.8,UTR0077153551,9120,SUCCESS,TXN00011957,USR17049,MCH2598,UTR0077153551,0,0,0,0,0,0,0
TXN00012531,2026-01-03 21:07:10,USR64607,MCH5299,4805.27,UTR2630919645,0110,SUCCESS,TXN00012531,USR64607,MCH5299,UTR2630919645,0,0,0,0,0,0,0
TXN00018198,2026-01-12 03:17:27,USR29528,MCH5862,18947.75,UTR9243234076,4110,SUCCESS,TXN00018198,USR29528,MCH5862,UTR9243234076,0,0,0,0,0,0,0
TXN00007246,2026-03-06 21:55:02,USR88049,MCH8082,1186.06,,4110,SUCCESS,TXN00007246,USR88049,MCH8082,,0,1,0,0,0,0,0
TXN00003628,2026-02-14 22:52:38,USR54758,MCH5288,21768.02,UTR7319388743,4110,PENDING,TXN00003628,USR54758,MCH5288,UTR7319388743,0,0,0,0,0,0,1
TXN00004176,2026-02-14 10:53:41,USR44800,MCH3264,0.2488927,UTR4183490392,4110,FAILED,TXN00004176,USR44800,MCH3264,UTR4183490392,0,0,0,0,0,1,0
TXN00001611,2026-02-21 13:42:26,USR45665,MCH3626,22003.0,UTR3575904358,1310,SUCCESS,TXN00001611,USR45665,MCH3626,UTR3575904358,0,0,0,0,0,0,0
TXN00012365,2026-09-02 01:39:04,USR46971,MCH9958,15221.13,UTR9575575537,8120,SUCCESS,TXN00012365,USR46971,MCH9958,UTR9575575537,0,0,0,0,0,0,0
TXN00007620,2026-01-27 18:58:46,USR11881,MCH3291,10956.46,UTR4850387657,4110,SUCCESS,TXN00007620,USR11881,MCH3291,UTR4850387657,0,0,0,0,0,0,0
TXN00011376,2026-02-24 02:12:42,USR81876,MCH3723,0.1125861,UTR0961853032,9120,SUCCESS,TXN00011376,USR81876,MCH3723,UTR0961853032,0,0,0,0,0,0,0
TXN00014631,2026-02-11 09:12:38,USR65480,MCH6970,21983.02,UTR7513447095,9120,SUCCESS,TXN00014631,USR65480,MCH6970,UTR7513447095,0,0,0,0,0,0,0
TXN00007890,2026-01-16 20:36:51,USR80337,MCH1362,10010.0,UTR8233617343,,SUCCESS,TXN00007890,USR80337,MCH1362,UTR8233617343,0,0,1,0,0,0,0
TXN00014251,2026-03-27 12:51:53,USR41584,MCH9331,2440.38,UTR6725020125,0110,SUCCESS,TXN00014251,USR41584,MCH9331,UTR6725020125,0,0,0,0,0,0,0
TXN00011912,2026-03-31 01:49:49,USR63947,MCH3637,15086.66,UTR4865012138,1310,SUCCESS,TXN00011912,USR63947,MCH3637,UTR4865012138,0,0,0,0,0,0,0
TXN00017033,2026-01-02 13:43:42,USR54672,MCH9353,8478.66,UTR7607796312,1310,FAILED,TXN00017033,USR54672,MCH9353,UTR7607796312,0,0,0,0,0,1,0
TXN00018079,2026-01-30 14:41:32,USR57830,MCH6920,1422.3,UTR0130164880,4110,SUCCESS,TXN00018079,USR57830,MCH6920,UTR0130164880,0,0,0,0,0,0,0
TXN00019170,2026-03-03 05:56:42,USR95682,MCH2216,19804.72,UTR2444016871,9120,SUCCESS,TXN00019170,USR95682,MCH2216,UTR 2444016871,0,0,0,0,0,0,0
TXN00010536,2026-01-10 12:30:21,USR93422,MCH1847,10701.74,UTR2181922459,0110,SUCCESS,TXN00010536,USR93422,MCH1847,UTR2181922459,0,0,0,0,0,0,0
TXN00013265,2026-01-26 00:00:00,USR82152,MCH6796,14533.82,UTR3020117801,4110,SUCCESS,TXN00013265,USR82152,MCH6796,UTR3020117801,0,0,0,0,0,0,0
TXN00008113,2026-03-13 13:36:32,USR19522,MCH8611,24343.83,UTR3041834599,8120,SUCCESS,TXN00008113,USR19522,MCH8611,UTR 3041834599,0,0,0,0,0,0,0
TXN00003201,2026-02-26 15:42:28,USR15771,MCH4074,13838.75,UTR7554981539,1310,SUCCESS,TXN00003201,USR15771,MCH4074,UTR7554981539,0,0,0,0,0,0,0
TXN00002221,2026-03-08 22:54:28,USR72759,MCH9090,17595.11,UTR7982033604,0110,SUCCESS,TXN00002221,USR72759,MCH9090,UTR7982033604,0,0,0,0,0,0,0
TXN00010464,2026-02-05 03:17:28,USR22448,MCH8810,22787.24,UTR2239516894,4110,SUCCESS,TXN00010464,USR22448,MCH8810,UTR2239516894,0,0,0,0,0,0,0
TXN00014528,2026-02-19 14:46:37,USR20479,MCH4552,9026.56,UTR9369778037,4110,SUCCESS,TXN00014528,USR20479,MCH4552,UTR9369778037,0,0,0,0,0,0,0
TXN00010664,2026-03-06 22:57:57,USR41006,MCH6588,11115.4,UTR3874781495,9120,SUCCESS,TXN00010664,USR41006,MCH6588,UTR3874781495,0,0,0,0,0,0,0
TXN00002379,2026-01-10 04:12:53,USR35506,MCH3431,0.1116602,UTR2532376551,,FAILED,TXN00002379,USR35506,MCH3431,UTR 2532376551,0,0,1,0,0,1,0
TXN00012250,2026-03-28 21:54:33,USR68148,MCH7469,24252.21,UTR6305589824,0110,SUCCESS,TXN00012250,USR68148,MCH7469,UTR6305589824,0,0,0,0,0,0,0
TXN00013233,2026-01-25 23:16:03,USR55739,MCH3860,20687.87,UTR5818734307,0110,SUCCESS,TXN00013233,USR55739,MCH3860,UTR5818734307,0,0,0,0,0,0,0
TXN00018422,2026-01-20 00:03:21,USR22838,MCH6782,2138.33,UTR5075152593,1310,SUCCESS,TXN00018422,USR22838,MCH6782,UTR5075152593,0,0,0,0,0,0,0
TXN00002158,2026-03-06 18:31:53,USR88479,MCH6368,8705.06,,,SUCCESS,TXN00002158,USR88479,MCH6368,,0,1,1,0,0,0,0
TXN00019090,2026-02-26 18:34:43,USR90306,MCH1453,18774.0,UTR4193032642,0110,FAILED,TXN00019090,USR90306,MCH1453,UTR4193032642,0,0,0,0,0,1,0
TXN00017303,2026-03-30 00:00:00,USR38474,MCH8340,1561.13,,0110,SUCCESS,TXN00017303,USR38474,MCH8340,,0,1,0,0,0,0,0
TXN00015534,2026-01-09 15:19:29,USR73839,MCH1104,2340.19,UTR4546806470,1310,SUCCESS,TXN00015534,USR73839,MCH1104,UTR4546806470,0,0,0,0,0,0,0
TXN00014004,2026-02-04 20:44:49,USR84956,MCH1264,12178.65,UTR3296019032,4110,SUCCESS,TXN00014004,USR84956,MCH1264,UTR3296019032,0,0,0,0,0,0,0
TXN00006088,2026-02-15 00:38:26,USR62777,MCH5656,5157.64,UTR1062297647,4110,SUCCESS,TXN00006088,USR62777,MCH5656,UTR1062297647,0,0,0,0,0,0,0
TXN00013239,2026-01-28 16:55:03,USR33419,MCH6519,24377.8,UTR4979403882,8120,SUCCESS,TXN00013239,USR33419,MCH6519,UTR4979403882,0,0,0,0,0,0,0
TXN00010813,2026-02-20 13:17:24,USR41041,MCH9376,2958.3,,,SUCCESS,TXN00010813,USR41041,MCH9376,,0,1,1,0,0,0,0
TXN00015447,2026-02-20 17:54:02,USR72000,MCH3051,11700.68,UTR4656412771,4110,SUCCESS,TXN00015447,USR72000,MCH3051,UTR4656412771,0,0,0,0,0,0,0
TXN00017995,2026-01-30 11:32:43,USR12596,MCH1017,18198.36,UTR8093645969,4110,SUCCESS,TXN00017995,USR12596,MCH1017,UTR8093645969,0,0,0,0,0,0,0
TXN00010398,2026-03-31 20:58:49,USR69126,MCH5405,16196.25,UTR6640719099,8120,SUCCESS,TXN00010398,USR69126,MCH5405,UTR6640719099,0,0,0,0,0,0,0
TXN00016972,2026-01-08 13:18:26,USR30357,MCH9662,-20050.64,UTR3975109838,8120,FAILED,TXN00016972,USR30357,MCH9662,UTR3975109838,1,0,0,0,0,1,0
TXN00003946,2026-01-24 09:29:53,USR95802,MCH9117,424.65,UTR9134876711,8120,SUCCESS,TXN00003946,USR95802,MCH9117,UTR9134876711,0,0,0,0,0,0,0
TXN00010169,2026-02-17 18:34:35,USR30134,MCH9368,12459.0,UTR0042278088,1310,SUCCESS,TXN00010169,USR30134,MCH9368,UTR0042278088,0,0,0,0,0,0,0
TXN00011671,2026-01-05 14:45:21,USR77331,MCH5103,8424.27,,9120,SUCCESS,TXN00011671,USR77331,MCH5103,,0,1,0,0,0,0,0
TXN00008851,2026-01-26 00:26:11,USR22260,MCH4548,23003.64,UTR8582453105,,SUCCESS,TXN00008851,USR22260,MCH4548,UTR8582453105,0,0,1,0,0,0,0
TXN00014611,2026-01-07 00:00:00,USR72049,MCH9417,9776.93,UTR4456423113,1310,SUCCESS,TXN00014611,USR72049,MCH9417,UTR4456423113,0,0,0,0,0,0,0
TXN00008205,2026-03-21 08:19:55,USR73714,MCH6155,16605.21,UTR8386456786,9120,SUCCESS,TXN00008205,USR73714,MCH6155,UTR8386456786,0,0,0,0,0,0,0
TXN00014865,2026-03-21 01:37:14,USR18833,MCH8490,-18301.88,UTR5995149682,9120,SUCCESS,TXN00014865,USR18833,MCH8490,UTR5995149682,1,0,0,0,0,0,0
TXN00012584,2026-02-13 15:26:55,USR72162,MCH6969,20562.33,UTR3953827259,1310,SUCCESS,TXN00012584,USR72162,MCH6969,UTR3953827259,0,0,0,0,0,0,0
TXN00012338,2026-01-05 17:26:16,USR67269,MCH9777,12517.37,UTR7217061553,4110,SUCCESS,TXN00012338,USR67269,MCH9777,UTR7217061553,0,0,0,0,0,0,0
TXN00001032,2026-01-12 18:04:43,USR10743,MCH6581,14910.78,UTR4683021838,1310,SUCCESS,TXN00001032,USR10743,MCH6581,UTR4683021838,0,0,0,0,0,0,0
TXN00016423,2026-01-11 23:41:28,USR76173,MCH9601,6134.97,UTR8236122339,4110,SUCCESS,TXN00016423,USR76173,MCH9601,UTR8236122339,0,0,0,0,0,0,0
TXN00015692,2026-03-13 17:57:19,USR44433,MCH3108,17058.91,UTR6567349731,9120,SUCCESS,TXN00015692,USR44433,MCH3108,UTR6567349731,0,0,0,0,0,0,0
TXN00007571,2026-01-09 13:22:57,USR61758,MCH6008,9185.57,UTR8526264082,8120,SUCCESS,TXN00007571,USR61758,MCH6008,UTR 8526264082,0,0,0,0,0,0,0
TXN00006599,2026-01-05 12:21:13,USR21827,MCH9264,23020.0,UTR5827578267,4110,FAILED,TXN00006599,USR21827,MCH9264,UTR5827578267,0,0,0,0,0,1,0
TXN00004243,2026-03-21 12:19:41,USR41784,MCH6885,18908.78,UTR5577063066,4110,SUCCESS,TXN00004243,USR41784,MCH6885,UTR5577063066,0,0,0,0,0,0,0
TXN00019248,2026-02-17 05:56:36,USR71646,MCH5390,1605.14,UTR9298630837,9120,SUCCESS,TXN00019248,USR71646,MCH5390,UTR9298630837,0,0,0,0,0,0,0
TXN00016841,2026-01-16 00:09:21,USR91132,MCH7032,22657.62,UTR9920764927,0110,FAILED,TXN00016841,USR91132,MCH7032,UTR9920764927,0,0,0,0,0,1,0
TXN00000016,2026-02-27 07:56:50,USR17500,MCH1682,4593.0,UTR9481525633,4110,FAILED,TXN00000016,USR17500,MCH1682,UTR 9481525633,0,0,0,0,0,1,0
TXN00008463,2026-02-21 02:06:58,USR10085,MCH9212,6766.88,,9120,SUCCESS,TXN00008463,USR10085,MCH9212,,0,1,0,0,0,0,0
TXN00002792,2026-02-12 13:01:00,USR89667,MCH5628,24528.78,UTR1798478403,,SUCCESS,TXN00002792,USR89667,MCH5628,UTR 1798478403,0,0,1,0,0,0,0
TXN00009959,2026-01-11 19:55:44,USR13806,MCH4850,16675.97,UTR6703683699,,SUCCESS,TXN00009959,USR13806,MCH4850,UTR6703683699,0,0,1,0,0,0,0
TXN00016178,2026-03-21 23:54:00,USR23746,MCH6001,11273.44,UTR7786031610,4110,SUCCESS,TXN00016178,USR23746,MCH6001,UTR7786031610,0,0,0,0,0,0,0
TXN00009394,2026-03-19 06:18:29,USR94902,MCH7916,0.1817723,UTR6142218931,0110,SUCCESS,TXN00009394,USR94902,MCH7916,UTR6142218931,0,0,0,0,0,0,0
TXN00014630,2026-01-08 14:08:11,USR18553,MCH7919,3004.82,UTR8214678642,4110,SUCCESS,TXN00014630,USR18553,MCH7919,UTR 8214678642,0,0,0,0,0,0,0
TXN00014675,2026-01-09 01:56:47,USR61556,MCH8295,4277.16,UTR9193166011,4110,SUCCESS,TXN00014675,USR61556,MCH8295,UTR9193166011,0,0,0,0,0,0,0
TXN00006079,2026-01-30 19:33:37,USR81381,MCH8905,13797.29,UTR4198597827,1310,SUCCESS,TXN00006079,USR81381,MCH8905,UTR4198597827,0,0,0,0,0,0,0
TXN00016175,2026-03-02 18:34:53,USR88653,MCH1789,24933.04,UTR9676783016,1310,SUCCESS,TXN00016175,USR88653,MCH1789,UTR9676783016,0,0,0,0,0,0,0
TXN00012442,2026-02-20 18:53:34,USR58773,MCH7992,15364.11,UTR4657846643,8120,SUCCESS,TXN00012442,USR58773,MCH7992,UTR4657846643,0,0,0,0,0,0,0
TXN00005110,2026-03-12 14:32:01,USR59556,MCH3416,24157.19,UTR5147247058,8120,SUCCESS,TXN00005110,USR59556,MCH3416,UTR 5147247058,0,0,0,0,0,0,0
TXN00015733,2026-01-12 10:38:46,USR73203,MCH4921,23068.15,UTR4906919827,8120,SUCCESS,TXN00015733,USR73203,MCH4921,UTR4906919827,0,0,0,0,0,0,0
TXN00013684,2026-01-10 23:17:03,USR71201,MCH1876,12812.0,UTR4063303775,4110,SUCCESS,TXN00013684,USR71201,MCH1876,UTR4063303775,0,0,0,0,0,0,0
TXN00010585,2026-01-29 15:46:34,USR24751,MCH9872,13249.08,UTR7587902960,0110,FAILED,TXN00010585,USR24751,MCH9872,UTR7587902960,0,0,0,0,0,1,0
TXN00011008,2026-01-28 15:17:00,USR54614,MCH4264,21924.2,UTR2563524160,4110,SUCCESS,TXN00011008,USR54614,MCH4264,UTR2563524160,0,0,0,0,0,0,0
TXN00006716,2026-01-02 05:45:26,USR22917,MCH2987,10383.53,UTR9869222610,4110,SUCCESS,TXN00006716,USR22917,MCH2987,UTR9869222610,0,0,0,0,0,0,0
TXN00011988,2026-02-23 04:17:53,USR39411,MCH6899,4388.86,UTR4489857332,4110,SUCCESS,TXN00011988,USR39411,MCH6899,UTR4489857332,0,0,0,0,0,0,0
TXN00019190,2026-03-28 22:53:50,USR40156,MCH5550,16929.0,UTR7623017193,,SUCCESS,TXN00019190,USR40156,MCH5550,UTR7623017193,0,0,1,0,0,0,0
TXN00017946,2026-02-22 21:44:50,USR92111,MCH6617,7673.78,UTR1180481543,1310,SUCCESS,TXN00017946,USR92111,MCH6617,UTR1180481543,0,0,0,0,0,0,0
TXN00011196,2026-03-31 09:52:10,USR38446,MCH8975,6636.87,UTR8852772240,4110,SUCCESS,TXN00011196,USR38446,MCH8975,UTR8852772240,0,0,0,0,0,0,0
TXN00012186,2026-02-17 20:24:00,USR23767,MCH3987,17855.9,UTR5888961856,9120,SUCCESS,TXN00012186,USR23767,MCH3987,UTR5888961856,0,0,0,0,0,0,0
TXN00007886,2026-01-05 15:10:14,USR94364,MCH1339,20567.97,UTR6282859116,4110,SUCCESS,TXN00007886,USR94364,MCH1339,UTR6282859116,0,0,0,0,0,0,0
TXN00004875,2026-03-08 07:22:13,USR96809,MCH4647,7504.44,UTR4721769443,1310,SUCCESS,TXN00004875,USR96809,MCH4647,UTR4721769443,0,0,0,0,0,0,0
TXN00015259,2026-01-29 06:16:09,USR49649,MCH9682,0.2000595,UTR8196104797,9120,SUCCESS,TXN00015259,USR49649,MCH9682,UTR8196104797,0,0,0,0,0,0,0
TXN00016949,2026-01-20 06:47:02,USR72712,MCH1782,1979.38,UTR1983391441,9120,SUCCESS,TXN00016949,USR72712,MCH1782,UTR1983391441,0,0,0,0,0,0,0
TXN00013550,2026-02-05 02:17:25,USR30674,MCH6201,2548.29,UTR9773151194,8120,SUCCESS,TXN00013550,USR30674,MCH6201,UTR9773151194,0,0,0,0,0,0,0
TXN00016987,2026-01-02 09:03:27,USR47495,MCH1578,7423.46,UTR1100183661,9120,FAILED,TXN00016987,USR47495,MCH1578,UTR 1100183661,0,0,0,0,0,1,0
TXN00001634,2026-02-14 14:52:36,USR65269,MCH8636,19888.29,,1310,SUCCESS,TXN00001634,USR65269,MCH8636,,0,1,0,0,0,0,0
TXN00016449,2026-03-31 11:29:42,USR95709,MCH3769,22668.0,UTR4702223072,4110,SUCCESS,TXN00016449,USR95709,MCH3769,UTR4702223072,0,0,0,0,0,0,0
TXN00004655,2026-02-26 12:03:16,USR70749,MCH8556,9591.09,,8120,SUCCESS,TXN00004655,USR70749,MCH8556,,0,1,0,0,0,0,0
TXN00019371,2026-03-21 00:27:06,USR27046,MCH8333,986.0,UTR3642220875,,FAILED,TXN00019371,USR27046,MCH8333,UTR3642220875,0,0,1,0,0,1,0
TXN00014810,2026-02-07 03:57:43,USR81834,MCH3029,24268.5,UTR9172621182,,SUCCESS,TXN00014810,USR81834,MCH3029,UTR9172621182,0,0,1,0,0,0,0
TXN00002996,2026-03-28 07:30:46,USR61903,MCH3601,21633.74,UTR7890900025,4110,SUCCESS,TXN00002996,USR61903,MCH3601,UTR7890900025,0,0,0,0,0,0,0
TXN00011160,2026-03-02 23:24:57,USR27616,MCH6481,16806.0,UTR3294741617,8120,SUCCESS,TXN00011160,USR27616,MCH6481,UTR3294741617,0,0,0,0,0,0,0
TXN00010741,2026-02-02 12:26:33,USR15061,MCH4804,4143.37,UTR7386847064,9120,SUCCESS,TXN00010741,USR15061,MCH4804,UTR7386847064,0,0,0,0,0,0,0
TXN00016054,2026-03-15 17:25:32,USR97655,MCH2994,18941.0,UTR2697110394,9120,SUCCESS,TXN00016054,USR97655,MCH2994,UTR2697110394,0,0,0,0,0,0,0
TXN00010406,2026-01-03 11:05:31,USR39771,MCH6240,3836.0,UTR4227161363,4110,SUCCESS,TXN00010406,USR39771,MCH6240,UTR4227161363,0,0,0,0,0,0,0
TXN00013235,2026-01-12 03:08:28,USR47710,MCH6094,16886.0,UTR0066664561,,SUCCESS,TXN00013235,USR47710,MCH6094,UTR0066664561,0,0,1,0,0,0,0
TXN00006585,2026-01-19 05:00:28,USR44123,MCH7754,16732.0,UTR1689479216,,FAILED,TXN00006585,USR44123,MCH7754,UTR 1689479216,0,0,1,0,0,1,0
TXN00005840,2026-01-19 05:55:18,USR84908,MCH1735,0.1575417,UTR9072275875,4110,SUCCESS,TXN00005840,USR84908,MCH1735,UTR9072275875,0,0,0,0,0,0,0
TXN00016413,2026-02-01 02:15:02,USR92400,MCH9344,17706.71,UTR1740172412,4110,SUCCESS,TXN00016413,USR92400,MCH9344,UTR1740172412,0,0,0,0,0,0,0
TXN00005041,2026-03-22 04:42:45,USR90186,MCH8443,19057.68,UTR2607972751,1310,PENDING,TXN00005041,USR90186,MCH8443,UTR2607972751,0,0,0,0,0,0,1
TXN00013613,2026-02-28 06:01:08,USR98840,MCH8750,0.81585,UTR5123035994,1310,SUCCESS,TXN00013613,USR98840,MCH8750,UTR5123035994,0,0,0,0,0,0,0
TXN00018923,2026-02-12 17:59:38,USR86807,MCH5375,17067.63,UTR8352863454,9120,SUCCESS,TXN00018923,USR86807,MCH5375,UTR8352863454,0,0,0,0,0,0,0
TXN00008479,2026-03-07 11:40:53,USR24548,MCH9785,16344.88,UTR5809846755,0110,SUCCESS,TXN00008479,USR24548,MCH9785,UTR5809846755,0,0,0,0,0,0,0
TXN00019154,2026-03-22 01:43:35,USR22225,MCH5636,6733.15,UTR8597010120,4110,SUCCESS,TXN00019154,USR22225,MCH5636,UTR8597010120,0,0,0,0,0,0,0
TXN00015706,2026-03-16 03:34:27,USR37300,MCH6609,10817.76,UTR6672419213,4110,SUCCESS,TXN00015706,USR37300,MCH6609,UTR6672419213,0,0,0,0,0,0,0
TXN00017326,2026-01-16 09:04:17,USR81947,MCH8074,20107.8,UTR5052190850,8120,SUCCESS,TXN00017326,USR81947,MCH8074,UTR5052190850,0,0,0,0,0,0,0
TXN00012258,2026-02-14 10:39:26,USR39713,MCH1626,14032.14,UTR4651887866,0110,SUCCESS,TXN00012258,USR39713,MCH1626,UTR4651887866,0,0,0,0,0,0,0
TXN00015087,2026-02-06 14:29:51,USR88704,MCH1215,20189.39,UTR0751485481,8120,PENDING,TXN00015087,USR88704,MCH1215,UTR0751485481,0,0,0,0,0,0,1
TXN00019857,2026-09-02 03:41:00,USR67796,MCH8712,0.21124,UTR8189973392,0110,SUCCESS,TXN00019857,USR67796,MCH8712,UTR8189973392,0,0,0,0,0,0,0
TXN00000177,2026-03-18 21:40:43,USR28325,MCH9077,17276.53,UTR8663756957,0110,FAILED,TXN00000177,USR28325,MCH9077,UTR8663756957,0,0,0,0,0,1,0
TXN00012912,2026-03-28 00:00:00,USR30978,MCH9908,24191.5,UTR9157318722,4110,SUCCESS,TXN00012912,USR30978,MCH9908,UTR9157318722,0,0,0,0,0,0,0
TXN00007379,2026-01-14 20:32:36,USR66270,MCH9453,14724.37,UTR1142824760,4110,SUCCESS,TXN00007379,USR66270,MCH9453,UTR1142824760,0,0,0,0,0,0,0
TXN00017346,2026-01-22 01:32:53,USR23985,MCH2723,16481.25,UTR1526990755,4110,SUCCESS,TXN00017346,USR23985,MCH2723,UTR1526990755,0,0,0,0,0,0,0
TXN00014500,2026-02-28 05:47:30,USR26901,MCH5923,11286.0,UTR1499575305,4110,SUCCESS,TXN00014500,USR26901,MCH5923,UTR1499575305,0,0,0,0,0,0,0
TXN00007480,2026-01-19 08:27:03,USR45861,MCH2075,11174.02,UTR5355237036,4110,SUCCESS,TXN00007480,USR45861,MCH2075,UTR5355237036,0,0,0,0,0,0,0
TXN00012911,2026-02-03 12:29:32,USR46419,MCH5476,13823.0,UTR1407477405,9120,SUCCESS,TXN00012911,USR46419,MCH5476,UTR1407477405,0,0,0,0,0,0,0
TXN00008542,2026-01-31 00:00:00,USR92163,MCH6199,16858.06,UTR6410701829,0110,SUCCESS,TXN00008542,USR92163,MCH6199,UTR6410701829,0,0,0,0,0,0,0
TXN00014578,2026-02-10 06:46:18,USR66686,MCH9359,0.1305061,UTR0760065719,8120,SUCCESS,TXN00014578,USR66686,MCH9359,UTR0760065719,0,0,0,0,0,0,0
TXN00007317,2026-03-21 07:38:35,USR65505,MCH1188,991.91,UTR5875619884,4110,FAILED,TXN00007317,USR65505,MCH1188,UTR 5875619884,0,0,0,0,0,1,0
TXN00009314,2026-02-10 06:09:46,USR89578,MCH4870,9202.5,UTR0682753399,1310,SUCCESS,TXN00009314,USR89578,MCH4870,UTR0682753399,0,0,0,0,0,0,0
TXN00005446,2026-02-26 21:31:04,USR41646,MCH6067,4985.34,UTR1262500889,4110,SUCCESS,TXN00005446,USR41646,MCH6067,UTR1262500889,0,0,0,0,0,0,0
TXN00014987,2026-03-20 09:44:45,USR71597,MCH6891,19835.69,UTR0992222217,9120,SUCCESS,TXN00014987,USR71597,MCH6891,UTR0992222217,0,0,0,0,0,0,0
TXN00015976,2026-01-28 04:49:06,USR58618,MCH7167,21392.06,UTR1551133333,,SUCCESS,TXN00015976,USR58618,MCH7167,UTR1551133333,0,0,1,0,0,0,0
TXN00018175,2026-01-20 21:50:05,USR99724,MCH1187,22039.46,UTR6259172376,8120,SUCCESS,TXN00018175,USR99724,MCH1187,UTR 6259172376,0,0,0,0,0,0,0
TXN00003327,2026-01-24 05:34:03,USR50180,MCH8041,20077.02,UTR9718863227,4110,SUCCESS,TXN00003327,USR50180,MCH8041,UTR 9718863227,0,0,0,0,0,0,0
TXN00006578,2026-03-14 02:10:32,USR69772,MCH4722,6774.38,UTR2673307361,4110,SUCCESS,TXN00006578,USR69772,MCH4722,UTR2673307361,0,0,0,0,0,0,0
TXN00017824,2026-03-13 18:12:22,USR81401,MCH3791,-10772.53,,1310,SUCCESS,TXN00017824,USR81401,MCH3791,,1,1,0,0,0,0,0
TXN00003900,2026-03-23 19:16:17,USR45274,MCH6867,21118.2,UTR5090389669,4110,PENDING,TXN00003900,USR45274,MCH6867,UTR5090389669,0,0,0,0,0,0,1
TXN00018993,2026-03-20 10:51:22,USR80566,MCH5688,22457.84,UTR0407472273,9120,SUCCESS,TXN00018993,USR80566,MCH5688,UTR0407472273,0,0,0,0,0,0,0
TXN00007977,2026-02-13 17:14:55,USR59729,MCH5534,23043.95,UTR8306436493,0110,FAILED,TXN00007977,USR59729,MCH5534,UTR8306436493,0,0,0,0,0,1,0
TXN00004421,2026-03-07 02:50:51,USR10975,MCH8263,2469.62,UTR0506165263,1310,FAILED,TXN00004421,USR10975,MCH8263,UTR0506165263,0,0,0,0,0,1,0
TXN00017771,2026-01-11 14:25:06,USR19653,MCH2507,0.1771224,UTR3305282374,,SUCCESS,TXN00017771,USR19653,MCH2507,UTR 3305282374,0,0,1,0,0,0,0
TXN00014635,2026-01-16 22:31:03,USR32962,MCH5769,15069.8,UTR5310599417,4110,SUCCESS,TXN00014635,USR32962,MCH5769,UTR5310599417,0,0,0,0,0,0,0
TXN00013022,2026-01-08 22:57:02,USR81136,MCH1729,21673.17,UTR8577323199,4110,SUCCESS,TXN00013022,USR81136,MCH1729,UTR8577323199,0,0,0,0,0,0,0
TXN00000436,2026-03-07 13:21:33,USR14798,MCH7697,17527.22,UTR6105433681,1310,SUCCESS,TXN00000436,USR14798,MCH7697,UTR6105433681,0,0,0,0,0,0,0
TXN00009731,2026-01-03 18:23:13,USR78470,MCH4872,0.346808,UTR6987383825,1310,PENDING,TXN00009731,USR78470,MCH4872,UTR6987383825,0,0,0,0,0,0,1
TXN00016617,2026-02-15 11:32:06,USR62756,MCH7791,4556.72,UTR6515305435,4110,PENDING,TXN00016617,USR62756,MCH7791,UTR6515305435,0,0,0,0,0,0,1
TXN00008680,2026-03-05 07:50:56,USR69132,MCH5952,3604.42,UTR6535850415,1310,SUCCESS,TXN00008680,USR69132,MCH5952,UTR6535850415,0,0,0,0,0,0,0
TXN00018514,2026-03-26 14:40:48,USR27322,MCH2707,0.226642,UTR7923475048,8120,FAILED,TXN00018514,USR27322,MCH2707,UTR7923475048,0,0,0,0,0,1,0
TXN00017996,2026-02-17 06:23:02,USR27839,MCH4801,15550.0,UTR6726426537,0110,SUCCESS,TXN00017996,USR27839,MCH4801,UTR6726426537,0,0,0,0,0,0,0
TXN00006370,2026-03-27 06:59:46,USR61711,MCH7735,0.2075677,UTR8050534838,8120,SUCCESS,TXN00006370,USR61711,MCH7735,UTR8050534838,0,0,0,0,0,0,0
TXN00013444,2026-03-16 13:29:24,USR33990,MCH1756,0.1887574,UTR7666877637,4110,SUCCESS,TXN00013444,USR33990,MCH1756,UTR 7666877637,0,0,0,0,0,0,0
TXN00009497,2026-01-03 00:00:00,USR50302,MCH3807,12387.99,UTR7847095865,,SUCCESS,TXN00009497,USR50302,MCH3807,UTR7847095865,0,0,1,0,0,0,0
TXN00014911,2026-01-05 01:32:21,USR20967,MCH7927,6446.62,UTR8685267263,4110,SUCCESS,TXN00014911,USR20967,MCH7927,UTR8685267263,0,0,0,0,0,0,0
TXN00006669,2026-02-23 04:28:49,USR38687,MCH7200,3807.98,UTR4446218395,8120,SUCCESS,TXN00006669,USR38687,MCH7200,UTR4446218395,0,0,0,0,0,0,0
TXN00001122,2026-01-24 07:59:43,USR39842,MCH3608,0.2389173,UTR0786172667,1310,SUCCESS,TXN00001122,USR39842,MCH3608,UTR0786172667,0,0,0,0,0,0,0
TXN00013817,2026-02-26 20:44:53,USR59959,MCH2658,6482.37,UTR7604415263,0110,SUCCESS,TXN00013817,USR59959,MCH2658,UTR7604415263,0,0,0,0,0,0,0
TXN00010526,2026-01-20 07:07:27,USR84121,MCH7874,19108.5,UTR3019976327,4110,SUCCESS,TXN00010526,USR84121,MCH7874,UTR3019976327,0,0,0,0,0,0,0
TXN00016808,2026-02-09 17:06:59,USR72238,MCH6665,0.2375888,UTR7089965932,0110,SUCCESS,TXN00016808,USR72238,MCH6665,UTR 7089965932,0,0,0,0,0,0,0
TXN00015762,2026-02-14 16:42:08,USR67074,MCH9122,7321.99,UTR4782240357,0110,SUCCESS,TXN00015762,USR67074,MCH9122,UTR4782240357,0,0,0,0,0,0,0
TXN00003442,2026-01-09 10:06:49,USR15218,MCH9840,13196.66,UTR9689714431,8120,SUCCESS,TXN00003442,USR15218,MCH9840,UTR9689714431,0,0,0,0,0,0,0
TXN00017741,2026-02-11 21:24:23,USR93015,MCH8353,10278.44,UTR4787443581,8120,SUCCESS,TXN00017741,USR93015,MCH8353,UTR4787443581,0,0,0,0,0,0,0
TXN00016361,2026-01-28 00:00:00,USR38546,MCH9864,-9036.96,UTR2408665365,,SUCCESS,TXN00016361,USR38546,MCH9864,UTR2408665365,1,0,1,0,0,0,0
TXN00010683,2026-03-26 14:51:46,USR94547,MCH6857,6191.31,UTR0810895888,9120,PENDING,TXN00010683,USR94547,MCH6857,UTR0810895888,0,0,0,0,0,0,1
TXN00001543,2026-03-30 09:28:58,USR65215,MCH6176,14187.13,UTR1713045226,8120,FAILED,TXN00001543,USR65215,MCH6176,UTR1713045226,0,0,0,0,0,1,0
TXN00016226,2026-02-16 12:10:01,USR21946,MCH5589,23634.5,UTR6633529381,4110,FAILED,TXN00016226,USR21946,MCH5589,UTR6633529381,0,0,0,0,0,1,0
TXN00013750,2026-03-04 04:36:03,USR88206,MCH7499,5330.8,UTR3297262942,1310,SUCCESS,TXN00013750,USR88206,MCH7499,UTR 3297262942,0,0,0,0,0,0,0
TXN00004711,2026-03-30 07:04:20,USR57517,MCH8132,10480.05,UTR8624838589,1310,SUCCESS,TXN00004711,USR57517,MCH8132,UTR8624838589,0,0,0,0,0,0,0
TXN00015237,2026-02-23 04:57:21,USR87771,MCH5967,9401.11,UTR7206382142,4110,SUCCESS,TXN00015237,USR87771,MCH5967,UTR7206382142,0,0,0,0,0,0,0
TXN00012851,2026-01-07 18:08:09,USR99515,MCH8216,5634.21,UTR7128976305,4110,SUCCESS,TXN00012851,USR99515,MCH8216,UTR7128976305,0,0,0,0,0,0,0
TXN00018974,2026-02-09 00:00:00,USR16910,MCH1736,17609.54,UTR5129405414,4110,FAILED,TXN00018974,USR16910,MCH1736,UTR5129405414,0,0,0,0,0,1,0
TXN00002234,2026-02-08 10:12:11,USR67423,MCH3231,21308.0,UTR4684317120,9120,FAILED,TXN00002234,USR67423,MCH3231,UTR4684317120,0,0,0,0,0,1,0
TXN00008360,2026-01-02 19:37:13,USR57178,MCH8030,3971.82,UTR7078317314,1310,PENDING,TXN00008360,USR57178,MCH8030,UTR7078317314,0,0,0,0,0,0,1
TXN00016185,2026-02-01 12:26:25,USR24888,MCH6383,3529.43,UTR6616893715,8120,SUCCESS,TXN00016185,USR24888,MCH6383,UTR6616893715,0,0,0,0,0,0,0
TXN00014682,2026-01-15 20:02:48,USR66688,MCH2366,566.04,UTR0353117695,,SUCCESS,TXN00014682,USR66688,MCH2366,UTR0353117695,0,0,1,0,0,0,0
TXN00008512,2026-01-03 01:42:21,USR40225,MCH5306,0.1629548,UTR4120905444,1310,SUCCESS,TXN00008512,USR40225,MCH5306,UTR4120905444,0,0,0,0,0,0,0
TXN00005199,2026-02-28 13:47:48,USR81946,MCH7691,9686.71,UTR3409237296,0110,SUCCESS,TXN00005199,USR81946,MCH7691,UTR3409237296,0,0,0,0,0,0,0
TXN00005979,2026-02-06 08:01:06,USR59785,MCH3463,0.1344415,UTR2114434812,9120,SUCCESS,TXN00005979,USR59785,MCH3463,UTR2114434812,0,0,0,0,0,0,0
TXN00019698,2026-02-17 21:44:48,USR37946,MCH5497,17180.34,UTR0910688127,9120,SUCCESS,TXN00019698,USR37946,MCH5497,UTR0910688127,0,0,0,0,0,0,0
TXN00018602,2026-01-03 13:24:31,USR33632,MCH4219,13674.58,UTR7391958905,1310,SUCCESS,TXN00018602,USR33632,MCH4219,UTR7391958905,0,0,0,0,0,0,0
TXN00012703,2026-02-17 22:27:46,USR11412,MCH1036,18865.54,UTR3131023042,9120,SUCCESS,TXN00012703,USR11412,MCH1036,UTR3131023042,0,0,0,0,0,0,0
TXN00002146,2026-03-15 00:00:00,USR10621,MCH4079,20542.71,UTR2625111089,4110,SUCCESS,TXN00002146,USR10621,MCH4079,UTR2625111089,0,0,0,0,0,0,0
TXN00010569,2026-01-04 02:47:08,USR75277,MCH4451,23213.77,UTR4733246920,1310,SUCCESS,TXN00010569,USR75277,MCH4451,UTR4733246920,0,0,0,0,0,0,0
TXN00014871,2026-01-18 17:47:25,USR36205,MCH8352,4863.88,UTR7446410585,4110,SUCCESS,TXN00014871,USR36205,MCH8352,UTR7446410585,0,0,0,0,0,0,0
TXN00004407,2026-03-19 06:49:59,USR34453,MCH1999,23725.03,UTR7429306225,,PENDING,TXN00004407,USR34453,MCH1999,UTR7429306225,0,0,1,0,0,0,1
TXN00014511,2026-01-18 00:33:03,USR84339,MCH5311,23354.54,UTR2822127200,,SUCCESS,TXN00014511,USR84339,MCH5311,UTR2822127200,0,0,1,0,0,0,0
TXN00003693,2026-03-21 10:58:09,USR70645,MCH9104,19383.0,UTR3298655949,8120,SUCCESS,TXN00003693,USR70645,MCH9104,UTR 3298655949,0,0,0,0,0,0,0
TXN00009489,2026-03-28 07:57:11,USR91625,MCH7526,2502.16,UTR5596602686,1310,SUCCESS,TXN00009489,USR91625,MCH7526,UTR5596602686,0,0,0,0,0,0,0
TXN00019168,2026-03-30 10:01:29,USR26622,MCH3125,9594.04,UTR6355717016,8120,SUCCESS,TXN00019168,USR26622,MCH3125,UTR 6355717016,0,0,0,0,0,0,0
TXN00009908,2026-02-15 13:23:26,USR11221,MCH5092,16.02,UTR7524713564,9120,SUCCESS,TXN00009908,USR11221,MCH5092,UTR7524713564,0,0,0,0,0,0,0
TXN00003860,2026-02-23 11:05:24,USR88768,MCH9012,20842.76,UTR7333229487,4110,SUCCESS,TXN00003860,USR88768,MCH9012,UTR7333229487,0,0,0,0,0,0,0
TXN00011272,2026-02-11 20:52:46,USR14582,MCH1187,2258.0,UTR0765719193,8120,SUCCESS,TXN00011272,USR14582,MCH1187,UTR0765719193,0,0,0,0,0,0,0
TXN00003276,2026-01-29 01:25:42,USR54780,MCH2929,20536.5,UTR3533980149,9120,SUCCESS,TXN00003276,USR54780,MCH2929,UTR3533980149,0,0,0,0,0,0,0
TXN00000958,2026-01-28 00:23:05,USR75937,MCH7137,1183.68,UTR1494367780,,FAILED,TXN00000958,USR75937,MCH7137,UTR1494367780,0,0,1,0,0,1,0
TXN00003415,2026-02-02 02:32:59,USR11349,MCH5064,19595.62,UTR2616445791,9120,SUCCESS,TXN00003415,USR11349,MCH5064,UTR2616445791,0,0,0,0,0,0,0
TXN00005826,2026-01-23 00:00:00,USR92621,MCH5875,9036.79,UTR3054395961,0110,SUCCESS,TXN00005826,USR92621,MCH5875,UTR3054395961,0,0,0,0,0,0,0
TXN00001947,2026-02-14 11:18:59,USR33984,MCH8762,11010.57,UTR7240090404,8120,FAILED,TXN00001947,USR33984,MCH8762,UTR7240090404,0,0,0,0,0,1,0
TXN00015333,2026-12-01 07:45:43,USR82519,MCH1071,14660.83,UTR7533695087,4110,SUCCESS,TXN00015333,USR82519,MCH1071,UTR7533695087,0,0,0,0,0,0,0
TXN00014050,2026-01-30 01:49:31,USR53715,MCH1738,492.0,UTR4495414272,4110,SUCCESS,TXN00014050,USR53715,MCH1738,UTR4495414272,0,0,0,0,0,0,0
TXN00007732,2026-03-08 07:45:19,USR36724,MCH5026,3536.74,UTR1692482198,9120,SUCCESS,TXN00007732,USR36724,MCH5026,UTR1692482198,0,0,0,0,0,0,0
TXN00010984,2026-03-07 17:40:19,USR92458,MCH6767,8928.65,UTR5386627822,,SUCCESS,TXN00010984,USR92458,MCH6767,UTR5386627822,0,0,1,0,0,0,0
TXN00010392,2026-03-09 14:29:12,USR32402,MCH9325,13546.75,UTR3470636245,,FAILED,TXN00010392,USR32402,MCH9325,UTR3470636245,0,0,1,0,0,1,0
TXN00014174,2026-01-07 17:55:33,USR62342,MCH5620,20411.78,UTR0581928628,0110,SUCCESS,TXN00014174,USR62342,MCH5620,UTR0581928628,0,0,0,0,0,0,0
TXN00014608,2026-02-12 00:00:00,USR43854,MCH8963,0.1578033,UTR2688650475,0110,SUCCESS,TXN00014608,USR43854,MCH8963,UTR 2688650475,0,0,0,0,0,0,0
TXN00003561,2026-02-24 06:05:30,USR82487,MCH4577,0.766852,UTR6037065928,0110,PENDING,TXN00003561,USR82487,MCH4577,UTR6037065928,0,0,0,0,0,0,1
TXN00002817,2026-02-08 15:29:11,USR54708,MCH5300,12477.0,UTR1796114864,0110,SUCCESS,TXN00002817,USR54708,MCH5300,UTR1796114864,0,0,0,0,0,0,0
TXN00014012,2026-03-04 11:49:24,USR50582,MCH4816,22794.33,UTR9250939574,1310,SUCCESS,TXN00014012,USR50582,MCH4816,UTR 9250939574,0,0,0,0,0,0,0
TXN00000883,2026-02-10 19:00:19,USR69777,MCH9893,502.57,UTR5778601955,1310,SUCCESS,TXN00000883,USR69777,MCH9893,UTR5778601955,0,0,0,0,0,0,0
TXN00008570,2026-03-20 17:56:23,USR11710,MCH3009,6867.57,UTR8763795565,9120,SUCCESS,TXN00008570,USR11710,MCH3009,UTR8763795565,0,0,0,0,0,0,0
TXN00017427,2026-03-27 04:08:43,USR77559,MCH5401,3699.61,UTR8318733494,0110,SUCCESS,TXN00017427,USR77559,MCH5401,UTR8318733494,0,0,0,0,0,0,0
TXN00000598,2026-03-27 13:50:55,USR37696,MCH9015,0.431627,UTR1756910119,8120,SUCCESS,TXN00000598,USR37696,MCH9015,UTR1756910119,0,0,0,0,0,0,0
TXN00006962,2026-01-09 11:56:18,USR94153,MCH4161,9998.99,UTR3882378578,9120,SUCCESS,TXN00006962,USR94153,MCH4161,UTR3882378578,0,0,0,0,0,0,0
TXN00014589,2026-01-24 12:28:51,USR37568,MCH8866,14778.76,UTR8436782034,8120,SUCCESS,TXN00014589,USR37568,MCH8866,UTR8436782034,0,0,0,0,0,0,0
TXN00016318,2026-01-26 23:13:08,USR51564,MCH9261,18228.65,UTR8006344503,8120,SUCCESS,TXN00016318,USR51564,MCH9261,UTR 8006344503,0,0,0,0,0,0,0
TXN00014568,2026-02-01 21:54:10,USR42028,MCH5553,22233.24,UTR6165125816,0110,SUCCESS,TXN00014568,USR42028,MCH5553,UTR6165125816,0,0,0,0,0,0,0
TXN00015173,2026-02-18 00:00:00,USR21839,MCH4634,18734.77,UTR0175987371,4110,SUCCESS,TXN00015173,USR21839,MCH4634,UTR0175987371,0,0,0,0,0,0,0
TXN00006260,2026-01-15 20:48:43,USR46647,MCH8587,0.539442,UTR0466670226,4110,SUCCESS,TXN00006260,USR46647,MCH8587,UTR0466670226,0,0,0,0,0,0,0
TXN00004497,2026-02-18 01:21:48,USR97612,MCH4821,12209.56,UTR3072468622,4110,SUCCESS,TXN00004497,USR97612,MCH4821,UTR3072468622,0,0,0,0,0,0,0
TXN00000447,2026-03-02 03:15:48,USR74677,MCH4496,24650.17,UTR4893368033,0110,SUCCESS,TXN00000447,USR74677,MCH4496,UTR4893368033,0,0,0,0,0,0,0
TXN00002215,2026-01-02 12:45:52,USR75269,MCH2205,18169.51,UTR8340091152,1310,FAILED,TXN00002215,USR75269,MCH2205,UTR8340091152,0,0,0,0,0,1,0
TXN00019997,2026-02-01 21:20:51,USR77634,MCH4084,1179.88,UTR9968524304,1310,SUCCESS,TXN00019997,USR77634,MCH4084,UTR9968524304,0,0,0,0,0,0,0
TXN00019013,2026-03-16 01:00:51,USR76613,MCH2711,0.945699,UTR6870240915,1310,SUCCESS,TXN00019013,USR76613,MCH2711,UTR6870240915,0,0,0,0,0,0,0
TXN00013551,2026-02-20 00:00:00,USR13959,MCH1876,8682.23,,8120,SUCCESS,TXN00013551,USR13959,MCH1876,,0,1,0,0,0,0,0
TXN00018789,2026-03-15 06:03:40,USR95459,MCH4531,24728.0,UTR5498336935,8120,SUCCESS,TXN00018789,USR95459,MCH4531,UTR 5498336935,0,0,0,0,0,0,0
TXN00014955,2026-03-31 19:29:33,USR17535,MCH6522,14787.65,,4110,SUCCESS,TXN00014955,USR17535,MCH6522,,0,1,0,0,0,0,0
TXN00005537,2026-03-27 21:09:19,USR53758,MCH4257,3646.43,UTR8556895722,4110,SUCCESS,TXN00005537,USR53758,MCH4257,UTR8556895722,0,0,0,0,0,0,0
TXN00013405,2026-02-16 06:23:34,USR77767,MCH1507,6671.09,UTR9151741096,1310,SUCCESS,TXN00013405,USR77767,MCH1507,UTR9151741096,0,0,0,0,0,0,0
TXN00017589,2026-02-22 04:36:06,USR29843,MCH9625,9066.64,UTR5899502589,0110,FAILED,TXN00017589,USR29843,MCH9625,UTR5899502589,0,0,0,0,0,1,0
TXN00013950,2026-03-05 01:59:51,USR97996,MCH2002,0.2246834,UTR2280215459,1310,SUCCESS,TXN00013950,USR97996,MCH2002,UTR2280215459,0,0,0,0,0,0,0
TXN00009859,2026-01-04 16:13:54,USR95344,MCH8116,8308.53,UTR0780204177,8120,SUCCESS,TXN00009859,USR95344,MCH8116,UTR0780204177,0,0,0,0,0,0,0
TXN00007386,2026-03-06 01:05:34,USR18488,MCH6033,8142.0,UTR4805576825,0110,SUCCESS,TXN00007386,USR18488,MCH6033,UTR4805576825,0,0,0,0,0,0,0
TXN00003770,2026-06-02 14:51:54,USR17848,MCH3884,2923.41,UTR2034217329,0110,SUCCESS,TXN00003770,USR17848,MCH3884,UTR2034217329,0,0,0,0,0,0,0
TXN00001670,2026-01-29 15:56:15,USR15518,MCH2376,-20438.07,,4110,SUCCESS,TXN00001670,USR15518,MCH2376,,1,1,0,0,0,0,0
TXN00012120,2026-01-03 19:02:46,USR79624,MCH8295,19002.33,UTR2931500422,4110,SUCCESS,TXN00012120,USR79624,MCH8295,UTR 2931500422,0,0,0,0,0,0,0
TXN00008500,2026-01-31 14:21:51,USR35069,MCH1911,7909.46,UTR4212784480,4110,SUCCESS,TXN00008500,USR35069,MCH1911,UTR4212784480,0,0,0,0,0,0,0
TXN00009420,2026-03-10 22:02:49,USR38803,MCH3991,12941.35,,4110,SUCCESS,TXN00009420,USR38803,MCH3991,,0,1,0,0,0,0,0
TXN00001199,2026-02-17 15:49:48,USR65987,MCH8919,18743.8,UTR0251796640,4110,SUCCESS,TXN00001199,USR65987,MCH8919,UTR0251796640,0,0,0,0,0,0,0
TXN00001448,2026-03-22 19:02:02,USR55075,MCH6082,20954.5,UTR2829070364,9120,SUCCESS,TXN00001448,USR55075,MCH6082,UTR2829070364,0,0,0,0,0,0,0
TXN00014875,2026-01-26 04:20:01,USR58506,MCH9305,19357.65,UTR2465949716,1310,FAILED,TXN00014875,USR58506,MCH9305,UTR2465949716,0,0,0,0,0,1,0
TXN00004839,2026-01-30 06:53:38,USR38591,MCH4660,1004.89,UTR2700569632,8120,SUCCESS,TXN00004839,USR38591,MCH4660,UTR 2700569632,0,0,0,0,0,0,0
TXN00009359,2026-01-04 10:51:24,USR76631,MCH5171,21360.11,,4110,SUCCESS,TXN00009359,USR76631,MCH5171,,0,1,0,0,0,0,0
TXN00006498,2026-01-08 00:00:00,USR78391,MCH2425,655.72,UTR0125260109,9120,SUCCESS,TXN00006498,USR78391,MCH2425,UTR0125260109,0,0,0,0,0,0,0
TXN00015195,2026-03-24 08:08:46,USR28928,MCH2783,6221.0,UTR9027146413,9120,SUCCESS,TXN00015195,USR28928,MCH2783,UTR9027146413,0,0,0,0,0,0,0
TXN00017531,2026-02-02 18:10:31,USR48796,MCH2299,16082.6,UTR8893138371,,SUCCESS,TXN00017531,USR48796,MCH2299,UTR8893138371,0,0,1,0,0,0,0
TXN00002818,2026-01-31 12:34:16,USR58936,MCH1878,312.46,UTR2465743439,9120,SUCCESS,TXN00002818,USR58936,MCH1878,UTR2465743439,0,0,0,0,0,0,0
TXN00000217,2026-01-11 07:57:18,USR58918,MCH9871,8141.74,UTR9162764417,8120,SUCCESS,TXN00000217,USR58918,MCH9871,UTR9162764417,0,0,0,0,0,0,0
TXN00004396,2026-02-27 11:56:00,USR14434,MCH5447,-21055.71,UTR5688040998,4110,SUCCESS,TXN00004396,USR14434,MCH5447,UTR5688040998,1,0,0,0,0,0,0
TXN00015949,2026-01-06 00:00:00,USR56741,MCH6250,12292.37,UTR9288393262,9120,SUCCESS,TXN00015949,USR56741,MCH6250,UTR9288393262,0,0,0,0,0,0,0
TXN00017140,2026-01-26 16:19:39,USR97573,MCH6717,18027.75,UTR4254043147,4110,SUCCESS,TXN00017140,USR97573,MCH6717,UTR4254043147,0,0,0,0,0,0,0
TXN00007546,2026-01-10 00:00:00,USR24502,MCH5596,1176.65,UTR2634566812,4110,SUCCESS,TXN00007546,USR24502,MCH5596,UTR2634566812,0,0,0,0,0,0,0
TXN00003690,2026-02-28 01:14:56,USR82470,MCH8580,488.7,UTR3407038171,8120,SUCCESS,TXN00003690,USR82470,MCH8580,UTR3407038171,0,0,0,0,0,0,0
TXN00013424,2026-05-03 05:33:39,USR68223,MCH4714,17252.88,UTR0790639145,9120,SUCCESS,TXN00013424,USR68223,MCH4714,UTR 0790639145,0,0,0,0,0,0,0
TXN00009827,2026-03-09 12:22:38,USR34968,MCH6561,11897.84,UTR5344075115,1310,SUCCESS,TXN00009827,USR34968,MCH6561,UTR5344075115,0,0,0,0,0,0,0
TXN00018769,2026-02-07 08:19:49,USR22345,MCH8984,17519.8,UTR0939785717,4110,SUCCESS,TXN00018769,USR22345,MCH8984,UTR0939785717,0,0,0,0,0,0,0
TXN00006677,2026-01-20 12:06:19,USR44214,MCH5710,15848.24,UTR3283005659,4110,SUCCESS,TXN00006677,USR44214,MCH5710,UTR3283005659,0,0,0,0,0,0,0
TXN00003903,2026-01-07 14:22:36,USR72721,MCH4704,22877.37,UTR2222244899,,SUCCESS,TXN00003903,USR72721,MCH4704,UTR2222244899,0,0,1,0,0,0,0
TXN00010903,2026-02-24 14:41:24,USR26359,MCH6140,19748.8,,8120,SUCCESS,TXN00010903,USR26359,MCH6140,,0,1,0,0,0,0,0
TXN00016974,2026-03-06 20:27:55,USR28095,MCH6281,23434.12,UTR0279851852,4110,SUCCESS,TXN00016974,USR28095,MCH6281,UTR0279851852,0,0,0,0,0,0,0
TXN00009592,2026-01-10 10:38:21,USR61857,MCH7627,3204.96,UTR4863945236,4110,SUCCESS,TXN00009592,USR61857,MCH7627,UTR4863945236,0,0,0,0,0,0,0
TXN00011556,2026-02-22 08:52:31,USR84235,MCH1734,14124.67,UTR1125218552,,SUCCESS,TXN00011556,USR84235,MCH1734,UTR1125218552,0,0,1,0,0,0,0
TXN00001332,2026-01-04 20:52:56,USR29841,MCH2781,17982.85,UTR0423450142,4110,SUCCESS,TXN00001332,USR29841,MCH2781,UTR0423450142,0,0,0,0,0,0,0
TXN00013679,2026-02-20 05:11:36,USR54417,MCH9774,11333.88,,1310,SUCCESS,TXN00013679,USR54417,MCH9774,,0,1,0,0,0,0,0
TXN00010137,2026-01-27 20:01:13,USR99699,MCH6976,-2989.52,UTR2111122394,,FAILED,TXN00010137,USR99699,MCH6976,UTR2111122394,1,0,1,0,0,1,0
TXN00009159,2026-03-16 07:30:05,USR37409,MCH1959,16490.66,UTR5612629439,9120,SUCCESS,TXN00009159,USR37409,MCH1959,UTR5612629439,0,0,0,0,0,0,0
TXN00004945,2026-03-06 16:04:40,USR84338,MCH2931,19850.44,UTR1333206211,8120,SUCCESS,TXN00004945,USR84338,MCH2931,UTR1333206211,0,0,0,0,0,0,0
TXN00008248,2026-03-25 20:28:05,USR77726,MCH8904,14775.89,UTR5141781610,0110,SUCCESS,TXN00008248,USR77726,MCH8904,UTR5141781610,0,0,0,0,0,0,0
TXN00001669,2026-03-09 21:26:18,USR60146,MCH2654,2918.0,UTR8614983586,4110,SUCCESS,TXN00001669,USR60146,MCH2654,UTR8614983586,0,0,0,0,0,0,0
TXN00009510,2026-01-31 23:40:22,USR63213,MCH6948,4016.12,UTR2957316439,4110,SUCCESS,TXN00009510,USR63213,MCH6948,UTR2957316439,0,0,0,0,0,0,0
TXN00003717,2026-01-05 13:14:52,USR29181,MCH7012,8505.9,UTR2619231363,4110,SUCCESS,TXN00003717,USR29181,MCH7012,UTR2619231363,0,0,0,0,0,0,0
TXN00018627,2026-01-14 09:01:42,USR61050,MCH2747,2773.94,UTR5105045684,4110,SUCCESS,TXN00018627,USR61050,MCH2747,UTR5105045684,0,0,0,0,0,0,0
TXN00018377,2026-01-23 11:30:52,USR39494,MCH1107,20775.59,UTR1346864702,8120,SUCCESS,TXN00018377,USR39494,MCH1107,UTR1346864702,0,0,0,0,0,0,0
TXN00003178,2026-03-07 10:04:57,USR85992,MCH6264,22043.0,UTR8460490130,,SUCCESS,TXN00003178,USR85992,MCH6264,UTR 8460490130,0,0,1,0,0,0,0
TXN00008737,2026-03-02 07:02:26,USR10560,MCH4646,9783.4,UTR8975330634,8120,SUCCESS,TXN00008737,USR10560,MCH4646,UTR8975330634,0,0,0,0,0,0,0
TXN00007213,2026-01-02 00:40:49,USR66464,MCH9769,6687.58,UTR1300996770,4110,SUCCESS,TXN00007213,USR66464,MCH9769,UTR1300996770,0,0,0,0,0,0,0
TXN00017017,2026-09-03 14:50:13,USR37353,MCH1208,7992.36,UTR0823062163,4110,SUCCESS,TXN00017017,USR37353,MCH1208,UTR0823062163,0,0,0,0,0,0,0
TXN00012600,2026-02-11 22:08:19,USR63935,MCH4838,13945.95,UTR1953834705,0110,SUCCESS,TXN00012600,USR63935,MCH4838,UTR1953834705,0,0,0,0,0,0,0
TXN00006523,2026-03-18 20:59:19,USR93535,MCH3454,19815.57,UTR3864806127,4110,SUCCESS,TXN00006523,USR93535,MCH3454,UTR3864806127,0,0,0,0,0,0,0
TXN00002463,2026-01-16 18:03:48,USR47976,MCH3110,15588.91,UTR6892405551,8120,SUCCESS,TXN00002463,USR47976,MCH3110,UTR6892405551,0,0,0,0,0,0,0
TXN00013378,2026-03-19 00:00:00,USR64276,MCH1513,24248.44,UTR5460080522,9120,SUCCESS,TXN00013378,USR64276,MCH1513,UTR5460080522,0,0,0,0,0,0,0
TXN00004161,2026-01-27 19:02:15,USR35492,MCH7880,12866.39,UTR8257795933,,PENDING,TXN00004161,USR35492,MCH7880,UTR8257795933,0,0,1,0,0,0,1
TXN00013699,2026-02-04 12:07:17,USR32477,MCH5382,5669.35,UTR0701569906,0110,SUCCESS,TXN00013699,USR32477,MCH5382,UTR0701569906,0,0,0,0,0,0,0
TXN00001506,2026-03-26 10:19:07,USR39079,MCH2234,9977.0,UTR0371717356,9120,SUCCESS,TXN00001506,USR39079,MCH2234,UTR0371717356,0,0,0,0,0,0,0
TXN00017634,2026-02-26 02:34:08,USR47176,MCH2207,0.1599365,UTR8925110800,1310,SUCCESS,TXN00017634,USR47176,MCH2207,UTR 8925110800,0,0,0,0,0,0,0
TXN00013228,2026-01-03 08:03:24,USR49278,MCH5746,17905.14,UTR6248231605,4110,SUCCESS,TXN00013228,USR49278,MCH5746,UTR6248231605,0,0,0,0,0,0,0
TXN00015889,2026-01-25 01:17:34,USR59516,MCH6421,12800.58,UTR2799513471,,SUCCESS,TXN00015889,USR59516,MCH6421,UTR2799513471,0,0,1,0,0,0,0
TXN00006725,2026-01-20 09:48:23,USR15828,MCH2114,14905.64,UTR1952463281,1310,SUCCESS,TXN00006725,USR15828,MCH2114,UTR1952463281,0,0,0,0,0,0,0
TXN00006793,2026-03-04 21:05:34,USR71616,MCH4098,9967.98,UTR0945446856,,SUCCESS,TXN00006793,USR71616,MCH4098,UTR0945446856,0,0,1,0,0,0,0
TXN00008094,2026-03-16 08:36:16,USR70176,MCH1450,24402.2,UTR5688228364,4110,SUCCESS,TXN00008094,USR70176,MCH1450,UTR5688228364,0,0,0,0,0,0,0
TXN00008116,2026-03-22 10:22:28,USR58627,MCH8540,7018.78,UTR0388598653,0110,SUCCESS,TXN00008116,USR58627,MCH8540,UTR0388598653,0,0,0,0,0,0,0
TXN00008306,2026-02-12 14:17:20,USR76083,MCH5028,5036.4,UTR6292296255,,FAILED,TXN00008306,USR76083,MCH5028,UTR6292296255,0,0,1,0,0,1,0
TXN00000255,2026-03-21 05:28:19,USR70370,MCH6653,4245.62,UTR6919302822,4110,SUCCESS,TXN00000255,USR70370,MCH6653,UTR6919302822,0,0,0,0,0,0,0
TXN00011285,2026-01-25 13:33:42,USR15616,MCH8667,21994.22,UTR3580372837,1310,SUCCESS,TXN00011285,USR15616,MCH8667,UTR 3580372837,0,0,0,0,0,0,0
TXN00002191,2026-02-04 00:00:00,USR24992,MCH2153,6514.57,UTR4626261461,4110,SUCCESS,TXN00002191,USR24992,MCH2153,UTR4626261461,0,0,0,0,0,0,0
TXN00000385,2026-01-21 18:04:02,USR57823,MCH3016,0.1837943,UTR9181508936,4110,SUCCESS,TXN00000385,USR57823,MCH3016,UTR9181508936,0,0,0,0,0,0,0
TXN00012415,2026-03-07 16:13:10,USR46193,MCH8867,3578.19,UTR5341084205,9120,PENDING,TXN00012415,USR46193,MCH8867,UTR5341084205,0,0,0,0,0,0,1
TXN00013827,2026-01-22 06:10:44,USR26953,MCH5274,0.1226658,UTR4960044909,8120,SUCCESS,TXN00013827,USR26953,MCH5274,UTR4960044909,0,0,0,0,0,0,0
TXN00000404,2026-02-23 23:02:02,USR70917,MCH6517,20663.17,UTR2715061287,9120,SUCCESS,TXN00000404,USR70917,MCH6517,UTR 2715061287,0,0,0,0,0,0,0
TXN00017091,2026-01-11 01:34:51,USR51274,MCH1121,2249.97,UTR7181547104,0110,SUCCESS,TXN00017091,USR51274,MCH1121,UTR7181547104,0,0,0,0,0,0,0
TXN00019065,2026-02-04 04:11:00,USR30355,MCH9736,-1222.66,UTR0197627427,8120,SUCCESS,TXN00019065,USR30355,MCH9736,UTR0197627427,1,0,0,0,0,0,0
TXN00004782,2026-01-13 22:15:11,USR10692,MCH9264,4686.24,UTR2878382575,,SUCCESS,TXN00004782,USR10692,MCH9264,UTR2878382575,0,0,1,0,0,0,0
TXN00008553,2026-02-25 09:45:11,USR55365,MCH7511,16209.0,UTR7198166382,9120,SUCCESS,TXN00008553,USR55365,MCH7511,UTR7198166382,0,0,0,0,0,0,0
TXN00019295,2026-02-14 01:32:44,USR21141,MCH8454,23785.62,UTR1048391771,1310,SUCCESS,TXN00019295,USR21141,MCH8454,UTR1048391771,0,0,0,0,0,0,0
TXN00016750,2026-02-07 15:15:11,USR41347,MCH9511,4582.5,UTR2766864199,9120,PENDING,TXN00016750,USR41347,MCH9511,UTR2766864199,0,0,0,0,0,0,1
TXN00014229,2026-01-14 20:29:47,USR92470,MCH3656,53.1,,1310,SUCCESS,TXN00014229,USR92470,MCH3656,,0,1,0,0,0,0,0
TXN00017497,2026-02-18 09:56:27,USR28456,MCH6971,12003.34,UTR0056911545,8120,SUCCESS,TXN00017497,USR28456,MCH6971,UTR0056911545,0,0,0,0,0,0,0
TXN00008735,2026-01-06 07:04:58,USR85084,MCH4402,9652.63,UTR5298292829,0110,SUCCESS,TXN00008735,USR85084,MCH4402,UTR5298292829,0,0,0,0,0,0,0
TXN00019109,2026-03-17 00:23:35,USR49332,MCH7937,24539.0,UTR2467027333,4110,SUCCESS,TXN00019109,USR49332,MCH7937,UTR2467027333,0,0,0,0,0,0,0
TXN00000627,2026-02-14 16:35:03,USR70806,MCH9375,11568.74,UTR2791064926,,FAILED,TXN00000627,USR70806,MCH9375,UTR2791064926,0,0,1,0,0,1,0
TXN00016699,2026-01-03 07:11:26,USR49491,MCH2222,16678.37,UTR2323782705,4110,SUCCESS,TXN00016699,USR49491,MCH2222,UTR2323782705,0,0,0,0,0,0,0
TXN00009509,2026-02-21 16:17:33,USR69494,MCH6960,7212.42,UTR8931736373,,PENDING,TXN00009509,USR69494,MCH6960,UTR8931736373,0,0,1,0,0,0,1
TXN00018958,2026-03-22 12:01:52,USR40575,MCH9857,20358.0,UTR3525835458,1310,FAILED,TXN00018958,USR40575,MCH9857,UTR3525835458,0,0,0,0,0,1,0
TXN00003775,2026-03-26 19:40:59,USR46329,MCH6793,16469.95,UTR0596639456,8120,SUCCESS,TXN00003775,USR46329,MCH6793,UTR0596639456,0,0,0,0,0,0,0
TXN00014151,2026-01-19 06:51:39,USR80723,MCH1658,15988.38,UTR1504123598,4110,SUCCESS,TXN00014151,USR80723,MCH1658,UTR1504123598,0,0,0,0,0,0,0
TXN00013411,2026-02-10 02:44:22,USR83675,MCH1116,3047.7,UTR8045331258,4110,FAILED,TXN00013411,USR83675,MCH1116,UTR8045331258,0,0,0,0,0,1,0
TXN00011756,2026-03-23 22:56:48,USR81898,MCH4626,12702.28,UTR3657013958,1310,SUCCESS,TXN00011756,USR81898,MCH4626,UTR3657013958,0,0,0,0,0,0,0
TXN00016529,2026-02-16 07:05:11,USR97426,MCH4347,2720.95,UTR2779101420,4110,SUCCESS,TXN00016529,USR97426,MCH4347,UTR2779101420,0,0,0,0,0,0,0
TXN00002483,2026-03-15 01:11:54,USR97014,MCH5451,23601.61,UTR0357390412,0110,SUCCESS,TXN00002483,USR97014,MCH5451,UTR0357390412,0,0,0,0,0,0,0
TXN00009125,2026-02-23 10:23:55,USR51515,MCH2600,9829.84,UTR2427182079,8120,SUCCESS,TXN00009125,USR51515,MCH2600,UTR2427182079,0,0,0,0,0,0,0
TXN00010460,2026-01-12 09:48:47,USR63223,MCH3587,13104.59,UTR3180976482,4110,SUCCESS,TXN00010460,USR63223,MCH3587,UTR3180976482,0,0,0,0,0,0,0
TXN00013215,2026-02-21 19:14:50,USR98250,MCH6202,815.06,UTR8143323991,1310,SUCCESS,TXN00013215,USR98250,MCH6202,UTR8143323991,0,0,0,0,0,0,0
TXN00017655,2026-03-06 00:42:05,USR87626,MCH8666,4821.05,UTR0114052642,,SUCCESS,TXN00017655,USR87626,MCH8666,UTR0114052642,0,0,1,0,0,0,0
TXN00005413,2026-01-01 01:35:33,USR30535,MCH8214,18414.46,UTR1457728815,8120,SUCCESS,TXN00005413,USR30535,MCH8214,UTR1457728815,0,0,0,0,0,0,0
TXN00003223,2026-10-02 15:49:43,USR16198,MCH9535,2098.02,UTR9083125848,,SUCCESS,TXN00003223,USR16198,MCH9535,UTR9083125848,0,0,1,0,0,0,0
TXN00005303,2026-02-23 11:11:51,USR79472,MCH8558,19049.63,UTR3829262325,4110,FAILED,TXN00005303,USR79472,MCH8558,UTR3829262325,0,0,0,0,0,1,0
TXN00019570,2026-01-23 07:57:03,USR65399,MCH3915,14781.56,UTR3742042838,0110,SUCCESS,TXN00019570,USR65399,MCH3915,UTR3742042838,0,0,0,0,0,0,0
TXN00004638,2026-02-13 21:13:01,USR58348,MCH9413,16561.22,UTR3841984329,0110,SUCCESS,TXN00004638,USR58348,MCH9413,UTR3841984329,0,0,0,0,0,0,0
TXN00011741,2026-02-24 23:08:48,USR31823,MCH1684,8065.11,UTR5759087424,8120,SUCCESS,TXN00011741,USR31823,MCH1684,UTR5759087424,0,0,0,0,0,0,0
TXN00009471,2026-03-12 08:22:19,USR52079,MCH4844,11631.23,UTR5032600094,9120,SUCCESS,TXN00009471,USR52079,MCH4844,UTR5032600094,0,0,0,0,0,0,0
TXN00000216,2026-03-30 14:34:37,USR43105,MCH5600,5938.85,UTR5923648967,0110,SUCCESS,TXN00000216,USR43105,MCH5600,UTR5923648967,0,0,0,0,0,0,0
TXN00013916,2026-02-15 16:44:03,USR71133,MCH2828,18666.7,UTR1399449605,0110,SUCCESS,TXN00013916,USR71133,MCH2828,UTR1399449605,0,0,0,0,0,0,0
TXN00009789,2026-03-06 07:42:28,USR79306,MCH7837,12558.27,UTR2103301230,8120,SUCCESS,TXN00009789,USR79306,MCH7837,UTR2103301230,0,0,0,0,0,0,0
TXN00004861,2026-01-07 21:28:11,USR96444,MCH7140,15639.58,UTR2931791960,1310,SUCCESS,TXN00004861,USR96444,MCH7140,UTR2931791960,0,0,0,0,0,0,0
TXN00014147,2026-07-02 22:14:53,USR50826,MCH5216,16503.47,UTR7351388555,,FAILED,TXN00014147,USR50826,MCH5216,UTR7351388555,0,0,1,0,0,1,0
TXN00014038,2026-03-10 12:15:59,USR19604,MCH4460,0.102311,,4110,SUCCESS,TXN00014038,USR19604,MCH4460,,0,1,0,0,0,0,0
TXN00018715,2026-11-01 03:13:07,USR13566,MCH1000,1946.18,UTR6382970625,1310,SUCCESS,TXN00018715,USR13566,MCH1000,UTR6382970625,0,0,0,0,0,0,0
TXN00015856,2026-03-14 00:44:11,USR72966,MCH2041,7292.14,UTR0172213011,4110,FAILED,TXN00015856,USR72966,MCH2041,UTR0172213011,0,0,0,0,0,1,0
TXN00000185,2026-02-15 00:00:00,USR87121,MCH6214,6455.96,UTR8088401244,4110,SUCCESS,TXN00000185,USR87121,MCH6214,UTR8088401244,0,0,0,0,0,0,0
TXN00012231,2026-03-31 14:24:10,USR57796,MCH1907,15377.21,UTR4572602870,0110,SUCCESS,TXN00012231,USR57796,MCH1907,UTR4572602870,0,0,0,0,0,0,0
TXN00008931,2026-01-30 10:51:08,USR77127,MCH8973,0.984904,,8120,SUCCESS,TXN00008931,USR77127,MCH8973,,0,1,0,0,0,0,0
TXN00012980,2026-03-20 04:41:20,USR51654,MCH9283,0.1819912,UTR5800965300,4110,SUCCESS,TXN00012980,USR51654,MCH9283,UTR5800965300,0,0,0,0,0,0,0
TXN00014494,2026-03-31 12:56:14,USR55463,MCH2479,1806.77,UTR7352586812,1310,SUCCESS,TXN00014494,USR55463,MCH2479,UTR7352586812,0,0,0,0,0,0,0
TXN00013928,2026-02-19 10:25:31,USR19269,MCH2748,0.90939,UTR2378727230,0110,SUCCESS,TXN00013928,USR19269,MCH2748,UTR2378727230,0,0,0,0,0,0,0
TXN00019832,2026-02-15 12:08:11,USR48691,MCH7985,6785.08,,1310,SUCCESS,TXN00019832,USR48691,MCH7985,,0,1,0,0,0,0,0
TXN00000612,2026-01-25 02:16:17,USR51864,MCH7140,19987.27,UTR9986078091,0110,SUCCESS,TXN00000612,USR51864,MCH7140,UTR9986078091,0,0,0,0,0,0,0
TXN00007497,2026-02-09 16:40:41,USR15482,MCH4801,1823.64,UTR1888445933,1310,SUCCESS,TXN00007497,USR15482,MCH4801,UTR1888445933,0,0,0,0,0,0,0
TXN00003131,2026-02-05 11:55:28,USR20180,MCH4685,-20129.21,UTR0970802291,0110,SUCCESS,TXN00003131,USR20180,MCH4685,UTR0970802291,1,0,0,0,0,0,0
TXN00015621,2026-01-18 18:39:52,USR90441,MCH9806,10708.04,UTR6010307996,9120,SUCCESS,TXN00015621,USR90441,MCH9806,UTR6010307996,0,0,0,0,0,0,0
TXN00006759,2026-02-19 14:32:06,USR85060,MCH8110,24980.0,UTR9388842657,0110,SUCCESS,TXN00006759,USR85060,MCH8110,UTR9388842657,0,0,0,0,0,0,0
TXN00008400,2026-02-17 02:59:41,USR16956,MCH3271,23921.32,UTR6283690870,1310,SUCCESS,TXN00008400,USR16956,MCH3271,UTR6283690870,0,0,0,0,0,0,0
TXN00012309,2026-02-01 09:53:56,USR48425,MCH2460,4318.18,UTR3839888387,9120,SUCCESS,TXN00012309,USR48425,MCH2460,UTR3839888387,0,0,0,0,0,0,0
TXN00000688,2026-03-13 13:25:20,USR48401,MCH1042,7006.68,UTR9634407789,8120,SUCCESS,TXN00000688,USR48401,MCH1042,UTR9634407789,0,0,0,0,0,0,0
TXN00013770,2026-01-30 02:11:31,USR95069,MCH9229,4776.0,UTR0428979487,0110,SUCCESS,TXN00013770,USR95069,MCH9229,UTR0428979487,0,0,0,0,0,0,0
TXN00010976,2026-03-16 11:27:40,USR37512,MCH5753,11208.74,UTR8867301664,4110,SUCCESS,TXN00010976,USR37512,MCH5753,UTR8867301664,0,0,0,0,0,0,0
TXN00013821,2026-01-05 06:18:20,USR91910,MCH5139,4396.03,UTR9107992269,9120,SUCCESS,TXN00013821,USR91910,MCH5139,UTR9107992269,0,0,0,0,0,0,0
TXN00013659,2026-02-28 05:06:46,USR79296,MCH1156,5052.97,UTR6918406084,,SUCCESS,TXN00013659,USR79296,MCH1156,UTR6918406084,0,0,1,0,0,0,0
TXN00013045,2026-03-03 00:00:00,USR54602,MCH6095,10655.76,UTR7532328377,4110,SUCCESS,TXN00013045,USR54602,MCH6095,UTR7532328377,0,0,0,0,0,0,0
TXN00006537,2026-03-22 03:06:50,USR19121,MCH1126,16736.19,UTR6308008500,4110,SUCCESS,TXN00006537,USR19121,MCH1126,UTR6308008500,0,0,0,0,0,0,0
TXN00003148,2026-02-14 08:51:37,USR58241,MCH1839,16665.0,UTR7160097589,,SUCCESS,TXN00003148,USR58241,MCH1839,UTR7160097589,0,0,1,0,0,0,0
TXN00008024,2026-01-13 17:53:52,USR22800,MCH7852,10268.52,UTR0710180185,,SUCCESS,TXN00008024,USR22800,MCH7852,UTR0710180185,0,0,1,0,0,0,0
TXN00003426,2026-03-18 00:00:00,USR70709,MCH5886,15491.96,UTR9465075313,0110,FAILED,TXN00003426,USR70709,MCH5886,UTR9465075313,0,0,0,0,0,1,0
TXN00017110,2026-03-17 10:15:43,USR74512,MCH4158,20719.09,UTR6783190476,8120,SUCCESS,TXN00017110,USR74512,MCH4158,UTR6783190476,0,0,0,0,0,0,0
TXN00002314,2026-08-01 10:47:46,USR72446,MCH8846,17559.45,UTR1531630966,1310,SUCCESS,TXN00002314,USR72446,MCH8846,UTR1531630966,0,0,0,0,0,0,0
TXN00007293,2026-02-03 11:59:00,USR72033,MCH8660,2662.19,UTR3614175306,4110,PENDING,TXN00007293,USR72033,MCH8660,UTR3614175306,0,0,0,0,0,0,1
TXN00008715,2026-03-21 18:25:46,USR21905,MCH8670,0.2222909,UTR6513955105,4110,SUCCESS,TXN00008715,USR21905,MCH8670,UTR6513955105,0,0,0,0,0,0,0
TXN00012583,2026-03-25 11:28:15,USR28977,MCH6277,18917.28,UTR4308028917,4110,SUCCESS,TXN00012583,USR28977,MCH6277,UTR4308028917,0,0,0,0,0,0,0
TXN00015314,2026-03-17 07:51:39,USR95046,MCH1380,320.0,UTR6823860415,1310,SUCCESS,TXN00015314,USR95046,MCH1380,UTR6823860415,0,0,0,0,0,0,0
TXN00013142,2026-03-06 18:44:13,USR66401,MCH7833,7052.82,UTR8080687154,1310,SUCCESS,TXN00013142,USR66401,MCH7833,UTR8080687154,0,0,0,0,0,0,0
TXN00009635,2026-02-25 19:05:50,USR24406,MCH6217,7161.66,UTR8712792100,4110,SUCCESS,TXN00009635,USR24406,MCH6217,UTR8712792100,0,0,0,0,0,0,0
TXN00002283,2026-03-27 15:19:16,USR99753,MCH5260,11817.61,UTR3443074718,0110,FAILED,TXN00002283,USR99753,MCH5260,UTR3443074718,0,0,0,0,0,1,0
TXN00015296,2026-02-12 02:52:37,USR92842,MCH1225,19642.19,UTR7629827083,9120,SUCCESS,TXN00015296,USR92842,MCH1225,UTR7629827083,0,0,0,0,0,0,0
TXN00011502,2026-02-15 00:00:00,USR62344,MCH1009,0.2211357,,,PENDING,TXN00011502,USR62344,MCH1009,,0,1,1,0,0,0,1
TXN00013851,2026-03-27 22:13:34,USR62186,MCH9004,3502.89,UTR3755741443,9120,SUCCESS,TXN00013851,USR62186,MCH9004,UTR3755741443,0,0,0,0,0,0,0
TXN00014179,2026-01-23 15:01:16,USR96516,MCH8266,1941.56,UTR3888722652,0110,SUCCESS,TXN00014179,USR96516,MCH8266,UTR 3888722652,0,0,0,0,0,0,0
TXN00010385,2026-07-01 03:19:03,USR82067,MCH2390,22337.15,,4110,SUCCESS,TXN00010385,USR82067,MCH2390,,0,1,0,0,0,0,0
TXN00014934,2026-03-21 07:23:30,USR74688,MCH9718,8450.52,UTR0803925160,4110,SUCCESS,TXN00014934,USR74688,MCH9718,UTR0803925160,0,0,0,0,0,0,0
TXN00011111,2026-02-28 03:31:04,USR90897,MCH4909,16044.08,UTR4114717169,,SUCCESS,TXN00011111,USR90897,MCH4909,UTR4114717169,0,0,1,0,0,0,0
TXN00002918,2026-02-03 10:46:39,USR20316,MCH1284,21212.15,UTR3706514989,8120,FAILED,TXN00002918,USR20316,MCH1284,UTR 3706514989,0,0,0,0,0,1,0
TXN00018863,2026-03-01 00:44:26,USR85229,MCH6633,1475.13,UTR5196678474,8120,SUCCESS,TXN00018863,USR85229,MCH6633,UTR5196678474,0,0,0,0,0,0,0
TXN00008262,2026-02-08 10:18:00,USR73107,MCH3605,0.459461,UTR0398721031,1310,SUCCESS,TXN00008262,USR73107,MCH3605,UTR0398721031,0,0,0,0,0,0,0
TXN00000193,2026-01-12 02:55:29,USR65234,MCH9673,22511.0,UTR1936995584,1310,SUCCESS,TXN00000193,USR65234,MCH9673,UTR1936995584,0,0,0,0,0,0,0
TXN00006601,2026-03-03 11:33:26,USR97789,MCH6178,13341.67,UTR8000883763,,FAILED,TXN00006601,USR97789,MCH6178,UTR 8000883763,0,0,1,0,0,1,0
TXN00001394,2026-02-01 09:16:57,USR84873,MCH8399,12999.15,UTR0884598694,9120,SUCCESS,TXN00001394,USR84873,MCH8399,UTR0884598694,0,0,0,0,0,0,0
TXN00012520,2026-03-09 04:01:31,USR99817,MCH8379,15105.76,UTR4149749531,4110,SUCCESS,TXN00012520,USR99817,MCH8379,UTR4149749531,0,0,0,0,0,0,0
TXN00015132,2026-01-02 00:49:19,USR77410,MCH8009,24621.8,UTR5125000371,0110,SUCCESS,TXN00015132,USR77410,MCH8009,UTR 5125000371,0,0,0,0,0,0,0
TXN00012817,2026-03-15 06:55:00,USR91224,MCH8743,19808.34,UTR4116969935,0110,SUCCESS,TXN00012817,USR91224,MCH8743,UTR4116969935,0,0,0,0,0,0,0
TXN00001171,2026-03-12 08:24:19,USR19579,MCH7519,15427.0,UTR7186698524,4110,FAILED,TXN00001171,USR19579,MCH7519,UTR7186698524,0,0,0,0,0,1,0
TXN00002162,2026-02-08 09:01:49,USR43840,MCH4781,15527.0,UTR5876468431,9120,SUCCESS,TXN00002162,USR43840,MCH4781,UTR5876468431,0,0,0,0,0,0,0
TXN00011225,2026-01-12 07:37:03,USR59227,MCH3520,0.1034329,UTR0250929365,1310,SUCCESS,TXN00011225,USR59227,MCH3520,UTR0250929365,0,0,0,0,0,0,0
TXN00005672,2026-01-09 07:42:45,USR54906,MCH5471,7161.0,UTR9181366635,4110,SUCCESS,TXN00005672,USR54906,MCH5471,UTR9181366635,0,0,0,0,0,0,0
TXN00019407,2026-02-21 12:03:50,USR28520,MCH5506,3678.38,UTR1479185459,4110,SUCCESS,TXN00019407,USR28520,MCH5506,UTR1479185459,0,0,0,0,0,0,0
TXN00007182,2026-03-16 16:21:59,USR23051,MCH9898,10245.0,UTR3010171738,0110,SUCCESS,TXN00007182,USR23051,MCH9898,UTR3010171738,0,0,0,0,0,0,0
TXN00001162,2026-02-22 00:39:12,USR79699,MCH4090,3230.46,UTR3392431703,,SUCCESS,TXN00001162,USR79699,MCH4090,UTR3392431703,0,0,1,0,0,0,0
TXN00006985,2026-12-01 11:40:20,USR87348,MCH2270,21064.94,UTR5226664566,,SUCCESS,TXN00006985,USR87348,MCH2270,UTR5226664566,0,0,1,0,0,0,0
TXN00007592,2026-03-04 03:59:12,USR87872,MCH4231,21002.0,UTR5263384600,0110,SUCCESS,TXN00007592,USR87872,MCH4231,UTR5263384600,0,0,0,0,0,0,0
TXN00005426,2026-03-26 07:05:32,USR34504,MCH7591,14417.86,UTR0737486880,,SUCCESS,TXN00005426,USR34504,MCH7591,UTR0737486880,0,0,1,0,0,0,0
TXN00013905,2026-03-26 17:53:29,USR26522,MCH8864,12898.25,UTR8242863285,9120,SUCCESS,TXN00013905,USR26522,MCH8864,UTR8242863285,0,0,0,0,0,0,0
TXN00002387,2026-03-05 17:54:18,USR94410,MCH6976,9285.6,UTR5747053699,8120,SUCCESS,TXN00002387,USR94410,MCH6976,UTR5747053699,0,0,0,0,0,0,0
TXN00008389,2026-02-20 19:08:44,USR51670,MCH4357,14880.21,UTR5886629952,9120,SUCCESS,TXN00008389,USR51670,MCH4357,UTR5886629952,0,0,0,0,0,0,0
TXN00017113,2026-02-06 23:58:49,USR40332,MCH4087,10679.89,UTR7512864637,9120,SUCCESS,TXN00017113,USR40332,MCH4087,UTR7512864637,0,0,0,0,0,0,0
TXN00012822,2026-01-24 19:56:34,USR85028,MCH3505,13780.27,UTR4895258227,1310,SUCCESS,TXN00012822,USR85028,MCH3505,UTR4895258227,0,0,0,0,0,0,0
TXN00002405,2026-02-27 00:00:00,USR30541,MCH9376,16931.24,UTR3944070836,0110,SUCCESS,TXN00002405,USR30541,MCH9376,UTR3944070836,0,0,0,0,0,0,0
TXN00008135,2026-03-14 03:08:42,USR69579,MCH5582,17039.7,UTR0515078060,1310,SUCCESS,TXN00008135,USR69579,MCH5582,UTR0515078060,0,0,0,0,0,0,0
TXN00008634,2026-01-15 12:32:48,USR96703,MCH9551,10237.15,UTR4942706064,0110,SUCCESS,TXN00008634,USR96703,MCH9551,UTR4942706064,0,0,0,0,0,0,0
TXN00005536,2026-01-17 03:35:47,USR59452,MCH4005,2616.78,UTR3973003144,9120,SUCCESS,TXN00005536,USR59452,MCH4005,UTR3973003144,0,0,0,0,0,0,0
TXN00017874,2026-02-18 20:24:58,USR27770,MCH2526,6991.11,UTR4219771431,4110,SUCCESS,TXN00017874,USR27770,MCH2526,UTR4219771431,0,0,0,0,0,0,0
TXN00015499,2026-01-27 03:44:48,USR32944,MCH1989,0.1461,UTR3759326607,8120,SUCCESS,TXN00015499,USR32944,MCH1989,UTR3759326607,0,0,0,0,0,0,0
TXN00005590,2026-01-16 06:04:42,USR53934,MCH2696,16030.74,UTR4130064359,8120,SUCCESS,TXN00005590,USR53934,MCH2696,UTR 4130064359,0,0,0,0,0,0,0
TXN00008018,2026-01-25 00:28:32,USR51269,MCH8484,15447.0,UTR3998596761,9120,SUCCESS,TXN00008018,USR51269,MCH8484,UTR3998596761,0,0,0,0,0,0,0
TXN00012035,2026-03-08 17:54:50,USR61673,MCH1917,21922.43,,0110,SUCCESS,TXN00012035,USR61673,MCH1917,,0,1,0,0,0,0,0
TXN00017662,2026-01-08 00:00:00,USR15163,MCH2937,11207.8,UTR7878017558,4110,SUCCESS,TXN00017662,USR15163,MCH2937,UTR7878017558,0,0,0,0,0,0,0
TXN00007173,2026-01-02 19:24:42,USR25765,MCH4567,9464.91,UTR5529852188,9120,SUCCESS,TXN00007173,USR25765,MCH4567,UTR5529852188,0,0,0,0,0,0,0
TXN00000916,2026-02-12 07:34:17,USR35873,MCH5750,10908.8,UTR3824838245,4110,SUCCESS,TXN00000916,USR35873,MCH5750,UTR3824838245,0,0,0,0,0,0,0
TXN00018408,2026-03-23 14:55:29,USR76746,MCH4622,21031.94,UTR2805711264,4110,SUCCESS,TXN00018408,USR76746,MCH4622,UTR2805711264,0,0,0,0,0,0,0
TXN00001245,2026-02-12 23:36:52,USR26136,MCH4903,19027.99,UTR9681570575,1310,SUCCESS,TXN00001245,USR26136,MCH4903,UTR9681570575,0,0,0,0,0,0,0
TXN00014495,2026-03-24 13:43:37,USR79017,MCH7215,17894.69,UTR3217297025,1310,PENDING,TXN00014495,USR79017,MCH7215,UTR3217297025,0,0,0,0,0,0,1
TXN00016984,2026-03-13 12:40:49,USR75271,MCH9793,0.2126976,UTR6014264394,9120,SUCCESS,TXN00016984,USR75271,MCH9793,UTR6014264394,0,0,0,0,0,0,0
TXN00004277,2026-02-04 21:45:51,USR88378,MCH5223,10042.53,UTR7511594153,9120,SUCCESS,TXN00004277,USR88378,MCH5223,UTR7511594153,0,0,0,0,0,0,0
TXN00000846,2026-01-27 22:10:56,USR25675,MCH4421,10371.46,UTR7861468227,4110,FAILED,TXN00000846,USR25675,MCH4421,UTR7861468227,0,0,0,0,0,1,0
TXN00019396,2026-02-10 14:22:54,USR97972,MCH8998,14892.81,UTR5116013988,,SUCCESS,TXN00019396,USR97972,MCH8998,UTR5116013988,0,0,1,0,0,0,0
TXN00014579,2026-03-04 22:03:27,USR74077,MCH9626,3525.98,UTR4340109363,0110,SUCCESS,TXN00014579,USR74077,MCH9626,UTR4340109363,0,0,0,0,0,0,0
TXN00009210,2026-03-31 08:39:06,USR80386,MCH3713,14579.64,UTR8571339877,9120,SUCCESS,TXN00009210,USR80386,MCH3713,UTR8571339877,0,0,0,0,0,0,0
TXN00002097,2026-02-04 01:56:37,USR79147,MCH4856,14444.0,UTR7253127480,4110,SUCCESS,TXN00002097,USR79147,MCH4856,UTR7253127480,0,0,0,0,0,0,0
TXN00005681,2026-02-23 17:59:09,USR16045,MCH8224,5892.23,UTR7825037510,4110,SUCCESS,TXN00005681,USR16045,MCH8224,UTR7825037510,0,0,0,0,0,0,0
TXN00002493,2026-02-15 12:53:08,USR32342,MCH1493,19047.34,UTR6903524281,4110,FAILED,TXN00002493,USR32342,MCH1493,UTR6903524281,0,0,0,0,0,1,0
TXN00002290,2026-03-02 21:31:20,USR32271,MCH5214,4910.48,UTR0899649709,,SUCCESS,TXN00002290,USR32271,MCH5214,UTR0899649709,0,0,1,0,0,0,0
TXN00014938,2026-02-08 16:30:19,USR43392,MCH1238,-20973.64,UTR5238019972,4110,FAILED,TXN00014938,USR43392,MCH1238,UTR5238019972,1,0,0,0,0,1,0
TXN00016510,2026-01-06 10:10:35,USR87470,MCH6228,2920.4,UTR4315580051,8120,FAILED,TXN00016510,USR87470,MCH6228,UTR4315580051,0,0,0,0,0,1,0
TXN00001369,2026-01-09 20:36:36,USR18693,MCH1325,4500.28,UTR4901814007,0110,SUCCESS,TXN00001369,USR18693,MCH1325,UTR4901814007,0,0,0,0,0,0,0
TXN00019226,2026-01-18 07:44:20,USR31376,MCH3519,4122.0,UTR9886546831,9120,SUCCESS,TXN00019226,USR31376,MCH3519,UTR9886546831,0,0,0,0,0,0,0
TXN00011839,2026-03-13 07:27:48,USR53217,MCH1376,2342.27,UTR1538922604,8120,SUCCESS,TXN00011839,USR53217,MCH1376,UTR1538922604,0,0,0,0,0,0,0
TXN00016395,2026-01-27 07:41:35,USR90423,MCH7115,10332.23,UTR0329926824,4110,SUCCESS,TXN00016395,USR90423,MCH7115,UTR0329926824,0,0,0,0,0,0,0
TXN00008039,2026-02-22 00:00:00,USR19769,MCH4173,8668.27,UTR4050247428,8120,SUCCESS,TXN00008039,USR19769,MCH4173,UTR4050247428,0,0,0,0,0,0,0
TXN00010379,2026-01-21 16:51:58,USR52813,MCH9137,20352.28,UTR7591149118,1310,SUCCESS,TXN00010379,USR52813,MCH9137,UTR 7591149118,0,0,0,0,0,0,0
TXN00012104,2026-01-13 15:23:11,USR12253,MCH9267,19933.02,UTR8737140577,0110,SUCCESS,TXN00012104,USR12253,MCH9267,UTR8737140577,0,0,0,0,0,0,0
TXN00008957,2026-03-08 17:42:23,USR94832,MCH9941,16126.21,UTR5932492768,,FAILED,TXN00008957,USR94832,MCH9941,UTR5932492768,0,0,1,0,0,1,0
TXN00003122,2026-03-01 07:50:01,USR88880,MCH8856,6196.52,UTR3872238560,0110,SUCCESS,TXN00003122,USR88880,MCH8856,UTR3872238560,0,0,0,0,0,0,0
TXN00002924,2026-03-04 02:49:40,USR60072,MCH7136,4548.53,UTR0898465866,1310,SUCCESS,TXN00002924,USR60072,MCH7136,UTR0898465866,0,0,0,0,0,0,0
TXN00007104,2026-01-10 17:07:18,USR28117,MCH3621,15338.91,UTR2997322215,1310,FAILED,TXN00007104,USR28117,MCH3621,UTR2997322215,0,0,0,0,0,1,0
TXN00004857,2026-01-24 09:45:40,USR58333,MCH8629,3659.07,UTR8144225395,4110,SUCCESS,TXN00004857,USR58333,MCH8629,UTR8144225395,0,0,0,0,0,0,0
TXN00002019,2026-07-01 12:25:55,USR24126,MCH9500,555.37,UTR0971292095,1310,PENDING,TXN00002019,USR24126,MCH9500,UTR0971292095,0,0,0,0,0,0,1
TXN00016574,2026-01-17 20:28:16,USR95955,MCH2076,18614.76,UTR2297677325,0110,FAILED,TXN00016574,USR95955,MCH2076,UTR2297677325,0,0,0,0,0,1,0
TXN00009107,2026-03-13 00:00:00,USR25553,MCH3907,3626.32,UTR6142648803,0110,SUCCESS,TXN00009107,USR25553,MCH3907,UTR6142648803,0,0,0,0,0,0,0
TXN00016019,2026-02-28 10:22:38,USR82278,MCH4044,24834.25,UTR5063702332,9120,FAILED,TXN00016019,USR82278,MCH4044,UTR5063702332,0,0,0,0,0,1,0
TXN00019218,2026-02-19 08:15:24,USR12729,MCH3776,0.895387,UTR1642541255,1310,SUCCESS,TXN00019218,USR12729,MCH3776,UTR1642541255,0,0,0,0,0,0,0
TXN00017398,2026-02-27 00:00:00,USR76739,MCH6792,15969.25,UTR5089289250,9120,FAILED,TXN00017398,USR76739,MCH6792,UTR5089289250,0,0,0,0,0,1,0
TXN00013939,2026-02-16 22:09:49,USR93305,MCH4233,10739.28,UTR5500354523,4110,SUCCESS,TXN00013939,USR93305,MCH4233,UTR5500354523,0,0,0,0,0,0,0
TXN00014606,2026-01-02 05:28:06,USR95556,MCH2643,21324.58,UTR6794614789,,SUCCESS,TXN00014606,USR95556,MCH2643,UTR6794614789,0,0,1,0,0,0,0
TXN00006700,2026-02-16 15:20:34,USR71408,MCH3947,7374.59,UTR8514922061,,SUCCESS,TXN00006700,USR71408,MCH3947,UTR8514922061,0,0,1,0,0,0,0
TXN00019359,2026-01-24 21:01:13,USR83530,MCH5706,0.807827,UTR7213965198,4110,SUCCESS,TXN00019359,USR83530,MCH5706,UTR7213965198,0,0,0,0,0,0,0
TXN00002220,2026-03-22 18:45:39,USR71467,MCH3045,0.282338,UTR9507817068,0110,FAILED,TXN00002220,USR71467,MCH3045,UTR9507817068,0,0,0,0,0,1,0
TXN00006757,2026-02-07 18:10:17,USR94594,MCH7573,20923.22,UTR0559363904,9120,SUCCESS,TXN00006757,USR94594,MCH7573,UTR0559363904,0,0,0,0,0,0,0
TXN00017457,2026-01-21 18:07:33,USR71225,MCH5981,23666.33,UTR6547125032,0110,SUCCESS,TXN00017457,USR71225,MCH5981,UTR6547125032,0,0,0,0,0,0,0
TXN00014456,2026-02-08 08:33:56,USR50579,MCH6621,9295.61,UTR0400589427,4110,SUCCESS,TXN00014456,USR50579,MCH6621,UTR0400589427,0,0,0,0,0,0,0
TXN00002733,2026-02-05 15:58:49,USR63704,MCH5666,1455.53,UTR8188588725,,SUCCESS,TXN00002733,USR63704,MCH5666,UTR8188588725,0,0,1,0,0,0,0
TXN00016472,2026-03-14 15:37:36,USR98121,MCH2216,14190.31,UTR7421828086,9120,SUCCESS,TXN00016472,USR98121,MCH2216,UTR 7421828086,0,0,0,0,0,0,0
TXN00018799,2026-01-22 00:35:03,USR43035,MCH4407,21854.0,UTR6435586750,4110,SUCCESS,TXN00018799,USR43035,MCH4407,UTR 6435586750,0,0,0,0,0,0,0
TXN00018059,2026-02-27 23:12:04,USR56291,MCH9330,10343.79,UTR5388029587,,FAILED,TXN00018059,USR56291,MCH9330,UTR5388029587,0,0,1,0,0,1,0
TXN00002068,2026-03-16 00:59:59,USR81615,MCH4726,0.647293,UTR0002054899,9120,FAILED,TXN00002068,USR81615,MCH4726,UTR0002054899,0,0,0,0,0,1,0
TXN00001013,2026-03-30 03:51:15,USR88017,MCH6293,-23602.04,UTR5549573502,8120,SUCCESS,TXN00001013,USR88017,MCH6293,UTR5549573502,1,0,0,0,0,0,0
TXN00004304,2026-11-02 19:02:02,USR97301,MCH8680,14669.73,UTR4461621452,9120,SUCCESS,TXN00004304,USR97301,MCH8680,UTR4461621452,0,0,0,0,0,0,0
TXN00010208,2026-02-25 19:00:31,USR63556,MCH1070,4188.22,UTR4156495798,0110,SUCCESS,TXN00010208,USR63556,MCH1070,UTR4156495798,0,0,0,0,0,0,0
TXN00011956,2026-02-09 10:43:17,USR13084,MCH1847,21160.26,UTR1199867132,1310,SUCCESS,TXN00011956,USR13084,MCH1847,UTR 1199867132,0,0,0,0,0,0,0
TXN00001341,2026-01-23 05:25:57,USR50116,MCH9050,0.64495,UTR9873540587,4110,SUCCESS,TXN00001341,USR50116,MCH9050,UTR9873540587,0,0,0,0,0,0,0
TXN00016272,2026-02-07 06:45:46,USR19789,MCH3193,18369.02,UTR2751508477,,FAILED,TXN00016272,USR19789,MCH3193,UTR2751508477,0,0,1,0,0,1,0
TXN00005270,2026-01-05 21:59:39,USR47641,MCH8743,7629.53,UTR5467092972,0110,SUCCESS,TXN00005270,USR47641,MCH8743,UTR5467092972,0,0,0,0,0,0,0
TXN00011311,2026-02-03 18:31:04,USR45466,MCH6511,2712.93,UTR8119189626,0110,SUCCESS,TXN00011311,USR45466,MCH6511,UTR8119189626,0,0,0,0,0,0,0
TXN00010262,2026-09-03 13:31:23,USR75470,MCH4571,17006.0,UTR4954343998,4110,SUCCESS,TXN00010262,USR75470,MCH4571,UTR4954343998,0,0,0,0,0,0,0
TXN00013344,2026-02-28 01:07:58,USR86225,MCH9798,16988.42,UTR8269400675,4110,SUCCESS,TXN00013344,USR86225,MCH9798,UTR8269400675,0,0,0,0,0,0,0
TXN00007903,2026-02-05 01:06:08,USR79165,MCH1990,0.67353,UTR2499387311,4110,SUCCESS,TXN00007903,USR79165,MCH1990,UTR 2499387311,0,0,0,0,0,0,0
TXN00002804,2026-02-28 17:58:23,USR30788,MCH3264,24003.79,UTR7969526469,1310,SUCCESS,TXN00002804,USR30788,MCH3264,UTR7969526469,0,0,0,0,0,0,0
TXN00003179,2026-01-11 15:23:49,USR83065,MCH8394,20355.0,UTR0008194896,4110,SUCCESS,TXN00003179,USR83065,MCH8394,UTR0008194896,0,0,0,0,0,0,0
TXN00007164,2026-01-20 01:43:10,USR93739,MCH2862,17485.83,UTR1172464039,0110,SUCCESS,TXN00007164,USR93739,MCH2862,UTR1172464039,0,0,0,0,0,0,0
TXN00015152,2026-03-21 05:45:45,USR65048,MCH7151,0.2127164,UTR7256936342,,SUCCESS,TXN00015152,USR65048,MCH7151,UTR 7256936342,0,0,1,0,0,0,0
TXN00012794,2026-02-02 11:41:31,USR49498,MCH6796,23885.8,UTR8007520520,1310,FAILED,TXN00012794,USR49498,MCH6796,UTR8007520520,0,0,0,0,0,1,0
TXN00006946,2026-03-10 05:30:34,USR87438,MCH6316,19085.0,UTR1419899417,0110,SUCCESS,TXN00006946,USR87438,MCH6316,UTR1419899417,0,0,0,0,0,0,0
TXN00011494,2026-03-15 19:19:40,USR23004,MCH2631,19676.05,UTR8727408960,4110,SUCCESS,TXN00011494,USR23004,MCH2631,UTR8727408960,0,0,0,0,0,0,0
TXN00015994,2026-03-25 16:32:44,USR44943,MCH8560,14296.34,UTR6021768787,,SUCCESS,TXN00015994,USR44943,MCH8560,UTR6021768787,0,0,1,0,0,0,0
TXN00018926,2026-01-05 01:45:48,USR30073,MCH2318,8849.92,UTR0671898889,1310,SUCCESS,TXN00018926,USR30073,MCH2318,UTR0671898889,0,0,0,0,0,0,0
TXN00018080,2026-09-01 07:27:27,USR78750,MCH9562,16945.07,UTR4291353848,4110,SUCCESS,TXN00018080,USR78750,MCH9562,UTR4291353848,0,0,0,0,0,0,0
TXN00009927,2026-01-26 06:52:35,USR18876,MCH9170,11131.02,UTR3120560766,8120,SUCCESS,TXN00009927,USR18876,MCH9170,UTR3120560766,0,0,0,0,0,0,0
TXN00015938,2026-02-06 22:17:09,USR32709,MCH8319,4324.29,UTR6178821244,4110,SUCCESS,TXN00015938,USR32709,MCH8319,UTR6178821244,0,0,0,0,0,0,0
TXN00007796,2026-02-18 18:51:07,USR41836,MCH2397,27.91,UTR7045069049,4110,SUCCESS,TXN00007796,USR41836,MCH2397,UTR 7045069049,0,0,0,0,0,0,0
TXN00013465,2026-03-21 06:04:19,USR98637,MCH4909,16447.88,,9120,SUCCESS,TXN00013465,USR98637,MCH4909,,0,1,0,0,0,0,0
TXN00015057,2026-03-16 00:00:00,USR85109,MCH2937,3509.58,UTR7760826009,,SUCCESS,TXN00015057,USR85109,MCH2937,UTR7760826009,0,0,1,0,0,0,0
TXN00019627,2026-01-10 16:16:09,USR76941,MCH3679,4606.85,UTR0713262548,,FAILED,TXN00019627,USR76941,MCH3679,UTR0713262548,0,0,1,0,0,1,0
TXN00017199,2026-12-01 11:49:42,USR16423,MCH4564,2457.0,UTR3529132584,1310,SUCCESS,TXN00017199,USR16423,MCH4564,UTR3529132584,0,0,0,0,0,0,0
TXN00001342,2026-03-07 11:13:44,USR62907,MCH6378,11571.0,UTR7717389170,0110,SUCCESS,TXN00001342,USR62907,MCH6378,UTR 7717389170,0,0,0,0,0,0,0
TXN00000783,2026-03-11 17:52:02,USR57542,MCH5883,6302.46,UTR4362215564,,SUCCESS,TXN00000783,USR57542,MCH5883,UTR4362215564,0,0,1,0,0,0,0
TXN00018432,2026-02-12 00:00:00,USR99049,MCH1949,18764.85,UTR4409220016,4110,SUCCESS,TXN00018432,USR99049,MCH1949,UTR4409220016,0,0,0,0,0,0,0
TXN00006479,2026-02-18 03:22:44,USR93776,MCH7577,13209.16,UTR2190748640,1310,SUCCESS,TXN00006479,USR93776,MCH7577,UTR2190748640,0,0,0,0,0,0,0
TXN00015468,2026-02-28 11:05:53,USR25600,MCH1384,15750.79,UTR1280027546,8120,SUCCESS,TXN00015468,USR25600,MCH1384,UTR1280027546,0,0,0,0,0,0,0
TXN00005805,2026-01-05 18:51:22,USR66904,MCH8089,9464.11,UTR8085336859,4110,SUCCESS,TXN00005805,USR66904,MCH8089,UTR8085336859,0,0,0,0,0,0,0
TXN00010148,2026-03-17 19:14:08,USR33810,MCH7357,12986.81,UTR3346602436,0110,SUCCESS,TXN00010148,USR33810,MCH7357,UTR3346602436,0,0,0,0,0,0,0
TXN00005054,2026-01-05 11:01:16,USR96153,MCH4198,2133.31,UTR1376591415,4110,SUCCESS,TXN00005054,USR96153,MCH4198,UTR1376591415,0,0,0,0,0,0,0
TXN00001082,2026-01-09 09:56:21,USR54917,MCH3612,2244.38,UTR5509844484,8120,SUCCESS,TXN00001082,USR54917,MCH3612,UTR5509844484,0,0,0,0,0,0,0
TXN00011602,2026-01-25 00:58:56,USR38137,MCH6991,-20913.47,UTR9237969443,4110,SUCCESS,TXN00011602,USR38137,MCH6991,UTR9237969443,1,0,0,0,0,0,0
TXN00013124,2026-02-13 22:06:31,USR11500,MCH5774,13800.19,UTR9151932565,8120,SUCCESS,TXN00013124,USR11500,MCH5774,UTR9151932565,0,0,0,0,0,0,0
TXN00013270,2026-01-06 00:53:05,USR91228,MCH7855,21558.17,UTR7271412254,4110,SUCCESS,TXN00013270,USR91228,MCH7855,UTR7271412254,0,0,0,0,0,0,0
TXN00003456,2026-03-15 04:22:49,USR95704,MCH6794,4192.25,UTR3976061308,0110,SUCCESS,TXN00003456,USR95704,MCH6794,UTR3976061308,0,0,0,0,0,0,0
TXN00011925,2026-03-08 00:00:00,USR83402,MCH1290,7407.65,UTR3222362641,4110,SUCCESS,TXN00011925,USR83402,MCH1290,UTR3222362641,0,0,0,0,0,0,0
TXN00004712,2026-01-13 00:00:00,USR24860,MCH5917,11456.14,UTR2109292791,1310,SUCCESS,TXN00004712,USR24860,MCH5917,UTR2109292791,0,0,0,0,0,0,0
TXN00016591,2026-01-30 17:06:38,USR82805,MCH4558,9503.94,UTR8131112511,,SUCCESS,TXN00016591,USR82805,MCH4558,UTR8131112511,0,0,1,0,0,0,0
TXN00014085,2026-02-03 01:47:39,USR10673,MCH9990,4680.93,UTR7699684709,9120,SUCCESS,TXN00014085,USR10673,MCH9990,UTR7699684709,0,0,0,0,0,0,0
TXN00007264,2026-03-03 12:19:05,USR81646,MCH7247,0.2003,UTR2029057258,9120,SUCCESS,TXN00007264,USR81646,MCH7247,UTR2029057258,0,0,0,0,0,0,0
TXN00003275,2026-03-16 20:57:58,USR88484,MCH7751,0.2090458,,1310,SUCCESS,TXN00003275,USR88484,MCH7751,,0,1,0,0,0,0,0
TXN00003240,2026-01-14 00:00:00,USR93796,MCH1739,0.1392639,UTR4155600151,4110,SUCCESS,TXN00003240,USR93796,MCH1739,UTR4155600151,0,0,0,0,0,0,0
TXN00018390,2026-02-07 06:58:45,USR24051,MCH6733,0.1830812,UTR0457313195,4110,SUCCESS,TXN00018390,USR24051,MCH6733,UTR 0457313195,0,0,0,0,0,0,0
TXN00010520,2026-12-03 00:59:27,USR68748,MCH6415,17651.0,UTR4384251990,1310,SUCCESS,TXN00010520,USR68748,MCH6415,UTR4384251990,0,0,0,0,0,0,0
TXN00019934,2026-02-16 01:36:49,USR84511,MCH1434,0.184429,UTR9389250258,8120,SUCCESS,TXN00019934,USR84511,MCH1434,UTR9389250258,0,0,0,0,0,0,0
TXN00017325,2026-01-01 00:00:00,USR69087,MCH6581,12608.67,UTR0441454511,,SUCCESS,TXN00017325,USR69087,MCH6581,UTR0441454511,0,0,1,0,0,0,0
TXN00008447,2026-01-04 00:00:00,USR99388,MCH3288,14131.16,UTR8538805839,,SUCCESS,TXN00008447,USR99388,MCH3288,UTR8538805839,0,0,1,0,0,0,0
TXN00009684,2026-03-23 05:45:52,USR44304,MCH9000,20498.51,UTR6951961617,,SUCCESS,TXN00009684,USR44304,MCH9000,UTR 6951961617,0,0,1,0,0,0,0
TXN00014917,2026-06-02 11:21:53,USR64879,MCH3794,19522.0,UTR9560561875,1310,SUCCESS,TXN00014917,USR64879,MCH3794,UTR9560561875,0,0,0,0,0,0,0
TXN00014189,2026-01-17 16:22:58,USR54295,MCH2461,7410.9,UTR6843099457,,SUCCESS,TXN00014189,USR54295,MCH2461,UTR 6843099457,0,0,1,0,0,0,0
TXN00000599,2026-02-10 00:42:56,USR24500,MCH9954,0.48153,UTR9753860253,0110,PENDING,TXN00000599,USR24500,MCH9954,UTR9753860253,0,0,0,0,0,0,1
TXN00015079,2026-01-22 17:30:22,USR45424,MCH6333,1930.47,UTR1508492735,8120,SUCCESS,TXN00015079,USR45424,MCH6333,UTR1508492735,0,0,0,0,0,0,0
TXN00004916,2026-01-16 02:03:17,USR45342,MCH9126,22913.0,UTR6783208312,1310,SUCCESS,TXN00004916,USR45342,MCH9126,UTR6783208312,0,0,0,0,0,0,0
TXN00011106,2026-01-12 14:06:59,USR46058,MCH3226,2610.86,UTR8146252207,4110,FAILED,TXN00011106,USR46058,MCH3226,UTR8146252207,0,0,0,0,0,1,0
TXN00014909,2026-02-26 13:11:46,USR28442,MCH4638,826.05,UTR0613475910,9120,SUCCESS,TXN00014909,USR28442,MCH4638,UTR0613475910,0,0,0,0,0,0,0
TXN00015502,2026-03-04 16:17:23,USR59271,MCH7577,17213.35,UTR9663549788,9120,SUCCESS,TXN00015502,USR59271,MCH7577,UTR9663549788,0,0,0,0,0,0,0
TXN00010948,2026-03-08 21:49:43,USR39678,MCH9447,-23228.62,UTR2061532553,9120,SUCCESS,TXN00010948,USR39678,MCH9447,UTR2061532553,1,0,0,0,0,0,0
TXN00005196,2026-03-22 05:37:13,USR44033,MCH3467,19951.97,UTR8919720843,4110,SUCCESS,TXN00005196,USR44033,MCH3467,UTR8919720843,0,0,0,0,0,0,0
TXN00018244,2026-03-14 07:02:24,USR27788,MCH1998,2431.74,UTR3622457000,4110,SUCCESS,TXN00018244,USR27788,MCH1998,UTR3622457000,0,0,0,0,0,0,0
TXN00007543,2026-03-18 00:46:36,USR51098,MCH2384,14776.99,UTR2705396390,9120,SUCCESS,TXN00007543,USR51098,MCH2384,UTR2705396390,0,0,0,0,0,0,0
TXN00019419,2026-03-19 08:33:11,USR48528,MCH3111,0.462728,UTR0591527386,9120,SUCCESS,TXN00019419,USR48528,MCH3111,UTR0591527386,0,0,0,0,0,0,0
TXN00012475,2026-03-18 07:55:31,USR23336,MCH5012,17041.05,UTR9064461946,9120,SUCCESS,TXN00012475,USR23336,MCH5012,UTR9064461946,0,0,0,0,0,0,0
TXN00007451,2026-02-16 00:00:00,USR10055,MCH4138,13414.9,UTR2066511466,4110,SUCCESS,TXN00007451,USR10055,MCH4138,UTR2066511466,0,0,0,0,0,0,0
TXN00009295,2026-01-18 11:12:51,USR39556,MCH9354,23718.14,UTR0641585982,0110,SUCCESS,TXN00009295,USR39556,MCH9354,UTR0641585982,0,0,0,0,0,0,0
TXN00002915,2026-02-15 05:28:12,USR95411,MCH7177,5615.09,UTR7397114076,0110,SUCCESS,TXN00002915,USR95411,MCH7177,UTR7397114076,0,0,0,0,0,0,0
TXN00019483,2026-02-11 06:47:10,USR42113,MCH3536,16145.89,UTR5591720726,,SUCCESS,TXN00019483,USR42113,MCH3536,UTR5591720726,0,0,1,0,0,0,0
TXN00008032,2026-03-25 12:48:16,USR10459,MCH7215,16058.82,UTR5082773716,9120,SUCCESS,TXN00008032,USR10459,MCH7215,UTR5082773716,0,0,0,0,0,0,0
TXN00015868,2026-02-18 00:00:00,USR62664,MCH3810,23133.95,UTR0847934894,9120,SUCCESS,TXN00015868,USR62664,MCH3810,UTR0847934894,0,0,0,0,0,0,0
TXN00011102,2026-03-08 18:47:26,USR89921,MCH6367,21876.0,UTR3998845592,1310,SUCCESS,TXN00011102,USR89921,MCH6367,UTR3998845592,0,0,0,0,0,0,0
TXN00016858,2026-02-15 05:34:24,USR23035,MCH3277,868.73,UTR1702768224,9120,SUCCESS,TXN00016858,USR23035,MCH3277,UTR1702768224,0,0,0,0,0,0,0
TXN00019497,2026-02-13 11:04:05,USR59064,MCH4099,22270.04,UTR1896814588,4110,SUCCESS,TXN00019497,USR59064,MCH4099,UTR1896814588,0,0,0,0,0,0,0
TXN00007071,2026-03-01 21:26:45,USR79222,MCH5420,9132.54,UTR2307113117,9120,SUCCESS,TXN00007071,USR79222,MCH5420,UTR2307113117,0,0,0,0,0,0,0
TXN00009402,2026-02-06 10:22:27,USR46146,MCH3499,7357.14,UTR0129148295,9120,SUCCESS,TXN00009402,USR46146,MCH3499,UTR0129148295,0,0,0,0,0,0,0
TXN00012577,2026-03-13 17:29:05,USR44040,MCH5696,882.3,UTR6385862862,4110,SUCCESS,TXN00012577,USR44040,MCH5696,UTR6385862862,0,0,0,0,0,0,0
TXN00006546,2026-03-02 04:08:26,USR26553,MCH2245,2162.04,UTR9617643381,1310,SUCCESS,TXN00006546,USR26553,MCH2245,UTR9617643381,0,0,0,0,0,0,0
TXN00016514,2026-03-09 00:00:00,USR10168,MCH9950,12265.35,UTR6947557501,0110,SUCCESS,TXN00016514,USR10168,MCH9950,UTR6947557501,0,0,0,0,0,0,0
TXN00012663,2026-02-28 10:59:41,USR59125,MCH3981,16725.81,UTR3763497517,,SUCCESS,TXN00012663,USR59125,MCH3981,UTR3763497517,0,0,1,0,0,0,0
TXN00004556,2026-02-13 15:57:08,USR98055,MCH4496,14119.12,UTR1380494137,4110,SUCCESS,TXN00004556,USR98055,MCH4496,UTR1380494137,0,0,0,0,0,0,0
TXN00000178,2026-03-08 01:38:10,USR71242,MCH7953,9674.52,UTR6953435490,9120,SUCCESS,TXN00000178,USR71242,MCH7953,UTR6953435490,0,0,0,0,0,0,0
TXN00019377,2026-01-20 06:42:30,USR52431,MCH4863,19436.55,UTR7171275878,4110,SUCCESS,TXN00019377,USR52431,MCH4863,UTR7171275878,0,0,0,0,0,0,0
TXN00006661,2026-02-28 00:00:00,USR50378,MCH4878,14311.37,UTR3106971554,1310,PENDING,TXN00006661,USR50378,MCH4878,UTR3106971554,0,0,0,0,0,0,1
TXN00004019,2026-01-18 09:55:34,USR78112,MCH9474,0.743921,,9120,SUCCESS,TXN00004019,USR78112,MCH9474,,0,1,0,0,0,0,0
TXN00019138,2026-02-21 09:22:51,USR72951,MCH9459,1283.79,UTR1812040341,1310,SUCCESS,TXN00019138,USR72951,MCH9459,UTR1812040341,0,0,0,0,0,0,0
TXN00016064,2026-03-11 15:29:25,USR71654,MCH2940,7045.56,,4110,SUCCESS,TXN00016064,USR71654,MCH2940,,0,1,0,0,0,0,0
TXN00007516,2026-01-20 18:38:26,USR34210,MCH9193,20516.21,UTR0091481370,4110,SUCCESS,TXN00007516,USR34210,MCH9193,UTR0091481370,0,0,0,0,0,0,0
TXN00012252,2026-01-04 23:03:05,USR10453,MCH8231,19466.04,UTR3343880396,4110,SUCCESS,TXN00012252,USR10453,MCH8231,UTR3343880396,0,0,0,0,0,0,0
TXN00012173,2026-01-30 08:53:35,USR41420,MCH6286,990.7,UTR3170039474,9120,SUCCESS,TXN00012173,USR41420,MCH6286,UTR3170039474,0,0,0,0,0,0,0
TXN00016607,2026-02-08 02:06:15,USR25126,MCH9092,15048.0,UTR8775112184,8120,SUCCESS,TXN00016607,USR25126,MCH9092,UTR8775112184,0,0,0,0,0,0,0
TXN00017819,2026-02-18 20:38:04,USR81131,MCH2690,21219.94,UTR1753070394,4110,SUCCESS,TXN00017819,USR81131,MCH2690,UTR1753070394,0,0,0,0,0,0,0
TXN00005349,2026-02-15 19:06:15,USR16158,MCH5180,0.1125409,UTR5210399628,4110,SUCCESS,TXN00005349,USR16158,MCH5180,UTR5210399628,0,0,0,0,0,0,0
TXN00006372,2026-01-10 00:35:32,USR21561,MCH5183,8465.81,UTR6527956972,1310,SUCCESS,TXN00006372,USR21561,MCH5183,UTR6527956972,0,0,0,0,0,0,0
TXN00013288,2026-09-02 12:33:24,USR32048,MCH8428,-10118.86,UTR3925616325,,SUCCESS,TXN00013288,USR32048,MCH8428,UTR 3925616325,1,0,1,0,0,0,0
TXN00009843,2026-02-28 16:45:28,USR24127,MCH6245,7358.05,UTR9800768779,4110,SUCCESS,TXN00009843,USR24127,MCH6245,UTR9800768779,0,0,0,0,0,0,0
TXN00013418,2026-02-08 03:16:10,USR66151,MCH2265,23993.57,UTR5017856413,1310,PENDING,TXN00013418,USR66151,MCH2265,UTR 5017856413,0,0,0,0,0,0,1
TXN00014876,2026-03-29 14:26:56,USR62535,MCH5652,15179.65,UTR0522971456,1310,SUCCESS,TXN00014876,USR62535,MCH5652,UTR0522971456,0,0,0,0,0,0,0
TXN00015524,2026-01-27 05:26:14,USR26034,MCH8011,21203.89,UTR9400632526,4110,SUCCESS,TXN00015524,USR26034,MCH8011,UTR9400632526,0,0,0,0,0,0,0
TXN00011753,2026-03-08 12:52:48,USR17990,MCH1790,18421.0,UTR7683644402,9120,SUCCESS,TXN00011753,USR17990,MCH1790,UTR7683644402,0,0,0,0,0,0,0
TXN00006765,2026-03-09 06:39:29,USR55467,MCH6931,19823.07,,1310,SUCCESS,TXN00006765,USR55467,MCH6931,,0,1,0,0,0,0,0
TXN00018028,2026-03-16 15:37:58,USR81139,MCH4427,19293.3,UTR4945234327,4110,SUCCESS,TXN00018028,USR81139,MCH4427,UTR4945234327,0,0,0,0,0,0,0
TXN00003416,2026-01-16 18:38:20,USR99630,MCH1866,14159.0,UTR5786763885,8120,SUCCESS,TXN00003416,USR99630,MCH1866,UTR5786763885,0,0,0,0,0,0,0
TXN00013226,2026-01-18 12:36:50,USR22209,MCH6787,5859.56,UTR4665626107,0110,SUCCESS,TXN00013226,USR22209,MCH6787,UTR4665626107,0,0,0,0,0,0,0
TXN00002880,2026-03-18 21:38:48,USR52888,MCH5068,4661.54,UTR0913301266,9120,PENDING,TXN00002880,USR52888,MCH5068,UTR0913301266,0,0,0,0,0,0,1
TXN00007692,2026-01-12 06:55:29,USR75976,MCH9411,22028.82,UTR8639557282,0110,SUCCESS,TXN00007692,USR75976,MCH9411,UTR8639557282,0,0,0,0,0,0,0
TXN00013041,2026-03-26 15:56:30,USR56919,MCH1039,10698.05,UTR0745922108,8120,FAILED,TXN00013041,USR56919,MCH1039,UTR0745922108,0,0,0,0,0,1,0
TXN00009312,2026-03-19 15:07:11,USR34567,MCH2930,8753.04,UTR5513352797,4110,SUCCESS,TXN00009312,USR34567,MCH2930,UTR5513352797,0,0,0,0,0,0,0
TXN00004768,2026-03-12 22:48:07,USR34265,MCH4804,0.24432,UTR0434665898,4110,SUCCESS,TXN00004768,USR34265,MCH4804,UTR0434665898,0,0,0,0,0,0,0
TXN00010245,2026-03-24 20:25:52,USR33170,MCH8451,6674.92,UTR8568417548,4110,FAILED,TXN00010245,USR33170,MCH8451,UTR8568417548,0,0,0,0,0,1,0
TXN00006543,2026-02-02 05:33:08,USR27527,MCH1044,24183.53,UTR2570836146,,FAILED,TXN00006543,USR27527,MCH1044,UTR2570836146,0,0,1,0,0,1,0
TXN00019494,2026-03-21 11:18:01,USR74998,MCH5580,7876.45,UTR6504824402,4110,FAILED,TXN00019494,USR74998,MCH5580,UTR6504824402,0,0,0,0,0,1,0
TXN00001866,2026-03-06 08:21:47,USR16973,MCH2207,23435.33,UTR6302334196,4110,PENDING,TXN00001866,USR16973,MCH2207,UTR6302334196,0,0,0,0,0,0,1
TXN00012732,2026-02-17 05:18:47,USR62127,MCH4970,0.818673,UTR2064795878,,SUCCESS,TXN00012732,USR62127,MCH4970,UTR2064795878,0,0,1,0,0,0,0
TXN00016422,2026-01-07 12:51:07,USR57718,MCH1129,0.645236,UTR8134154558,8120,SUCCESS,TXN00016422,USR57718,MCH1129,UTR8134154558,0,0,0,0,0,0,0
TXN00011711,2026-03-02 16:16:16,USR61516,MCH5419,21408.13,UTR4730502396,8120,SUCCESS,TXN00011711,USR61516,MCH5419,UTR4730502396,0,0,0,0,0,0,0
TXN00002500,2026-12-02 18:39:58,USR33833,MCH7984,10195.53,UTR0120638256,8120,SUCCESS,TXN00002500,USR33833,MCH7984,UTR0120638256,0,0,0,0,0,0,0
TXN00015533,2026-03-04 03:43:18,USR92196,MCH2369,0.2278202,UTR0398461684,0110,SUCCESS,TXN00015533,USR92196,MCH2369,UTR0398461684,0,0,0,0,0,0,0
TXN00004441,2026-03-10 13:04:19,USR92776,MCH8841,21859.0,UTR6228032992,1310,SUCCESS,TXN00004441,USR92776,MCH8841,UTR6228032992,0,0,0,0,0,0,0
TXN00005908,2026-03-23 07:52:29,USR16592,MCH3531,19451.84,,4110,SUCCESS,TXN00005908,USR16592,MCH3531,,0,1,0,0,0,0,0
TXN00016619,2026-01-31 09:47:05,USR85459,MCH1398,1241.51,UTR8688285685,4110,SUCCESS,TXN00016619,USR85459,MCH1398,UTR8688285685,0,0,0,0,0,0,0
TXN00000328,2026-01-19 11:41:14,USR67068,MCH6026,15296.9,UTR7863235243,1310,SUCCESS,TXN00000328,USR67068,MCH6026,UTR7863235243,0,0,0,0,0,0,0
TXN00012139,2026-09-03 06:51:42,USR77740,MCH3105,2574.0,UTR4354668392,8120,PENDING,TXN00012139,USR77740,MCH3105,UTR4354668392,0,0,0,0,0,0,1
TXN00019099,2026-01-12 10:52:33,USR80667,MCH9029,2712.66,,,SUCCESS,TXN00019099,USR80667,MCH9029,,0,1,1,0,0,0,0
TXN00017040,2026-01-13 02:40:39,USR46017,MCH2907,14698.0,UTR4689633974,1310,FAILED,TXN00017040,USR46017,MCH2907,UTR4689633974,0,0,0,0,0,1,0
TXN00005359,2026-01-24 09:55:36,USR91995,MCH4451,21334.0,UTR3797496648,4110,SUCCESS,TXN00005359,USR91995,MCH4451,UTR3797496648,0,0,0,0,0,0,0
TXN00019683,2026-01-25 06:28:12,USR43210,MCH3834,15415.0,UTR2190529896,4110,SUCCESS,TXN00019683,USR43210,MCH3834,UTR2190529896,0,0,0,0,0,0,0
TXN00016675,2026-03-14 23:32:24,USR83418,MCH8109,15363.4,UTR1643723978,9120,SUCCESS,TXN00016675,USR83418,MCH8109,UTR1643723978,0,0,0,0,0,0,0
TXN00003000,2026-03-04 07:45:08,USR37165,MCH3742,0.2178664,UTR6012486968,1310,SUCCESS,TXN00003000,USR37165,MCH3742,UTR6012486968,0,0,0,0,0,0,0
TXN00017697,2026-05-02 07:21:05,USR95911,MCH2289,3129.19,UTR0907428555,8120,SUCCESS,TXN00017697,USR95911,MCH2289,UTR0907428555,0,0,0,0,0,0,0
TXN00001391,2026-09-01 13:11:39,USR22635,MCH6107,5908.9,UTR9508032903,4110,SUCCESS,TXN00001391,USR22635,MCH6107,UTR9508032903,0,0,0,0,0,0,0
TXN00008960,2026-01-08 17:11:28,USR31925,MCH4480,21331.0,UTR7554276123,4110,SUCCESS,TXN00008960,USR31925,MCH4480,UTR7554276123,0,0,0,0,0,0,0
TXN00006944,2026-02-22 05:03:29,USR66521,MCH9799,1184.0,UTR0814719777,9120,SUCCESS,TXN00006944,USR66521,MCH9799,UTR0814719777,0,0,0,0,0,0,0
TXN00004289,2026-03-05 20:19:22,USR74572,MCH5947,8643.57,UTR5499850045,4110,SUCCESS,TXN00004289,USR74572,MCH5947,UTR5499850045,0,0,0,0,0,0,0
TXN00018940,2026-02-22 11:19:10,USR88669,MCH5082,11193.04,UTR3147085328,1310,SUCCESS,TXN00018940,USR88669,MCH5082,UTR 3147085328,0,0,0,0,0,0,0
TXN00011625,2026-02-19 00:00:00,USR51393,MCH1494,2897.76,UTR6298502342,4110,FAILED,TXN00011625,USR51393,MCH1494,UTR6298502342,0,0,0,0,0,1,0
TXN00011878,2026-02-27 05:35:24,USR28081,MCH9354,10672.58,UTR6632438712,0110,SUCCESS,TXN00011878,USR28081,MCH9354,UTR6632438712,0,0,0,0,0,0,0
TXN00001525,2026-03-06 10:30:25,USR23125,MCH8081,12151.94,UTR1501732254,4110,SUCCESS,TXN00001525,USR23125,MCH8081,UTR1501732254,0,0,0,0,0,0,0
TXN00015977,2026-03-30 04:54:59,USR53583,MCH1156,11682.92,UTR4820942058,1310,SUCCESS,TXN00015977,USR53583,MCH1156,UTR4820942058,0,0,0,0,0,0,0
TXN00013534,2026-02-11 11:14:55,USR52317,MCH6002,7575.86,UTR0532990525,0110,SUCCESS,TXN00013534,USR52317,MCH6002,UTR0532990525,0,0,0,0,0,0,0
TXN00008981,2026-01-04 03:06:01,USR44937,MCH4446,18874.26,UTR4893549943,,SUCCESS,TXN00008981,USR44937,MCH4446,UTR4893549943,0,0,1,0,0,0,0
TXN00012441,2026-01-25 03:24:16,USR87630,MCH9979,20822.9,UTR9876061559,,SUCCESS,TXN00012441,USR87630,MCH9979,UTR 9876061559,0,0,1,0,0,0,0
TXN00002499,2026-02-25 09:10:24,USR84961,MCH7914,24518.68,UTR6473314381,,PENDING,TXN00002499,USR84961,MCH7914,UTR6473314381,0,0,1,0,0,0,1
TXN00017400,2026-01-27 09:02:46,USR47000,MCH6614,24511.42,UTR0493730513,4110,SUCCESS,TXN00017400,USR47000,MCH6614,UTR0493730513,0,0,0,0,0,0,0
TXN00018762,2026-03-24 23:18:08,USR15725,MCH9813,6054.32,UTR5636818007,1310,SUCCESS,TXN00018762,USR15725,MCH9813,UTR5636818007,0,0,0,0,0,0,0
TXN00004206,2026-02-08 15:57:55,USR99469,MCH7923,11967.49,UTR6371280230,9120,SUCCESS,TXN00004206,USR99469,MCH7923,UTR6371280230,0,0,0,0,0,0,0
TXN00003098,2026-03-12 15:12:59,USR87759,MCH6914,2556.0,UTR5892373939,1310,SUCCESS,TXN00003098,USR87759,MCH6914,UTR5892373939,0,0,0,0,0,0,0
TXN00013459,2026-03-08 01:48:23,USR76462,MCH4700,24764.22,UTR7562814853,1310,SUCCESS,TXN00013459,USR76462,MCH4700,UTR7562814853,0,0,0,0,0,0,0
TXN00005934,2026-01-02 22:43:31,USR22067,MCH5508,24700.47,UTR3695024028,,SUCCESS,TXN00005934,USR22067,MCH5508,UTR3695024028,0,0,1,0,0,0,0
TXN00007055,2026-01-21 09:27:31,USR79559,MCH3710,12266.32,UTR3642861385,4110,SUCCESS,TXN00007055,USR79559,MCH3710,UTR 3642861385,0,0,0,0,0,0,0
TXN00002239,2026-01-22 12:18:01,USR96884,MCH2337,1983.44,UTR5421080299,8120,SUCCESS,TXN00002239,USR96884,MCH2337,UTR5421080299,0,0,0,0,0,0,0
TXN00009969,2026-03-20 10:24:18,USR86221,MCH2144,18743.15,UTR5188358672,0110,SUCCESS,TXN00009969,USR86221,MCH2144,UTR5188358672,0,0,0,0,0,0,0
TXN00004761,2026-03-09 09:12:34,USR30815,MCH7388,12085.97,UTR5221375453,0110,SUCCESS,TXN00004761,USR30815,MCH7388,UTR5221375453,0,0,0,0,0,0,0
TXN00004991,2026-02-19 14:12:28,USR42097,MCH9501,24385.51,UTR2979140671,,SUCCESS,TXN00004991,USR42097,MCH9501,UTR2979140671,0,0,1,0,0,0,0
TXN00012057,2026-03-04 19:52:04,USR72037,MCH9516,20272.41,UTR1008085927,8120,SUCCESS,TXN00012057,USR72037,MCH9516,UTR1008085927,0,0,0,0,0,0,0
TXN00008758,2026-01-20 18:53:29,USR71662,MCH2796,8195.88,UTR8289233533,1310,SUCCESS,TXN00008758,USR71662,MCH2796,UTR8289233533,0,0,0,0,0,0,0
TXN00015247,2026-01-06 06:06:59,USR70656,MCH8809,20202.29,UTR8033847582,4110,SUCCESS,TXN00015247,USR70656,MCH8809,UTR8033847582,0,0,0,0,0,0,0
TXN00007402,2026-01-11 12:59:12,USR81122,MCH4372,17268.48,UTR4497478084,0110,SUCCESS,TXN00007402,USR81122,MCH4372,UTR4497478084,0,0,0,0,0,0,0
TXN00008303,2026-02-03 17:18:32,USR43610,MCH4312,0.1771983,UTR7938985135,4110,SUCCESS,TXN00008303,USR43610,MCH4312,UTR7938985135,0,0,0,0,0,0,0
TXN00013803,2026-03-22 04:54:57,USR69214,MCH4104,24147.92,UTR1052794325,4110,SUCCESS,TXN00013803,USR69214,MCH4104,UTR1052794325,0,0,0,0,0,0,0
TXN00008129,2026-03-20 09:47:09,USR26581,MCH5636,21685.19,UTR3506164368,0110,SUCCESS,TXN00008129,USR26581,MCH5636,UTR3506164368,0,0,0,0,0,0,0
TXN00019841,2026-02-03 11:48:32,USR53560,MCH5562,24768.0,UTR8061902930,4110,SUCCESS,TXN00019841,USR53560,MCH5562,UTR8061902930,0,0,0,0,0,0,0
TXN00009144,2026-02-10 17:41:46,USR74970,MCH5213,12792.0,UTR5108592524,4110,SUCCESS,TXN00009144,USR74970,MCH5213,UTR5108592524,0,0,0,0,0,0,0
TXN00014641,2026-02-28 19:44:08,USR48918,MCH2293,13310.55,UTR7524509858,9120,PENDING,TXN00014641,USR48918,MCH2293,UTR7524509858,0,0,0,0,0,0,1
TXN00009172,2026-01-24 02:17:48,USR75281,MCH9514,21386.65,UTR0336180937,8120,SUCCESS,TXN00009172,USR75281,MCH9514,UTR0336180937,0,0,0,0,0,0,0
TXN00013823,2026-01-20 07:59:23,USR63444,MCH1568,24343.97,UTR8616630109,4110,SUCCESS,TXN00013823,USR63444,MCH1568,UTR8616630109,0,0,0,0,0,0,0
TXN00014577,2026-03-18 20:58:50,USR57170,MCH4941,24638.66,UTR0953664483,9120,SUCCESS,TXN00014577,USR57170,MCH4941,UTR0953664483,0,0,0,0,0,0,0
TXN00013673,2026-02-02 23:21:49,USR69984,MCH2723,-2258.74,UTR7525981876,4110,FAILED,TXN00013673,USR69984,MCH2723,UTR7525981876,1,0,0,0,0,1,0
TXN00009904,2026-02-15 12:32:36,USR78198,MCH5609,13964.0,UTR8325909799,1310,SUCCESS,TXN00009904,USR78198,MCH5609,UTR8325909799,0,0,0,0,0,0,0
TXN00007684,2026-02-14 13:11:39,USR13637,MCH9685,12065.77,UTR3109505750,0110,FAILED,TXN00007684,USR13637,MCH9685,UTR3109505750,0,0,0,0,0,1,0
TXN00000026,2026-02-24 11:47:44,USR94875,MCH4346,19631.55,UTR3812303481,8120,SUCCESS,TXN00000026,USR94875,MCH4346,UTR3812303481,0,0,0,0,0,0,0
TXN00001916,2026-02-01 10:26:31,USR16943,MCH6158,18055.0,UTR4362207587,0110,SUCCESS,TXN00001916,USR16943,MCH6158,UTR4362207587,0,0,0,0,0,0,0
TXN00016939,2026-03-22 15:19:10,USR19722,MCH5551,21891.0,UTR9486184406,4110,SUCCESS,TXN00016939,USR19722,MCH5551,UTR9486184406,0,0,0,0,0,0,0
TXN00000639,2026-02-01 20:54:20,USR32579,MCH5930,6738.39,UTR6107707983,9120,FAILED,TXN00000639,USR32579,MCH5930,UTR6107707983,0,0,0,0,0,1,0
TXN00005142,2026-02-08 06:54:18,USR96575,MCH2950,3161.62,UTR2313107137,,SUCCESS,TXN00005142,USR96575,MCH2950,UTR2313107137,0,0,1,0,0,0,0
TXN00011539,2026-03-10 13:14:13,USR13407,MCH4803,14857.0,UTR3827540071,,SUCCESS,TXN00011539,USR13407,MCH4803,UTR3827540071,0,0,1,0,0,0,0
TXN00005854,2026-02-20 00:39:55,USR92056,MCH5937,21596.1,UTR6414107466,4110,SUCCESS,TXN00005854,USR92056,MCH5937,UTR6414107466,0,0,0,0,0,0,0
TXN00017791,2026-03-02 00:00:00,USR22407,MCH4961,22457.0,UTR7078326634,4110,SUCCESS,TXN00017791,USR22407,MCH4961,UTR7078326634,0,0,0,0,0,0,0
TXN00002838,2026-03-01 09:46:37,USR85657,MCH3437,1132.33,UTR0742383583,1310,SUCCESS,TXN00002838,USR85657,MCH3437,UTR0742383583,0,0,0,0,0,0,0
TXN00015935,2026-01-09 00:00:00,USR68027,MCH1103,10164.12,,,SUCCESS,TXN00015935,USR68027,MCH1103,,0,1,1,0,0,0,0
TXN00006867,2026-03-06 09:40:52,USR83188,MCH9260,9827.05,UTR0980076750,4110,SUCCESS,TXN00006867,USR83188,MCH9260,UTR0980076750,0,0,0,0,0,0,0
TXN00018664,2026-01-06 12:00:53,USR35637,MCH5446,13214.69,UTR9229706429,9120,SUCCESS,TXN00018664,USR35637,MCH5446,UTR 9229706429,0,0,0,0,0,0,0
TXN00007126,2026-01-17 08:57:30,USR71257,MCH3658,12055.05,UTR2191272233,,SUCCESS,TXN00007126,USR71257,MCH3658,UTR2191272233,0,0,1,0,0,0,0
TXN00006550,2026-05-03 19:18:38,USR94560,MCH9561,11057.23,UTR6147967755,,SUCCESS,TXN00006550,USR94560,MCH9561,UTR6147967755,0,0,1,0,0,0,0
TXN00002528,2026-01-13 02:31:12,USR12091,MCH6393,23936.63,UTR6713484813,0110,SUCCESS,TXN00002528,USR12091,MCH6393,UTR6713484813,0,0,0,0,0,0,0
TXN00014060,2026-03-05 14:58:46,USR37520,MCH5891,-24617.29,UTR4399203561,1310,SUCCESS,TXN00014060,USR37520,MCH5891,UTR4399203561,1,0,0,0,0,0,0
TXN00000226,2026-01-15 20:08:28,USR76448,MCH5162,6107.3,UTR4812166371,1310,SUCCESS,TXN00000226,USR76448,MCH5162,UTR4812166371,0,0,0,0,0,0,0
TXN00019781,2026-03-01 17:17:16,USR59166,MCH3376,2334.0,UTR3167617641,9120,SUCCESS,TXN00019781,USR59166,MCH3376,UTR3167617641,0,0,0,0,0,0,0
TXN00007228,2026-02-24 22:26:19,USR30756,MCH3924,2759.34,UTR1525720952,0110,SUCCESS,TXN00007228,USR30756,MCH3924,UTR 1525720952,0,0,0,0,0,0,0
TXN00002087,2026-03-09 07:54:17,USR52141,MCH6097,2645.79,UTR4092537507,0110,SUCCESS,TXN00002087,USR52141,MCH6097,UTR4092537507,0,0,0,0,0,0,0
TXN00019153,2026-03-29 03:09:17,USR60295,MCH2682,2765.01,UTR1573095979,4110,SUCCESS,TXN00019153,USR60295,MCH2682,UTR1573095979,0,0,0,0,0,0,0
TXN00013237,2026-02-22 14:26:13,USR35772,MCH3159,5930.83,UTR7222303263,4110,SUCCESS,TXN00013237,USR35772,MCH3159,UTR 7222303263,0,0,0,0,0,0,0
TXN00013075,2026-03-31 11:42:37,USR96305,MCH1145,23764.25,UTR9520257199,8120,SUCCESS,TXN00013075,USR96305,MCH1145,UTR9520257199,0,0,0,0,0,0,0
TXN00003305,2026-03-11 08:04:11,USR81886,MCH2052,5510.58,UTR3606842924,9120,SUCCESS,TXN00003305,USR81886,MCH2052,UTR3606842924,0,0,0,0,0,0,0
TXN00013049,2026-02-17 12:42:48,USR47989,MCH1055,24533.39,UTR2418046084,4110,SUCCESS,TXN00013049,USR47989,MCH1055,UTR2418046084,0,0,0,0,0,0,0
TXN00012123,2026-01-23 20:43:16,USR42647,MCH9376,14878.26,UTR6887520049,0110,SUCCESS,TXN00012123,USR42647,MCH9376,UTR6887520049,0,0,0,0,0,0,0
TXN00006730,2026-01-28 19:51:45,USR99917,MCH1802,20183.47,UTR7751278376,4110,PENDING,TXN00006730,USR99917,MCH1802,UTR7751278376,0,0,0,0,0,0,1
TXN00000482,2026-02-03 21:14:58,USR84828,MCH1316,17396.76,UTR6088438260,9120,SUCCESS,TXN00000482,USR84828,MCH1316,UTR6088438260,0,0,0,0,0,0,0
TXN00005850,2026-03-26 04:41:48,USR87019,MCH8455,12656.06,UTR4538739821,9120,SUCCESS,TXN00005850,USR87019,MCH8455,UTR4538739821,0,0,0,0,0,0,0
TXN00007453,2026-03-16 00:00:00,USR34455,MCH2052,6704.16,UTR1944898459,8120,SUCCESS,TXN00007453,USR34455,MCH2052,UTR 1944898459,0,0,0,0,0,0,0
TXN00014015,2026-01-27 00:00:00,USR74323,MCH2131,6644.18,UTR5326020078,8120,SUCCESS,TXN00014015,USR74323,MCH2131,UTR5326020078,0,0,0,0,0,0,0
TXN00005259,2026-03-20 13:48:09,USR48291,MCH3105,0.1043494,UTR5792251006,,SUCCESS,TXN00005259,USR48291,MCH3105,UTR5792251006,0,0,1,0,0,0,0
TXN00016427,2026-01-28 00:53:47,USR68753,MCH9288,6743.27,UTR7521629364,4110,SUCCESS,TXN00016427,USR68753,MCH9288,UTR7521629364,0,0,0,0,0,0,0
TXN00011852,2026-01-24 02:45:33,USR57581,MCH6948,22233.73,UTR8431180922,,PENDING,TXN00011852,USR57581,MCH6948,UTR8431180922,0,0,1,0,0,0,1
TXN00003905,2026-01-15 15:55:28,USR32091,MCH7182,21106.87,UTR9524386823,0110,SUCCESS,TXN00003905,USR32091,MCH7182,UTR9524386823,0,0,0,0,0,0,0
TXN00014913,2026-01-21 11:49:29,USR62530,MCH5593,18491.38,UTR7716221944,4110,SUCCESS,TXN00014913,USR62530,MCH5593,UTR7716221944,0,0,0,0,0,0,0
TXN00010085,2026-01-02 03:52:19,USR42738,MCH1456,811.27,UTR8655367791,8120,SUCCESS,TXN00010085,USR42738,MCH1456,UTR8655367791,0,0,0,0,0,0,0
TXN00012381,2026-03-08 12:04:37,USR49508,MCH8189,7830.51,UTR7000348422,,SUCCESS,TXN00012381,USR49508,MCH8189,UTR7000348422,0,0,1,0,0,0,0
TXN00018110,2026-03-30 14:24:53,USR88103,MCH3078,3994.91,UTR5668267143,0110,SUCCESS,TXN00018110,USR88103,MCH3078,UTR5668267143,0,0,0,0,0,0,0
TXN00019797,2026-02-28 16:37:42,USR50769,MCH4772,18727.71,UTR4073670203,,SUCCESS,TXN00019797,USR50769,MCH4772,UTR4073670203,0,0,1,0,0,0,0
TXN00005765,2026-02-26 13:44:09,USR83126,MCH2805,21869.84,UTR5927767158,4110,SUCCESS,TXN00005765,USR83126,MCH2805,UTR5927767158,0,0,0,0,0,0,0
TXN00013056,2026-01-13 08:13:13,USR75989,MCH5627,14673.0,UTR9376366571,4110,SUCCESS,TXN00013056,USR75989,MCH5627,UTR9376366571,0,0,0,0,0,0,0
TXN00016842,2026-03-24 19:46:24,USR39582,MCH6818,21262.8,UTR1491773435,,SUCCESS,TXN00016842,USR39582,MCH6818,UTR1491773435,0,0,1,0,0,0,0
TXN00008816,2026-03-26 03:43:36,USR27259,MCH2743,17735.76,UTR0119265466,8120,SUCCESS,TXN00008816,USR27259,MCH2743,UTR0119265466,0,0,0,0,0,0,0
TXN00008804,2026-03-26 05:12:46,USR27730,MCH9195,24800.48,UTR5800794848,1310,SUCCESS,TXN00008804,USR27730,MCH9195,UTR5800794848,0,0,0,0,0,0,0
TXN00019555,2026-01-04 12:03:38,USR63613,MCH3234,23290.13,UTR8905743484,9120,PENDING,TXN00019555,USR63613,MCH3234,UTR 8905743484,0,0,0,0,0,0,1
TXN00014835,2026-01-30 21:55:33,USR79606,MCH8194,17542.97,UTR7649133395,9120,SUCCESS,TXN00014835,USR79606,MCH8194,UTR7649133395,0,0,0,0,0,0,0
TXN00017969,2026-03-02 07:53:14,USR84923,MCH1302,10751.85,UTR1001705947,9120,SUCCESS,TXN00017969,USR84923,MCH1302,UTR1001705947,0,0,0,0,0,0,0
TXN00014612,2026-03-26 10:56:11,USR41032,MCH1822,21034.3,UTR1142252095,,SUCCESS,TXN00014612,USR41032,MCH1822,UTR1142252095,0,0,1,0,0,0,0
TXN00014567,2026-03-27 04:19:53,USR44781,MCH3386,24626.0,UTR2031870962,,SUCCESS,TXN00014567,USR44781,MCH3386,UTR2031870962,0,0,1,0,0,0,0
TXN00005460,2026-01-17 21:55:17,USR47971,MCH1310,0.2386711,UTR4222397413,1310,SUCCESS,TXN00005460,USR47971,MCH1310,UTR4222397413,0,0,0,0,0,0,0
TXN00006836,2026-03-02 17:12:35,USR79357,MCH4454,3921.67,UTR2099695964,4110,SUCCESS,TXN00006836,USR79357,MCH4454,UTR2099695964,0,0,0,0,0,0,0
TXN00011349,2026-02-27 05:21:22,USR69464,MCH6247,4441.01,UTR4008540700,0110,SUCCESS,TXN00011349,USR69464,MCH6247,UTR4008540700,0,0,0,0,0,0,0
TXN00011068,2026-01-29 00:00:00,USR20741,MCH5173,8375.24,UTR8087045012,,SUCCESS,TXN00011068,USR20741,MCH5173,UTR8087045012,0,0,1,0,0,0,0
TXN00014223,2026-03-11 14:11:59,USR99063,MCH5055,0.1104325,UTR4806483334,0110,SUCCESS,TXN00014223,USR99063,MCH5055,UTR4806483334,0,0,0,0,0,0,0
TXN00005682,2026-01-06 22:06:08,USR37782,MCH6724,12364.33,UTR8903133778,4110,SUCCESS,TXN00005682,USR37782,MCH6724,UTR8903133778,0,0,0,0,0,0,0
TXN00008056,2026-02-20 00:00:00,USR21343,MCH1070,9946.9,UTR2487755293,9120,SUCCESS,TXN00008056,USR21343,MCH1070,UTR2487755293,0,0,0,0,0,0,0
TXN00006097,2026-02-03 06:13:48,USR59298,MCH3172,0.131645,UTR4250963850,8120,SUCCESS,TXN00006097,USR59298,MCH3172,UTR4250963850,0,0,0,0,0,0,0
TXN00008040,2026-01-27 10:46:17,USR53438,MCH5118,24326.4,UTR2669689819,8120,FAILED,TXN00008040,USR53438,MCH5118,UTR2669689819,0,0,0,0,0,1,0
TXN00011374,2026-10-03 10:08:31,USR74673,MCH3352,10832.53,UTR6077146713,0110,SUCCESS,TXN00011374,USR74673,MCH3352,UTR6077146713,0,0,0,0,0,0,0
TXN00008107,2026-02-24 10:11:10,USR79355,MCH3152,4971.59,UTR4080925790,1310,SUCCESS,TXN00008107,USR79355,MCH3152,UTR4080925790,0,0,0,0,0,0,0
TXN00016264,2026-01-14 07:54:42,USR49631,MCH1620,14986.52,UTR2315772637,9120,SUCCESS,TXN00016264,USR49631,MCH1620,UTR2315772637,0,0,0,0,0,0,0
TXN00019666,2026-02-16 07:02:21,USR85268,MCH2716,15733.71,UTR1087503348,8120,FAILED,TXN00019666,USR85268,MCH2716,UTR 1087503348,0,0,0,0,0,1,0
TXN00017961,2026-02-10 12:21:58,USR94377,MCH5011,0.615017,UTR9990920292,8120,SUCCESS,TXN00017961,USR94377,MCH5011,UTR9990920292,0,0,0,0,0,0,0
TXN00006128,2026-01-08 20:18:15,USR19535,MCH7026,7508.68,UTR3113071991,9120,SUCCESS,TXN00006128,USR19535,MCH7026,UTR3113071991,0,0,0,0,0,0,0
TXN00013902,2026-03-03 02:44:45,USR88576,MCH4394,20343.0,UTR2081190844,4110,SUCCESS,TXN00013902,USR88576,MCH4394,UTR2081190844,0,0,0,0,0,0,0
TXN00004663,2026-02-14 12:15:51,USR87710,MCH5389,0.1152785,UTR3239557725,,SUCCESS,TXN00004663,USR87710,MCH5389,UTR 3239557725,0,0,1,0,0,0,0
TXN00015767,2026-01-01 12:00:38,USR16785,MCH1849,15803.23,UTR8988703403,1310,SUCCESS,TXN00015767,USR16785,MCH1849,UTR8988703403,0,0,0,0,0,0,0
TXN00014664,2026-02-12 01:57:58,USR67202,MCH4122,13395.0,UTR7215872880,4110,SUCCESS,TXN00014664,USR67202,MCH4122,UTR7215872880,0,0,0,0,0,0,0
TXN00001311,2026-01-30 20:47:14,USR84000,MCH3749,2012.07,UTR7882094739,,SUCCESS,TXN00001311,USR84000,MCH3749,UTR7882094739,0,0,1,0,0,0,0
TXN00007837,2026-03-15 00:44:35,USR91805,MCH9144,15146.42,UTR1789143480,8120,SUCCESS,TXN00007837,USR91805,MCH9144,UTR1789143480,0,0,0,0,0,0,0
TXN00009155,2026-01-13 18:34:57,USR83004,MCH8132,4235.91,UTR3554752125,4110,SUCCESS,TXN00009155,USR83004,MCH8132,UTR3554752125,0,0,0,0,0,0,0
TXN00001283,2026-03-25 11:01:43,USR69893,MCH4650,13995.62,UTR4008800381,4110,SUCCESS,TXN00001283,USR69893,MCH4650,UTR4008800381,0,0,0,0,0,0,0
TXN00012779,2026-02-05 02:40:43,USR56648,MCH8779,19060.35,UTR0896935686,8120,SUCCESS,TXN00012779,USR56648,MCH8779,UTR0896935686,0,0,0,0,0,0,0
TXN00018812,2026-03-15 01:13:14,USR23953,MCH1690,23993.0,UTR3759547584,1310,SUCCESS,TXN00018812,USR23953,MCH1690,UTR3759547584,0,0,0,0,0,0,0
TXN00008079,2026-03-15 14:57:06,USR65009,MCH1846,9249.75,UTR2646444398,4110,SUCCESS,TXN00008079,USR65009,MCH1846,UTR2646444398,0,0,0,0,0,0,0
TXN00014773,2026-03-08 02:59:59,USR84807,MCH2591,11807.0,UTR1068481625,1310,SUCCESS,TXN00014773,USR84807,MCH2591,UTR1068481625,0,0,0,0,0,0,0
TXN00007935,2026-01-08 14:42:09,USR87646,MCH3544,6570.09,UTR4641047860,1310,SUCCESS,TXN00007935,USR87646,MCH3544,UTR4641047860,0,0,0,0,0,0,0
TXN00009088,2026-01-18 08:49:02,USR88111,MCH9211,24498.06,UTR2318858579,,SUCCESS,TXN00009088,USR88111,MCH9211,UTR2318858579,0,0,1,0,0,0,0
TXN00003203,2026-01-17 13:19:18,USR18258,MCH8513,4854.64,UTR6422548604,4110,FAILED,TXN00003203,USR18258,MCH8513,UTR 6422548604,0,0,0,0,0,1,0
TXN00006558,2026-01-22 12:42:29,USR11063,MCH4074,0.133287,UTR1839186203,0110,SUCCESS,TXN00006558,USR11063,MCH4074,UTR1839186203,0,0,0,0,0,0,0
TXN00008791,2026-01-07 11:11:02,USR72491,MCH3627,22396.34,,1310,SUCCESS,TXN00008791,USR72491,MCH3627,,0,1,0,0,0,0,0
TXN00017164,2026-02-28 05:58:29,USR69347,MCH1742,22881.0,UTR0988625323,9120,SUCCESS,TXN00017164,USR69347,MCH1742,UTR0988625323,0,0,0,0,0,0,0
TXN00017246,2026-01-19 19:39:14,USR34614,MCH4037,15156.0,UTR3650656798,4110,SUCCESS,TXN00017246,USR34614,MCH4037,UTR3650656798,0,0,0,0,0,0,0
TXN00007651,2026-09-02 05:17:12,USR47904,MCH3065,1815.01,,,SUCCESS,TXN00007651,USR47904,MCH3065,,0,1,1,0,0,0,0
TXN00007094,2026-01-20 04:00:58,USR67340,MCH1975,3186.29,,1310,SUCCESS,TXN00007094,USR67340,MCH1975,,0,1,0,0,0,0,0
TXN00000633,2026-01-23 02:20:09,USR47802,MCH9845,12796.82,UTR9726461937,1310,SUCCESS,TXN00000633,USR47802,MCH9845,UTR9726461937,0,0,0,0,0,0,0
TXN00007295,2026-03-18 00:00:00,USR22281,MCH6671,4026.23,UTR7935054573,0110,SUCCESS,TXN00007295,USR22281,MCH6671,UTR7935054573,0,0,0,0,0,0,0
TXN00019054,2026-01-31 13:34:31,USR22339,MCH5231,23588.05,,9120,SUCCESS,TXN00019054,USR22339,MCH5231,,0,1,0,0,0,0,0
TXN00017421,2026-01-25 13:40:51,USR89266,MCH3722,23047.75,UTR0095311808,8120,SUCCESS,TXN00017421,USR89266,MCH3722,UTR0095311808,0,0,0,0,0,0,0
TXN00004337,2026-03-22 17:06:38,USR94340,MCH9677,14990.53,UTR9445519021,4110,SUCCESS,TXN00004337,USR94340,MCH9677,UTR9445519021,0,0,0,0,0,0,0
TXN00017282,2026-02-05 02:07:00,USR46942,MCH1062,9016.36,UTR7402273780,4110,PENDING,TXN00017282,USR46942,MCH1062,UTR7402273780,0,0,0,0,0,0,1
TXN00007728,2026-02-25 16:50:50,USR29303,MCH2321,10620.07,UTR2782380976,4110,SUCCESS,TXN00007728,USR29303,MCH2321,UTR2782380976,0,0,0,0,0,0,0
TXN00011401,2026-03-28 20:55:45,USR93481,MCH3031,3690.37,UTR7819720235,4110,SUCCESS,TXN00011401,USR93481,MCH3031,UTR7819720235,0,0,0,0,0,0,0
TXN00018612,2026-03-08 08:53:31,USR91555,MCH9865,0.520117,UTR5491686963,4110,SUCCESS,TXN00018612,USR91555,MCH9865,UTR5491686963,0,0,0,0,0,0,0
TXN00015973,2026-01-21 00:00:00,USR33273,MCH7687,23341.08,UTR2836225540,4110,SUCCESS,TXN00015973,USR33273,MCH7687,UTR2836225540,0,0,0,0,0,0,0
TXN00012094,2026-01-20 17:21:46,USR93518,MCH3518,0.2122828,UTR0410196729,0110,SUCCESS,TXN00012094,USR93518,MCH3518,UTR0410196729,0,0,0,0,0,0,0
TXN00007626,2026-02-09 00:00:00,USR68077,MCH2114,16268.66,UTR2010645905,,SUCCESS,TXN00007626,USR68077,MCH2114,UTR2010645905,0,0,1,0,0,0,0
TXN00000747,2026-03-29 11:54:12,USR32145,MCH3329,9603.44,UTR9762378016,4110,SUCCESS,TXN00000747,USR32145,MCH3329,UTR9762378016,0,0,0,0,0,0,0
TXN00001136,2026-01-24 14:56:31,USR66011,MCH2116,0.191251,UTR7487789888,4110,SUCCESS,TXN00001136,USR66011,MCH2116,UTR7487789888,0,0,0,0,0,0,0
TXN00019395,2026-01-04 18:26:24,USR16785,MCH7683,24897.71,UTR1126708087,9120,SUCCESS,TXN00019395,USR16785,MCH7683,UTR1126708087,0,0,0,0,0,0,0
TXN00014409,2026-06-01 02:08:11,USR82985,MCH3581,20154.73,UTR7408494587,4110,SUCCESS,TXN00014409,USR82985,MCH3581,UTR7408494587,0,0,0,0,0,0,0
TXN00012995,2026-03-06 18:02:30,USR73584,MCH2351,0.959389,UTR4475884144,9120,SUCCESS,TXN00012995,USR73584,MCH2351,UTR4475884144,0,0,0,0,0,0,0
TXN00007706,2026-02-20 03:32:31,USR61915,MCH2985,786.11,UTR2912624706,4110,SUCCESS,TXN00007706,USR61915,MCH2985,UTR2912624706,0,0,0,0,0,0,0
TXN00015633,2026-03-31 16:38:16,USR56934,MCH3681,24440.61,UTR0499997973,4110,SUCCESS,TXN00015633,USR56934,MCH3681,UTR0499997973,0,0,0,0,0,0,0
TXN00005352,2026-03-16 10:52:18,USR43136,MCH8161,24885.58,UTR4141488998,9120,FAILED,TXN00005352,USR43136,MCH8161,UTR4141488998,0,0,0,0,0,1,0
TXN00014524,2026-03-30 13:21:16,USR51853,MCH8081,5224.6,UTR0217377961,9120,SUCCESS,TXN00014524,USR51853,MCH8081,UTR0217377961,0,0,0,0,0,0,0
TXN00007778,2026-02-17 15:39:33,USR35796,MCH7944,20084.58,UTR5676265346,9120,SUCCESS,TXN00007778,USR35796,MCH7944,UTR5676265346,0,0,0,0,0,0,0
TXN00016536,2026-02-05 11:04:50,USR31591,MCH9316,16542.8,UTR1053606663,9120,SUCCESS,TXN00016536,USR31591,MCH9316,UTR1053606663,0,0,0,0,0,0,0
TXN00008072,2026-01-26 05:23:39,USR78523,MCH8804,10377.02,UTR1648254274,9120,SUCCESS,TXN00008072,USR78523,MCH8804,UTR1648254274,0,0,0,0,0,0,0
TXN00005419,2026-01-13 16:03:45,USR62858,MCH4236,0.1228058,UTR8073411463,9120,SUCCESS,TXN00005419,USR62858,MCH4236,UTR8073411463,0,0,0,0,0,0,0
TXN00010707,2026-03-19 03:16:10,USR79575,MCH7633,15665.33,UTR7193018446,9120,SUCCESS,TXN00010707,USR79575,MCH7633,UTR7193018446,0,0,0,0,0,0,0
TXN00000579,2026-01-25 00:00:00,USR91823,MCH3318,0.1230799,UTR2570846795,8120,SUCCESS,TXN00000579,USR91823,MCH3318,UTR2570846795,0,0,0,0,0,0,0
TXN00017879,2026-01-10 02:49:35,USR72950,MCH4956,12284.0,UTR3206179693,0110,SUCCESS,TXN00017879,USR72950,MCH4956,UTR3206179693,0,0,0,0,0,0,0
TXN00010127,2026-03-09 12:59:25,USR45515,MCH7928,0.1233095,UTR5678148664,4110,SUCCESS,TXN00010127,USR45515,MCH7928,UTR 5678148664,0,0,0,0,0,0,0
TXN00010584,2026-03-28 01:28:57,USR49618,MCH3061,13850.36,UTR9983581245,9120,PENDING,TXN00010584,USR49618,MCH3061,UTR9983581245,0,0,0,0,0,0,1
TXN00018411,2026-01-17 21:36:21,USR28514,MCH7357,12244.89,UTR0963242738,,SUCCESS,TXN00018411,USR28514,MCH7357,UTR 0963242738,0,0,1,0,0,0,0
TXN00008172,2026-01-09 18:10:27,USR98208,MCH2710,20065.99,UTR5223182212,1310,SUCCESS,TXN00008172,USR98208,MCH2710,UTR5223182212,0,0,0,0,0,0,0
TXN00011710,2026-01-25 09:29:21,USR36424,MCH2756,14979.33,UTR9737366555,8120,SUCCESS,TXN00011710,USR36424,MCH2756,UTR9737366555,0,0,0,0,0,0,0
TXN00003267,2026-02-17 00:13:17,USR80675,MCH7951,11861.63,UTR1754695756,9120,SUCCESS,TXN00003267,USR80675,MCH7951,UTR1754695756,0,0,0,0,0,0,0
TXN00000023,2026-02-19 01:33:47,USR74264,MCH8137,7311.0,UTR1792147941,8120,SUCCESS,TXN00000023,USR74264,MCH8137,UTR1792147941,0,0,0,0,0,0,0
TXN00003524,2026-08-01 13:59:33,USR64166,MCH4984,2533.0,,4110,SUCCESS,TXN00003524,USR64166,MCH4984,,0,1,0,0,0,0,0
TXN00011408,2026-01-02 05:47:35,USR27464,MCH9078,14531.85,UTR1282201263,4110,SUCCESS,TXN00011408,USR27464,MCH9078,UTR1282201263,0,0,0,0,0,0,0
TXN00007681,2026-03-15 13:02:26,USR90382,MCH6045,23439.38,UTR8479402035,9120,SUCCESS,TXN00007681,USR90382,MCH6045,UTR8479402035,0,0,0,0,0,0,0
TXN00008043,2026-01-14 02:50:25,USR67135,MCH7269,1034.05,UTR9584957238,4110,SUCCESS,TXN00008043,USR67135,MCH7269,UTR9584957238,0,0,0,0,0,0,0
TXN00008795,2026-03-06 08:51:33,USR33282,MCH3414,10937.67,UTR8464283717,4110,SUCCESS,TXN00008795,USR33282,MCH3414,UTR8464283717,0,0,0,0,0,0,0
TXN00017501,2026-01-12 13:53:37,USR48045,MCH5936,6021.32,UTR4974515510,4110,SUCCESS,TXN00017501,USR48045,MCH5936,UTR4974515510,0,0,0,0,0,0,0
TXN00018208,2026-01-20 20:02:19,USR78625,MCH7258,18039.52,UTR5173590516,9120,SUCCESS,TXN00018208,USR78625,MCH7258,UTR5173590516,0,0,0,0,0,0,0
TXN00004102,2026-02-07 19:53:06,USR31750,MCH6157,0.1066569,UTR0263799256,9120,SUCCESS,TXN00004102,USR31750,MCH6157,UTR0263799256,0,0,0,0,0,0,0
TXN00008139,2026-02-10 02:08:08,USR83278,MCH1771,13479.13,UTR6720290307,1310,SUCCESS,TXN00008139,USR83278,MCH1771,UTR 6720290307,0,0,0,0,0,0,0
TXN00013204,2026-03-18 09:16:36,USR70690,MCH6793,20625.21,UTR6029180607,4110,FAILED,TXN00013204,USR70690,MCH6793,UTR6029180607,0,0,0,0,0,1,0
TXN00007156,2026-08-01 23:00:45,USR49010,MCH2667,20570.78,,1310,SUCCESS,TXN00007156,USR49010,MCH2667,,0,1,0,0,0,0,0
TXN00017921,2026-03-25 03:14:35,USR24961,MCH2041,1383.4,UTR3279300326,8120,SUCCESS,TXN00017921,USR24961,MCH2041,UTR3279300326,0,0,0,0,0,0,0
TXN00003362,2026-01-06 17:51:31,USR91167,MCH3231,6805.93,UTR7491651433,9120,SUCCESS,TXN00003362,USR91167,MCH3231,UTR7491651433,0,0,0,0,0,0,0
TXN00001566,2026-03-25 10:24:44,USR61280,MCH7921,10599.22,UTR9290201271,,SUCCESS,TXN00001566,USR61280,MCH7921,UTR9290201271,0,0,1,0,0,0,0
TXN00003573,2026-01-22 03:44:48,USR77290,MCH5170,21004.0,UTR0753686126,8120,PENDING,TXN00003573,USR77290,MCH5170,UTR0753686126,0,0,0,0,0,0,1
TXN00019120,2026-03-16 07:45:59,USR97477,MCH9493,21070.71,UTR9443144310,8120,SUCCESS,TXN00019120,USR97477,MCH9493,UTR9443144310,0,0,0,0,0,0,0
TXN00010014,2026-02-16 05:42:03,USR76294,MCH6650,0.832309,UTR1048598491,1310,SUCCESS,TXN00010014,USR76294,MCH6650,UTR1048598491,0,0,0,0,0,0,0
TXN00008425,2026-02-17 17:03:28,USR15571,MCH7584,3267.21,UTR0006866027,8120,SUCCESS,TXN00008425,USR15571,MCH7584,UTR0006866027,0,0,0,0,0,0,0
TXN00011993,2026-01-03 15:43:55,USR50037,MCH8470,24000.72,UTR1989018225,1310,SUCCESS,TXN00011993,USR50037,MCH8470,UTR1989018225,0,0,0,0,0,0,0
TXN00015642,2026-03-16 19:34:40,USR29624,MCH1335,10735.98,,4110,SUCCESS,TXN00015642,USR29624,MCH1335,,0,1,0,0,0,0,0
TXN00002222,2026-03-31 07:13:07,USR24331,MCH8638,13522.05,UTR2739043353,8120,SUCCESS,TXN00002222,USR24331,MCH8638,UTR2739043353,0,0,0,0,0,0,0
TXN00007498,2026-02-05 04:08:59,USR81657,MCH6854,21259.44,UTR1434929773,0110,SUCCESS,TXN00007498,USR81657,MCH6854,UTR 1434929773,0,0,0,0,0,0,0
TXN00007576,2026-01-08 18:30:21,USR63843,MCH2329,4223.0,UTR1584309914,,SUCCESS,TXN00007576,USR63843,MCH2329,UTR1584309914,0,0,1,0,0,0,0
TXN00004810,2026-01-14 14:15:15,USR26337,MCH2328,21493.0,UTR0479265296,0110,FAILED,TXN00004810,USR26337,MCH2328,UTR0479265296,0,0,0,0,0,1,0
TXN00006288,2026-01-11 07:36:44,USR39123,MCH6358,10808.58,UTR6592992281,4110,SUCCESS,TXN00006288,USR39123,MCH6358,UTR6592992281,0,0,0,0,0,0,0
TXN00008052,2026-03-03 17:38:25,USR94843,MCH2825,4400.05,UTR8879065754,,SUCCESS,TXN00008052,USR94843,MCH2825,UTR8879065754,0,0,1,0,0,0,0
TXN00014116,2026-02-10 16:41:02,USR76700,MCH8935,8093.45,UTR0158116781,9120,SUCCESS,TXN00014116,USR76700,MCH8935,UTR0158116781,0,0,0,0,0,0,0
TXN00013765,2026-03-24 17:19:26,USR63093,MCH1424,19766.9,UTR5898832546,1310,SUCCESS,TXN00013765,USR63093,MCH1424,UTR5898832546,0,0,0,0,0,0,0
TXN00013382,2026-02-03 06:23:52,USR60816,MCH8271,4026.28,UTR9316764689,0110,SUCCESS,TXN00013382,USR60816,MCH8271,UTR9316764689,0,0,0,0,0,0,0
TXN00009607,2026-01-26 01:18:23,USR65022,MCH7893,20348.0,UTR4072854282,0110,SUCCESS,TXN00009607,USR65022,MCH7893,UTR4072854282,0,0,0,0,0,0,0
TXN00009247,2026-01-29 10:20:58,USR31558,MCH2370,12235.0,UTR5916589103,1310,SUCCESS,TXN00009247,USR31558,MCH2370,UTR 5916589103,0,0,0,0,0,0,0
TXN00018238,2026-01-15 00:00:00,USR50981,MCH8715,4167.4,UTR3299065951,,SUCCESS,TXN00018238,USR50981,MCH8715,UTR3299065951,0,0,1,0,0,0,0
TXN00010007,2026-03-15 08:24:18,USR67764,MCH3855,812.42,UTR4374238398,8120,SUCCESS,TXN00010007,USR67764,MCH3855,UTR4374238398,0,0,0,0,0,0,0
TXN00019089,2026-03-07 00:00:00,USR11057,MCH1594,19814.27,UTR1080961585,1310,SUCCESS,TXN00019089,USR11057,MCH1594,UTR1080961585,0,0,0,0,0,0,0
TXN00017352,2026-03-12 15:45:58,USR65364,MCH5668,0.180197,UTR5435701451,0110,SUCCESS,TXN00017352,USR65364,MCH5668,UTR5435701451,0,0,0,0,0,0,0
TXN00006792,2026-03-10 21:21:38,USR64471,MCH8747,7594.56,UTR8083248724,0110,SUCCESS,TXN00006792,USR64471,MCH8747,UTR8083248724,0,0,0,0,0,0,0
TXN00006171,2026-02-21 13:23:54,USR82553,MCH7071,1330.12,UTR9011314714,,SUCCESS,TXN00006171,USR82553,MCH7071,UTR 9011314714,0,0,1,0,0,0,0
TXN00012096,2026-03-25 16:27:29,USR43132,MCH1333,0.467091,,0110,SUCCESS,TXN00012096,USR43132,MCH1333,,0,1,0,0,0,0,0
TXN00011264,2026-03-16 01:58:26,USR20775,MCH4999,10964.0,UTR4954141227,9120,SUCCESS,TXN00011264,USR20775,MCH4999,UTR4954141227,0,0,0,0,0,0,0
TXN00002045,2026-03-26 06:48:04,USR28531,MCH8276,21504.89,UTR9495353265,1310,SUCCESS,TXN00002045,USR28531,MCH8276,UTR9495353265,0,0,0,0,0,0,0
TXN00015221,2026-03-07 19:37:06,USR97962,MCH3378,21647.38,UTR9864167211,9120,SUCCESS,TXN00015221,USR97962,MCH3378,UTR9864167211,0,0,0,0,0,0,0
TXN00004900,2026-03-10 03:20:14,USR65856,MCH4400,22771.55,UTR2119086187,,SUCCESS,TXN00004900,USR65856,MCH4400,UTR2119086187,0,0,1,0,0,0,0
TXN00016252,2026-01-07 00:00:00,USR19483,MCH5976,10300.0,UTR1351424007,9120,SUCCESS,TXN00016252,USR19483,MCH5976,UTR 1351424007,0,0,0,0,0,0,0
TXN00015639,2026-09-01 10:35:24,USR90513,MCH7543,20862.9,UTR5353495901,1310,SUCCESS,TXN00015639,USR90513,MCH7543,UTR5353495901,0,0,0,0,0,0,0
TXN00009530,2026-01-27 07:35:49,USR13711,MCH9707,23727.24,UTR6493549533,4110,SUCCESS,TXN00009530,USR13711,MCH9707,UTR6493549533,0,0,0,0,0,0,0
TXN00000936,2026-02-27 11:12:36,USR10064,MCH5224,6814.96,UTR7235721452,8120,SUCCESS,TXN00000936,USR10064,MCH5224,UTR7235721452,0,0,0,0,0,0,0
TXN00018527,2026-03-02 01:32:49,USR81498,MCH4370,5729.0,UTR9655640192,9120,SUCCESS,TXN00018527,USR81498,MCH4370,UTR9655640192,0,0,0,0,0,0,0
TXN00005086,2026-03-29 10:11:05,USR33513,MCH9553,12627.74,UTR9551249960,9120,SUCCESS,TXN00005086,USR33513,MCH9553,UTR9551249960,0,0,0,0,0,0,0
TXN00001242,2026-02-06 00:00:00,USR13577,MCH4006,19417.16,UTR3474893641,,SUCCESS,TXN00001242,USR13577,MCH4006,UTR3474893641,0,0,1,0,0,0,0
TXN00018774,2026-02-06 19:53:45,USR26814,MCH1868,0.1429772,UTR5832899572,9120,SUCCESS,TXN00018774,USR26814,MCH1868,UTR5832899572,0,0,0,0,0,0,0
TXN00000775,2026-03-16 14:42:35,USR28352,MCH1171,19934.41,UTR0002715883,8120,SUCCESS,TXN00000775,USR28352,MCH1171,UTR0002715883,0,0,0,0,0,0,0
TXN00014652,2026-02-16 17:12:32,USR73343,MCH7051,13564.83,UTR7385381078,4110,SUCCESS,TXN00014652,USR73343,MCH7051,UTR7385381078,0,0,0,0,0,0,0
TXN00012290,2026-03-31 08:43:05,USR83355,MCH5036,295.7,UTR4801864743,0110,PENDING,TXN00012290,USR83355,MCH5036,UTR4801864743,0,0,0,0,0,0,1
TXN00015177,2026-03-24 07:12:45,USR29605,MCH4107,8175.63,UTR1919732301,9120,FAILED,TXN00015177,USR29605,MCH4107,UTR1919732301,0,0,0,0,0,1,0
TXN00015557,2026-03-27 00:05:26,USR39874,MCH6157,22968.91,UTR3950239146,,SUCCESS,TXN00015557,USR39874,MCH6157,UTR3950239146,0,0,1,0,0,0,0
TXN00011056,2026-01-17 23:31:48,USR96551,MCH8106,8665.62,UTR0258398085,4110,PENDING,TXN00011056,USR96551,MCH8106,UTR0258398085,0,0,0,0,0,0,1
TXN00005028,2026-03-30 17:39:08,USR43614,MCH9951,1330.14,UTR6245139232,1310,FAILED,TXN00005028,USR43614,MCH9951,UTR6245139232,0,0,0,0,0,1,0
TXN00019001,2026-02-26 10:57:42,USR89344,MCH1577,9670.08,UTR3562388160,8120,SUCCESS,TXN00019001,USR89344,MCH1577,UTR 3562388160,0,0,0,0,0,0,0
TXN00000917,2026-02-17 03:37:40,USR23090,MCH6752,7368.7,UTR1880571818,,SUCCESS,TXN00000917,USR23090,MCH6752,UTR 1880571818,0,0,1,0,0,0,0
TXN00015775,2026-01-10 20:08:02,USR72970,MCH1327,24492.5,UTR8894286410,9120,FAILED,TXN00015775,USR72970,MCH1327,UTR8894286410,0,0,0,0,0,1,0
TXN00001511,2026-02-07 04:23:12,USR88765,MCH6722,20326.51,UTR9370544712,4110,SUCCESS,TXN00001511,USR88765,MCH6722,UTR9370544712,0,0,0,0,0,0,0
TXN00000621,2026-03-25 08:40:02,USR80205,MCH6613,4621.18,UTR6278562006,9120,SUCCESS,TXN00000621,USR80205,MCH6613,UTR6278562006,0,0,0,0,0,0,0
TXN00001343,2026-03-23 03:55:29,USR91960,MCH7899,21708.13,UTR2173670311,,SUCCESS,TXN00001343,USR91960,MCH7899,UTR2173670311,0,0,1,0,0,0,0
TXN00000463,2026-01-13 16:58:06,USR89869,MCH5765,18653.66,UTR3990977736,4110,SUCCESS,TXN00000463,USR89869,MCH5765,UTR3990977736,0,0,0,0,0,0,0
TXN00012874,2026-03-27 00:47:34,USR80438,MCH1667,1893.12,UTR1215016560,4110,SUCCESS,TXN00012874,USR80438,MCH1667,UTR1215016560,0,0,0,0,0,0,0
TXN00011976,2026-01-10 17:56:19,USR21740,MCH4632,21516.51,UTR7525157106,8120,SUCCESS,TXN00011976,USR21740,MCH4632,UTR7525157106,0,0,0,0,0,0,0
TXN00005212,2026-01-05 18:03:47,USR91899,MCH3088,5477.0,UTR4476762288,1310,SUCCESS,TXN00005212,USR91899,MCH3088,UTR4476762288,0,0,0,0,0,0,0
TXN00006987,2026-01-01 13:44:43,USR55617,MCH2460,10741.9,UTR0578960400,1310,SUCCESS,TXN00006987,USR55617,MCH2460,UTR0578960400,0,0,0,0,0,0,0
TXN00019186,2026-03-21 14:59:08,USR98414,MCH4408,19449.53,UTR8291078824,0110,SUCCESS,TXN00019186,USR98414,MCH4408,UTR8291078824,0,0,0,0,0,0,0
TXN00019412,2026-03-23 14:57:14,USR88785,MCH1651,1346.11,UTR9963453731,,FAILED,TXN00019412,USR88785,MCH1651,UTR9963453731,0,0,1,0,0,1,0
TXN00018589,2026-02-19 06:48:13,USR24960,MCH5884,18705.54,UTR4330527947,1310,SUCCESS,TXN00018589,USR24960,MCH5884,UTR4330527947,0,0,0,0,0,0,0
TXN00012730,2026-02-24 13:30:42,USR83770,MCH7359,7658.42,UTR5074647486,4110,SUCCESS,TXN00012730,USR83770,MCH7359,UTR5074647486,0,0,0,0,0,0,0
TXN00018839,2026-01-02 11:22:47,USR22414,MCH4012,23695.65,UTR3880532332,4110,SUCCESS,TXN00018839,USR22414,MCH4012,UTR3880532332,0,0,0,0,0,0,0
TXN00002781,2026-02-19 19:34:37,USR66735,MCH9059,1258.98,,,SUCCESS,TXN00002781,USR66735,MCH9059,,0,1,1,0,0,0,0
TXN00010534,2026-02-01 15:56:35,USR67036,MCH6370,1362.82,UTR0087380485,0110,SUCCESS,TXN00010534,USR67036,MCH6370,UTR0087380485,0,0,0,0,0,0,0
TXN00005771,2026-03-17 16:28:14,USR69923,MCH5298,15833.14,UTR7700672166,9120,SUCCESS,TXN00005771,USR69923,MCH5298,UTR7700672166,0,0,0,0,0,0,0
TXN00016266,2026-03-14 20:39:42,USR44227,MCH1164,19557.03,UTR2763860281,8120,SUCCESS,TXN00016266,USR44227,MCH1164,UTR2763860281,0,0,0,0,0,0,0
TXN00013218,2026-02-09 00:00:00,USR35982,MCH7186,16630.29,UTR6859861706,9120,SUCCESS,TXN00013218,USR35982,MCH7186,UTR 6859861706,0,0,0,0,0,0,0
TXN00003033,2026-02-19 23:59:26,USR13081,MCH9787,18775.99,UTR6867437857,4110,SUCCESS,TXN00003033,USR13081,MCH9787,UTR6867437857,0,0,0,0,0,0,0
TXN00016872,2026-02-08 12:56:54,USR50514,MCH5327,0.2252927,UTR8444706359,8120,FAILED,TXN00016872,USR50514,MCH5327,UTR8444706359,0,0,0,0,0,1,0
TXN00017899,2026-01-30 05:41:35,USR26357,MCH7789,12921.35,UTR2244504006,1310,SUCCESS,TXN00017899,USR26357,MCH7789,UTR2244504006,0,0,0,0,0,0,0
TXN00008077,2026-02-20 00:00:00,USR35512,MCH9473,15242.12,UTR2244171523,9120,SUCCESS,TXN00008077,USR35512,MCH9473,UTR 2244171523,0,0,0,0,0,0,0
TXN00019896,2026-01-21 07:43:11,USR20752,MCH2919,18619.57,UTR1585379321,0110,SUCCESS,TXN00019896,USR20752,MCH2919,UTR1585379321,0,0,0,0,0,0,0
TXN00007487,2026-02-20 17:36:28,USR73470,MCH6508,10528.2,UTR3301809427,9120,SUCCESS,TXN00007487,USR73470,MCH6508,UTR3301809427,0,0,0,0,0,0,0
TXN00000858,2026-01-23 18:24:34,USR57652,MCH1153,11806.95,UTR8941272296,0110,SUCCESS,TXN00000858,USR57652,MCH1153,UTR8941272296,0,0,0,0,0,0,0
TXN00004095,2026-01-15 23:21:39,USR72843,MCH8406,8305.97,UTR9560858484,4110,SUCCESS,TXN00004095,USR72843,MCH8406,UTR 9560858484,0,0,0,0,0,0,0
TXN00018992,2026-01-21 12:46:59,USR85929,MCH9334,387.54,UTR1196179593,,SUCCESS,TXN00018992,USR85929,MCH9334,UTR1196179593,0,0,1,0,0,0,0
TXN00008724,2026-01-23 16:04:12,USR32052,MCH4557,9719.39,UTR4167477736,1310,SUCCESS,TXN00008724,USR32052,MCH4557,UTR4167477736,0,0,0,0,0,0,0
TXN00017109,2026-01-22 15:20:47,USR64773,MCH5305,18266.0,UTR4451441091,0110,FAILED,TXN00017109,USR64773,MCH5305,UTR4451441091,0,0,0,0,0,1,0
TXN00013575,2026-08-03 22:45:55,USR33544,MCH9720,13450.57,UTR1939074574,9120,SUCCESS,TXN00013575,USR33544,MCH9720,UTR1939074574,0,0,0,0,0,0,0
TXN00010963,2026-01-22 09:29:13,USR60006,MCH7360,0.1213946,UTR6195565658,4110,SUCCESS,TXN00010963,USR60006,MCH7360,UTR6195565658,0,0,0,0,0,0,0
TXN00009453,2026-02-03 00:31:38,USR45083,MCH8453,0.366786,UTR4605957551,1310,SUCCESS,TXN00009453,USR45083,MCH8453,UTR4605957551,0,0,0,0,0,0,0
TXN00007926,2026-02-04 11:27:50,USR59982,MCH5868,6524.05,UTR4887197001,1310,SUCCESS,TXN00007926,USR59982,MCH5868,UTR4887197001,0,0,0,0,0,0,0
TXN00009308,2026-12-01 10:47:12,USR82250,MCH3253,18297.08,UTR8127363019,4110,SUCCESS,TXN00009308,USR82250,MCH3253,UTR8127363019,0,0,0,0,0,0,0
TXN00016681,2026-03-14 23:55:10,USR28351,MCH6937,23263.0,UTR2249036417,,SUCCESS,TXN00016681,USR28351,MCH6937,UTR2249036417,0,0,1,0,0,0,0
TXN00000257,2026-03-15 00:00:00,USR96325,MCH3527,23404.51,UTR4299370321,1310,SUCCESS,TXN00000257,USR96325,MCH3527,UTR4299370321,0,0,0,0,0,0,0
TXN00018815,2026-01-11 14:28:41,USR24467,MCH9323,12316.13,UTR2481085669,4110,SUCCESS,TXN00018815,USR24467,MCH9323,UTR2481085669,0,0,0,0,0,0,0
TXN00016035,2026-02-03 02:23:55,USR94011,MCH3701,18760.31,UTR3185944412,1310,SUCCESS,TXN00016035,USR94011,MCH3701,UTR3185944412,0,0,0,0,0,0,0
TXN00009886,2026-03-03 05:33:03,USR80328,MCH4089,16838.05,UTR0844939383,8120,SUCCESS,TXN00009886,USR80328,MCH4089,UTR0844939383,0,0,0,0,0,0,0
TXN00018395,2026-01-07 00:17:58,USR99564,MCH4136,2877.0,UTR6538514317,4110,SUCCESS,TXN00018395,USR99564,MCH4136,UTR6538514317,0,0,0,0,0,0,0
TXN00017452,2026-01-31 22:21:59,USR65898,MCH5780,3926.04,UTR8083229951,9120,SUCCESS,TXN00017452,USR65898,MCH5780,UTR8083229951,0,0,0,0,0,0,0
TXN00007146,2026-02-13 05:45:33,USR18621,MCH2214,18001.79,UTR2654249528,4110,SUCCESS,TXN00007146,USR18621,MCH2214,UTR2654249528,0,0,0,0,0,0,0
TXN00002857,2026-02-01 00:41:36,USR60350,MCH5084,5529.11,UTR1692200862,0110,SUCCESS,TXN00002857,USR60350,MCH5084,UTR1692200862,0,0,0,0,0,0,0
TXN00016846,2026-01-16 08:38:46,USR21108,MCH3378,16968.89,UTR0511807342,4110,SUCCESS,TXN00016846,USR21108,MCH3378,UTR 0511807342,0,0,0,0,0,0,0
TXN00015597,2026-03-08 16:01:47,USR59428,MCH5017,-3246.87,UTR3771015876,1310,SUCCESS,TXN00015597,USR59428,MCH5017,UTR3771015876,1,0,0,0,0,0,0
TXN00015166,2026-03-19 19:08:42,USR96140,MCH4361,0.398254,UTR3686778636,1310,FAILED,TXN00015166,USR96140,MCH4361,UTR 3686778636,0,0,0,0,0,1,0
TXN00005739,2026-09-01 10:47:19,USR29258,MCH5365,984.77,UTR8797332301,0110,SUCCESS,TXN00005739,USR29258,MCH5365,UTR 8797332301,0,0,0,0,0,0,0
TXN00019281,2026-02-17 09:58:30,USR80633,MCH1054,10418.1,UTR7797140496,4110,SUCCESS,TXN00019281,USR80633,MCH1054,UTR7797140496,0,0,0,0,0,0,0
TXN00003313,2026-02-16 12:20:08,USR63477,MCH7333,17722.05,UTR5257532775,1310,SUCCESS,TXN00003313,USR63477,MCH7333,UTR5257532775,0,0,0,0,0,0,0
TXN00016236,2026-02-25 07:23:57,USR20883,MCH1548,13881.58,UTR6520558646,8120,SUCCESS,TXN00016236,USR20883,MCH1548,UTR6520558646,0,0,0,0,0,0,0
TXN00008693,2026-02-01 09:36:13,USR40270,MCH9011,6602.51,UTR4281636456,4110,SUCCESS,TXN00008693,USR40270,MCH9011,UTR4281636456,0,0,0,0,0,0,0
TXN00009301,2026-01-19 19:01:00,USR76489,MCH9151,6635.43,UTR3675552019,0110,SUCCESS,TXN00009301,USR76489,MCH9151,UTR3675552019,0,0,0,0,0,0,0
TXN00013211,2026-02-26 06:27:20,USR65785,MCH8941,16881.84,UTR9591077974,4110,SUCCESS,TXN00013211,USR65785,MCH8941,UTR9591077974,0,0,0,0,0,0,0
TXN00010685,2026-03-02 20:34:31,USR12265,MCH4042,10991.81,UTR9989294027,0110,SUCCESS,TXN00010685,USR12265,MCH4042,UTR9989294027,0,0,0,0,0,0,0
TXN00008973,2026-03-24 17:36:19,USR38369,MCH8060,6881.73,UTR3549760707,4110,SUCCESS,TXN00008973,USR38369,MCH8060,UTR3549760707,0,0,0,0,0,0,0
TXN00009788,2026-01-21 12:10:08,USR56692,MCH8327,0.528684,UTR4641433041,4110,SUCCESS,TXN00009788,USR56692,MCH8327,UTR4641433041,0,0,0,0,0,0,0
TXN00019463,2026-01-03 19:29:15,USR99080,MCH3893,17910.2,UTR2710878754,0110,SUCCESS,TXN00019463,USR99080,MCH3893,UTR2710878754,0,0,0,0,0,0,0
TXN00008588,2026-03-08 22:52:22,USR45003,MCH2915,19072.35,UTR9915503067,,SUCCESS,TXN00008588,USR45003,MCH2915,UTR9915503067,0,0,1,0,0,0,0
TXN00005546,2026-03-22 11:15:36,USR10402,MCH1041,1891.22,UTR0949239850,0110,SUCCESS,TXN00005546,USR10402,MCH1041,UTR0949239850,0,0,0,0,0,0,0
TXN00011313,2026-01-16 14:07:32,USR25212,MCH8384,11627.12,UTR3753819409,0110,SUCCESS,TXN00011313,USR25212,MCH8384,UTR 3753819409,0,0,0,0,0,0,0
TXN00000826,2026-03-21 03:06:10,USR59542,MCH4149,22997.19,UTR2066497825,4110,SUCCESS,TXN00000826,USR59542,MCH4149,UTR 2066497825,0,0,0,0,0,0,0
TXN00001711,2026-01-10 10:24:30,USR57000,MCH2765,3809.0,UTR5877518718,8120,SUCCESS,TXN00001711,USR57000,MCH2765,UTR5877518718,0,0,0,0,0,0,0
TXN00018468,2026-01-21 03:27:04,USR83460,MCH5309,2725.13,UTR3076549410,4110,SUCCESS,TXN00018468,USR83460,MCH5309,UTR3076549410,0,0,0,0,0,0,0
TXN00007401,2026-01-13 20:04:44,USR46073,MCH6010,1649.36,UTR9784030403,4110,FAILED,TXN00007401,USR46073,MCH6010,UTR9784030403,0,0,0,0,0,1,0
TXN00002277,2026-02-24 17:35:55,USR31115,MCH8441,18592.41,UTR9605019648,,SUCCESS,TXN00002277,USR31115,MCH8441,UTR9605019648,0,0,1,0,0,0,0
TXN00000408,2026-01-16 00:42:09,USR74175,MCH4657,280.83,UTR0056179294,4110,SUCCESS,TXN00000408,USR74175,MCH4657,UTR0056179294,0,0,0,0,0,0,0
TXN00004531,2026-12-01 02:07:14,USR47690,MCH5955,6727.25,UTR6453033414,9120,SUCCESS,TXN00004531,USR47690,MCH5955,UTR6453033414,0,0,0,0,0,0,0
TXN00011189,2026-02-20 07:25:31,USR75036,MCH7463,7092.0,UTR1964735916,4110,SUCCESS,TXN00011189,USR75036,MCH7463,UTR1964735916,0,0,0,0,0,0,0
TXN00017956,2026-03-02 20:52:04,USR29651,MCH9303,18883.36,UTR9206831113,,SUCCESS,TXN00017956,USR29651,MCH9303,UTR9206831113,0,0,1,0,0,0,0
TXN00004373,2026-01-17 22:30:19,USR24113,MCH3883,1288.24,UTR0382194561,1310,SUCCESS,TXN00004373,USR24113,MCH3883,UTR0382194561,0,0,0,0,0,0,0
TXN00019724,2026-03-05 07:17:24,USR73026,MCH4734,10921.42,UTR7780207253,1310,SUCCESS,TXN00019724,USR73026,MCH4734,UTR7780207253,0,0,0,0,0,0,0
TXN00003022,2026-01-31 08:22:12,USR75612,MCH6613,10825.0,UTR4632754095,4110,SUCCESS,TXN00003022,USR75612,MCH6613,UTR4632754095,0,0,0,0,0,0,0
TXN00001516,2026-01-05 05:42:20,USR16159,MCH8707,199.0,UTR6089822929,,SUCCESS,TXN00001516,USR16159,MCH8707,UTR6089822929,0,0,1,0,0,0,0
TXN00016690,2026-02-09 13:02:47,USR62228,MCH1584,12290.43,UTR1072416633,9120,SUCCESS,TXN00016690,USR62228,MCH1584,UTR1072416633,0,0,0,0,0,0,0
TXN00010555,2026-02-14 04:12:20,USR67392,MCH6246,0.1875217,UTR3878802785,8120,SUCCESS,TXN00010555,USR67392,MCH6246,UTR3878802785,0,0,0,0,0,0,0
TXN00016866,2026-01-09 07:58:51,USR74517,MCH3613,15837.13,UTR7963936363,9120,SUCCESS,TXN00016866,USR74517,MCH3613,UTR7963936363,0,0,0,0,0,0,0
TXN00000211,2026-01-26 13:44:27,USR85492,MCH3827,-13722.86,UTR8749392713,,SUCCESS,TXN00000211,USR85492,MCH3827,UTR8749392713,1,0,1,0,0,0,0
TXN00008222,2026-03-16 20:33:02,USR92853,MCH9814,4822.61,UTR7574952910,4110,SUCCESS,TXN00008222,USR92853,MCH9814,UTR7574952910,0,0,0,0,0,0,0
TXN00006083,2026-02-02 04:01:29,USR99226,MCH9084,-9439.94,UTR9133172173,8120,SUCCESS,TXN00006083,USR99226,MCH9084,UTR9133172173,1,0,0,0,0,0,0
TXN00014106,2026-01-30 16:02:03,USR45125,MCH4038,7425.0,UTR8117603748,9120,FAILED,TXN00014106,USR45125,MCH4038,UTR8117603748,0,0,0,0,0,1,0
TXN00003987,2026-03-24 01:45:40,USR27339,MCH7894,2393.07,,,SUCCESS,TXN00003987,USR27339,MCH7894,,0,1,1,0,0,0,0
TXN00005047,2026-03-07 08:57:45,USR92458,MCH9743,12250.0,UTR7266340903,9120,SUCCESS,TXN00005047,USR92458,MCH9743,UTR7266340903,0,0,0,0,0,0,0
TXN00015039,2026-03-06 08:04:04,USR37491,MCH5305,21722.58,UTR3243288797,0110,SUCCESS,TXN00015039,USR37491,MCH5305,UTR3243288797,0,0,0,0,0,0,0
TXN00015292,2026-02-20 01:03:03,USR92784,MCH7940,20826.61,UTR0021186243,0110,SUCCESS,TXN00015292,USR92784,MCH7940,UTR 0021186243,0,0,0,0,0,0,0
TXN00001418,2026-01-20 18:19:30,USR87435,MCH7557,0.306153,UTR6666823239,4110,PENDING,TXN00001418,USR87435,MCH7557,UTR 6666823239,0,0,0,0,0,0,1
TXN00004258,2026-11-02 01:57:34,USR53749,MCH6597,0.1129897,UTR2902645807,4110,SUCCESS,TXN00004258,USR53749,MCH6597,UTR2902645807,0,0,0,0,0,0,0
TXN00004967,2026-01-13 07:46:11,USR54734,MCH2884,24182.0,UTR6213121150,0110,SUCCESS,TXN00004967,USR54734,MCH2884,UTR6213121150,0,0,0,0,0,0,0
TXN00012180,2026-01-04 23:49:41,USR16929,MCH2509,2653.0,UTR4332290356,4110,SUCCESS,TXN00012180,USR16929,MCH2509,UTR4332290356,0,0,0,0,0,0,0
TXN00005074,2026-01-30 12:09:36,USR13525,MCH7358,2144.22,UTR2087819781,8120,SUCCESS,TXN00005074,USR13525,MCH7358,UTR 2087819781,0,0,0,0,0,0,0
TXN00006833,2026-02-27 22:49:55,USR27824,MCH2458,12793.03,UTR1082921390,4110,SUCCESS,TXN00006833,USR27824,MCH2458,UTR1082921390,0,0,0,0,0,0,0
TXN00012050,2026-03-27 20:39:53,USR63578,MCH8769,4006.92,UTR7713908541,4110,SUCCESS,TXN00012050,USR63578,MCH8769,UTR7713908541,0,0,0,0,0,0,0
TXN00006804,2026-01-29 13:29:01,USR93006,MCH5622,11614.11,UTR4636595087,4110,SUCCESS,TXN00006804,USR93006,MCH5622,UTR4636595087,0,0,0,0,0,0,0
TXN00010553,2026-01-21 23:42:04,USR49913,MCH9504,14397.23,UTR8848410872,1310,SUCCESS,TXN00010553,USR49913,MCH9504,UTR8848410872,0,0,0,0,0,0,0
TXN00012777,2026-01-20 22:35:04,USR94478,MCH1752,4465.09,UTR1940400889,,FAILED,TXN00012777,USR94478,MCH1752,UTR1940400889,0,0,1,0,0,1,0
TXN00017231,2026-01-03 10:55:46,USR98759,MCH8819,0.1457632,,9120,SUCCESS,TXN00017231,USR98759,MCH8819,,0,1,0,0,0,0,0
TXN00013139,2026-02-14 18:03:32,USR16896,MCH4176,22137.11,UTR6376893823,9120,SUCCESS,TXN00013139,USR16896,MCH4176,UTR6376893823,0,0,0,0,0,0,0
TXN00010457,2026-02-24 03:33:33,USR72504,MCH9996,6302.19,UTR5215394764,8120,SUCCESS,TXN00010457,USR72504,MCH9996,UTR5215394764,0,0,0,0,0,0,0
TXN00001370,2026-02-15 15:12:12,USR24733,MCH3765,5946.21,UTR5497555417,0110,SUCCESS,TXN00001370,USR24733,MCH3765,UTR5497555417,0,0,0,0,0,0,0
TXN00010261,2026-01-30 00:25:06,USR80226,MCH1302,17041.0,UTR7623315117,1310,SUCCESS,TXN00010261,USR80226,MCH1302,UTR7623315117,0,0,0,0,0,0,0
TXN00013306,2026-05-03 06:13:25,USR58460,MCH5661,15848.37,UTR5341801046,8120,SUCCESS,TXN00013306,USR58460,MCH5661,UTR5341801046,0,0,0,0,0,0,0
TXN00009018,2026-03-14 02:04:31,USR97387,MCH5150,20325.08,UTR3163617050,4110,SUCCESS,TXN00009018,USR97387,MCH5150,UTR3163617050,0,0,0,0,0,0,0
TXN00005226,2026-01-10 04:43:33,USR14339,MCH4042,1444.22,UTR5051864897,0110,PENDING,TXN00005226,USR14339,MCH4042,UTR 5051864897,0,0,0,0,0,0,1
TXN00015612,2026-05-02 22:30:49,USR46422,MCH2303,18395.08,UTR1867107672,8120,SUCCESS,TXN00015612,USR46422,MCH2303,UTR1867107672,0,0,0,0,0,0,0
TXN00015909,2026-03-17 23:51:45,USR94114,MCH6700,5118.05,UTR5311219969,,PENDING,TXN00015909,USR94114,MCH6700,UTR5311219969,0,0,1,0,0,0,1
TXN00001052,2026-02-12 02:10:57,USR52688,MCH6982,0.1322814,UTR3136269430,4110,SUCCESS,TXN00001052,USR52688,MCH6982,UTR3136269430,0,0,0,0,0,0,0
TXN00013981,2026-01-04 23:52:11,USR84499,MCH1949,2839.38,UTR9795148700,9120,PENDING,TXN00013981,USR84499,MCH1949,UTR9795148700,0,0,0,0,0,0,1
TXN00014091,2026-11-02 15:09:36,USR19344,MCH9800,23915.45,UTR4254885295,0110,SUCCESS,TXN00014091,USR19344,MCH9800,UTR4254885295,0,0,0,0,0,0,0
TXN00018646,2026-01-23 01:14:30,USR41525,MCH2622,12260.13,UTR5032461668,8120,SUCCESS,TXN00018646,USR41525,MCH2622,UTR5032461668,0,0,0,0,0,0,0
TXN00012733,2026-01-26 00:46:08,USR52611,MCH8371,15716.1,UTR5718715032,0110,SUCCESS,TXN00012733,USR52611,MCH8371,UTR 5718715032,0,0,0,0,0,0,0
TXN00017488,2026-02-12 00:00:00,USR18058,MCH7015,13158.0,UTR6037814971,4110,SUCCESS,TXN00017488,USR18058,MCH7015,UTR6037814971,0,0,0,0,0,0,0
TXN00019962,2026-02-24 04:00:47,USR16443,MCH1789,4860.42,UTR7256999093,4110,SUCCESS,TXN00019962,USR16443,MCH1789,UTR7256999093,0,0,0,0,0,0,0
TXN00002347,2026-02-03 08:16:04,USR49302,MCH5865,16969.96,UTR6124970734,9120,SUCCESS,TXN00002347,USR49302,MCH5865,UTR6124970734,0,0,0,0,0,0,0
TXN00000940,2026-09-01 03:36:42,USR45486,MCH7829,14417.15,UTR6765719464,8120,SUCCESS,TXN00000940,USR45486,MCH7829,UTR6765719464,0,0,0,0,0,0,0
TXN00018464,2026-02-21 06:41:21,USR94698,MCH6756,3393.2,UTR7879885834,8120,FAILED,TXN00018464,USR94698,MCH6756,UTR7879885834,0,0,0,0,0,1,0
TXN00008513,2026-01-24 08:55:27,USR97349,MCH1351,17818.0,UTR2853832342,1310,PENDING,TXN00008513,USR97349,MCH1351,UTR2853832342,0,0,0,0,0,0,1
TXN00005224,2026-02-23 09:52:28,USR54260,MCH6092,8876.0,UTR6608819084,9120,SUCCESS,TXN00005224,USR54260,MCH6092,UTR6608819084,0,0,0,0,0,0,0
TXN00006213,2026-03-30 01:13:00,USR74549,MCH8101,10030.25,UTR8953904111,1310,SUCCESS,TXN00006213,USR74549,MCH8101,UTR8953904111,0,0,0,0,0,0,0
TXN00011080,2026-03-13 19:59:22,USR65765,MCH3947,20480.92,UTR4003914547,4110,SUCCESS,TXN00011080,USR65765,MCH3947,UTR4003914547,0,0,0,0,0,0,0
TXN00002667,2026-01-13 22:52:00,USR19932,MCH4207,3423.66,UTR0418692494,4110,SUCCESS,TXN00002667,USR19932,MCH4207,UTR0418692494,0,0,0,0,0,0,0
TXN00002263,2026-01-20 03:40:35,USR34112,MCH8119,22314.16,UTR7824482573,4110,SUCCESS,TXN00002263,USR34112,MCH8119,UTR7824482573,0,0,0,0,0,0,0
TXN00010184,2026-01-04 09:13:54,USR30665,MCH9611,9405.24,UTR8016739891,4110,SUCCESS,TXN00010184,USR30665,MCH9611,UTR8016739891,0,0,0,0,0,0,0
TXN00000469,2026-03-14 23:58:16,USR54272,MCH9490,5597.66,UTR4356254731,4110,SUCCESS,TXN00000469,USR54272,MCH9490,UTR4356254731,0,0,0,0,0,0,0
TXN00007332,2026-01-16 15:43:51,USR56483,MCH4095,21542.01,UTR9261168419,,SUCCESS,TXN00007332,USR56483,MCH4095,UTR9261168419,0,0,1,0,0,0,0
TXN00016321,2026-12-01 22:47:12,USR19841,MCH4968,22097.59,UTR6691150352,1310,SUCCESS,TXN00016321,USR19841,MCH4968,UTR6691150352,0,0,0,0,0,0,0
TXN00007323,2026-02-02 01:28:46,USR85837,MCH6881,12064.08,UTR3778895551,0110,FAILED,TXN00007323,USR85837,MCH6881,UTR3778895551,0,0,0,0,0,1,0
TXN00017895,2026-02-14 12:58:00,USR51561,MCH7785,3718.77,UTR6641825572,9120,SUCCESS,TXN00017895,USR51561,MCH7785,UTR 6641825572,0,0,0,0,0,0,0
TXN00009986,2026-01-15 23:11:46,USR70629,MCH8209,13960.21,UTR6835377680,,SUCCESS,TXN00009986,USR70629,MCH8209,UTR6835377680,0,0,1,0,0,0,0
TXN00015862,2026-01-11 11:22:39,USR51911,MCH1828,24633.76,UTR0345446454,9120,SUCCESS,TXN00015862,USR51911,MCH1828,UTR0345446454,0,0,0,0,0,0,0
TXN00001940,2026-03-12 14:35:56,USR99830,MCH4242,1935.69,UTR5786461516,4110,SUCCESS,TXN00001940,USR99830,MCH4242,UTR5786461516,0,0,0,0,0,0,0
TXN00016451,2026-02-07 04:53:10,USR24579,MCH1197,21169.05,UTR7905311295,4110,SUCCESS,TXN00016451,USR24579,MCH1197,UTR7905311295,0,0,0,0,0,0,0
TXN00015546,2026-01-10 12:13:57,USR20082,MCH1895,16771.44,UTR7888738685,8120,SUCCESS,TXN00015546,USR20082,MCH1895,UTR7888738685,0,0,0,0,0,0,0
TXN00015026,2026-03-19 00:00:00,USR89613,MCH7288,22030.92,UTR2505061591,9120,PENDING,TXN00015026,USR89613,MCH7288,UTR2505061591,0,0,0,0,0,0,1
TXN00010716,2026-01-06 07:43:13,USR36744,MCH4749,948.53,UTR7115709180,0110,SUCCESS,TXN00010716,USR36744,MCH4749,UTR7115709180,0,0,0,0,0,0,0
TXN00005599,2026-12-03 02:28:14,USR78115,MCH2942,0.1655918,UTR6944292922,9120,SUCCESS,TXN00005599,USR78115,MCH2942,UTR6944292922,0,0,0,0,0,0,0
TXN00012199,2026-01-31 09:58:15,USR37506,MCH8775,7327.96,UTR4709144446,,SUCCESS,TXN00012199,USR37506,MCH8775,UTR 4709144446,0,0,1,0,0,0,0
TXN00006390,2026-03-28 00:49:05,USR41214,MCH7040,14128.17,UTR9282712999,1310,SUCCESS,TXN00006390,USR41214,MCH7040,UTR9282712999,0,0,0,0,0,0,0
TXN00000044,2026-02-11 00:45:46,USR22776,MCH4893,0.2273392,UTR9711125050,9120,SUCCESS,TXN00000044,USR22776,MCH4893,UTR9711125050,0,0,0,0,0,0,0
TXN00000162,2026-02-26 15:43:48,USR45251,MCH5498,15811.32,UTR1512428539,0110,FAILED,TXN00000162,USR45251,MCH5498,UTR1512428539,0,0,0,0,0,1,0
TXN00018703,2026-02-23 00:00:00,USR48734,MCH1716,8203.94,UTR8367414062,,SUCCESS,TXN00018703,USR48734,MCH1716,UTR8367414062,0,0,1,0,0,0,0
TXN00013869,2026-11-03 00:36:54,USR42499,MCH2206,15454.89,UTR1631905347,4110,SUCCESS,TXN00013869,USR42499,MCH2206,UTR1631905347,0,0,0,0,0,0,0
TXN00004498,2026-09-02 17:21:07,USR85964,MCH4221,3338.22,UTR5367766529,8120,PENDING,TXN00004498,USR85964,MCH4221,UTR5367766529,0,0,0,0,0,0,1
TXN00003806,2026-08-02 12:13:10,USR26326,MCH8564,-24243.39,UTR8945818555,4110,SUCCESS,TXN00003806,USR26326,MCH8564,UTR8945818555,1,0,0,0,0,0,0
TXN00017418,2026-03-28 08:34:04,USR66066,MCH5778,9924.58,UTR5548140517,1310,SUCCESS,TXN00017418,USR66066,MCH5778,UTR5548140517,0,0,0,0,0,0,0
TXN00000613,2026-01-26 21:42:08,USR57602,MCH6194,15701.23,UTR0859736259,0110,FAILED,TXN00000613,USR57602,MCH6194,UTR0859736259,0,0,0,0,0,1,0
TXN00007508,2026-02-11 02:58:11,USR68045,MCH8437,0.818028,UTR0572294170,0110,SUCCESS,TXN00007508,USR68045,MCH8437,UTR0572294170,0,0,0,0,0,0,0
TXN00003565,2026-01-30 22:05:13,USR19295,MCH4614,11466.2,UTR9559230219,9120,SUCCESS,TXN00003565,USR19295,MCH4614,UTR9559230219,0,0,0,0,0,0,0
TXN00015151,2026-01-15 01:10:38,USR70194,MCH1793,17622.56,UTR7042279637,4110,SUCCESS,TXN00015151,USR70194,MCH1793,UTR7042279637,0,0,0,0,0,0,0
TXN00013911,2026-02-17 11:25:50,USR47957,MCH4360,21219.92,UTR4280671609,4110,FAILED,TXN00013911,USR47957,MCH4360,UTR4280671609,0,0,0,0,0,1,0
TXN00002807,2026-02-13 16:23:44,USR50712,MCH4204,0.1893518,UTR0207456981,,SUCCESS,TXN00002807,USR50712,MCH4204,UTR0207456981,0,0,1,0,0,0,0
TXN00001141,2026-02-15 22:46:36,USR17901,MCH3156,20618.78,UTR0878539024,9120,SUCCESS,TXN00001141,USR17901,MCH3156,UTR0878539024,0,0,0,0,0,0,0
TXN00019771,2026-01-12 09:59:20,USR91607,MCH2990,21996.7,UTR8914837755,,SUCCESS,TXN00019771,USR91607,MCH2990,UTR8914837755,0,0,1,0,0,0,0
TXN00019012,2026-02-07 00:00:11,USR62489,MCH9561,0.1803449,UTR2766452928,4110,SUCCESS,TXN00019012,USR62489,MCH9561,UTR2766452928,0,0,0,0,0,0,0
TXN00015548,2026-01-22 13:49:23,USR97084,MCH8775,6100.49,UTR9753718209,4110,SUCCESS,TXN00015548,USR97084,MCH8775,UTR9753718209,0,0,0,0,0,0,0
TXN00009395,2026-02-04 07:56:14,USR25039,MCH6020,0.9457,UTR8227421173,,SUCCESS,TXN00009395,USR25039,MCH6020,UTR8227421173,0,0,1,0,0,0,0
TXN00005601,2026-03-12 20:57:45,USR63378,MCH6499,6710.9,UTR4323519587,8120,SUCCESS,TXN00005601,USR63378,MCH6499,UTR4323519587,0,0,0,0,0,0,0
TXN00000556,2026-09-03 02:11:32,USR14229,MCH5391,10093.04,UTR4940088385,,SUCCESS,TXN00000556,USR14229,MCH5391,UTR 4940088385,0,0,1,0,0,0,0
TXN00011581,2026-03-23 06:11:52,USR69609,MCH7651,2733.2,UTR8462732690,,SUCCESS,TXN00011581,USR69609,MCH7651,UTR8462732690,0,0,1,0,0,0,0
TXN00014828,2026-01-14 20:32:47,USR99791,MCH5830,17314.0,UTR7420901788,0110,SUCCESS,TXN00014828,USR99791,MCH5830,UTR7420901788,0,0,0,0,0,0,0
TXN00012411,2026-01-04 22:13:39,USR10411,MCH9623,0.1637664,UTR7608146455,0110,PENDING,TXN00012411,USR10411,MCH9623,UTR7608146455,0,0,0,0,0,0,1
TXN00008596,2026-01-30 03:58:01,USR50207,MCH1064,13575.61,UTR0861330339,1310,SUCCESS,TXN00008596,USR50207,MCH1064,UTR0861330339,0,0,0,0,0,0,0
TXN00002312,2026-03-22 17:59:37,USR12594,MCH6250,21856.82,UTR2773785999,4110,SUCCESS,TXN00002312,USR12594,MCH6250,UTR2773785999,0,0,0,0,0,0,0
TXN00008668,2026-02-18 17:19:57,USR38828,MCH1237,4445.27,UTR0378994603,8120,PENDING,TXN00008668,USR38828,MCH1237,UTR0378994603,0,0,0,0,0,0,1
TXN00012257,2026-02-17 02:35:48,USR17371,MCH4653,7870.51,UTR8421323230,9120,SUCCESS,TXN00012257,USR17371,MCH4653,UTR8421323230,0,0,0,0,0,0,0
TXN00008819,2026-01-09 13:06:10,USR18655,MCH4086,14430.56,UTR3485475304,,SUCCESS,TXN00008819,USR18655,MCH4086,UTR3485475304,0,0,1,0,0,0,0
TXN00019999,2026-03-30 10:52:43,USR12088,MCH6554,11088.57,UTR6474243239,,SUCCESS,TXN00019999,USR12088,MCH6554,UTR6474243239,0,0,1,0,0,0,0
TXN00016990,2026-02-14 12:45:11,USR50837,MCH9684,24178.36,,0110,SUCCESS,TXN00016990,USR50837,MCH9684,,0,1,0,0,0,0,0
TXN00004090,2026-01-24 22:16:10,USR56500,MCH7222,1134.47,UTR8436037163,,SUCCESS,TXN00004090,USR56500,MCH7222,UTR8436037163,0,0,1,0,0,0,0
TXN00005716,2026-01-17 05:31:19,USR91852,MCH7329,7546.66,UTR0606457798,1310,FAILED,TXN00005716,USR91852,MCH7329,UTR0606457798,0,0,0,0,0,1,0
TXN00013296,2026-03-28 00:53:34,USR60950,MCH1428,5506.0,UTR6337991711,1310,SUCCESS,TXN00013296,USR60950,MCH1428,UTR6337991711,0,0,0,0,0,0,0
TXN00014750,2026-03-05 04:43:18,USR35022,MCH5478,24785.13,UTR6674697070,4110,SUCCESS,TXN00014750,USR35022,MCH5478,UTR6674697070,0,0,0,0,0,0,0
TXN00014374,2026-01-17 08:31:29,USR30719,MCH9038,13084.22,UTR0697242265,,SUCCESS,TXN00014374,USR30719,MCH9038,UTR0697242265,0,0,1,0,0,0,0
TXN00014488,2026-02-28 03:27:58,USR65464,MCH8081,20882.08,UTR6905701686,,SUCCESS,TXN00014488,USR65464,MCH8081,UTR6905701686,0,0,1,0,0,0,0
TXN00001261,2026-01-26 16:40:12,USR32950,MCH8114,0.673215,UTR5556919234,4110,SUCCESS,TXN00001261,USR32950,MCH8114,UTR5556919234,0,0,0,0,0,0,0
TXN00010979,2026-01-03 04:32:31,USR87025,MCH6427,11454.0,UTR6485027907,1310,SUCCESS,TXN00010979,USR87025,MCH6427,UTR6485027907,0,0,0,0,0,0,0
TXN00002796,2026-01-23 21:54:32,USR77995,MCH7697,14843.09,UTR4927765709,8120,FAILED,TXN00002796,USR77995,MCH7697,UTR4927765709,0,0,0,0,0,1,0
TXN00004105,2026-01-11 08:16:53,USR29128,MCH6802,0.740534,UTR2596195865,,SUCCESS,TXN00004105,USR29128,MCH6802,UTR2596195865,0,0,1,0,0,0,0
TXN00010980,2026-01-09 02:46:39,USR89246,MCH8433,14237.69,UTR4558380252,0110,SUCCESS,TXN00010980,USR89246,MCH8433,UTR4558380252,0,0,0,0,0,0,0
TXN00018445,2026-01-04 05:27:10,USR10128,MCH9275,17945.13,UTR1987522908,4110,SUCCESS,TXN00018445,USR10128,MCH9275,UTR1987522908,0,0,0,0,0,0,0
TXN00005263,2026-03-24 06:17:41,USR81535,MCH5902,13946.64,,4110,SUCCESS,TXN00005263,USR81535,MCH5902,,0,1,0,0,0,0,0
TXN00005926,2026-03-04 20:30:16,USR63955,MCH6777,0.1794186,UTR2664206391,,SUCCESS,TXN00005926,USR63955,MCH6777,UTR2664206391,0,0,1,0,0,0,0
TXN00001884,2026-01-21 00:00:00,USR18359,MCH2515,19030.43,UTR1385395333,,SUCCESS,TXN00001884,USR18359,MCH2515,UTR1385395333,0,0,1,0,0,0,0
TXN00019967,2026-01-18 00:00:00,USR16111,MCH8212,18458.09,UTR4887331072,,SUCCESS,TXN00019967,USR16111,MCH8212,UTR4887331072,0,0,1,0,0,0,0
TXN00003665,2026-03-10 06:46:32,USR52488,MCH9861,13783.49,UTR5135848061,0110,SUCCESS,TXN00003665,USR52488,MCH9861,UTR5135848061,0,0,0,0,0,0,0
TXN00018050,2026-02-07 12:00:22,USR36034,MCH4980,23360.02,UTR3361662132,0110,SUCCESS,TXN00018050,USR36034,MCH4980,UTR3361662132,0,0,0,0,0,0,0
TXN00011362,2026-02-09 13:43:31,USR23848,MCH6436,10727.07,UTR5165283274,4110,SUCCESS,TXN00011362,USR23848,MCH6436,UTR5165283274,0,0,0,0,0,0,0
TXN00018880,2026-01-04 14:13:30,USR20074,MCH5476,2111.7,UTR3282968421,4110,FAILED,TXN00018880,USR20074,MCH5476,UTR3282968421,0,0,0,0,0,1,0
TXN00005838,2026-03-04 16:15:06,USR79272,MCH9016,10279.45,,8120,SUCCESS,TXN00005838,USR79272,MCH9016,,0,1,0,0,0,0,0
TXN00006323,2026-01-09 17:54:28,USR23921,MCH4774,13648.28,UTR3355876683,4110,SUCCESS,TXN00006323,USR23921,MCH4774,UTR3355876683,0,0,0,0,0,0,0
TXN00000062,2026-12-03 20:23:53,USR97519,MCH2304,6791.01,UTR8310839319,4110,SUCCESS,TXN00000062,USR97519,MCH2304,UTR8310839319,0,0,0,0,0,0,0
TXN00001678,2026-03-25 23:45:11,USR25397,MCH7589,10080.47,UTR3663963733,4110,SUCCESS,TXN00001678,USR25397,MCH7589,UTR3663963733,0,0,0,0,0,0,0
TXN00017424,2026-01-29 11:50:34,USR36528,MCH1614,24394.98,UTR0495794072,8120,SUCCESS,TXN00017424,USR36528,MCH1614,UTR0495794072,0,0,0,0,0,0,0
TXN00003705,2026-01-06 22:02:29,USR33996,MCH8259,23679.56,UTR6945972604,,FAILED,TXN00003705,USR33996,MCH8259,UTR6945972604,0,0,1,0,0,1,0
TXN00002378,2026-02-02 00:14:06,USR84499,MCH7974,19726.74,UTR5724225501,4110,SUCCESS,TXN00002378,USR84499,MCH7974,UTR5724225501,0,0,0,0,0,0,0
TXN00010204,2026-09-03 23:14:48,USR70722,MCH7913,8043.35,UTR4395545287,4110,SUCCESS,TXN00010204,USR70722,MCH7913,UTR4395545287,0,0,0,0,0,0,0
TXN00015980,2026-11-02 20:05:14,USR45063,MCH1894,3987.6,UTR2263345232,4110,SUCCESS,TXN00015980,USR45063,MCH1894,UTR 2263345232,0,0,0,0,0,0,0
TXN00016720,2026-01-21 22:29:39,USR69555,MCH6528,11038.36,UTR5281786686,4110,SUCCESS,TXN00016720,USR69555,MCH6528,UTR5281786686,0,0,0,0,0,0,0
TXN00011132,2026-01-26 04:45:55,USR92313,MCH5208,7210.86,UTR5700877037,,PENDING,TXN00011132,USR92313,MCH5208,UTR5700877037,0,0,1,0,0,0,1
TXN00009166,2026-02-22 18:26:58,USR70378,MCH4053,20513.0,UTR1942033290,4110,SUCCESS,TXN00009166,USR70378,MCH4053,UTR1942033290,0,0,0,0,0,0,0
TXN00016385,2026-03-28 17:06:53,USR28209,MCH6768,21830.25,UTR5336309385,9120,SUCCESS,TXN00016385,USR28209,MCH6768,UTR5336309385,0,0,0,0,0,0,0
TXN00016230,2026-02-14 14:27:23,USR47083,MCH8938,20567.4,UTR8560601685,1310,SUCCESS,TXN00016230,USR47083,MCH8938,UTR8560601685,0,0,0,0,0,0,0
TXN00003873,2026-01-17 08:00:46,USR40263,MCH5760,3928.75,UTR4671214920,4110,SUCCESS,TXN00003873,USR40263,MCH5760,UTR4671214920,0,0,0,0,0,0,0
TXN00001784,2026-03-03 23:55:39,USR54585,MCH6518,15933.66,UTR6936214794,0110,FAILED,TXN00001784,USR54585,MCH6518,UTR6936214794,0,0,0,0,0,1,0
TXN00013781,2026-01-22 07:15:09,USR56128,MCH4435,24888.05,UTR3318913803,4110,PENDING,TXN00013781,USR56128,MCH4435,UTR3318913803,0,0,0,0,0,0,1
TXN00015983,2026-02-17 00:00:00,USR30670,MCH5458,22311.73,UTR4531171404,,SUCCESS,TXN00015983,USR30670,MCH5458,UTR4531171404,0,0,1,0,0,0,0
TXN00007053,2026-01-09 06:21:35,USR47712,MCH1007,23247.46,UTR3774223687,0110,SUCCESS,TXN00007053,USR47712,MCH1007,UTR3774223687,0,0,0,0,0,0,0
TXN00004255,2026-03-05 22:47:45,USR64293,MCH8739,4056.46,,1310,SUCCESS,TXN00004255,USR64293,MCH8739,,0,1,0,0,0,0,0
TXN00006110,2026-01-06 05:58:24,USR21296,MCH8379,23594.72,UTR5675789558,4110,SUCCESS,TXN00006110,USR21296,MCH8379,UTR5675789558,0,0,0,0,0,0,0
TXN00009940,2026-03-01 15:36:32,USR55530,MCH6420,18732.94,UTR6737707504,0110,SUCCESS,TXN00009940,USR55530,MCH6420,UTR6737707504,0,0,0,0,0,0,0
TXN00008882,2026-03-30 07:50:13,USR21751,MCH6360,0.1107842,UTR4249152021,8120,SUCCESS,TXN00008882,USR21751,MCH6360,UTR4249152021,0,0,0,0,0,0,0
TXN00006108,2026-01-29 23:13:09,USR98327,MCH1489,2057.64,,4110,SUCCESS,TXN00006108,USR98327,MCH1489,,0,1,0,0,0,0,0
TXN00013161,2026-03-07 02:14:50,USR80614,MCH4135,13445.84,UTR6544022450,0110,SUCCESS,TXN00013161,USR80614,MCH4135,UTR 6544022450,0,0,0,0,0,0,0
TXN00009817,2026-01-14 04:22:49,USR21094,MCH3655,-14904.79,UTR6439814858,0110,SUCCESS,TXN00009817,USR21094,MCH3655,UTR6439814858,1,0,0,0,0,0,0
TXN00012689,2026-09-03 01:26:30,USR81613,MCH3696,17072.1,UTR2837478823,4110,SUCCESS,TXN00012689,USR81613,MCH3696,UTR2837478823,0,0,0,0,0,0,0
TXN00004246,2026-03-19 04:35:26,USR73068,MCH3042,23368.9,UTR5276560503,4110,SUCCESS,TXN00004246,USR73068,MCH3042,UTR5276560503,0,0,0,0,0,0,0
TXN00007115,2026-03-06 00:33:54,USR53297,MCH6928,12932.78,UTR5175848009,9120,FAILED,TXN00007115,USR53297,MCH6928,UTR5175848009,0,0,0,0,0,1,0
TXN00018844,2026-01-09 07:18:55,USR88168,MCH1362,14096.06,UTR5768780978,9120,SUCCESS,TXN00018844,USR88168,MCH1362,UTR5768780978,0,0,0,0,0,0,0
TXN00008533,2026-02-20 06:07:02,USR66152,MCH5529,13931.0,UTR1615244825,9120,PENDING,TXN00008533,USR66152,MCH5529,UTR1615244825,0,0,0,0,0,0,1
TXN00006879,2026-03-15 00:35:55,USR29677,MCH3706,19221.42,UTR6633246869,4110,SUCCESS,TXN00006879,USR29677,MCH3706,UTR6633246869,0,0,0,0,0,0,0
TXN00014622,2026-01-17 20:41:38,USR41234,MCH2131,0.866652,UTR8315645797,9120,SUCCESS,TXN00014622,USR41234,MCH2131,UTR8315645797,0,0,0,0,0,0,0
TXN00016392,2026-02-03 19:47:50,USR86513,MCH2354,7740.0,UTR3269745827,4110,SUCCESS,TXN00016392,USR86513,MCH2354,UTR 3269745827,0,0,0,0,0,0,0
TXN00000172,2026-03-25 14:30:54,USR77768,MCH8021,424.53,UTR2536849543,9120,SUCCESS,TXN00000172,USR77768,MCH8021,UTR2536849543,0,0,0,0,0,0,0
TXN00017892,2026-02-17 05:36:41,USR58412,MCH7451,17359.99,UTR1913719543,9120,SUCCESS,TXN00017892,USR58412,MCH7451,UTR1913719543,0,0,0,0,0,0,0
TXN00016066,2026-03-30 00:00:00,USR93743,MCH8538,17215.92,UTR0866657785,9120,PENDING,TXN00016066,USR93743,MCH8538,UTR0866657785,0,0,0,0,0,0,1
TXN00011591,2026-02-03 03:11:07,USR27268,MCH7748,11825.38,UTR9367890036,1310,FAILED,TXN00011591,USR27268,MCH7748,UTR9367890036,0,0,0,0,0,1,0
TXN00003536,2026-01-15 13:10:52,USR17863,MCH3981,3251.0,UTR7636776188,9120,SUCCESS,TXN00003536,USR17863,MCH3981,UTR7636776188,0,0,0,0,0,0,0
TXN00000213,2026-03-15 23:30:02,USR62341,MCH3368,16302.51,UTR4037161236,4110,SUCCESS,TXN00000213,USR62341,MCH3368,UTR4037161236,0,0,0,0,0,0,0
TXN00010669,2026-03-25 07:06:12,USR11667,MCH9082,17617.6,UTR3863120590,,SUCCESS,TXN00010669,USR11667,MCH9082,UTR3863120590,0,0,1,0,0,0,0
TXN00011637,2026-02-07 21:28:00,USR13159,MCH9709,15347.0,UTR9556566869,0110,SUCCESS,TXN00011637,USR13159,MCH9709,UTR 9556566869,0,0,0,0,0,0,0
TXN00002789,2026-02-28 23:44:50,USR18769,MCH4233,23786.23,UTR9319689120,8120,SUCCESS,TXN00002789,USR18769,MCH4233,UTR9319689120,0,0,0,0,0,0,0
TXN00011552,2026-02-17 15:04:22,USR24307,MCH7290,18106.16,UTR8386575389,0110,SUCCESS,TXN00011552,USR24307,MCH7290,UTR8386575389,0,0,0,0,0,0,0
TXN00012465,2026-02-26 20:28:19,USR58471,MCH2875,7405.46,UTR6287577277,4110,SUCCESS,TXN00012465,USR58471,MCH2875,UTR6287577277,0,0,0,0,0,0,0
TXN00018722,2026-02-17 04:56:45,USR60790,MCH9948,19973.27,UTR8912372374,0110,SUCCESS,TXN00018722,USR60790,MCH9948,UTR8912372374,0,0,0,0,0,0,0
TXN00008616,2026-03-16 19:08:20,USR74648,MCH7270,23759.99,UTR2793726582,1310,SUCCESS,TXN00008616,USR74648,MCH7270,UTR2793726582,0,0,0,0,0,0,0
TXN00010296,2026-01-04 14:18:56,USR93598,MCH9233,24456.95,UTR2447503229,1310,PENDING,TXN00010296,USR93598,MCH9233,UTR2447503229,0,0,0,0,0,0,1
TXN00019101,2026-02-09 15:52:49,USR18513,MCH2017,23099.63,UTR4237655528,1310,SUCCESS,TXN00019101,USR18513,MCH2017,UTR4237655528,0,0,0,0,0,0,0
TXN00009856,2026-02-25 22:59:53,USR13672,MCH2152,12039.75,,4110,SUCCESS,TXN00009856,USR13672,MCH2152,,0,1,0,0,0,0,0
TXN00015838,2026-12-01 12:48:22,USR75824,MCH8312,12391.83,UTR4239524545,0110,SUCCESS,TXN00015838,USR75824,MCH8312,UTR 4239524545,0,0,0,0,0,0,0
TXN00011147,2026-02-10 17:32:18,USR25930,MCH7741,11737.36,UTR1395163596,9120,FAILED,TXN00011147,USR25930,MCH7741,UTR1395163596,0,0,0,0,0,1,0
TXN00015989,2026-03-06 22:45:38,USR91210,MCH7095,18607.21,UTR5511405136,8120,SUCCESS,TXN00015989,USR91210,MCH7095,UTR5511405136,0,0,0,0,0,0,0
TXN00000679,2026-02-12 08:05:15,USR31152,MCH8916,24237.07,UTR1769128527,4110,SUCCESS,TXN00000679,USR31152,MCH8916,UTR1769128527,0,0,0,0,0,0,0
TXN00006197,2026-12-03 15:58:16,USR96078,MCH4226,6093.63,UTR0816027190,1310,SUCCESS,TXN00006197,USR96078,MCH4226,UTR0816027190,0,0,0,0,0,0,0
TXN00018832,2026-02-07 00:28:21,USR74555,MCH8924,13389.58,UTR7393644063,0110,SUCCESS,TXN00018832,USR74555,MCH8924,UTR 7393644063,0,0,0,0,0,0,0
TXN00000380,2026-01-23 22:48:14,USR75806,MCH8645,0.705355,UTR3924639713,1310,SUCCESS,TXN00000380,USR75806,MCH8645,UTR3924639713,0,0,0,0,0,0,0
TXN00018016,2026-03-22 23:37:02,USR46318,MCH6815,21904.73,UTR8523872427,8120,SUCCESS,TXN00018016,USR46318,MCH6815,UTR8523872427,0,0,0,0,0,0,0
TXN00013553,2026-01-05 05:16:48,USR87510,MCH6765,20284.11,UTR2845128545,1310,SUCCESS,TXN00013553,USR87510,MCH6765,UTR2845128545,0,0,0,0,0,0,0
TXN00006810,2026-01-17 20:58:19,USR25476,MCH6028,7918.55,UTR9869874868,9120,SUCCESS,TXN00006810,USR25476,MCH6028,UTR9869874868,0,0,0,0,0,0,0
TXN00003137,2026-02-08 23:17:58,USR16557,MCH8422,18575.0,UTR6576700552,4110,SUCCESS,TXN00003137,USR16557,MCH8422,UTR 6576700552,0,0,0,0,0,0,0
TXN00007853,2026-01-27 05:01:37,USR77395,MCH5146,19758.59,UTR2693854582,0110,SUCCESS,TXN00007853,USR77395,MCH5146,UTR2693854582,0,0,0,0,0,0,0
TXN00005629,2026-03-01 11:58:06,USR13574,MCH4187,13666.44,UTR4356215104,4110,SUCCESS,TXN00005629,USR13574,MCH4187,UTR4356215104,0,0,0,0,0,0,0
TXN00007943,2026-01-17 06:28:45,USR29785,MCH6507,22532.47,UTR4868157875,4110,SUCCESS,TXN00007943,USR29785,MCH6507,UTR4868157875,0,0,0,0,0,0,0
TXN00011354,2026-01-18 13:24:27,USR44849,MCH7720,14944.75,UTR5846755184,9120,SUCCESS,TXN00011354,USR44849,MCH7720,UTR5846755184,0,0,0,0,0,0,0
TXN00002619,2026-03-11 18:19:46,USR92706,MCH6381,21069.37,UTR2091927469,,SUCCESS,TXN00002619,USR92706,MCH6381,UTR2091927469,0,0,1,0,0,0,0
TXN00007678,2026-02-16 22:56:21,USR62590,MCH8595,24117.62,UTR7312979365,,SUCCESS,TXN00007678,USR62590,MCH8595,UTR7312979365,0,0,1,0,0,0,0
TXN00004579,2026-01-17 02:45:54,USR24859,MCH1191,24414.0,UTR3456946325,0110,SUCCESS,TXN00004579,USR24859,MCH1191,UTR3456946325,0,0,0,0,0,0,0
TXN00003152,2026-02-20 01:12:55,USR65465,MCH9132,6217.11,UTR5435070796,0110,SUCCESS,TXN00003152,USR65465,MCH9132,UTR5435070796,0,0,0,0,0,0,0
TXN00016900,2026-02-28 08:36:42,USR68187,MCH7901,-21566.11,UTR3912157382,4110,SUCCESS,TXN00016900,USR68187,MCH7901,UTR3912157382,1,0,0,0,0,0,0
TXN00002568,2026-01-04 17:15:10,USR71619,MCH6731,7032.3,UTR5035129061,9120,SUCCESS,TXN00002568,USR71619,MCH6731,UTR5035129061,0,0,0,0,0,0,0
TXN00006990,2026-03-02 00:51:30,USR65727,MCH1615,0.78639,,1310,FAILED,TXN00006990,USR65727,MCH1615,,0,1,0,0,0,1,0
TXN00006357,2026-01-05 00:00:00,USR73471,MCH7481,13518.41,UTR4030424596,4110,SUCCESS,TXN00006357,USR73471,MCH7481,UTR 4030424596,0,0,0,0,0,0,0
TXN00011415,2026-02-20 17:53:29,USR95879,MCH5439,10403.75,UTR5132290443,1310,FAILED,TXN00011415,USR95879,MCH5439,UTR5132290443,0,0,0,0,0,1,0
TXN00011798,2026-01-14 00:00:00,USR15862,MCH3435,11925.11,UTR3554707878,0110,SUCCESS,TXN00011798,USR15862,MCH3435,UTR3554707878,0,0,0,0,0,0,0
TXN00018520,2026-01-24 00:00:00,USR23124,MCH5338,8579.14,UTR8407255125,8120,SUCCESS,TXN00018520,USR23124,MCH5338,UTR8407255125,0,0,0,0,0,0,0
TXN00001134,2026-02-09 06:19:22,USR94179,MCH9163,5512.38,UTR2761370029,4110,SUCCESS,TXN00001134,USR94179,MCH9163,UTR2761370029,0,0,0,0,0,0,0
TXN00017170,2026-01-24 11:30:26,USR68288,MCH9308,6778.1,UTR0452338960,4110,SUCCESS,TXN00017170,USR68288,MCH9308,UTR0452338960,0,0,0,0,0,0,0
TXN00002487,2026-01-23 17:15:58,USR15161,MCH8485,12090.35,UTR0698560289,1310,FAILED,TXN00002487,USR15161,MCH8485,UTR 0698560289,0,0,0,0,0,1,0
TXN00002177,2026-02-18 06:59:30,USR34837,MCH1390,6989.11,UTR2649116451,9120,SUCCESS,TXN00002177,USR34837,MCH1390,UTR2649116451,0,0,0,0,0,0,0
TXN00005347,2026-01-06 16:31:38,USR17957,MCH3514,364.77,UTR1377526336,4110,SUCCESS,TXN00005347,USR17957,MCH3514,UTR1377526336,0,0,0,0,0,0,0
TXN00002436,2026-02-17 05:05:36,USR79545,MCH8699,9743.15,UTR1824412854,1310,FAILED,TXN00002436,USR79545,MCH8699,UTR1824412854,0,0,0,0,0,1,0
TXN00003099,2026-05-02 12:19:25,USR49763,MCH4903,218.0,UTR1285586778,4110,SUCCESS,TXN00003099,USR49763,MCH4903,UTR1285586778,0,0,0,0,0,0,0
TXN00000105,2026-03-04 22:01:54,USR38511,MCH7780,22690.09,UTR7337909282,4110,SUCCESS,TXN00000105,USR38511,MCH7780,UTR7337909282,0,0,0,0,0,0,0
TXN00001435,2026-01-31 04:06:01,USR33877,MCH4626,3499.88,UTR1962134318,,SUCCESS,TXN00001435,USR33877,MCH4626,UTR1962134318,0,0,1,0,0,0,0
TXN00008886,2026-02-22 15:29:46,USR19702,MCH4746,0.1724564,UTR1971767290,4110,SUCCESS,TXN00008886,USR19702,MCH4746,UTR1971767290,0,0,0,0,0,0,0
TXN00009521,2026-03-02 11:34:01,USR40320,MCH6562,8065.24,UTR1263134075,4110,SUCCESS,TXN00009521,USR40320,MCH6562,UTR1263134075,0,0,0,0,0,0,0
TXN00002179,2026-02-11 19:29:56,USR43216,MCH7380,-17356.82,UTR9674985256,,FAILED,TXN00002179,USR43216,MCH7380,UTR9674985256,1,0,1,0,0,1,0
TXN00016352,2026-03-11 09:43:26,USR29890,MCH6342,18889.92,UTR9316959996,0110,SUCCESS,TXN00016352,USR29890,MCH6342,UTR9316959996,0,0,0,0,0,0,0
TXN00005760,2026-02-10 05:43:14,USR83380,MCH9015,7766.17,UTR7131101929,8120,SUCCESS,TXN00005760,USR83380,MCH9015,UTR7131101929,0,0,0,0,0,0,0
TXN00001573,2026-03-15 17:32:04,USR42580,MCH2288,18424.47,UTR0273352238,4110,SUCCESS,TXN00001573,USR42580,MCH2288,UTR0273352238,0,0,0,0,0,0,0
TXN00006738,2026-01-29 15:43:38,USR99600,MCH1395,0.10572,UTR4794568119,1310,SUCCESS,TXN00006738,USR99600,MCH1395,UTR4794568119,0,0,0,0,0,0,0
TXN00018572,2026-02-03 00:00:00,USR94936,MCH1477,8249.08,UTR8522626885,1310,SUCCESS,TXN00018572,USR94936,MCH1477,UTR8522626885,0,0,0,0,0,0,0
TXN00009999,2026-01-21 11:19:54,USR44564,MCH5680,9943.22,UTR6033918342,4110,SUCCESS,TXN00009999,USR44564,MCH5680,UTR6033918342,0,0,0,0,0,0,0
TXN00016710,2026-01-15 17:06:31,USR28459,MCH3454,12036.27,UTR4290101191,9120,SUCCESS,TXN00016710,USR28459,MCH3454,UTR4290101191,0,0,0,0,0,0,0
TXN00006223,2026-03-13 06:31:21,USR26972,MCH3778,4767.64,UTR7498244616,9120,SUCCESS,TXN00006223,USR26972,MCH3778,UTR7498244616,0,0,0,0,0,0,0
TXN00001295,2026-03-20 01:14:09,USR95459,MCH8715,20016.66,UTR0445018353,8120,SUCCESS,TXN00001295,USR95459,MCH8715,UTR0445018353,0,0,0,0,0,0,0
TXN00008345,2026-02-13 15:08:27,USR53553,MCH9253,24202.0,UTR7755711761,4110,SUCCESS,TXN00008345,USR53553,MCH9253,UTR7755711761,0,0,0,0,0,0,0
TXN00016161,2026-01-02 12:17:02,USR70314,MCH2405,13555.63,UTR9327533341,,PENDING,TXN00016161,USR70314,MCH2405,UTR9327533341,0,0,1,0,0,0,1
TXN00005043,2026-02-25 11:46:31,USR22256,MCH8062,4808.66,UTR9499260130,1310,SUCCESS,TXN00005043,USR22256,MCH8062,UTR9499260130,0,0,0,0,0,0,0
TXN00014727,2026-01-04 18:28:23,USR75019,MCH6373,14500.02,UTR0646843312,8120,SUCCESS,TXN00014727,USR75019,MCH6373,UTR0646843312,0,0,0,0,0,0,0
TXN00019107,2026-03-03 10:08:03,USR93399,MCH9810,8859.72,UTR5038025657,9120,SUCCESS,TXN00019107,USR93399,MCH9810,UTR 5038025657,0,0,0,0,0,0,0
TXN00010257,2026-01-04 19:38:53,USR30139,MCH4556,14701.26,UTR3581368100,8120,SUCCESS,TXN00010257,USR30139,MCH4556,UTR3581368100,0,0,0,0,0,0,0
TXN00007406,2026-03-25 10:59:37,USR75867,MCH9766,5428.19,UTR2500030921,4110,FAILED,TXN00007406,USR75867,MCH9766,UTR2500030921,0,0,0,0,0,1,0
TXN00006354,2026-03-24 15:32:48,USR24836,MCH6526,14235.06,UTR2922980725,0110,SUCCESS,TXN00006354,USR24836,MCH6526,UTR2922980725,0,0,0,0,0,0,0
TXN00005277,2026-02-08 08:24:49,USR75721,MCH4106,4162.96,UTR4693011211,9120,SUCCESS,TXN00005277,USR75721,MCH4106,UTR4693011211,0,0,0,0,0,0,0
TXN00019147,2026-02-24 01:45:57,USR32004,MCH7278,7243.85,UTR4344083029,9120,SUCCESS,TXN00019147,USR32004,MCH7278,UTR4344083029,0,0,0,0,0,0,0
TXN00010142,2026-03-06 19:34:20,USR34833,MCH7792,11737.88,UTR9735492534,9120,PENDING,TXN00010142,USR34833,MCH7792,UTR9735492534,0,0,0,0,0,0,1
TXN00018585,2026-01-05 01:15:48,USR16600,MCH6118,19027.57,UTR6461081479,,SUCCESS,TXN00018585,USR16600,MCH6118,UTR6461081479,0,0,1,0,0,0,0
TXN00012930,2026-01-13 05:36:51,USR61842,MCH9209,20019.31,UTR4654118584,0110,PENDING,TXN00012930,USR61842,MCH9209,UTR4654118584,0,0,0,0,0,0,1
TXN00008665,2026-01-26 11:48:15,USR60335,MCH8993,13859.0,UTR5991755537,4110,SUCCESS,TXN00008665,USR60335,MCH8993,UTR5991755537,0,0,0,0,0,0,0
TXN00008458,2026-01-23 10:18:39,USR51304,MCH9802,9555.68,UTR5325660101,4110,SUCCESS,TXN00008458,USR51304,MCH9802,UTR5325660101,0,0,0,0,0,0,0
TXN00001799,2026-01-07 03:18:22,USR42231,MCH7099,1790.71,UTR2434067057,4110,SUCCESS,TXN00001799,USR42231,MCH7099,UTR2434067057,0,0,0,0,0,0,0
TXN00018048,2026-03-07 21:01:12,USR56391,MCH4598,3472.3,UTR0832812760,1310,FAILED,TXN00018048,USR56391,MCH4598,UTR0832812760,0,0,0,0,0,1,0
TXN00001135,2026-03-09 03:58:51,USR63841,MCH3252,17084.64,UTR7213846355,,SUCCESS,TXN00001135,USR63841,MCH3252,UTR7213846355,0,0,1,0,0,0,0
TXN00015892,2026-12-03 19:16:20,USR13608,MCH7276,12511.61,UTR7085232830,4110,SUCCESS,TXN00015892,USR13608,MCH7276,UTR7085232830,0,0,0,0,0,0,0
TXN00017891,2026-03-06 09:51:14,USR83012,MCH8335,0.886197,UTR4992734216,,SUCCESS,TXN00017891,USR83012,MCH8335,UTR4992734216,0,0,1,0,0,0,0
TXN00013236,2026-10-01 15:27:50,USR25244,MCH9101,23313.07,UTR5790044311,4110,SUCCESS,TXN00013236,USR25244,MCH9101,UTR5790044311,0,0,0,0,0,0,0
TXN00002722,2026-03-28 08:39:13,USR75496,MCH6074,19582.13,UTR6262465904,,SUCCESS,TXN00002722,USR75496,MCH6074,UTR6262465904,0,0,1,0,0,0,0
TXN00012650,2026-03-12 12:11:23,USR30658,MCH5789,22927.0,UTR1163429099,1310,SUCCESS,TXN00012650,USR30658,MCH5789,UTR1163429099,0,0,0,0,0,0,0
TXN00012802,2026-03-16 16:24:39,USR15845,MCH9980,1460.58,UTR2229999873,8120,SUCCESS,TXN00012802,USR15845,MCH9980,UTR2229999873,0,0,0,0,0,0,0
TXN00003232,2026-03-31 08:58:09,USR31482,MCH9446,15197.74,UTR5411345455,9120,SUCCESS,TXN00003232,USR31482,MCH9446,UTR5411345455,0,0,0,0,0,0,0
TXN00010263,2026-07-02 21:00:35,USR62620,MCH3088,16730.31,UTR4274146141,1310,SUCCESS,TXN00010263,USR62620,MCH3088,UTR4274146141,0,0,0,0,0,0,0
TXN00015045,2026-03-15 03:12:20,USR11727,MCH1386,17927.25,UTR3329654722,9120,SUCCESS,TXN00015045,USR11727,MCH1386,UTR3329654722,0,0,0,0,0,0,0
TXN00001766,2026-02-24 02:37:57,USR76338,MCH5554,8123.65,UTR3953887931,4110,PENDING,TXN00001766,USR76338,MCH5554,UTR 3953887931,0,0,0,0,0,0,1
TXN00017439,2026-01-19 01:12:47,USR39095,MCH9471,10977.0,UTR2031148288,9120,SUCCESS,TXN00017439,USR39095,MCH9471,UTR2031148288,0,0,0,0,0,0,0
TXN00010217,2026-03-23 22:46:37,USR19961,MCH7397,15566.67,UTR2175425431,9120,SUCCESS,TXN00010217,USR19961,MCH7397,UTR2175425431,0,0,0,0,0,0,0
TXN00018209,2026-01-11 01:25:18,USR57641,MCH5130,13762.91,UTR9380642895,0110,SUCCESS,TXN00018209,USR57641,MCH5130,UTR9380642895,0,0,0,0,0,0,0
TXN00010375,2026-01-14 08:00:02,USR10504,MCH2979,24937.87,UTR6356839556,8120,SUCCESS,TXN00010375,USR10504,MCH2979,UTR6356839556,0,0,0,0,0,0,0
TXN00018533,2026-02-26 13:57:30,USR40804,MCH2575,11397.53,UTR2228266990,4110,SUCCESS,TXN00018533,USR40804,MCH2575,UTR2228266990,0,0,0,0,0,0,0
TXN00002093,2026-03-16 00:32:34,USR75223,MCH7322,5102.12,UTR3156196375,8120,SUCCESS,TXN00002093,USR75223,MCH7322,UTR3156196375,0,0,0,0,0,0,0
TXN00009091,2026-03-29 01:16:12,USR58655,MCH1509,10830.0,UTR4603040249,9120,SUCCESS,TXN00009091,USR58655,MCH1509,UTR4603040249,0,0,0,0,0,0,0
TXN00017885,2026-02-13 22:40:21,USR75012,MCH3534,4740.0,UTR2221663645,0110,SUCCESS,TXN00017885,USR75012,MCH3534,UTR2221663645,0,0,0,0,0,0,0
TXN00004942,2026-03-01 02:40:56,USR62915,MCH2528,10848.02,,1310,SUCCESS,TXN00004942,USR62915,MCH2528,,0,1,0,0,0,0,0
TXN00014208,2026-03-26 00:00:00,USR12708,MCH8195,0.216183,UTR7332526133,9120,SUCCESS,TXN00014208,USR12708,MCH8195,UTR7332526133,0,0,0,0,0,0,0
TXN00007287,2026-01-22 15:23:34,USR44013,MCH4065,0.1362659,,4110,SUCCESS,TXN00007287,USR44013,MCH4065,,0,1,0,0,0,0,0
TXN00018667,2026-01-18 12:48:47,USR72629,MCH1229,15284.06,UTR3178926059,4110,SUCCESS,TXN00018667,USR72629,MCH1229,UTR3178926059,0,0,0,0,0,0,0
TXN00013470,2026-03-11 16:37:02,USR36902,MCH4929,11067.35,,0110,SUCCESS,TXN00013470,USR36902,MCH4929,,0,1,0,0,0,0,0
TXN00018723,2026-01-28 03:56:37,USR87746,MCH7509,24545.0,UTR4942638284,1310,SUCCESS,TXN00018723,USR87746,MCH7509,UTR4942638284,0,0,0,0,0,0,0
TXN00010034,2026-03-19 09:51:53,USR34592,MCH6869,22379.0,UTR1739847268,0110,SUCCESS,TXN00010034,USR34592,MCH6869,UTR1739847268,0,0,0,0,0,0,0
TXN00010424,2026-02-10 09:52:05,USR81084,MCH8267,8191.0,UTR5978653330,4110,SUCCESS,TXN00010424,USR81084,MCH8267,UTR5978653330,0,0,0,0,0,0,0
TXN00012448,2026-01-08 10:20:01,USR57484,MCH6414,24957.69,UTR1306741675,9120,SUCCESS,TXN00012448,USR57484,MCH6414,UTR1306741675,0,0,0,0,0,0,0
TXN00007320,2026-01-23 08:44:45,USR29718,MCH2195,23723.42,UTR1522380833,,SUCCESS,TXN00007320,USR29718,MCH2195,UTR1522380833,0,0,1,0,0,0,0
TXN00019834,2026-01-16 04:33:43,USR21423,MCH3846,24285.19,UTR4635901897,0110,SUCCESS,TXN00019834,USR21423,MCH3846,UTR4635901897,0,0,0,0,0,0,0
TXN00019495,2026-01-05 10:19:19,USR44729,MCH7799,0.1009315,UTR4527086518,1310,SUCCESS,TXN00019495,USR44729,MCH7799,UTR4527086518,0,0,0,0,0,0,0
TXN00003166,2026-03-22 10:03:14,USR36825,MCH1536,12282.48,UTR2699768716,8120,FAILED,TXN00003166,USR36825,MCH1536,UTR2699768716,0,0,0,0,0,1,0
TXN00017430,2026-04-02 04:48:35,USR30655,MCH1071,6978.98,UTR7342659444,9120,SUCCESS,TXN00017430,USR30655,MCH1071,UTR7342659444,0,0,0,0,0,0,0
TXN00004389,2026-02-08 09:46:25,USR98033,MCH5524,2459.21,UTR6777607136,9120,PENDING,TXN00004389,USR98033,MCH5524,UTR6777607136,0,0,0,0,0,0,1
TXN00003658,2026-01-07 12:47:57,USR45155,MCH6830,12769.41,UTR3397651536,1310,SUCCESS,TXN00003658,USR45155,MCH6830,UTR3397651536,0,0,0,0,0,0,0
TXN00000002,2026-01-11 19:25:12,USR75902,MCH5719,23768.35,UTR9007062460,,SUCCESS,TXN00000002,USR75902,MCH5719,UTR9007062460,0,0,1,0,0,0,0
TXN00001537,2026-01-10 17:51:59,USR46493,MCH3197,4536.92,UTR1681101141,1310,SUCCESS,TXN00001537,USR46493,MCH3197,UTR1681101141,0,0,0,0,0,0,0
TXN00007798,2026-02-08 05:25:36,USR48465,MCH5509,4121.49,UTR3166673371,0110,SUCCESS,TXN00007798,USR48465,MCH5509,UTR 3166673371,0,0,0,0,0,0,0
TXN00012695,2026-01-17 19:47:51,USR38316,MCH9290,18056.67,UTR7618703249,4110,SUCCESS,TXN00012695,USR38316,MCH9290,UTR7618703249,0,0,0,0,0,0,0
TXN00009008,2026-03-17 08:42:41,USR38914,MCH7764,14459.96,UTR8483754842,9120,SUCCESS,TXN00009008,USR38914,MCH7764,UTR 8483754842,0,0,0,0,0,0,0
TXN00008149,2026-01-03 23:24:49,USR28245,MCH6581,8030.18,UTR2593986944,9120,SUCCESS,TXN00008149,USR28245,MCH6581,UTR 2593986944,0,0,0,0,0,0,0
TXN00010829,2026-01-19 08:32:35,USR52072,MCH7770,21297.0,UTR8453460095,,SUCCESS,TXN00010829,USR52072,MCH7770,UTR8453460095,0,0,1,0,0,0,0
TXN00002772,2026-01-27 15:45:37,USR30750,MCH2603,6874.85,UTR6894186659,8120,SUCCESS,TXN00002772,USR30750,MCH2603,UTR6894186659,0,0,0,0,0,0,0
TXN00005379,2026-02-27 12:40:13,USR18589,MCH8591,0.2025137,UTR8887250299,0110,SUCCESS,TXN00005379,USR18589,MCH8591,UTR8887250299,0,0,0,0,0,0,0
TXN00005726,2026-01-20 14:30:21,USR98903,MCH6914,16089.29,UTR0505273872,8120,SUCCESS,TXN00005726,USR98903,MCH6914,UTR 0505273872,0,0,0,0,0,0,0
TXN00004089,2026-03-19 11:36:12,USR48528,MCH5043,21237.67,UTR0297453131,,SUCCESS,TXN00004089,USR48528,MCH5043,UTR0297453131,0,0,1,0,0,0,0
TXN00017616,2026-01-12 15:23:26,USR74486,MCH1670,9243.27,UTR0221792330,1310,SUCCESS,TXN00017616,USR74486,MCH1670,UTR0221792330,0,0,0,0,0,0,0
TXN00011891,2026-01-27 23:09:59,USR68554,MCH8511,16870.1,UTR4215150489,0110,SUCCESS,TXN00011891,USR68554,MCH8511,UTR4215150489,0,0,0,0,0,0,0
TXN00019031,2026-03-19 11:57:13,USR11468,MCH2254,23288.98,UTR5417390118,0110,SUCCESS,TXN00019031,USR11468,MCH2254,UTR5417390118,0,0,0,0,0,0,0
TXN00005343,2026-03-28 23:16:59,USR78920,MCH1879,2292.23,UTR2579400242,,SUCCESS,TXN00005343,USR78920,MCH1879,UTR2579400242,0,0,1,0,0,0,0
TXN00011744,2026-01-06 19:32:03,USR99957,MCH5387,24623.6,UTR3899473121,9120,FAILED,TXN00011744,USR99957,MCH5387,UTR3899473121,0,0,0,0,0,1,0
TXN00004863,2026-03-28 06:52:41,USR99170,MCH7304,1735.23,UTR7790932275,9120,SUCCESS,TXN00004863,USR99170,MCH7304,UTR7790932275,0,0,0,0,0,0,0
TXN00017021,2026-02-28 08:17:58,USR43797,MCH1573,7143.59,,0110,SUCCESS,TXN00017021,USR43797,MCH1573,,0,1,0,0,0,0,0
TXN00008660,2026-02-25 11:33:11,USR41847,MCH9670,22011.74,UTR0063692495,4110,SUCCESS,TXN00008660,USR41847,MCH9670,UTR0063692495,0,0,0,0,0,0,0
TXN00002630,2026-03-06 12:05:50,USR22019,MCH9125,9697.34,,1310,SUCCESS,TXN00002630,USR22019,MCH9125,,0,1,0,0,0,0,0
TXN00016003,2026-02-27 04:15:44,USR47819,MCH8859,11811.86,UTR9945630825,,SUCCESS,TXN00016003,USR47819,MCH8859,UTR9945630825,0,0,1,0,0,0,0
TXN00001426,2026-02-17 01:27:37,USR59121,MCH9411,24128.32,UTR6564830035,0110,SUCCESS,TXN00001426,USR59121,MCH9411,UTR6564830035,0,0,0,0,0,0,0
TXN00014459,2026-01-23 13:33:00,USR13995,MCH1591,18510.22,UTR4281087513,9120,FAILED,TXN00014459,USR13995,MCH1591,UTR4281087513,0,0,0,0,0,1,0
TXN00001753,2026-01-12 04:21:53,USR73627,MCH4600,312.9,,,SUCCESS,TXN00001753,USR73627,MCH4600,,0,1,1,0,0,0,0
TXN00014184,2026-02-14 03:26:35,USR29864,MCH9689,-8685.7,UTR2044514009,9120,SUCCESS,TXN00014184,USR29864,MCH9689,UTR 2044514009,1,0,0,0,0,0,0
TXN00004652,2026-02-14 03:31:03,USR64464,MCH3748,17939.45,UTR9380871134,8120,SUCCESS,TXN00004652,USR64464,MCH3748,UTR9380871134,0,0,0,0,0,0,0
TXN00009122,2026-01-03 10:13:56,USR64454,MCH6696,11701.55,UTR5740389199,8120,SUCCESS,TXN00009122,USR64454,MCH6696,UTR5740389199,0,0,0,0,0,0,0
TXN00005862,2026-01-14 04:05:13,USR97518,MCH5166,12955.2,UTR6289272049,,SUCCESS,TXN00005862,USR97518,MCH5166,UTR6289272049,0,0,1,0,0,0,0
TXN00011217,2026-03-10 04:23:44,USR48259,MCH2730,10811.35,UTR0500094011,0110,SUCCESS,TXN00011217,USR48259,MCH2730,UTR0500094011,0,0,0,0,0,0,0
TXN00000195,2026-03-27 21:42:23,USR53871,MCH4892,8482.0,UTR2860929237,8120,SUCCESS,TXN00000195,USR53871,MCH4892,UTR 2860929237,0,0,0,0,0,0,0
TXN00007364,2026-03-06 05:58:39,USR33819,MCH3304,0.2124151,UTR1215220449,4110,SUCCESS,TXN00007364,USR33819,MCH3304,UTR1215220449,0,0,0,0,0,0,0
TXN00002811,2026-03-16 02:06:56,USR90167,MCH6137,6191.03,UTR3675895059,9120,SUCCESS,TXN00002811,USR90167,MCH6137,UTR 3675895059,0,0,0,0,0,0,0
TXN00006426,2026-01-11 23:09:48,USR83112,MCH4394,0.3931,,,SUCCESS,TXN00006426,USR83112,MCH4394,,0,1,1,0,0,0,0
TXN00004252,2026-01-30 09:39:04,USR63205,MCH7199,1560.3,UTR6792580254,4110,PENDING,TXN00004252,USR63205,MCH7199,UTR6792580254,0,0,0,0,0,0,1
TXN00003228,2026-02-09 20:14:55,USR58142,MCH2291,8863.24,UTR4777959152,8120,SUCCESS,TXN00003228,USR58142,MCH2291,UTR4777959152,0,0,0,0,0,0,0
TXN00002349,2026-01-09 04:30:04,USR15577,MCH9768,14845.58,UTR7587730565,1310,SUCCESS,TXN00002349,USR15577,MCH9768,UTR7587730565,0,0,0,0,0,0,0
TXN00007479,2026-01-26 00:43:44,USR47899,MCH1031,0.2179008,UTR8227820386,1310,SUCCESS,TXN00007479,USR47899,MCH1031,UTR8227820386,0,0,0,0,0,0,0
TXN00013449,2026-02-14 22:09:06,USR85318,MCH2205,20787.58,UTR7530764115,8120,SUCCESS,TXN00013449,USR85318,MCH2205,UTR7530764115,0,0,0,0,0,0,0
TXN00019416,2026-03-06 20:29:47,USR95003,MCH4890,10569.11,,8120,SUCCESS,TXN00019416,USR95003,MCH4890,,0,1,0,0,0,0,0
TXN00006606,2026-03-16 23:13:43,USR41600,MCH5660,2927.53,UTR1688381883,8120,SUCCESS,TXN00006606,USR41600,MCH5660,UTR1688381883,0,0,0,0,0,0,0
TXN00001491,2026-03-06 01:46:24,USR48759,MCH7443,5946.23,UTR0472989767,,SUCCESS,TXN00001491,USR48759,MCH7443,UTR0472989767,0,0,1,0,0,0,0
TXN00004656,2026-01-01 05:45:45,USR21170,MCH4356,4215.28,UTR4487178014,4110,SUCCESS,TXN00004656,USR21170,MCH4356,UTR4487178014,0,0,0,0,0,0,0
TXN00003765,2026-03-12 08:24:17,USR65478,MCH4826,12325.56,UTR8416501735,8120,SUCCESS,TXN00003765,USR65478,MCH4826,UTR8416501735,0,0,0,0,0,0,0
TXN00007006,2026-02-28 21:24:03,USR77394,MCH5650,9426.5,UTR4341144083,4110,SUCCESS,TXN00007006,USR77394,MCH5650,UTR4341144083,0,0,0,0,0,0,0
TXN00002971,2026-03-29 13:48:51,USR27284,MCH1911,9519.14,UTR4044184572,,SUCCESS,TXN00002971,USR27284,MCH1911,UTR 4044184572,0,0,1,0,0,0,0
TXN00010054,2026-02-02 12:31:50,USR16553,MCH3783,10252.09,UTR0630783629,,PENDING,TXN00010054,USR16553,MCH3783,UTR0630783629,0,0,1,0,0,0,1
TXN00008443,2026-03-21 23:13:37,USR28654,MCH3059,16354.04,UTR3298232892,9120,SUCCESS,TXN00008443,USR28654,MCH3059,UTR 3298232892,0,0,0,0,0,0,0
TXN00016002,2026-03-17 14:45:17,USR30873,MCH8808,18.25,UTR9539509781,8120,PENDING,TXN00016002,USR30873,MCH8808,UTR9539509781,0,0,0,0,0,0,1
TXN00004722,2026-02-04 23:52:31,USR20333,MCH3142,1377.77,UTR6848603583,1310,SUCCESS,TXN00004722,USR20333,MCH3142,UTR6848603583,0,0,0,0,0,0,0
TXN00006556,2026-03-15 17:20:37,USR17731,MCH4947,17828.0,UTR2801408144,4110,SUCCESS,TXN00006556,USR17731,MCH4947,UTR2801408144,0,0,0,0,0,0,0
TXN00011141,2026-01-14 03:43:54,USR51735,MCH1430,19177.64,UTR3291045904,4110,SUCCESS,TXN00011141,USR51735,MCH1430,UTR 3291045904,0,0,0,0,0,0,0
TXN00018299,2026-01-27 21:13:59,USR17774,MCH8318,3703.13,UTR0047951435,0110,FAILED,TXN00018299,USR17774,MCH8318,UTR0047951435,0,0,0,0,0,1,0
TXN00014123,2026-03-09 01:01:29,USR52068,MCH9166,16153.8,UTR2745484896,4110,SUCCESS,TXN00014123,USR52068,MCH9166,UTR2745484896,0,0,0,0,0,0,0
TXN00017957,2026-03-28 05:10:41,USR54550,MCH5648,8087.94,UTR8170625118,4110,SUCCESS,TXN00017957,USR54550,MCH5648,UTR 8170625118,0,0,0,0,0,0,0
TXN00005141,2026-03-21 14:39:07,USR79841,MCH4087,14395.87,UTR8820348353,,SUCCESS,TXN00005141,USR79841,MCH4087,UTR8820348353,0,0,1,0,0,0,0
TXN00003744,2026-03-30 19:30:05,USR88023,MCH5293,1399.58,UTR2628916546,4110,SUCCESS,TXN00003744,USR88023,MCH5293,UTR2628916546,0,0,0,0,0,0,0
TXN00003881,2026-02-17 09:51:34,USR94603,MCH1375,0.1256566,UTR1164679352,1310,SUCCESS,TXN00003881,USR94603,MCH1375,UTR1164679352,0,0,0,0,0,0,0
TXN00014040,2026-01-14 09:14:56,USR55824,MCH7785,3380.52,,0110,SUCCESS,TXN00014040,USR55824,MCH7785,,0,1,0,0,0,0,0
TXN00019964,2026-02-12 06:35:12,USR30696,MCH1210,22575.39,UTR6361695120,0110,SUCCESS,TXN00019964,USR30696,MCH1210,UTR6361695120,0,0,0,0,0,0,0
TXN00019264,2026-01-10 00:00:00,USR27874,MCH2037,3645.61,UTR2600507794,8120,SUCCESS,TXN00019264,USR27874,MCH2037,UTR2600507794,0,0,0,0,0,0,0
TXN00006736,2026-09-03 01:12:09,USR67458,MCH3753,14083.48,UTR2433177507,,SUCCESS,TXN00006736,USR67458,MCH3753,UTR2433177507,0,0,1,0,0,0,0
TXN00016516,2026-01-14 21:23:33,USR22093,MCH9985,13677.9,UTR8676695231,4110,SUCCESS,TXN00016516,USR22093,MCH9985,UTR8676695231,0,0,0,0,0,0,0
TXN00012299,2026-01-03 12:29:46,USR58016,MCH8219,2401.0,UTR6225831838,4110,SUCCESS,TXN00012299,USR58016,MCH8219,UTR6225831838,0,0,0,0,0,0,0
TXN00014227,2026-01-20 14:00:05,USR22144,MCH8730,12948.34,UTR2796484011,,SUCCESS,TXN00014227,USR22144,MCH8730,UTR2796484011,0,0,1,0,0,0,0
TXN00004065,2026-02-27 19:52:07,USR73802,MCH7245,21640.4,UTR9073970750,1310,SUCCESS,TXN00004065,USR73802,MCH7245,UTR 9073970750,0,0,0,0,0,0,0
TXN00003771,2026-07-03 09:46:09,USR11291,MCH2450,13671.93,UTR4179792394,8120,SUCCESS,TXN00003771,USR11291,MCH2450,UTR4179792394,0,0,0,0,0,0,0
TXN00008287,2026-06-01 19:17:10,USR67748,MCH3975,0.1103745,UTR3210485961,9120,SUCCESS,TXN00008287,USR67748,MCH3975,UTR 3210485961,0,0,0,0,0,0,0
TXN00000035,2026-02-27 05:05:18,USR27255,MCH9434,24141.0,UTR0572805342,0110,SUCCESS,TXN00000035,USR27255,MCH9434,UTR0572805342,0,0,0,0,0,0,0
TXN00008232,2026-01-16 09:35:29,USR27827,MCH2794,11302.21,UTR3161648174,0110,SUCCESS,TXN00008232,USR27827,MCH2794,UTR 3161648174,0,0,0,0,0,0,0
TXN00012571,2026-02-10 23:02:59,USR40638,MCH1663,24183.31,UTR1723956829,4110,SUCCESS,TXN00012571,USR40638,MCH1663,UTR1723956829,0,0,0,0,0,0,0
TXN00016580,2026-02-11 03:06:28,USR69524,MCH2499,12628.97,UTR1506890659,8120,PENDING,TXN00016580,USR69524,MCH2499,UTR1506890659,0,0,0,0,0,0,1
TXN00017905,2026-03-06 11:05:07,USR82277,MCH9759,11871.46,UTR4018282378,4110,SUCCESS,TXN00017905,USR82277,MCH9759,UTR4018282378,0,0,0,0,0,0,0
TXN00005161,2026-02-01 16:13:16,USR70931,MCH4706,15419.38,UTR5492673057,8120,SUCCESS,TXN00005161,USR70931,MCH4706,UTR5492673057,0,0,0,0,0,0,0
TXN00016643,2026-01-28 09:35:23,USR49064,MCH3783,21135.0,UTR7583847175,1310,SUCCESS,TXN00016643,USR49064,MCH3783,UTR7583847175,0,0,0,0,0,0,0
TXN00018990,2026-01-11 07:32:19,USR50088,MCH3232,2439.64,UTR1488356513,,SUCCESS,TXN00018990,USR50088,MCH3232,UTR1488356513,0,0,1,0,0,0,0
TXN00007310,2026-01-21 12:52:14,USR75494,MCH9266,790.03,UTR6838331541,9120,SUCCESS,TXN00007310,USR75494,MCH9266,UTR6838331541,0,0,0,0,0,0,0
TXN00012945,2026-01-03 16:59:28,USR97527,MCH6977,6640.91,UTR5054317867,9120,SUCCESS,TXN00012945,USR97527,MCH6977,UTR5054317867,0,0,0,0,0,0,0
TXN00016492,2026-03-24 09:44:03,USR28720,MCH2733,4150.0,UTR1807266143,8120,SUCCESS,TXN00016492,USR28720,MCH2733,UTR1807266143,0,0,0,0,0,0,0
TXN00010712,2026-03-02 05:45:55,USR14576,MCH6955,7187.44,UTR0544528602,8120,SUCCESS,TXN00010712,USR14576,MCH6955,UTR0544528602,0,0,0,0,0,0,0
TXN00010862,2026-03-18 15:07:37,USR50437,MCH2401,8495.0,UTR8620334802,1310,SUCCESS,TXN00010862,USR50437,MCH2401,UTR8620334802,0,0,0,0,0,0,0
TXN00008670,2026-03-17 03:08:35,USR90775,MCH5042,20270.15,UTR3053368092,4110,SUCCESS,TXN00008670,USR90775,MCH5042,UTR3053368092,0,0,0,0,0,0,0
TXN00019123,2026-02-15 14:51:13,USR94279,MCH4435,6177.83,UTR7225777373,1310,SUCCESS,TXN00019123,USR94279,MCH4435,UTR7225777373,0,0,0,0,0,0,0
TXN00018554,2026-03-31 17:28:55,USR11184,MCH9454,12260.0,UTR3403359555,9120,SUCCESS,TXN00018554,USR11184,MCH9454,UTR3403359555,0,0,0,0,0,0,0
TXN00011325,2026-02-26 03:08:56,USR64839,MCH9870,23630.26,UTR8358445172,4110,FAILED,TXN00011325,USR64839,MCH9870,UTR8358445172,0,0,0,0,0,1,0
TXN00006274,2026-02-28 19:13:49,USR28396,MCH5466,13739.8,UTR6392813211,4110,SUCCESS,TXN00006274,USR28396,MCH5466,UTR6392813211,0,0,0,0,0,0,0
TXN00005411,2026-02-21 02:42:50,USR92789,MCH8876,17197.35,UTR2736095280,0110,SUCCESS,TXN00005411,USR92789,MCH8876,UTR2736095280,0,0,0,0,0,0,0
TXN00001549,2026-03-26 00:00:00,USR10046,MCH2198,1094.88,UTR6550967137,0110,SUCCESS,TXN00001549,USR10046,MCH2198,UTR6550967137,0,0,0,0,0,0,0
TXN00006044,2026-02-16 04:32:36,USR80286,MCH7766,4029.9,UTR5878866902,4110,SUCCESS,TXN00006044,USR80286,MCH7766,UTR5878866902,0,0,0,0,0,0,0
TXN00002831,2026-01-12 10:24:10,USR40597,MCH4981,12027.44,UTR7437477365,,SUCCESS,TXN00002831,USR40597,MCH4981,UTR7437477365,0,0,1,0,0,0,0
TXN00001101,2026-04-02 10:48:07,USR21535,MCH4841,1455.49,UTR8931229419,4110,SUCCESS,TXN00001101,USR21535,MCH4841,UTR8931229419,0,0,0,0,0,0,0
TXN00016964,2026-02-07 18:45:25,USR29813,MCH1135,16549.0,UTR3208172737,4110,SUCCESS,TXN00016964,USR29813,MCH1135,UTR3208172737,0,0,0,0,0,0,0
TXN00013386,2026-03-10 17:11:11,USR18800,MCH4719,-7722.11,UTR1867478953,4110,SUCCESS,TXN00013386,USR18800,MCH4719,UTR1867478953,1,0,0,0,0,0,0
TXN00012951,2026-01-24 10:21:44,USR23485,MCH5278,11115.12,UTR0714167406,,SUCCESS,TXN00012951,USR23485,MCH5278,UTR0714167406,0,0,1,0,0,0,0
TXN00018359,2026-03-01 22:49:15,USR24444,MCH2552,3902.12,UTR3469097548,,SUCCESS,TXN00018359,USR24444,MCH2552,UTR3469097548,0,0,1,0,0,0,0
TXN00014031,2026-03-14 08:28:05,USR16793,MCH8989,10480.65,UTR9773284671,0110,SUCCESS,TXN00014031,USR16793,MCH8989,UTR9773284671,0,0,0,0,0,0,0
TXN00006703,2026-03-06 18:35:20,USR24747,MCH9814,9480.11,UTR0804838247,4110,SUCCESS,TXN00006703,USR24747,MCH9814,UTR0804838247,0,0,0,0,0,0,0
TXN00017623,2026-03-28 04:43:12,USR62811,MCH3148,0.2372794,UTR0122810735,4110,SUCCESS,TXN00017623,USR62811,MCH3148,UTR0122810735,0,0,0,0,0,0,0
TXN00009642,2026-03-19 08:34:48,USR59827,MCH1026,12531.17,UTR4172488384,1310,FAILED,TXN00009642,USR59827,MCH1026,UTR4172488384,0,0,0,0,0,1,0
TXN00015139,2026-02-20 11:06:30,USR94764,MCH7269,0.674095,UTR3027595589,0110,SUCCESS,TXN00015139,USR94764,MCH7269,UTR 3027595589,0,0,0,0,0,0,0
TXN00018286,2026-03-28 17:21:20,USR40676,MCH9922,13803.84,UTR0381306470,,SUCCESS,TXN00018286,USR40676,MCH9922,UTR0381306470,0,0,1,0,0,0,0
TXN00012288,2026-01-18 12:45:21,USR68642,MCH4201,7318.0,UTR9656361510,4110,SUCCESS,TXN00012288,USR68642,MCH4201,UTR9656361510,0,0,0,0,0,0,0
TXN00013483,2026-01-01 16:37:36,USR51276,MCH1355,0.1542164,UTR9543921899,0110,SUCCESS,TXN00013483,USR51276,MCH1355,UTR9543921899,0,0,0,0,0,0,0
TXN00002514,2026-01-14 10:29:31,USR49335,MCH7382,12766.0,UTR4450118044,4110,SUCCESS,TXN00002514,USR49335,MCH7382,UTR4450118044,0,0,0,0,0,0,0
TXN00001581,2026-03-03 06:42:42,USR86798,MCH9412,5806.36,UTR7493048152,1310,FAILED,TXN00001581,USR86798,MCH9412,UTR7493048152,0,0,0,0,0,1,0
TXN00011386,2026-02-28 07:00:32,USR47219,MCH9680,12041.07,UTR2295256642,,PENDING,TXN00011386,USR47219,MCH9680,UTR2295256642,0,0,1,0,0,0,1
TXN00016892,2026-01-16 02:54:11,USR19891,MCH6498,13075.46,UTR3719945591,4110,SUCCESS,TXN00016892,USR19891,MCH6498,UTR3719945591,0,0,0,0,0,0,0
TXN00018932,2026-01-26 03:38:28,USR30201,MCH3522,23046.64,UTR2454327631,9120,FAILED,TXN00018932,USR30201,MCH3522,UTR 2454327631,0,0,0,0,0,1,0
TXN00003407,2026-01-14 00:42:30,USR52319,MCH2673,21452.0,UTR2779925563,1310,SUCCESS,TXN00003407,USR52319,MCH2673,UTR2779925563,0,0,0,0,0,0,0
TXN00008640,2026-01-05 21:43:10,USR53388,MCH3100,15110.45,UTR0019039004,0110,SUCCESS,TXN00008640,USR53388,MCH3100,UTR0019039004,0,0,0,0,0,0,0
TXN00013005,2026-03-13 14:31:41,USR42941,MCH2716,262.16,UTR7873132861,9120,SUCCESS,TXN00013005,USR42941,MCH2716,UTR7873132861,0,0,0,0,0,0,0
TXN00011621,2026-03-05 20:42:36,USR65137,MCH7697,13798.96,UTR9702567010,,SUCCESS,TXN00011621,USR65137,MCH7697,UTR9702567010,0,0,1,0,0,0,0
TXN00017491,2026-02-01 01:56:13,USR20871,MCH6881,23242.03,UTR0831608804,4110,SUCCESS,TXN00017491,USR20871,MCH6881,UTR 0831608804,0,0,0,0,0,0,0
TXN00001453,2026-02-19 09:45:27,USR69258,MCH8793,21723.94,UTR9371498588,,SUCCESS,TXN00001453,USR69258,MCH8793,UTR9371498588,0,0,1,0,0,0,0
TXN00005955,2026-03-04 09:41:36,USR69489,MCH1638,1131.0,UTR9264006553,,SUCCESS,TXN00005955,USR69489,MCH1638,UTR9264006553,0,0,1,0,0,0,0
TXN00019420,2026-03-03 04:04:13,USR94240,MCH8948,17037.33,UTR6828486789,8120,SUCCESS,TXN00019420,USR94240,MCH8948,UTR6828486789,0,0,0,0,0,0,0
TXN00006172,2026-01-19 12:04:33,USR92511,MCH6400,15649.77,UTR9912713646,,SUCCESS,TXN00006172,USR92511,MCH6400,UTR9912713646,0,0,1,0,0,0,0
TXN00012971,2026-01-13 02:41:17,USR35041,MCH3650,12586.73,UTR2402004201,1310,SUCCESS,TXN00012971,USR35041,MCH3650,UTR2402004201,0,0,0,0,0,0,0
TXN00000553,2026-01-11 20:41:06,USR61126,MCH7783,13802.15,UTR6904039673,0110,SUCCESS,TXN00000553,USR61126,MCH7783,UTR6904039673,0,0,0,0,0,0,0
TXN00007355,2026-02-20 03:51:36,USR59464,MCH1160,4219.33,UTR1773735646,,SUCCESS,TXN00007355,USR59464,MCH1160,UTR1773735646,0,0,1,0,0,0,0
TXN00008518,2026-03-16 08:13:46,USR47728,MCH9712,23083.25,UTR2916549082,9120,SUCCESS,TXN00008518,USR47728,MCH9712,UTR2916549082,0,0,0,0,0,0,0
TXN00008331,2026-02-01 10:13:51,USR64187,MCH8293,-18611.76,UTR1967887258,8120,SUCCESS,TXN00008331,USR64187,MCH8293,UTR1967887258,1,0,0,0,0,0,0
TXN00017291,2026-02-10 04:05:45,USR54555,MCH3844,11175.06,UTR0362469386,9120,SUCCESS,TXN00017291,USR54555,MCH3844,UTR0362469386,0,0,0,0,0,0,0
TXN00017720,2026-01-11 09:43:55,USR79690,MCH3466,15225.59,UTR3350717560,,SUCCESS,TXN00017720,USR79690,MCH3466,UTR3350717560,0,0,1,0,0,0,0
TXN00000117,2026-03-31 20:19:03,USR16990,MCH1026,20093.77,UTR6063146106,4110,SUCCESS,TXN00000117,USR16990,MCH1026,UTR6063146106,0,0,0,0,0,0,0
TXN00010837,2026-03-04 14:11:40,USR97633,MCH2479,0.1437809,UTR1509761425,,SUCCESS,TXN00010837,USR97633,MCH2479,UTR1509761425,0,0,1,0,0,0,0
TXN00001071,2026-02-16 22:37:51,USR61126,MCH1560,7414.74,UTR7874852728,,SUCCESS,TXN00001071,USR61126,MCH1560,UTR7874852728,0,0,1,0,0,0,0
TXN00006307,2026-01-21 03:57:43,USR60997,MCH2994,9411.0,UTR8424564835,8120,SUCCESS,TXN00006307,USR60997,MCH2994,UTR8424564835,0,0,0,0,0,0,0
TXN00003816,2026-03-04 23:37:49,USR38880,MCH2900,14445.02,UTR5923899532,8120,FAILED,TXN00003816,USR38880,MCH2900,UTR5923899532,0,0,0,0,0,1,0
TXN00018996,2026-03-11 11:51:36,USR92527,MCH1099,1507.02,,4110,SUCCESS,TXN00018996,USR92527,MCH1099,,0,1,0,0,0,0,0
TXN00003962,2026-03-09 16:40:42,USR79986,MCH5803,9828.45,UTR1457431256,1310,SUCCESS,TXN00003962,USR79986,MCH5803,UTR1457431256,0,0,0,0,0,0,0
TXN00019418,2026-02-17 14:17:59,USR10201,MCH1897,-22603.66,UTR0267959990,0110,SUCCESS,TXN00019418,USR10201,MCH1897,UTR0267959990,1,0,0,0,0,0,0
TXN00003972,2026-03-15 17:57:47,USR11146,MCH9075,13609.52,UTR2617884452,1310,SUCCESS,TXN00003972,USR11146,MCH9075,UTR 2617884452,0,0,0,0,0,0,0
TXN00008198,2026-02-22 17:43:44,USR27287,MCH5201,7246.67,UTR5224324752,,SUCCESS,TXN00008198,USR27287,MCH5201,UTR5224324752,0,0,1,0,0,0,0
TXN00007369,2026-02-13 14:43:10,USR65264,MCH8976,4735.05,UTR2575847183,0110,SUCCESS,TXN00007369,USR65264,MCH8976,UTR2575847183,0,0,0,0,0,0,0
TXN00002828,2026-02-07 13:44:45,USR42258,MCH7944,2394.03,UTR5600040373,8120,SUCCESS,TXN00002828,USR42258,MCH7944,UTR5600040373,0,0,0,0,0,0,0
TXN00012477,2026-03-23 20:07:20,USR70383,MCH6131,5323.45,UTR3395932746,1310,SUCCESS,TXN00012477,USR70383,MCH6131,UTR3395932746,0,0,0,0,0,0,0
TXN00004269,2026-03-31 15:54:03,USR66374,MCH8989,20344.95,UTR9665521535,1310,SUCCESS,TXN00004269,USR66374,MCH8989,UTR9665521535,0,0,0,0,0,0,0
TXN00009872,2026-02-21 02:37:10,USR73870,MCH7678,12925.75,UTR3899382594,4110,SUCCESS,TXN00009872,USR73870,MCH7678,UTR3899382594,0,0,0,0,0,0,0
TXN00002646,2026-01-05 05:26:33,USR74920,MCH2705,9007.66,UTR5450088424,4110,SUCCESS,TXN00002646,USR74920,MCH2705,UTR5450088424,0,0,0,0,0,0,0
TXN00006969,2026-01-07 20:08:31,USR26343,MCH9594,16515.14,UTR7051497560,,SUCCESS,TXN00006969,USR26343,MCH9594,UTR7051497560,0,0,1,0,0,0,0
TXN00009779,2026-02-08 06:42:42,USR28538,MCH4938,0.998374,UTR0652838295,9120,SUCCESS,TXN00009779,USR28538,MCH4938,UTR0652838295,0,0,0,0,0,0,0
TXN00011999,2026-03-03 04:22:14,USR38673,MCH1784,23465.34,UTR2805432445,0110,SUCCESS,TXN00011999,USR38673,MCH1784,UTR2805432445,0,0,0,0,0,0,0
TXN00001687,2026-03-22 20:39:19,USR55521,MCH3401,23069.7,UTR3091046403,1310,SUCCESS,TXN00001687,USR55521,MCH3401,UTR3091046403,0,0,0,0,0,0,0
TXN00004241,2026-03-09 06:25:23,USR49201,MCH9763,16894.82,UTR6176642219,4110,SUCCESS,TXN00004241,USR49201,MCH9763,UTR6176642219,0,0,0,0,0,0,0
TXN00014169,2026-02-28 13:56:23,USR41266,MCH6919,4269.13,UTR7835565802,,SUCCESS,TXN00014169,USR41266,MCH6919,UTR7835565802,0,0,1,0,0,0,0
TXN00003698,2026-01-14 21:49:15,USR48202,MCH1416,16700.02,UTR0274340683,4110,SUCCESS,TXN00003698,USR48202,MCH1416,UTR 0274340683,0,0,0,0,0,0,0
TXN00000552,2026-01-01 22:31:55,USR98209,MCH8860,21306.02,,9120,SUCCESS,TXN00000552,USR98209,MCH8860,,0,1,0,0,0,0,0
TXN00010310,2026-02-14 12:04:49,USR90021,MCH3870,7743.94,UTR4810385086,0110,SUCCESS,TXN00010310,USR90021,MCH3870,UTR4810385086,0,0,0,0,0,0,0
TXN00005438,2026-02-21 02:21:21,USR77237,MCH5335,21042.13,UTR0328466263,9120,SUCCESS,TXN00005438,USR77237,MCH5335,UTR0328466263,0,0,0,0,0,0,0
TXN00002923,2026-02-23 12:37:48,USR92036,MCH8276,20421.32,UTR9369139199,9120,SUCCESS,TXN00002923,USR92036,MCH8276,UTR9369139199,0,0,0,0,0,0,0
TXN00019949,2026-01-27 23:10:24,USR40198,MCH7074,12057.21,UTR8281530464,,PENDING,TXN00019949,USR40198,MCH7074,UTR8281530464,0,0,1,0,0,0,1
TXN00006324,2026-03-17 16:25:39,USR83391,MCH8962,8992.0,UTR5692707256,9120,SUCCESS,TXN00006324,USR83391,MCH8962,UTR5692707256,0,0,0,0,0,0,0
TXN00009995,2026-02-12 17:42:19,USR23876,MCH8159,3124.0,UTR3351090531,9120,SUCCESS,TXN00009995,USR23876,MCH8159,UTR3351090531,0,0,0,0,0,0,0
TXN00004570,2026-03-13 14:45:46,USR18990,MCH9352,21479.2,UTR2852346259,4110,SUCCESS,TXN00004570,USR18990,MCH9352,UTR2852346259,0,0,0,0,0,0,0
TXN00017685,2026-01-31 06:36:21,USR28774,MCH5416,14783.71,UTR0890360943,,SUCCESS,TXN00017685,USR28774,MCH5416,UTR0890360943,0,0,1,0,0,0,0
TXN00017433,2026-01-12 03:09:13,USR72782,MCH7388,0.1500003,,9120,SUCCESS,TXN00017433,USR72782,MCH7388,,0,1,0,0,0,0,0
TXN00013353,2026-02-26 19:31:10,USR49940,MCH8791,21697.03,UTR3504388910,4110,SUCCESS,TXN00013353,USR49940,MCH8791,UTR3504388910,0,0,0,0,0,0,0
TXN00000316,2026-02-22 08:30:22,USR90028,MCH2639,17402.4,UTR9141556452,4110,SUCCESS,TXN00000316,USR90028,MCH2639,UTR9141556452,0,0,0,0,0,0,0
TXN00011706,2026-01-31 10:09:55,USR16599,MCH1641,15904.65,UTR4392598998,0110,PENDING,TXN00011706,USR16599,MCH1641,UTR4392598998,0,0,0,0,0,0,1
TXN00016444,2026-03-03 19:23:42,USR12956,MCH2864,17317.51,UTR7725571904,4110,SUCCESS,TXN00016444,USR12956,MCH2864,UTR7725571904,0,0,0,0,0,0,0
TXN00003412,2026-01-19 17:16:59,USR90441,MCH8364,3260.72,UTR7196362054,1310,SUCCESS,TXN00003412,USR90441,MCH8364,UTR7196362054,0,0,0,0,0,0,0
TXN00005890,2026-03-03 16:36:43,USR48408,MCH9507,11283.74,UTR0680802613,9120,SUCCESS,TXN00005890,USR48408,MCH9507,UTR0680802613,0,0,0,0,0,0,0
TXN00018373,2026-03-07 22:56:08,USR42601,MCH2876,15903.69,UTR4744450339,9120,SUCCESS,TXN00018373,USR42601,MCH2876,UTR4744450339,0,0,0,0,0,0,0
TXN00018689,2026-02-18 01:16:07,USR99125,MCH3076,11698.63,UTR9380807584,4110,SUCCESS,TXN00018689,USR99125,MCH3076,UTR9380807584,0,0,0,0,0,0,0
TXN00011267,2026-01-08 13:08:10,USR43610,MCH5384,16858.24,UTR5899345901,,SUCCESS,TXN00011267,USR43610,MCH5384,UTR5899345901,0,0,1,0,0,0,0
TXN00013219,2026-02-27 04:13:12,USR63787,MCH7984,20992.34,UTR8263347374,4110,SUCCESS,TXN00013219,USR63787,MCH7984,UTR8263347374,0,0,0,0,0,0,0
TXN00006678,2026-01-21 00:00:00,USR43278,MCH9184,6337.5,UTR3976595045,4110,SUCCESS,TXN00006678,USR43278,MCH9184,UTR3976595045,0,0,0,0,0,0,0
TXN00016211,2026-02-26 11:22:29,USR15975,MCH2684,24194.18,UTR8780501976,0110,SUCCESS,TXN00016211,USR15975,MCH2684,UTR8780501976,0,0,0,0,0,0,0
TXN00008833,2026-02-02 09:16:24,USR37244,MCH7948,18013.2,UTR7069286060,8120,SUCCESS,TXN00008833,USR37244,MCH7948,UTR7069286060,0,0,0,0,0,0,0
TXN00005796,2026-03-09 08:20:52,USR47316,MCH7715,19879.81,UTR2992496840,4110,SUCCESS,TXN00005796,USR47316,MCH7715,UTR2992496840,0,0,0,0,0,0,0
TXN00006193,2026-05-01 10:31:53,USR61183,MCH2441,19571.0,UTR8967840504,0110,FAILED,TXN00006193,USR61183,MCH2441,UTR8967840504,0,0,0,0,0,1,0
TXN00009185,2026-03-27 15:36:00,USR29344,MCH7138,17555.41,UTR7689545419,,SUCCESS,TXN00009185,USR29344,MCH7138,UTR7689545419,0,0,1,0,0,0,0
TXN00018285,2026-03-05 03:35:37,USR84844,MCH5321,21418.89,UTR4767216898,9120,SUCCESS,TXN00018285,USR84844,MCH5321,UTR 4767216898,0,0,0,0,0,0,0
TXN00001601,2026-01-05 11:10:00,USR96562,MCH9641,4805.0,UTR4020764943,0110,PENDING,TXN00001601,USR96562,MCH9641,UTR4020764943,0,0,0,0,0,0,1
TXN00001294,2026-03-06 00:00:00,USR66904,MCH5800,17239.73,UTR7854453238,8120,SUCCESS,TXN00001294,USR66904,MCH5800,UTR7854453238,0,0,0,0,0,0,0
TXN00005795,2026-08-03 02:24:32,USR12293,MCH4005,12576.86,UTR2033180307,8120,SUCCESS,TXN00005795,USR12293,MCH4005,UTR2033180307,0,0,0,0,0,0,0
TXN00015662,2026-01-02 00:55:13,USR50261,MCH8740,2749.53,UTR9241684172,0110,SUCCESS,TXN00015662,USR50261,MCH8740,UTR9241684172,0,0,0,0,0,0,0
TXN00014340,2026-01-12 03:13:48,USR11096,MCH4482,11446.09,UTR3541363114,,FAILED,TXN00014340,USR11096,MCH4482,UTR3541363114,0,0,1,0,0,1,0
TXN00008019,2026-03-13 14:43:00,USR50544,MCH4170,0.1141358,UTR2301482077,9120,FAILED,TXN00008019,USR50544,MCH4170,UTR2301482077,0,0,0,0,0,1,0
TXN00006495,2026-09-02 03:42:12,USR54555,MCH8265,24150.88,UTR4705720258,9120,FAILED,TXN00006495,USR54555,MCH8265,UTR4705720258,0,0,0,0,0,1,0
TXN00000894,2026-02-06 22:21:07,USR78492,MCH7340,9935.62,UTR9257476863,0110,FAILED,TXN00000894,USR78492,MCH7340,UTR9257476863,0,0,0,0,0,1,0
TXN00014170,2026-02-17 10:33:05,USR77337,MCH7656,8818.04,UTR8966445204,1310,SUCCESS,TXN00014170,USR77337,MCH7656,UTR8966445204,0,0,0,0,0,0,0
TXN00007934,2026-03-28 08:59:37,USR39672,MCH6857,8436.68,UTR1091803174,1310,FAILED,TXN00007934,USR39672,MCH6857,UTR1091803174,0,0,0,0,0,1,0
TXN00013661,2026-03-06 01:16:06,USR88726,MCH1552,0.1932238,UTR4227126945,4110,SUCCESS,TXN00013661,USR88726,MCH1552,UTR 4227126945,0,0,0,0,0,0,0
TXN00005051,2026-01-22 16:03:31,USR46317,MCH7398,4946.92,UTR1728579450,1310,SUCCESS,TXN00005051,USR46317,MCH7398,UTR1728579450,0,0,0,0,0,0,0
TXN00009525,2026-01-21 01:21:36,USR27282,MCH6446,1878.0,UTR2809615406,9120,SUCCESS,TXN00009525,USR27282,MCH6446,UTR2809615406,0,0,0,0,0,0,0
TXN00014455,2026-02-22 14:15:31,USR28289,MCH3844,9315.43,UTR2479262407,9120,SUCCESS,TXN00014455,USR28289,MCH3844,UTR2479262407,0,0,0,0,0,0,0
TXN00002656,2026-02-03 00:00:00,USR76530,MCH3750,10418.45,UTR7656335618,0110,SUCCESS,TXN00002656,USR76530,MCH3750,UTR7656335618,0,0,0,0,0,0,0
TXN00013787,2026-01-23 08:34:38,USR20375,MCH8963,0.17731,UTR4087944491,8120,PENDING,TXN00013787,USR20375,MCH8963,UTR4087944491,0,0,0,0,0,0,1
TXN00000622,2026-02-15 16:47:14,USR79796,MCH2398,5241.64,UTR6281511830,4110,FAILED,TXN00000622,USR79796,MCH2398,UTR6281511830,0,0,0,0,0,1,0
TXN00017307,2026-01-18 10:58:45,USR51906,MCH7974,-4243.28,UTR6104124959,8120,SUCCESS,TXN00017307,USR51906,MCH7974,UTR6104124959,1,0,0,0,0,0,0
TXN00019373,2026-03-13 05:19:13,USR17300,MCH3806,8279.49,UTR4507508345,,SUCCESS,TXN00019373,USR17300,MCH3806,UTR4507508345,0,0,1,0,0,0,0
TXN00007555,2026-03-09 16:15:41,USR57358,MCH2752,15768.41,UTR7918435188,0110,SUCCESS,TXN00007555,USR57358,MCH2752,UTR7918435188,0,0,0,0,0,0,0
TXN00015140,2026-03-06 00:00:00,USR38807,MCH5345,20484.78,UTR2590834470,4110,SUCCESS,TXN00015140,USR38807,MCH5345,UTR2590834470,0,0,0,0,0,0,0
TXN00014981,2026-02-01 06:44:31,USR80046,MCH3364,6484.86,UTR5043437129,0110,SUCCESS,TXN00014981,USR80046,MCH3364,UTR5043437129,0,0,0,0,0,0,0
TXN00011793,2026-03-29 22:19:50,USR98244,MCH6259,24800.01,UTR1833866312,4110,SUCCESS,TXN00011793,USR98244,MCH6259,UTR1833866312,0,0,0,0,0,0,0
TXN00001318,2026-02-12 15:18:06,USR15110,MCH3519,18292.42,UTR4697947686,0110,SUCCESS,TXN00001318,USR15110,MCH3519,UTR4697947686,0,0,0,0,0,0,0
TXN00006152,2026-03-01 15:50:29,USR14952,MCH7111,0.1351003,UTR2786314515,0110,SUCCESS,TXN00006152,USR14952,MCH7111,UTR2786314515,0,0,0,0,0,0,0
TXN00010010,2026-01-06 02:23:16,USR71493,MCH8156,18989.57,UTR4220808904,8120,SUCCESS,TXN00010010,USR71493,MCH8156,UTR4220808904,0,0,0,0,0,0,0
TXN00017795,2026-02-08 01:12:43,USR50425,MCH7718,22741.25,UTR9680734866,8120,FAILED,TXN00017795,USR50425,MCH7718,UTR 9680734866,0,0,0,0,0,1,0
TXN00008246,2026-03-28 04:04:13,USR78179,MCH5796,16738.61,UTR5275757276,9120,PENDING,TXN00008246,USR78179,MCH5796,UTR5275757276,0,0,0,0,0,0,1
TXN00017576,2026-03-08 18:13:17,USR24944,MCH9419,19692.15,UTR9162346259,4110,SUCCESS,TXN00017576,USR24944,MCH9419,UTR9162346259,0,0,0,0,0,0,0
TXN00006061,2026-03-13 22:27:58,USR40360,MCH5915,10093.96,UTR4302505096,8120,SUCCESS,TXN00006061,USR40360,MCH5915,UTR4302505096,0,0,0,0,0,0,0
TXN00010016,2026-02-16 05:46:50,USR33577,MCH1550,361.85,UTR7875119486,4110,SUCCESS,TXN00010016,USR33577,MCH1550,UTR7875119486,0,0,0,0,0,0,0
TXN00008459,2026-02-21 14:51:36,USR45133,MCH9509,23920.8,UTR5653012984,,SUCCESS,TXN00008459,USR45133,MCH9509,UTR5653012984,0,0,1,0,0,0,0
TXN00011622,2026-03-25 19:47:40,USR94089,MCH2805,6858.61,UTR2189283064,9120,PENDING,TXN00011622,USR94089,MCH2805,UTR2189283064,0,0,0,0,0,0,1
TXN00008572,2026-01-09 22:09:16,USR12519,MCH8080,9700.23,UTR4894169434,4110,SUCCESS,TXN00008572,USR12519,MCH8080,UTR4894169434,0,0,0,0,0,0,0
TXN00002099,2026-01-18 14:42:20,USR34651,MCH8445,0.1994987,UTR9133014744,,SUCCESS,TXN00002099,USR34651,MCH8445,UTR9133014744,0,0,1,0,0,0,0
TXN00000032,2026-10-02 17:33:07,USR90336,MCH8068,4271.4,UTR1887171137,0110,SUCCESS,TXN00000032,USR90336,MCH8068,UTR1887171137,0,0,0,0,0,0,0
TXN00016616,2026-09-03 05:28:15,USR41398,MCH1396,8403.0,UTR7073886822,9120,SUCCESS,TXN00016616,USR41398,MCH1396,UTR7073886822,0,0,0,0,0,0,0
TXN00004923,2026-03-23 00:35:15,USR40726,MCH5176,14939.76,,4110,SUCCESS,TXN00004923,USR40726,MCH5176,,0,1,0,0,0,0,0
TXN00004108,2026-01-30 22:18:54,USR17849,MCH1469,1269.92,UTR1944834639,8120,SUCCESS,TXN00004108,USR17849,MCH1469,UTR1944834639,0,0,0,0,0,0,0
TXN00008322,2026-01-29 14:44:05,USR37962,MCH1720,17408.57,UTR0611721680,4110,PENDING,TXN00008322,USR37962,MCH1720,UTR0611721680,0,0,0,0,0,0,1
TXN00013177,2026-01-30 23:40:05,USR79320,MCH4103,18939.48,UTR3865553943,8120,SUCCESS,TXN00013177,USR79320,MCH4103,UTR3865553943,0,0,0,0,0,0,0
TXN00002138,2026-06-03 06:25:44,USR93941,MCH3052,18290.1,,8120,SUCCESS,TXN00002138,USR93941,MCH3052,,0,1,0,0,0,0,0
TXN00017434,2026-01-18 11:12:26,USR60364,MCH9135,0.83958,UTR9117640098,4110,SUCCESS,TXN00017434,USR60364,MCH9135,UTR9117640098,0,0,0,0,0,0,0
TXN00007564,2026-01-09 20:15:06,USR65375,MCH6329,18018.2,UTR9175546312,8120,SUCCESS,TXN00007564,USR65375,MCH6329,UTR9175546312,0,0,0,0,0,0,0
TXN00018957,2026-02-06 01:19:48,USR61795,MCH7294,10738.0,UTR7734782307,8120,SUCCESS,TXN00018957,USR61795,MCH7294,UTR7734782307,0,0,0,0,0,0,0
TXN00015774,2026-01-01 20:39:14,USR80243,MCH7078,22443.65,UTR5496746724,4110,SUCCESS,TXN00015774,USR80243,MCH7078,UTR5496746724,0,0,0,0,0,0,0
TXN00014587,2026-02-02 03:54:56,USR99471,MCH9297,24563.89,UTR9998055363,,SUCCESS,TXN00014587,USR99471,MCH9297,UTR9998055363,0,0,1,0,0,0,0
TXN00007635,2026-01-09 18:06:06,USR35203,MCH9805,16687.11,UTR7519732034,4110,SUCCESS,TXN00007635,USR35203,MCH9805,UTR7519732034,0,0,0,0,0,0,0
TXN00013276,2026-01-23 23:03:51,USR33953,MCH2522,7934.0,UTR8153561888,4110,SUCCESS,TXN00013276,USR33953,MCH2522,UTR8153561888,0,0,0,0,0,0,0
TXN00007219,2026-03-08 10:12:43,USR16682,MCH1848,23443.24,UTR9034280500,0110,SUCCESS,TXN00007219,USR16682,MCH1848,UTR9034280500,0,0,0,0,0,0,0
TXN00010402,2026-01-10 16:56:31,USR31497,MCH5317,-6975.06,UTR2906158619,0110,SUCCESS,TXN00010402,USR31497,MCH5317,UTR2906158619,1,0,0,0,0,0,0
TXN00007031,2026-01-29 22:31:19,USR24077,MCH6579,16671.05,UTR7690149994,4110,FAILED,TXN00007031,USR24077,MCH6579,UTR7690149994,0,0,0,0,0,1,0
TXN00018565,2026-03-29 19:13:38,USR59856,MCH5055,3479.65,UTR0729329946,0110,SUCCESS,TXN00018565,USR59856,MCH5055,UTR0729329946,0,0,0,0,0,0,0
TXN00013066,2026-03-09 10:14:02,USR27691,MCH3497,15038.39,UTR6470522459,,SUCCESS,TXN00013066,USR27691,MCH3497,UTR6470522459,0,0,1,0,0,0,0
TXN00005198,2026-03-09 15:50:36,USR53525,MCH3664,1604.23,UTR2902967942,4110,SUCCESS,TXN00005198,USR53525,MCH3664,UTR2902967942,0,0,0,0,0,0,0
TXN00012078,2026-01-17 12:24:54,USR26456,MCH8546,13701.29,UTR2592593660,9120,FAILED,TXN00012078,USR26456,MCH8546,UTR2592593660,0,0,0,0,0,1,0
TXN00001143,2026-02-21 13:08:15,USR58952,MCH6235,16953.62,UTR2118376968,0110,SUCCESS,TXN00001143,USR58952,MCH6235,UTR2118376968,0,0,0,0,0,0,0
TXN00015149,2026-02-14 17:16:56,USR46693,MCH3919,23459.74,UTR4289013660,4110,SUCCESS,TXN00015149,USR46693,MCH3919,UTR4289013660,0,0,0,0,0,0,0
TXN00013779,2026-01-05 02:18:53,USR50414,MCH3433,19768.58,UTR1102233521,1310,SUCCESS,TXN00013779,USR50414,MCH3433,UTR1102233521,0,0,0,0,0,0,0
TXN00011295,2026-03-31 07:59:02,USR74279,MCH6391,0.106795,UTR9727245602,8120,SUCCESS,TXN00011295,USR74279,MCH6391,UTR9727245602,0,0,0,0,0,0,0
TXN00008571,2026-01-30 00:00:00,USR94426,MCH2816,9835.33,UTR0992415855,0110,SUCCESS,TXN00008571,USR94426,MCH2816,UTR0992415855,0,0,0,0,0,0,0
TXN00000803,2026-03-20 01:42:42,USR13670,MCH2335,14411.45,UTR1616719740,4110,SUCCESS,TXN00000803,USR13670,MCH2335,UTR1616719740,0,0,0,0,0,0,0
TXN00015686,2026-02-11 06:16:21,USR93802,MCH5057,19726.54,UTR7374302935,,SUCCESS,TXN00015686,USR93802,MCH5057,UTR7374302935,0,0,1,0,0,0,0
TXN00004129,2026-02-27 22:56:06,USR26160,MCH9689,7402.64,UTR4595817167,9120,SUCCESS,TXN00004129,USR26160,MCH9689,UTR4595817167,0,0,0,0,0,0,0
TXN00005960,2026-03-24 16:20:22,USR56907,MCH5930,0.2027527,UTR4375825994,9120,SUCCESS,TXN00005960,USR56907,MCH5930,UTR 4375825994,0,0,0,0,0,0,0
TXN00011155,2026-03-04 00:51:11,USR79813,MCH1937,20802.7,UTR3526288640,8120,SUCCESS,TXN00011155,USR79813,MCH1937,UTR3526288640,0,0,0,0,0,0,0
TXN00010167,2026-01-18 07:48:01,USR57014,MCH7085,10467.0,UTR1111237374,9120,FAILED,TXN00010167,USR57014,MCH7085,UTR1111237374,0,0,0,0,0,1,0
TXN00000824,2026-02-12 23:16:14,USR78594,MCH8961,9960.24,UTR9118048002,0110,SUCCESS,TXN00000824,USR78594,MCH8961,UTR9118048002,0,0,0,0,0,0,0
TXN00013432,2026-02-13 05:20:13,USR61951,MCH4117,23377.56,UTR0368101024,4110,FAILED,TXN00013432,USR61951,MCH4117,UTR0368101024,0,0,0,0,0,1,0
TXN00010634,2026-02-18 22:54:33,USR45462,MCH9364,9214.08,UTR6249101241,0110,SUCCESS,TXN00010634,USR45462,MCH9364,UTR6249101241,0,0,0,0,0,0,0
TXN00006389,2026-03-04 23:55:18,USR22763,MCH2634,7001.38,UTR8250155413,8120,PENDING,TXN00006389,USR22763,MCH2634,UTR8250155413,0,0,0,0,0,0,1
TXN00012657,2026-01-22 07:56:36,USR82415,MCH3573,18402.25,UTR8469636737,4110,SUCCESS,TXN00012657,USR82415,MCH3573,UTR8469636737,0,0,0,0,0,0,0
TXN00002454,2026-06-03 06:24:24,USR18653,MCH6954,8688.0,UTR6104072605,4110,FAILED,TXN00002454,USR18653,MCH6954,UTR6104072605,0,0,0,0,0,1,0
TXN00001646,2026-01-08 04:06:38,USR42931,MCH5182,18884.21,UTR1428094103,4110,PENDING,TXN00001646,USR42931,MCH5182,UTR1428094103,0,0,0,0,0,0,1
TXN00012147,2026-03-13 11:14:48,USR44035,MCH3036,716.33,UTR8999507231,1310,PENDING,TXN00012147,USR44035,MCH3036,UTR 8999507231,0,0,0,0,0,0,1
TXN00018147,2026-03-23 11:28:23,USR53919,MCH3945,18039.43,UTR9787609618,4110,PENDING,TXN00018147,USR53919,MCH3945,UTR9787609618,0,0,0,0,0,0,1
TXN00009302,2026-01-01 03:41:01,USR55876,MCH3677,0.1238145,UTR4142351801,4110,SUCCESS,TXN00009302,USR55876,MCH3677,UTR4142351801,0,0,0,0,0,0,0
TXN00000433,2026-01-07 15:39:58,USR88089,MCH6933,15459.27,UTR2970592657,4110,SUCCESS,TXN00000433,USR88089,MCH6933,UTR2970592657,0,0,0,0,0,0,0
TXN00013047,2026-12-02 17:27:38,USR81159,MCH5284,4435.0,UTR6383831887,4110,SUCCESS,TXN00013047,USR81159,MCH5284,UTR6383831887,0,0,0,0,0,0,0
TXN00014468,2026-01-31 16:53:35,USR12101,MCH8870,22649.82,UTR0068166467,4110,SUCCESS,TXN00014468,USR12101,MCH8870,UTR0068166467,0,0,0,0,0,0,0
TXN00011685,2026-02-02 16:53:22,USR43923,MCH7932,0.2369059,UTR2977371214,,SUCCESS,TXN00011685,USR43923,MCH7932,UTR2977371214,0,0,1,0,0,0,0
TXN00005487,2026-02-25 02:19:50,USR16334,MCH9009,5636.77,UTR6129974487,4110,SUCCESS,TXN00005487,USR16334,MCH9009,UTR6129974487,0,0,0,0,0,0,0
TXN00000089,2026-03-26 03:03:11,USR84471,MCH2523,22181.45,UTR5015468386,0110,SUCCESS,TXN00000089,USR84471,MCH2523,UTR5015468386,0,0,0,0,0,0,0
TXN00014178,2026-01-20 23:45:49,USR12757,MCH6181,14663.24,UTR9948274495,0110,SUCCESS,TXN00014178,USR12757,MCH6181,UTR9948274495,0,0,0,0,0,0,0
TXN00006147,2026-03-18 05:40:26,USR47854,MCH4069,12811.39,UTR6239081691,8120,SUCCESS,TXN00006147,USR47854,MCH4069,UTR6239081691,0,0,0,0,0,0,0
TXN00017725,2026-03-28 19:23:58,USR40230,MCH6473,-18547.17,UTR4531562391,9120,SUCCESS,TXN00017725,USR40230,MCH6473,UTR4531562391,1,0,0,0,0,0,0
TXN00009919,2026-03-09 11:35:11,USR40110,MCH1791,0.74825,UTR3281178187,8120,SUCCESS,TXN00009919,USR40110,MCH1791,UTR3281178187,0,0,0,0,0,0,0
TXN00019487,2026-01-06 07:18:17,USR51046,MCH8254,24296.46,UTR3132151340,4110,SUCCESS,TXN00019487,USR51046,MCH8254,UTR3132151340,0,0,0,0,0,0,0
TXN00011588,2026-03-16 07:01:52,USR39567,MCH5550,1123.47,UTR9964530136,1310,FAILED,TXN00011588,USR39567,MCH5550,UTR9964530136,0,0,0,0,0,1,0
TXN00003381,2026-03-31 06:54:15,USR65404,MCH9650,9215.0,UTR2033501491,9120,SUCCESS,TXN00003381,USR65404,MCH9650,UTR2033501491,0,0,0,0,0,0,0
TXN00018601,2026-06-01 08:59:24,USR23657,MCH4848,8359.0,UTR0498408266,9120,SUCCESS,TXN00018601,USR23657,MCH4848,UTR0498408266,0,0,0,0,0,0,0
TXN00014395,2026-03-23 05:11:20,USR70747,MCH8361,12606.83,UTR1915696407,,SUCCESS,TXN00014395,USR70747,MCH8361,UTR1915696407,0,0,1,0,0,0,0
TXN00016256,2026-01-24 19:28:58,USR42302,MCH2647,24906.09,UTR7788925450,9120,FAILED,TXN00016256,USR42302,MCH2647,UTR 7788925450,0,0,0,0,0,1,0
TXN00017320,2026-02-03 16:03:52,USR59995,MCH5923,0.1004226,,8120,SUCCESS,TXN00017320,USR59995,MCH5923,,0,1,0,0,0,0,0
TXN00016373,2026-01-05 05:00:19,USR81810,MCH1381,0.1033868,UTR5091725861,1310,PENDING,TXN00016373,USR81810,MCH1381,UTR5091725861,0,0,0,0,0,0,1
TXN00010030,2026-03-26 11:53:38,USR42427,MCH5333,0.1680913,UTR7405863825,8120,SUCCESS,TXN00010030,USR42427,MCH5333,UTR7405863825,0,0,0,0,0,0,0
TXN00000086,2026-01-08 17:55:43,USR25429,MCH3099,0.813633,UTR2894842120,4110,SUCCESS,TXN00000086,USR25429,MCH3099,UTR2894842120,0,0,0,0,0,0,0
TXN00006902,2026-01-25 21:53:57,USR22736,MCH5925,4997.29,UTR5911552328,8120,SUCCESS,TXN00006902,USR22736,MCH5925,UTR5911552328,0,0,0,0,0,0,0
TXN00004460,2026-02-07 17:11:06,USR61208,MCH4556,13719.22,UTR8435090913,4110,SUCCESS,TXN00004460,USR61208,MCH4556,UTR8435090913,0,0,0,0,0,0,0
TXN00013155,2026-01-23 14:30:54,USR21062,MCH7925,6044.19,UTR4161417099,4110,FAILED,TXN00013155,USR21062,MCH7925,UTR4161417099,0,0,0,0,0,1,0
TXN00019612,2026-01-19 20:42:52,USR99502,MCH3447,1968.93,UTR8329094341,4110,SUCCESS,TXN00019612,USR99502,MCH3447,UTR8329094341,0,0,0,0,0,0,0
TXN00001339,2026-01-03 12:16:10,USR75215,MCH2078,1814.24,UTR1531178751,9120,SUCCESS,TXN00001339,USR75215,MCH2078,UTR 1531178751,0,0,0,0,0,0,0
TXN00003218,2026-01-11 16:04:30,USR83821,MCH2448,59.78,UTR7195355797,9120,SUCCESS,TXN00003218,USR83821,MCH2448,UTR7195355797,0,0,0,0,0,0,0
TXN00009387,2026-01-21 05:17:12,USR16463,MCH1474,22813.0,UTR1803544911,,SUCCESS,TXN00009387,USR16463,MCH1474,UTR1803544911,0,0,1,0,0,0,0
TXN00012906,2026-03-18 12:58:08,USR73061,MCH5257,14910.0,UTR1340750478,4110,SUCCESS,TXN00012906,USR73061,MCH5257,UTR1340750478,0,0,0,0,0,0,0
TXN00002442,2026-01-29 17:14:43,USR21239,MCH8043,13547.2,UTR1269018897,0110,SUCCESS,TXN00002442,USR21239,MCH8043,UTR1269018897,0,0,0,0,0,0,0
TXN00004340,2026-02-03 19:39:52,USR75066,MCH1019,0.541616,UTR8372961797,9120,SUCCESS,TXN00004340,USR75066,MCH1019,UTR8372961797,0,0,0,0,0,0,0
TXN00013247,2026-09-02 13:01:22,USR65079,MCH7812,8408.6,UTR4626372008,1310,PENDING,TXN00013247,USR65079,MCH7812,UTR4626372008,0,0,0,0,0,0,1
TXN00018607,2026-02-21 20:44:35,USR58668,MCH3089,0.2085183,UTR5635007528,8120,SUCCESS,TXN00018607,USR58668,MCH3089,UTR5635007528,0,0,0,0,0,0,0
TXN00000504,2026-03-06 09:48:27,USR98894,MCH3557,20346.74,UTR3561273788,,SUCCESS,TXN00000504,USR98894,MCH3557,UTR3561273788,0,0,1,0,0,0,0
TXN00015869,2026-01-02 07:48:15,USR65628,MCH9170,21862.37,UTR7165634289,0110,SUCCESS,TXN00015869,USR65628,MCH9170,UTR7165634289,0,0,0,0,0,0,0
TXN00008991,2026-01-20 16:38:11,USR74617,MCH3961,6312.03,UTR6192940428,1310,SUCCESS,TXN00008991,USR74617,MCH3961,UTR6192940428,0,0,0,0,0,0,0
TXN00013302,2026-01-10 20:32:02,USR31693,MCH1648,5344.06,UTR8369635991,9120,SUCCESS,TXN00013302,USR31693,MCH1648,UTR8369635991,0,0,0,0,0,0,0
TXN00015588,2026-02-27 17:33:28,USR85384,MCH1549,9920.13,UTR8476518479,4110,SUCCESS,TXN00015588,USR85384,MCH1549,UTR8476518479,0,0,0,0,0,0,0
TXN00019253,2026-01-29 00:12:15,USR70018,MCH7128,7998.54,UTR1441956797,4110,SUCCESS,TXN00019253,USR70018,MCH7128,UTR1441956797,0,0,0,0,0,0,0
TXN00019333,2026-03-07 06:03:48,USR47235,MCH2286,14780.86,UTR1105881281,0110,SUCCESS,TXN00019333,USR47235,MCH2286,UTR1105881281,0,0,0,0,0,0,0
TXN00011145,2026-01-27 11:22:04,USR61716,MCH2573,515.24,UTR3379316477,9120,SUCCESS,TXN00011145,USR61716,MCH2573,UTR3379316477,0,0,0,0,0,0,0
TXN00004472,2026-03-31 05:48:01,USR80620,MCH4589,24788.4,UTR7880630851,4110,FAILED,TXN00004472,USR80620,MCH4589,UTR7880630851,0,0,0,0,0,1,0
TXN00015472,2026-02-04 20:40:56,USR57979,MCH2707,19403.46,UTR0034361065,1310,SUCCESS,TXN00015472,USR57979,MCH2707,UTR0034361065,0,0,0,0,0,0,0
TXN00015385,2026-03-23 06:41:12,USR78786,MCH9134,23546.11,UTR0960877698,4110,PENDING,TXN00015385,USR78786,MCH9134,UTR0960877698,0,0,0,0,0,0,1
TXN00000120,2026-02-24 01:47:13,USR33331,MCH4577,13488.16,UTR3420812348,,SUCCESS,TXN00000120,USR33331,MCH4577,UTR3420812348,0,0,1,0,0,0,0
TXN00005336,2026-01-27 06:09:38,USR83172,MCH9694,23618.24,UTR8634675931,,SUCCESS,TXN00005336,USR83172,MCH9694,UTR8634675931,0,0,1,0,0,0,0
TXN00004642,2026-03-27 10:50:24,USR69363,MCH1877,0.782986,UTR6710283071,0110,SUCCESS,TXN00004642,USR69363,MCH1877,UTR6710283071,0,0,0,0,0,0,0
TXN00004952,2026-03-10 17:31:40,USR82870,MCH3158,1291.07,UTR7283074928,8120,FAILED,TXN00004952,USR82870,MCH3158,UTR7283074928,0,0,0,0,0,1,0
TXN00010865,2026-02-17 00:22:05,USR43859,MCH1838,2154.41,UTR8604625919,,SUCCESS,TXN00010865,USR43859,MCH1838,UTR8604625919,0,0,1,0,0,0,0
TXN00004135,2026-01-02 04:45:20,USR97335,MCH8388,14840.6,UTR9079718566,8120,SUCCESS,TXN00004135,USR97335,MCH8388,UTR9079718566,0,0,0,0,0,0,0
TXN00010244,2026-02-21 21:46:10,USR20971,MCH9033,7961.2,UTR1809725770,,PENDING,TXN00010244,USR20971,MCH9033,UTR1809725770,0,0,1,0,0,0,1
TXN00015470,2026-01-21 23:24:34,USR86322,MCH6151,20912.78,UTR5362033286,4110,SUCCESS,TXN00015470,USR86322,MCH6151,UTR5362033286,0,0,0,0,0,0,0
TXN00015018,2026-02-25 12:36:23,USR45273,MCH2015,17670.13,UTR1084706858,9120,SUCCESS,TXN00015018,USR45273,MCH2015,UTR1084706858,0,0,0,0,0,0,0
TXN00006030,2026-01-04 10:17:57,USR28582,MCH2886,2538.0,UTR6587920088,4110,FAILED,TXN00006030,USR28582,MCH2886,UTR6587920088,0,0,0,0,0,1,0
TXN00007299,2026-01-01 00:00:00,USR83849,MCH9120,-9109.39,,4110,FAILED,TXN00007299,USR83849,MCH9120,,1,1,0,0,0,1,0
TXN00004951,2026-01-02 00:00:00,USR97614,MCH2989,9882.0,UTR8035900153,8120,SUCCESS,TXN00004951,USR97614,MCH2989,UTR8035900153,0,0,0,0,0,0,0
TXN00007354,2026-01-18 00:00:00,USR53687,MCH6824,13616.09,UTR1144165624,1310,SUCCESS,TXN00007354,USR53687,MCH6824,UTR1144165624,0,0,0,0,0,0,0
TXN00000410,2026-01-29 00:00:00,USR58117,MCH5429,2291.25,UTR5337734136,8120,SUCCESS,TXN00000410,USR58117,MCH5429,UTR5337734136,0,0,0,0,0,0,0
TXN00002939,2026-01-16 23:40:43,USR86871,MCH1914,23806.02,UTR7719129403,9120,SUCCESS,TXN00002939,USR86871,MCH1914,UTR 7719129403,0,0,0,0,0,0,0
TXN00007116,2026-01-30 16:16:31,USR92160,MCH7500,22703.01,UTR2273394169,0110,SUCCESS,TXN00007116,USR92160,MCH7500,UTR2273394169,0,0,0,0,0,0,0
TXN00009934,2026-06-01 00:16:58,USR67349,MCH8473,88.01,UTR0934167887,4110,SUCCESS,TXN00009934,USR67349,MCH8473,UTR0934167887,0,0,0,0,0,0,0
TXN00008989,2026-03-14 01:50:22,USR15149,MCH6357,20451.44,UTR5693774946,,SUCCESS,TXN00008989,USR15149,MCH6357,UTR5693774946,0,0,1,0,0,0,0
TXN00011772,2026-01-16 00:00:00,USR84465,MCH2230,2767.77,UTR5016538762,1310,SUCCESS,TXN00011772,USR84465,MCH2230,UTR5016538762,0,0,0,0,0,0,0
TXN00009089,2026-02-14 00:00:00,USR28690,MCH7013,-5654.78,,,SUCCESS,TXN00009089,USR28690,MCH7013,,1,1,1,0,0,0,0
TXN00000205,2026-01-16 08:32:03,USR34400,MCH4140,15164.66,,9120,FAILED,TXN00000205,USR34400,MCH4140,,0,1,0,0,0,1,0
TXN00000774,2026-03-24 12:01:56,USR14685,MCH9427,9938.0,UTR9663564983,0110,SUCCESS,TXN00000774,USR14685,MCH9427,UTR9663564983,0,0,0,0,0,0,0
TXN00001462,2026-02-23 12:32:26,USR95912,MCH4960,16284.31,UTR2992355717,4110,SUCCESS,TXN00001462,USR95912,MCH4960,UTR2992355717,0,0,0,0,0,0,0
TXN00018767,2026-03-25 18:24:22,USR29025,MCH4280,15651.0,UTR2694698017,8120,SUCCESS,TXN00018767,USR29025,MCH4280,UTR2694698017,0,0,0,0,0,0,0
TXN00009614,2026-03-06 00:00:00,USR53335,MCH8305,2618.0,UTR6209444221,1310,SUCCESS,TXN00009614,USR53335,MCH8305,UTR6209444221,0,0,0,0,0,0,0
TXN00019634,2026-02-11 00:00:00,USR10007,MCH8176,12698.2,UTR1853863028,4110,SUCCESS,TXN00019634,USR10007,MCH8176,UTR1853863028,0,0,0,0,0,0,0
TXN00016965,2026-03-21 21:45:56,USR36007,MCH3363,20683.65,UTR4164703029,8120,SUCCESS,TXN00016965,USR36007,MCH3363,UTR4164703029,0,0,0,0,0,0,0
TXN00015319,2026-01-09 16:48:32,USR88117,MCH3198,18935.0,UTR5973122475,8120,SUCCESS,TXN00015319,USR88117,MCH3198,UTR 5973122475,0,0,0,0,0,0,0
TXN00019184,2026-02-27 05:46:12,USR36420,MCH3973,24967.37,UTR1256048102,,SUCCESS,TXN00019184,USR36420,MCH3973,UTR1256048102,0,0,1,0,0,0,0
TXN00011992,2026-03-09 11:57:25,USR16029,MCH3973,3898.2,UTR0955091261,4110,SUCCESS,TXN00011992,USR16029,MCH3973,UTR0955091261,0,0,0,0,0,0,0
TXN00009163,2026-02-18 07:33:22,USR33097,MCH8907,19231.56,UTR7178549814,1310,SUCCESS,TXN00009163,USR33097,MCH8907,UTR7178549814,0,0,0,0,0,0,0
TXN00006443,2026-03-12 06:30:52,USR46639,MCH5378,18073.75,UTR3803663388,1310,SUCCESS,TXN00006443,USR46639,MCH5378,UTR3803663388,0,0,0,0,0,0,0
TXN00014666,2026-01-16 03:13:23,USR89868,MCH8389,13466.51,UTR2295461798,8120,SUCCESS,TXN00014666,USR89868,MCH8389,UTR2295461798,0,0,0,0,0,0,0
TXN00012233,2026-03-03 19:30:25,USR92403,MCH3881,2791.74,UTR3462232461,0110,SUCCESS,TXN00012233,USR92403,MCH3881,UTR3462232461,0,0,0,0,0,0,0
TXN00003229,2026-02-18 00:00:00,USR69802,MCH5506,2642.58,UTR3704061494,4110,SUCCESS,TXN00003229,USR69802,MCH5506,UTR3704061494,0,0,0,0,0,0,0
TXN00018772,2026-01-22 19:00:10,USR69200,MCH6753,0.1961369,,9120,SUCCESS,TXN00018772,USR69200,MCH6753,,0,1,0,0,0,0,0
TXN00005603,2026-01-26 18:06:42,USR58081,MCH2570,3140.03,UTR1897804296,9120,SUCCESS,TXN00005603,USR58081,MCH2570,UTR1897804296,0,0,0,0,0,0,0
TXN00010719,2026-03-07 12:03:19,USR26105,MCH3911,288.75,UTR0378982139,1310,PENDING,TXN00010719,USR26105,MCH3911,UTR0378982139,0,0,0,0,0,0,1
TXN00013922,2026-02-19 09:09:21,USR95467,MCH9451,1204.8,UTR2939694049,4110,SUCCESS,TXN00013922,USR95467,MCH9451,UTR2939694049,0,0,0,0,0,0,0
TXN00009630,2026-01-17 13:59:47,USR90800,MCH6734,9642.91,UTR0957310158,1310,FAILED,TXN00009630,USR90800,MCH6734,UTR0957310158,0,0,0,0,0,1,0
TXN00010826,2026-03-04 14:13:25,USR90935,MCH8693,12660.71,UTR2087850213,4110,SUCCESS,TXN00010826,USR90935,MCH8693,UTR 2087850213,0,0,0,0,0,0,0
TXN00000074,2026-03-27 23:15:07,USR46113,MCH3760,0.2038838,UTR1552399157,4110,SUCCESS,TXN00000074,USR46113,MCH3760,UTR1552399157,0,0,0,0,0,0,0
TXN00011190,2026-01-28 07:45:03,USR36953,MCH9648,16005.86,UTR3489053373,0110,SUCCESS,TXN00011190,USR36953,MCH9648,UTR3489053373,0,0,0,0,0,0,0
TXN00019728,2026-03-10 19:46:57,USR20759,MCH7605,1336.29,UTR4808659157,4110,SUCCESS,TXN00019728,USR20759,MCH7605,UTR4808659157,0,0,0,0,0,0,0
TXN00005494,2026-03-01 08:37:16,USR98969,MCH8997,6874.0,UTR3168792349,4110,SUCCESS,TXN00005494,USR98969,MCH8997,UTR3168792349,0,0,0,0,0,0,0
TXN00019501,2026-03-27 00:20:49,USR47598,MCH2850,4147.17,UTR7874497434,4110,SUCCESS,TXN00019501,USR47598,MCH2850,UTR 7874497434,0,0,0,0,0,0,0
TXN00011955,2026-03-04 13:37:46,USR63529,MCH3224,20807.32,UTR6242095288,8120,SUCCESS,TXN00011955,USR63529,MCH3224,UTR6242095288,0,0,0,0,0,0,0
TXN00004928,2026-01-31 02:44:50,USR82318,MCH2740,5682.19,UTR8292061742,4110,SUCCESS,TXN00004928,USR82318,MCH2740,UTR8292061742,0,0,0,0,0,0,0
TXN00013826,2026-01-17 21:47:27,USR19658,MCH8883,0.604615,UTR2120403816,4110,SUCCESS,TXN00013826,USR19658,MCH8883,UTR2120403816,0,0,0,0,0,0,0
TXN00003483,2026-01-31 04:37:52,USR58272,MCH3561,0.693254,UTR9505510715,,SUCCESS,TXN00003483,USR58272,MCH3561,UTR9505510715,0,0,1,0,0,0,0
TXN00006273,2026-03-02 11:13:26,USR35704,MCH5953,1650.0,UTR3880183613,0110,SUCCESS,TXN00006273,USR35704,MCH5953,UTR3880183613,0,0,0,0,0,0,0
TXN00018433,2026-03-21 00:22:45,USR70359,MCH6029,41.07,UTR6349386760,0110,SUCCESS,TXN00018433,USR70359,MCH6029,UTR6349386760,0,0,0,0,0,0,0
TXN00007593,2026-02-17 23:57:42,USR95991,MCH8514,18125.57,UTR0477496488,8120,SUCCESS,TXN00007593,USR95991,MCH8514,UTR0477496488,0,0,0,0,0,0,0
TXN00007445,2026-01-05 05:13:06,USR63396,MCH7924,8498.12,UTR7821752995,4110,SUCCESS,TXN00007445,USR63396,MCH7924,UTR7821752995,0,0,0,0,0,0,0
TXN00005665,2026-02-24 18:47:23,USR41732,MCH1385,15460.94,UTR8945699837,1310,PENDING,TXN00005665,USR41732,MCH1385,UTR8945699837,0,0,0,0,0,0,1
TXN00019833,2026-02-27 17:10:45,USR21885,MCH5269,13599.32,UTR2017461142,,SUCCESS,TXN00019833,USR21885,MCH5269,UTR2017461142,0,0,1,0,0,0,0
TXN00010870,2026-01-05 14:15:40,USR71815,MCH1458,9221.83,,9120,SUCCESS,TXN00010870,USR71815,MCH1458,,0,1,0,0,0,0,0
TXN00010809,2026-02-18 04:31:47,USR34226,MCH2803,19412.02,UTR3863966493,0110,SUCCESS,TXN00010809,USR34226,MCH2803,UTR3863966493,0,0,0,0,0,0,0
TXN00001565,2026-03-07 11:22:00,USR41780,MCH4535,20567.0,UTR4335814318,9120,SUCCESS,TXN00001565,USR41780,MCH4535,UTR4335814318,0,0,0,0,0,0,0
TXN00000580,2026-03-06 18:04:02,USR56088,MCH9299,6463.53,UTR8099406998,8120,SUCCESS,TXN00000580,USR56088,MCH9299,UTR8099406998,0,0,0,0,0,0,0
TXN00015678,2026-01-02 00:00:00,USR94259,MCH1356,14670.0,UTR7461533701,,SUCCESS,TXN00015678,USR94259,MCH1356,UTR7461533701,0,0,1,0,0,0,0
TXN00007394,2026-02-14 00:00:00,USR28656,MCH6196,13419.09,UTR7062535005,0110,FAILED,TXN00007394,USR28656,MCH6196,UTR 7062535005,0,0,0,0,0,1,0
TXN00018151,2026-01-27 05:33:10,USR56445,MCH3053,18346.06,UTR6495893658,4110,SUCCESS,TXN00018151,USR56445,MCH3053,UTR6495893658,0,0,0,0,0,0,0
TXN00017975,2026-02-14 04:17:28,USR55171,MCH6665,13481.86,UTR7880269196,9120,SUCCESS,TXN00017975,USR55171,MCH6665,UTR 7880269196,0,0,0,0,0,0,0
TXN00016254,2026-01-07 23:53:08,USR88934,MCH7870,0.590516,UTR2831657280,9120,FAILED,TXN00016254,USR88934,MCH7870,UTR2831657280,0,0,0,0,0,1,0
TXN00007023,2026-02-07 23:04:43,USR15586,MCH8287,23990.21,UTR5039000565,,SUCCESS,TXN00007023,USR15586,MCH8287,UTR5039000565,0,0,1,0,0,0,0
TXN00003613,2026-03-25 12:36:46,USR88619,MCH3921,9370.0,UTR2862131022,4110,SUCCESS,TXN00003613,USR88619,MCH3921,UTR 2862131022,0,0,0,0,0,0,0
TXN00004726,2026-03-06 12:25:03,USR50827,MCH7373,-15.67,UTR5488328368,9120,SUCCESS,TXN00004726,USR50827,MCH7373,UTR 5488328368,1,0,0,0,0,0,0
TXN00018388,2026-03-12 16:44:35,USR98893,MCH8744,338.94,UTR7272695445,,PENDING,TXN00018388,USR98893,MCH8744,UTR7272695445,0,0,1,0,0,0,1
TXN00001467,2026-02-28 04:39:03,USR43460,MCH2189,24429.58,,4110,SUCCESS,TXN00001467,USR43460,MCH2189,,0,1,0,0,0,0,0
TXN00000667,2026-01-31 10:55:16,USR91984,MCH1187,6156.48,UTR2136201504,4110,FAILED,TXN00000667,USR91984,MCH1187,UTR2136201504,0,0,0,0,0,1,0
TXN00018257,2026-03-06 19:28:13,USR28402,MCH4690,3626.88,UTR5747423003,9120,SUCCESS,TXN00018257,USR28402,MCH4690,UTR5747423003,0,0,0,0,0,0,0
TXN00001752,2026-03-20 01:59:51,USR44692,MCH9620,5387.89,UTR5384573543,9120,SUCCESS,TXN00001752,USR44692,MCH9620,UTR5384573543,0,0,0,0,0,0,0
TXN00009280,2026-01-26 05:03:06,USR93877,MCH9260,2003.93,UTR4801681041,0110,SUCCESS,TXN00009280,USR93877,MCH9260,UTR4801681041,0,0,0,0,0,0,0
TXN00005364,2026-03-31 01:22:10,USR72081,MCH4050,17377.3,UTR6651555567,1310,SUCCESS,TXN00005364,USR72081,MCH4050,UTR6651555567,0,0,0,0,0,0,0
TXN00008666,2026-01-09 06:14:54,USR61456,MCH5587,13975.43,UTR8255590969,9120,SUCCESS,TXN00008666,USR61456,MCH5587,UTR8255590969,0,0,0,0,0,0,0
TXN00008258,2026-03-19 03:03:49,USR61050,MCH8079,24525.93,UTR4553349854,,SUCCESS,TXN00008258,USR61050,MCH8079,UTR4553349854,0,0,1,0,0,0,0
TXN00002194,2026-03-25 16:03:23,USR74033,MCH5225,14015.41,UTR5435409202,4110,SUCCESS,TXN00002194,USR74033,MCH5225,UTR5435409202,0,0,0,0,0,0,0
TXN00011503,2026-01-20 14:32:06,USR68805,MCH8173,16909.08,UTR5990527059,1310,SUCCESS,TXN00011503,USR68805,MCH8173,UTR5990527059,0,0,0,0,0,0,0
TXN00015966,2026-01-18 00:00:00,USR91504,MCH2727,9043.6,UTR1628014415,,SUCCESS,TXN00015966,USR91504,MCH2727,UTR1628014415,0,0,1,0,0,0,0
TXN00012526,2026-03-12 11:29:46,USR82745,MCH2908,14796.0,UTR1055311194,0110,FAILED,TXN00012526,USR82745,MCH2908,UTR1055311194,0,0,0,0,0,1,0
TXN00003942,2026-03-31 03:12:31,USR22094,MCH6214,22450.14,UTR6430652807,,PENDING,TXN00003942,USR22094,MCH6214,UTR6430652807,0,0,1,0,0,0,1
TXN00008560,2026-02-04 12:44:16,USR15990,MCH9801,20707.04,UTR5613848565,8120,SUCCESS,TXN00008560,USR15990,MCH9801,UTR5613848565,0,0,0,0,0,0,0
TXN00013693,2026-03-29 19:20:05,USR87638,MCH5644,19078.0,UTR5009042465,4110,FAILED,TXN00013693,USR87638,MCH5644,UTR5009042465,0,0,0,0,0,1,0
TXN00017141,2026-01-30 20:17:10,USR10819,MCH7841,17498.72,UTR7765753968,4110,SUCCESS,TXN00017141,USR10819,MCH7841,UTR7765753968,0,0,0,0,0,0,0
TXN00017783,2026-01-26 20:14:24,USR75168,MCH2146,10732.53,UTR7884606044,1310,SUCCESS,TXN00017783,USR75168,MCH2146,UTR7884606044,0,0,0,0,0,0,0
TXN00014207,2026-01-13 14:45:50,USR44556,MCH1352,11455.79,UTR9232874324,9120,SUCCESS,TXN00014207,USR44556,MCH1352,UTR9232874324,0,0,0,0,0,0,0
TXN00015033,2026-02-15 07:43:47,USR45748,MCH5630,1041.33,UTR3295482240,4110,SUCCESS,TXN00015033,USR45748,MCH5630,UTR3295482240,0,0,0,0,0,0,0
TXN00002637,2026-02-22 19:48:10,USR16553,MCH1300,24151.53,UTR8103870252,4110,SUCCESS,TXN00002637,USR16553,MCH1300,UTR8103870252,0,0,0,0,0,0,0
TXN00008358,2026-01-19 00:19:34,USR48898,MCH9218,13276.17,UTR9624330206,8120,SUCCESS,TXN00008358,USR48898,MCH9218,UTR9624330206,0,0,0,0,0,0,0
TXN00018946,2026-01-11 14:22:09,USR43300,MCH7195,24635.27,UTR2561383191,1310,SUCCESS,TXN00018946,USR43300,MCH7195,UTR2561383191,0,0,0,0,0,0,0
TXN00010377,2026-03-23 05:00:58,USR92812,MCH8648,4468.0,UTR6161973923,4110,SUCCESS,TXN00010377,USR92812,MCH8648,UTR6161973923,0,0,0,0,0,0,0
TXN00002860,2026-03-10 00:00:00,USR52159,MCH8825,4389.0,UTR5775755342,4110,SUCCESS,TXN00002860,USR52159,MCH8825,UTR5775755342,0,0,0,0,0,0,0
TXN00005714,2026-02-13 14:20:18,USR92046,MCH6763,23643.0,UTR2651164775,,SUCCESS,TXN00005714,USR92046,MCH6763,UTR2651164775,0,0,1,0,0,0,0
TXN00014070,2026-01-23 00:46:35,USR47566,MCH6381,5274.03,UTR2136508689,4110,SUCCESS,TXN00014070,USR47566,MCH6381,UTR2136508689,0,0,0,0,0,0,0
TXN00015847,2026-02-01 13:02:35,USR32046,MCH2157,18050.88,UTR2376150947,8120,SUCCESS,TXN00015847,USR32046,MCH2157,UTR2376150947,0,0,0,0,0,0,0
TXN00005902,2026-02-16 01:51:24,USR86344,MCH1551,13578.08,UTR3711853081,4110,SUCCESS,TXN00005902,USR86344,MCH1551,UTR 3711853081,0,0,0,0,0,0,0
TXN00004459,2026-02-19 14:18:29,USR79582,MCH4777,10401.31,UTR4325029809,4110,SUCCESS,TXN00004459,USR79582,MCH4777,UTR4325029809,0,0,0,0,0,0,0
TXN00012201,2026-01-13 09:57:43,USR72238,MCH2476,7894.08,UTR7844408157,1310,FAILED,TXN00012201,USR72238,MCH2476,UTR7844408157,0,0,0,0,0,1,0
TXN00004632,2026-02-26 00:00:00,USR74798,MCH8134,7808.48,UTR8736403506,,FAILED,TXN00004632,USR74798,MCH8134,UTR8736403506,0,0,1,0,0,1,0
TXN00008196,2026-02-08 02:24:32,USR58030,MCH7187,7923.94,UTR1241183695,4110,SUCCESS,TXN00008196,USR58030,MCH7187,UTR1241183695,0,0,0,0,0,0,0
TXN00008410,2026-02-21 01:15:09,USR56194,MCH2164,9505.2,,4110,SUCCESS,TXN00008410,USR56194,MCH2164,,0,1,0,0,0,0,0
TXN00005381,2026-03-20 06:36:21,USR62439,MCH8533,5617.33,UTR8529748101,9120,SUCCESS,TXN00005381,USR62439,MCH8533,UTR8529748101,0,0,0,0,0,0,0
TXN00006116,2026-02-03 06:28:43,USR53915,MCH5933,-17562.94,UTR1764838600,8120,SUCCESS,TXN00006116,USR53915,MCH5933,UTR 1764838600,1,0,0,0,0,0,0
TXN00003311,2026-01-25 21:33:27,USR85631,MCH8321,18071.22,UTR2576085197,4110,SUCCESS,TXN00003311,USR85631,MCH8321,UTR2576085197,0,0,0,0,0,0,0
TXN00015231,2026-01-28 09:57:21,USR68349,MCH5016,4678.99,UTR0729623083,4110,SUCCESS,TXN00015231,USR68349,MCH5016,UTR0729623083,0,0,0,0,0,0,0
TXN00010720,2026-02-05 08:09:33,USR16239,MCH6823,6065.72,UTR7380221559,,SUCCESS,TXN00010720,USR16239,MCH6823,UTR7380221559,0,0,1,0,0,0,0
TXN00011246,2026-01-03 19:00:52,USR71805,MCH7860,19334.87,UTR1007978864,0110,SUCCESS,TXN00011246,USR71805,MCH7860,UTR1007978864,0,0,0,0,0,0,0
TXN00017238,2026-03-17 11:54:55,USR13149,MCH3154,10111.85,,4110,SUCCESS,TXN00017238,USR13149,MCH3154,,0,1,0,0,0,0,0
TXN00004992,2026-02-04 23:08:58,USR52561,MCH3006,14343.0,UTR4571465887,,SUCCESS,TXN00004992,USR52561,MCH3006,UTR4571465887,0,0,1,0,0,0,0
TXN00012631,2026-02-23 17:10:45,USR94340,MCH7961,12258.0,UTR6707514714,4110,SUCCESS,TXN00012631,USR94340,MCH7961,UTR6707514714,0,0,0,0,0,0,0
TXN00007305,2026-01-23 00:00:00,USR94928,MCH7545,1024.24,UTR2795133460,4110,PENDING,TXN00007305,USR94928,MCH7545,UTR2795133460,0,0,0,0,0,0,1
TXN00018959,2026-03-21 21:00:48,USR84900,MCH6899,9727.02,UTR2786775833,4110,SUCCESS,TXN00018959,USR84900,MCH6899,UTR2786775833,0,0,0,0,0,0,0
TXN00019895,2026-02-15 23:07:04,USR99710,MCH6331,2894.69,UTR2697429806,4110,SUCCESS,TXN00019895,USR99710,MCH6331,UTR2697429806,0,0,0,0,0,0,0
TXN00007318,2026-01-12 11:43:45,USR83359,MCH6330,16376.0,UTR8152067119,0110,SUCCESS,TXN00007318,USR83359,MCH6330,UTR8152067119,0,0,0,0,0,0,0
TXN00014490,2026-01-10 00:00:00,USR22306,MCH5566,8214.43,UTR1299515269,9120,SUCCESS,TXN00014490,USR22306,MCH5566,UTR1299515269,0,0,0,0,0,0,0
TXN00008528,2026-03-12 12:25:57,USR46363,MCH3514,19536.09,UTR9685781270,0110,SUCCESS,TXN00008528,USR46363,MCH3514,UTR9685781270,0,0,0,0,0,0,0
TXN00012509,2026-02-12 02:49:29,USR70164,MCH8941,0.504415,UTR0721137630,4110,SUCCESS,TXN00012509,USR70164,MCH8941,UTR0721137630,0,0,0,0,0,0,0
TXN00000359,2026-01-28 01:03:26,USR51815,MCH8076,23506.35,UTR7598063149,8120,SUCCESS,TXN00000359,USR51815,MCH8076,UTR7598063149,0,0,0,0,0,0,0
TXN00000835,2026-03-29 02:38:47,USR11865,MCH3122,12464.21,UTR1062453623,0110,SUCCESS,TXN00000835,USR11865,MCH3122,UTR1062453623,0,0,0,0,0,0,0
TXN00018470,2026-03-22 00:00:00,USR82738,MCH5491,6075.0,UTR5019475891,,SUCCESS,TXN00018470,USR82738,MCH5491,UTR5019475891,0,0,1,0,0,0,0
TXN00011519,2026-02-11 18:55:10,USR35767,MCH1385,17736.0,UTR5878708161,8120,SUCCESS,TXN00011519,USR35767,MCH1385,UTR5878708161,0,0,0,0,0,0,0
TXN00004558,2026-02-03 20:14:35,USR64470,MCH4620,0.1697987,UTR1253735325,9120,SUCCESS,TXN00004558,USR64470,MCH4620,UTR 1253735325,0,0,0,0,0,0,0
TXN00001454,2026-03-10 00:00:00,USR38159,MCH5153,14269.54,UTR0147577543,8120,SUCCESS,TXN00001454,USR38159,MCH5153,UTR 0147577543,0,0,0,0,0,0,0
TXN00013413,2026-03-28 22:07:33,USR12678,MCH3725,939.01,UTR4032538464,1310,SUCCESS,TXN00013413,USR12678,MCH3725,UTR4032538464,0,0,0,0,0,0,0
TXN00007410,2026-02-10 18:11:35,USR80073,MCH4944,14931.94,UTR6946050695,0110,SUCCESS,TXN00007410,USR80073,MCH4944,UTR6946050695,0,0,0,0,0,0,0
TXN00019970,2026-02-05 12:06:46,USR70725,MCH2927,17397.0,UTR4508099927,8120,SUCCESS,TXN00019970,USR70725,MCH2927,UTR4508099927,0,0,0,0,0,0,0
TXN00006040,2026-03-08 15:14:13,USR93763,MCH4888,21666.23,UTR2119162352,,SUCCESS,TXN00006040,USR93763,MCH4888,UTR2119162352,0,0,1,0,0,0,0
TXN00010631,2026-02-15 16:42:00,USR12369,MCH1349,0.1388151,UTR1691976328,0110,SUCCESS,TXN00010631,USR12369,MCH1349,UTR 1691976328,0,0,0,0,0,0,0
TXN00009577,2026-03-20 13:48:18,USR59563,MCH3906,17951.25,UTR0418322827,9120,PENDING,TXN00009577,USR59563,MCH3906,UTR0418322827,0,0,0,0,0,0,1
TXN00014002,2026-03-04 15:47:08,USR78969,MCH1545,2246.0,UTR3288792572,0110,SUCCESS,TXN00014002,USR78969,MCH1545,UTR3288792572,0,0,0,0,0,0,0
TXN00001392,2026-01-31 00:00:00,USR72624,MCH5933,1846.68,UTR8902627196,8120,SUCCESS,TXN00001392,USR72624,MCH5933,UTR8902627196,0,0,0,0,0,0,0
TXN00006566,2026-02-23 04:12:41,USR36733,MCH6237,8911.29,UTR2483084150,4110,SUCCESS,TXN00006566,USR36733,MCH6237,UTR2483084150,0,0,0,0,0,0,0
TXN00002685,2026-01-07 03:02:05,USR55188,MCH8643,8440.27,UTR5243299515,,SUCCESS,TXN00002685,USR55188,MCH8643,UTR5243299515,0,0,1,0,0,0,0
TXN00017897,2026-03-22 08:47:45,USR19494,MCH6963,2631.56,UTR6285022764,4110,SUCCESS,TXN00017897,USR19494,MCH6963,UTR6285022764,0,0,0,0,0,0,0
TXN00000212,2026-02-18 14:27:00,USR67012,MCH5600,17300.46,UTR4820819598,8120,SUCCESS,TXN00000212,USR67012,MCH5600,UTR4820819598,0,0,0,0,0,0,0
TXN00001833,2026-10-02 06:45:03,USR60738,MCH7252,14564.74,UTR3856470479,1310,SUCCESS,TXN00001833,USR60738,MCH7252,UTR3856470479,0,0,0,0,0,0,0
TXN00013782,2026-03-31 07:38:50,USR56512,MCH4955,351.8,UTR8352887141,0110,SUCCESS,TXN00013782,USR56512,MCH4955,UTR 8352887141,0,0,0,0,0,0,0
TXN00003862,2026-03-08 11:48:29,USR59501,MCH5921,15299.66,UTR9191930092,4110,SUCCESS,TXN00003862,USR59501,MCH5921,UTR9191930092,0,0,0,0,0,0,0
TXN00010072,2026-01-19 22:12:35,USR56525,MCH3046,20186.2,UTR4980585192,8120,SUCCESS,TXN00010072,USR56525,MCH3046,UTR4980585192,0,0,0,0,0,0,0
TXN00001787,2026-07-03 12:28:59,USR62003,MCH6362,15920.38,UTR4467070995,9120,SUCCESS,TXN00001787,USR62003,MCH6362,UTR4467070995,0,0,0,0,0,0,0
TXN00011775,2026-02-28 08:58:21,USR43046,MCH8047,24670.0,UTR4462009850,1310,FAILED,TXN00011775,USR43046,MCH8047,UTR4462009850,0,0,0,0,0,1,0
TXN00017827,2026-03-30 00:41:20,USR97394,MCH1514,5451.89,UTR5237920326,0110,SUCCESS,TXN00017827,USR97394,MCH1514,UTR5237920326,0,0,0,0,0,0,0
TXN00019576,2026-01-27 10:52:25,USR98713,MCH8302,4834.04,UTR9833672189,8120,SUCCESS,TXN00019576,USR98713,MCH8302,UTR9833672189,0,0,0,0,0,0,0
TXN00014450,2026-02-24 13:40:51,USR11582,MCH4162,23912.89,UTR9388191436,9120,SUCCESS,TXN00014450,USR11582,MCH4162,UTR9388191436,0,0,0,0,0,0,0
TXN00002937,2026-01-15 20:33:06,USR47324,MCH3828,-19517.99,UTR9905035478,4110,SUCCESS,TXN00002937,USR47324,MCH3828,UTR9905035478,1,0,0,0,0,0,0
TXN00014010,2026-02-19 18:53:22,USR48060,MCH7579,24540.45,UTR1742866137,9120,SUCCESS,TXN00014010,USR48060,MCH7579,UTR1742866137,0,0,0,0,0,0,0
TXN00009695,2026-01-18 02:30:54,USR89099,MCH5477,10678.0,UTR8308244585,0110,SUCCESS,TXN00009695,USR89099,MCH5477,UTR8308244585,0,0,0,0,0,0,0
TXN00001597,2026-03-09 09:08:23,USR92384,MCH8751,6861.28,UTR0887372943,0110,FAILED,TXN00001597,USR92384,MCH8751,UTR0887372943,0,0,0,0,0,1,0
TXN00018830,2026-01-26 06:04:42,USR66710,MCH5929,16070.0,UTR0822825539,8120,SUCCESS,TXN00018830,USR66710,MCH5929,UTR0822825539,0,0,0,0,0,0,0
TXN00019722,2026-02-18 12:39:16,USR39613,MCH5339,6956.17,,4110,SUCCESS,TXN00019722,USR39613,MCH5339,,0,1,0,0,0,0,0
TXN00003979,2026-02-16 05:10:20,USR76127,MCH7124,1273.82,UTR7437046216,4110,SUCCESS,TXN00003979,USR76127,MCH7124,UTR7437046216,0,0,0,0,0,0,0
TXN00009028,2026-02-20 13:12:01,USR41573,MCH7329,2872.18,UTR8096248379,0110,SUCCESS,TXN00009028,USR41573,MCH7329,UTR8096248379,0,0,0,0,0,0,0
TXN00002051,2026-01-31 08:03:31,USR56965,MCH2746,11462.93,UTR4399194337,4110,SUCCESS,TXN00002051,USR56965,MCH2746,UTR4399194337,0,0,0,0,0,0,0
TXN00011372,2026-03-16 00:13:35,USR18520,MCH9998,6053.91,UTR5915491559,,FAILED,TXN00011372,USR18520,MCH9998,UTR 5915491559,0,0,1,0,0,1,0
TXN00004152,2026-01-14 11:31:14,USR60317,MCH5507,10.77,UTR4520788925,9120,SUCCESS,TXN00004152,USR60317,MCH5507,UTR4520788925,0,0,0,0,0,0,0
TXN00019687,2026-03-01 20:31:20,USR38348,MCH1266,11411.51,UTR0605781021,8120,SUCCESS,TXN00019687,USR38348,MCH1266,UTR0605781021,0,0,0,0,0,0,0
TXN00004372,2026-02-20 02:21:10,USR29356,MCH7707,9673.81,UTR2357915770,0110,SUCCESS,TXN00004372,USR29356,MCH7707,UTR2357915770,0,0,0,0,0,0,0
TXN00019953,2026-12-02 10:51:02,USR93014,MCH2275,15101.34,UTR5077392689,1310,SUCCESS,TXN00019953,USR93014,MCH2275,UTR5077392689,0,0,0,0,0,0,0
TXN00019003,2026-02-03 09:42:03,USR24104,MCH7318,1634.11,UTR8877140626,4110,FAILED,TXN00019003,USR24104,MCH7318,UTR8877140626,0,0,0,0,0,1,0
TXN00012835,2026-02-09 17:45:35,USR42070,MCH7209,7521.77,UTR0928530811,4110,SUCCESS,TXN00012835,USR42070,MCH7209,UTR0928530811,0,0,0,0,0,0,0
TXN00009414,2026-03-17 22:59:36,USR83621,MCH3227,2768.75,UTR3645397143,9120,SUCCESS,TXN00009414,USR83621,MCH3227,UTR3645397143,0,0,0,0,0,0,0
TXN00005606,2026-01-29 20:59:37,USR54235,MCH4368,14946.08,UTR0104761084,4110,SUCCESS,TXN00005606,USR54235,MCH4368,UTR0104761084,0,0,0,0,0,0,0
TXN00018122,2026-01-24 13:24:19,USR32572,MCH5118,24316.0,UTR8989316748,,SUCCESS,TXN00018122,USR32572,MCH5118,UTR8989316748,0,0,1,0,0,0,0
TXN00001994,2026-03-11 23:40:43,USR91378,MCH2330,3392.5,UTR7244867844,4110,SUCCESS,TXN00001994,USR91378,MCH2330,UTR7244867844,0,0,0,0,0,0,0
TXN00006467,2026-03-22 05:44:22,USR25552,MCH8929,13457.64,UTR6500573199,4110,SUCCESS,TXN00006467,USR25552,MCH8929,UTR6500573199,0,0,0,0,0,0,0
TXN00006478,2026-03-24 17:00:13,USR58824,MCH2781,2935.44,UTR8546179670,1310,FAILED,TXN00006478,USR58824,MCH2781,UTR8546179670,0,0,0,0,0,1,0
TXN00017798,2026-01-22 08:22:36,USR65337,MCH9449,0.1527343,UTR6862967880,4110,SUCCESS,TXN00017798,USR65337,MCH9449,UTR6862967880,0,0,0,0,0,0,0
TXN00017484,2026-03-04 17:55:06,USR61109,MCH5980,3725.62,UTR9527106567,9120,SUCCESS,TXN00017484,USR61109,MCH5980,UTR9527106567,0,0,0,0,0,0,0
TXN00017841,2026-03-06 15:57:56,USR65720,MCH5032,21521.26,UTR3782548417,4110,SUCCESS,TXN00017841,USR65720,MCH5032,UTR 3782548417,0,0,0,0,0,0,0
TXN00012469,2026-02-01 13:54:31,USR71415,MCH3970,13787.75,UTR7683865924,4110,SUCCESS,TXN00012469,USR71415,MCH3970,UTR7683865924,0,0,0,0,0,0,0
TXN00007631,2026-03-13 13:09:39,USR69063,MCH2730,12220.24,UTR3915528762,,SUCCESS,TXN00007631,USR69063,MCH2730,UTR 3915528762,0,0,1,0,0,0,0
TXN00010573,2026-01-28 05:51:18,USR99860,MCH7192,0.742704,UTR4875157771,1310,SUCCESS,TXN00010573,USR99860,MCH7192,UTR4875157771,0,0,0,0,0,0,0
TXN00004636,2026-10-02 05:12:51,USR52233,MCH8699,23810.14,UTR2622517500,0110,SUCCESS,TXN00004636,USR52233,MCH8699,UTR2622517500,0,0,0,0,0,0,0
TXN00002666,2026-02-02 06:49:28,USR26254,MCH9421,7389.58,UTR9595229615,1310,SUCCESS,TXN00002666,USR26254,MCH9421,UTR 9595229615,0,0,0,0,0,0,0
TXN00008194,2026-01-26 20:59:54,USR16998,MCH2746,5189.99,UTR0052982464,9120,SUCCESS,TXN00008194,USR16998,MCH2746,UTR0052982464,0,0,0,0,0,0,0
TXN00011461,2026-02-17 01:02:36,USR29794,MCH8560,5950.09,UTR6660279062,4110,SUCCESS,TXN00011461,USR29794,MCH8560,UTR6660279062,0,0,0,0,0,0,0
TXN00015043,2026-01-21 13:09:31,USR45428,MCH9004,0.397336,UTR9400510679,9120,SUCCESS,TXN00015043,USR45428,MCH9004,UTR 9400510679,0,0,0,0,0,0,0
TXN00013032,2026-02-05 20:31:04,USR37390,MCH8278,9008.04,UTR4072917590,0110,SUCCESS,TXN00013032,USR37390,MCH8278,UTR4072917590,0,0,0,0,0,0,0
TXN00004892,2026-02-19 04:29:17,USR36717,MCH6990,1403.0,UTR7902226508,8120,SUCCESS,TXN00004892,USR36717,MCH6990,UTR7902226508,0,0,0,0,0,0,0
TXN00000107,2026-01-03 03:22:41,USR59090,MCH7225,10265.47,UTR7896210529,0110,FAILED,TXN00000107,USR59090,MCH7225,UTR7896210529,0,0,0,0,0,1,0
TXN00007535,2026-01-14 09:43:22,USR59959,MCH6918,0.2101266,UTR6705199376,4110,FAILED,TXN00007535,USR59959,MCH6918,UTR6705199376,0,0,0,0,0,1,0
TXN00007277,2026-02-05 11:12:11,USR84853,MCH6771,7543.0,UTR0627725528,8120,SUCCESS,TXN00007277,USR84853,MCH6771,UTR0627725528,0,0,0,0,0,0,0
TXN00013338,2026-01-17 06:01:39,USR40730,MCH9016,7757.31,UTR4316102737,,FAILED,TXN00013338,USR40730,MCH9016,UTR4316102737,0,0,1,0,0,1,0
TXN00004397,2026-02-11 16:55:50,USR57737,MCH9165,7422.35,UTR1783199753,8120,SUCCESS,TXN00004397,USR57737,MCH9165,UTR 1783199753,0,0,0,0,0,0,0
TXN00002967,2026-01-17 14:55:34,USR84518,MCH3615,18179.15,UTR4508087576,9120,SUCCESS,TXN00002967,USR84518,MCH3615,UTR4508087576,0,0,0,0,0,0,0
TXN00017676,2026-01-21 06:12:59,USR12289,MCH7177,0.1421335,UTR2449550835,9120,SUCCESS,TXN00017676,USR12289,MCH7177,UTR2449550835,0,0,0,0,0,0,0
TXN00010774,2026-01-12 21:56:01,USR60960,MCH5902,5065.0,UTR1339225245,1310,SUCCESS,TXN00010774,USR60960,MCH5902,UTR1339225245,0,0,0,0,0,0,0
TXN00006228,2026-12-01 22:59:17,USR74737,MCH5868,24648.49,UTR2605498355,1310,SUCCESS,TXN00006228,USR74737,MCH5868,UTR2605498355,0,0,0,0,0,0,0
TXN00009484,2026-02-27 16:47:25,USR66963,MCH2911,20109.96,UTR6646106389,4110,SUCCESS,TXN00009484,USR66963,MCH2911,UTR6646106389,0,0,0,0,0,0,0
TXN00000183,2026-02-07 01:14:14,USR59533,MCH7656,23118.09,UTR3929712106,,FAILED,TXN00000183,USR59533,MCH7656,UTR3929712106,0,0,1,0,0,1,0
TXN00007544,2026-03-09 21:30:49,USR96495,MCH8475,24730.52,UTR7871793964,0110,SUCCESS,TXN00007544,USR96495,MCH8475,UTR7871793964,0,0,0,0,0,0,0
TXN00017198,2026-02-18 23:00:14,USR13547,MCH8495,13330.75,UTR9920945750,0110,SUCCESS,TXN00017198,USR13547,MCH8495,UTR9920945750,0,0,0,0,0,0,0
TXN00016322,2026-01-03 01:25:04,USR89635,MCH2923,22767.84,UTR9149051034,,PENDING,TXN00016322,USR89635,MCH2923,UTR 9149051034,0,0,1,0,0,0,1
TXN00002836,2026-02-13 07:53:30,USR82744,MCH8397,22989.0,UTR5469978776,8120,SUCCESS,TXN00002836,USR82744,MCH8397,UTR5469978776,0,0,0,0,0,0,0
TXN00009740,2026-02-25 08:50:25,USR68398,MCH7971,15949.18,UTR1236896139,0110,SUCCESS,TXN00009740,USR68398,MCH7971,UTR1236896139,0,0,0,0,0,0,0
TXN00012062,2026-09-01 15:19:49,USR85783,MCH2284,19826.91,UTR0688398123,4110,SUCCESS,TXN00012062,USR85783,MCH2284,UTR0688398123,0,0,0,0,0,0,0
TXN00016738,2026-01-13 17:42:45,USR60354,MCH1453,13641.0,UTR0673868637,1310,SUCCESS,TXN00016738,USR60354,MCH1453,UTR0673868637,0,0,0,0,0,0,0
TXN00013320,2026-06-02 05:51:51,USR44894,MCH4742,14164.1,UTR7161705003,4110,PENDING,TXN00013320,USR44894,MCH4742,UTR7161705003,0,0,0,0,0,0,1
TXN00019563,2026-03-18 19:57:50,USR44523,MCH5328,3680.0,UTR9790512684,1310,SUCCESS,TXN00019563,USR44523,MCH5328,UTR9790512684,0,0,0,0,0,0,0
TXN00011071,2026-01-05 02:24:35,USR53013,MCH6846,6698.99,UTR7183937625,8120,SUCCESS,TXN00011071,USR53013,MCH6846,UTR7183937625,0,0,0,0,0,0,0
TXN00005421,2026-03-11 00:00:00,USR98572,MCH5904,4814.53,UTR0140305246,0110,FAILED,TXN00005421,USR98572,MCH5904,UTR0140305246,0,0,0,0,0,1,0
TXN00008265,2026-01-01 20:48:29,USR56062,MCH6608,20423.78,UTR2242963826,1310,SUCCESS,TXN00008265,USR56062,MCH6608,UTR2242963826,0,0,0,0,0,0,0
TXN00009845,2026-02-26 02:41:39,USR49486,MCH9902,2893.84,,9120,SUCCESS,TXN00009845,USR49486,MCH9902,,0,1,0,0,0,0,0
TXN00015800,2026-03-28 14:57:40,USR22755,MCH4958,3064.63,UTR2060535688,0110,SUCCESS,TXN00015800,USR22755,MCH4958,UTR 2060535688,0,0,0,0,0,0,0
TXN00017401,2026-03-21 05:09:59,USR30869,MCH8894,17602.61,UTR7751703233,1310,SUCCESS,TXN00017401,USR30869,MCH8894,UTR7751703233,0,0,0,0,0,0,0
TXN00016067,2026-02-12 08:14:48,USR40980,MCH8688,1858.98,UTR8460632619,4110,SUCCESS,TXN00016067,USR40980,MCH8688,UTR 8460632619,0,0,0,0,0,0,0
TXN00018469,2026-02-25 09:03:30,USR74797,MCH4277,9325.7,UTR6959553629,,PENDING,TXN00018469,USR74797,MCH4277,UTR6959553629,0,0,1,0,0,0,1
TXN00003863,2026-02-02 18:34:54,USR32070,MCH2133,9342.71,UTR9682253415,8120,SUCCESS,TXN00003863,USR32070,MCH2133,UTR9682253415,0,0,0,0,0,0,0
TXN00001058,2026-03-10 16:08:54,USR75921,MCH8317,10054.25,UTR5094258626,,SUCCESS,TXN00001058,USR75921,MCH8317,UTR 5094258626,0,0,1,0,0,0,0
TXN00019135,2026-01-13 20:27:45,USR93122,MCH4306,0.763184,UTR3995549225,8120,SUCCESS,TXN00019135,USR93122,MCH4306,UTR 3995549225,0,0,0,0,0,0,0
TXN00013812,2026-01-14 19:49:14,USR35897,MCH9059,240.97,UTR1991978595,9120,SUCCESS,TXN00013812,USR35897,MCH9059,UTR1991978595,0,0,0,0,0,0,0
TXN00019706,2026-01-04 13:04:25,USR31975,MCH2444,0.1067677,UTR8241605227,0110,SUCCESS,TXN00019706,USR31975,MCH2444,UTR8241605227,0,0,0,0,0,0,0
TXN00003238,2026-01-07 01:07:33,USR29096,MCH3800,23997.0,UTR8731652085,4110,SUCCESS,TXN00003238,USR29096,MCH3800,UTR8731652085,0,0,0,0,0,0,0
TXN00001275,2026-02-15 14:58:31,USR37568,MCH3699,12017.87,UTR4323491987,0110,SUCCESS,TXN00001275,USR37568,MCH3699,UTR4323491987,0,0,0,0,0,0,0
TXN00019939,2026-01-31 18:35:53,USR35369,MCH9984,8970.89,UTR5245942249,4110,SUCCESS,TXN00019939,USR35369,MCH9984,UTR5245942249,0,0,0,0,0,0,0
TXN00007276,2026-02-06 18:00:43,USR40557,MCH4805,21876.47,UTR4611675665,4110,SUCCESS,TXN00007276,USR40557,MCH4805,UTR4611675665,0,0,0,0,0,0,0
TXN00007328,2026-02-16 11:43:08,USR16556,MCH6452,18456.39,UTR3589632347,,SUCCESS,TXN00007328,USR16556,MCH6452,UTR 3589632347,0,0,1,0,0,0,0
TXN00009654,2026-02-10 03:23:22,USR24433,MCH3828,5629.92,UTR5111519044,4110,SUCCESS,TXN00009654,USR24433,MCH3828,UTR5111519044,0,0,0,0,0,0,0
TXN00008733,2026-01-11 21:50:42,USR26317,MCH1964,6309.23,UTR9859343389,4110,SUCCESS,TXN00008733,USR26317,MCH1964,UTR9859343389,0,0,0,0,0,0,0
TXN00002462,2026-01-15 23:26:05,USR32966,MCH3111,22009.07,UTR6243969022,4110,SUCCESS,TXN00002462,USR32966,MCH3111,UTR6243969022,0,0,0,0,0,0,0
TXN00008682,2026-01-20 00:56:40,USR84133,MCH2409,20205.84,UTR4974243451,8120,SUCCESS,TXN00008682,USR84133,MCH2409,UTR4974243451,0,0,0,0,0,0,0
TXN00006832,2026-02-01 07:46:56,USR68522,MCH2833,0.223435,UTR5639767817,0110,PENDING,TXN00006832,USR68522,MCH2833,UTR5639767817,0,0,0,0,0,0,1
TXN00006682,2026-03-08 00:00:00,USR25267,MCH5914,5837.36,UTR4389338625,8120,SUCCESS,TXN00006682,USR25267,MCH5914,UTR4389338625,0,0,0,0,0,0,0
TXN00005740,2026-07-02 16:20:11,USR53300,MCH7456,11394.61,UTR4849616990,4110,FAILED,TXN00005740,USR53300,MCH7456,UTR4849616990,0,0,0,0,0,1,0
TXN00011004,2026-02-05 21:18:00,USR12223,MCH2702,7876.49,UTR9911948402,8120,SUCCESS,TXN00011004,USR12223,MCH2702,UTR9911948402,0,0,0,0,0,0,0
TXN00001599,2026-03-29 17:07:50,USR71749,MCH6772,2150.6,UTR3664938003,1310,PENDING,TXN00001599,USR71749,MCH6772,UTR3664938003,0,0,0,0,0,0,1
TXN00001930,2026-03-17 12:54:39,USR33755,MCH7330,1630.69,UTR9396087225,4110,SUCCESS,TXN00001930,USR33755,MCH7330,UTR9396087225,0,0,0,0,0,0,0
TXN00015817,2026-03-27 18:52:54,USR95419,MCH2763,17826.84,UTR8841755625,4110,SUCCESS,TXN00015817,USR95419,MCH2763,UTR8841755625,0,0,0,0,0,0,0
TXN00016276,2026-01-02 07:34:42,USR84117,MCH8757,4299.16,UTR1125856323,,FAILED,TXN00016276,USR84117,MCH8757,UTR1125856323,0,0,1,0,0,1,0
TXN00019275,2026-03-28 11:21:07,USR59452,MCH6656,9919.68,UTR3851782578,,SUCCESS,TXN00019275,USR59452,MCH6656,UTR3851782578,0,0,1,0,0,0,0
TXN00002737,2026-01-26 21:30:15,USR62853,MCH6810,24783.0,UTR2278372265,4110,SUCCESS,TXN00002737,USR62853,MCH6810,UTR 2278372265,0,0,0,0,0,0,0
TXN00008623,2026-03-03 13:03:50,USR34070,MCH1584,0.1256866,UTR1126681606,4110,SUCCESS,TXN00008623,USR34070,MCH1584,UTR1126681606,0,0,0,0,0,0,0
TXN00013975,2026-01-29 15:30:42,USR91577,MCH9375,-19744.9,UTR9176958627,8120,FAILED,TXN00013975,USR91577,MCH9375,UTR 9176958627,1,0,0,0,0,1,0
TXN00011172,2026-03-24 00:00:00,USR80125,MCH8918,17953.0,UTR6563566313,9120,PENDING,TXN00011172,USR80125,MCH8918,UTR 6563566313,0,0,0,0,0,0,1
TXN00011712,2026-02-20 00:53:50,USR89682,MCH9651,2945.0,UTR3972985927,0110,FAILED,TXN00011712,USR89682,MCH9651,UTR3972985927,0,0,0,0,0,1,0
TXN00015118,2026-03-24 20:24:13,USR65752,MCH6879,22360.8,UTR4477962804,4110,SUCCESS,TXN00015118,USR65752,MCH6879,UTR4477962804,0,0,0,0,0,0,0
TXN00010481,2026-08-03 12:44:01,USR91417,MCH1015,6295.31,,,SUCCESS,TXN00010481,USR91417,MCH1015,,0,1,1,0,0,0,0
TXN00001673,2026-03-05 21:47:11,USR87377,MCH6805,0.2170274,UTR0309363654,0110,SUCCESS,TXN00001673,USR87377,MCH6805,UTR0309363654,0,0,0,0,0,0,0
TXN00006544,2026-02-24 09:14:45,USR34959,MCH6229,6722.29,UTR0301242209,8120,SUCCESS,TXN00006544,USR34959,MCH6229,UTR0301242209,0,0,0,0,0,0,0
TXN00013003,2026-02-06 16:01:29,USR26626,MCH5340,23691.81,UTR9434027823,,FAILED,TXN00013003,USR26626,MCH5340,UTR9434027823,0,0,1,0,0,1,0
TXN00006581,2026-01-11 09:14:18,USR55886,MCH5446,22043.91,UTR2543971490,4110,SUCCESS,TXN00006581,USR55886,MCH5446,UTR2543971490,0,0,0,0,0,0,0
TXN00004521,2026-02-14 09:38:09,USR50134,MCH8823,21543.01,UTR6136046045,8120,SUCCESS,TXN00004521,USR50134,MCH8823,UTR6136046045,0,0,0,0,0,0,0
TXN00008151,2026-01-27 10:07:06,USR70422,MCH6539,13360.17,UTR7339818599,4110,SUCCESS,TXN00008151,USR70422,MCH6539,UTR7339818599,0,0,0,0,0,0,0
TXN00015485,2026-01-16 20:33:42,USR37312,MCH9788,18060.39,,9120,SUCCESS,TXN00015485,USR37312,MCH9788,,0,1,0,0,0,0,0
TXN00002169,2026-03-16 12:03:14,USR95634,MCH7473,16907.68,UTR8872600011,4110,SUCCESS,TXN00002169,USR95634,MCH7473,UTR8872600011,0,0,0,0,0,0,0
TXN00004693,2026-03-16 00:10:50,USR79594,MCH8935,8608.85,UTR9808945072,9120,SUCCESS,TXN00004693,USR79594,MCH8935,UTR 9808945072,0,0,0,0,0,0,0
TXN00007745,2026-01-20 16:28:49,USR70450,MCH4440,11590.14,UTR8607895594,4110,SUCCESS,TXN00007745,USR70450,MCH4440,UTR8607895594,0,0,0,0,0,0,0
TXN00005368,2026-01-22 07:15:57,USR35409,MCH1671,9280.63,UTR4880116299,1310,SUCCESS,TXN00005368,USR35409,MCH1671,UTR4880116299,0,0,0,0,0,0,0
TXN00010453,2026-01-30 00:00:00,USR70435,MCH3291,20875.89,UTR5640246942,4110,SUCCESS,TXN00010453,USR70435,MCH3291,UTR5640246942,0,0,0,0,0,0,0
TXN00008067,2026-01-09 16:40:33,USR87526,MCH8652,12033.33,,1310,SUCCESS,TXN00008067,USR87526,MCH8652,,0,1,0,0,0,0,0
TXN00015495,2026-01-20 18:48:07,USR94218,MCH4059,9757.06,UTR7167981233,1310,SUCCESS,TXN00015495,USR94218,MCH4059,UTR7167981233,0,0,0,0,0,0,0
TXN00015684,2026-01-01 16:59:15,USR86368,MCH9320,18995.19,UTR5067111132,8120,SUCCESS,TXN00015684,USR86368,MCH9320,UTR5067111132,0,0,0,0,0,0,0
TXN00003761,2026-03-24 05:57:49,USR80152,MCH1157,3006.08,UTR3668624432,1310,SUCCESS,TXN00003761,USR80152,MCH1157,UTR3668624432,0,0,0,0,0,0,0
TXN00010854,2026-02-14 11:14:01,USR18724,MCH5558,19841.84,UTR1820734571,8120,SUCCESS,TXN00010854,USR18724,MCH5558,UTR1820734571,0,0,0,0,0,0,0
TXN00003010,2026-01-08 00:00:00,USR83096,MCH3250,1305.38,UTR2891155288,8120,FAILED,TXN00003010,USR83096,MCH3250,UTR2891155288,0,0,0,0,0,1,0
TXN00003113,2026-02-07 12:15:28,USR38367,MCH8721,17854.0,UTR1960077679,9120,FAILED,TXN00003113,USR38367,MCH8721,UTR1960077679,0,0,0,0,0,1,0
TXN00000929,2026-03-31 06:41:14,USR68017,MCH9305,15840.62,UTR6150145013,0110,SUCCESS,TXN00000929,USR68017,MCH9305,UTR6150145013,0,0,0,0,0,0,0
TXN00001107,2026-02-27 21:08:30,USR96598,MCH8716,9912.09,UTR6032527223,1310,SUCCESS,TXN00001107,USR96598,MCH8716,UTR6032527223,0,0,0,0,0,0,0
TXN00017955,2026-03-07 22:20:21,USR23326,MCH5064,22123.99,UTR7434187486,1310,SUCCESS,TXN00017955,USR23326,MCH5064,UTR7434187486,0,0,0,0,0,0,0
TXN00019475,2026-02-01 09:05:31,USR70422,MCH5553,7989.32,UTR6598058681,4110,SUCCESS,TXN00019475,USR70422,MCH5553,UTR6598058681,0,0,0,0,0,0,0
TXN00017232,2026-03-14 01:46:36,USR43186,MCH4237,15297.33,UTR2975479614,,SUCCESS,TXN00017232,USR43186,MCH4237,UTR2975479614,0,0,1,0,0,0,0
TXN00013347,2026-03-08 00:30:34,USR79944,MCH6914,13503.31,UTR6040575618,1310,SUCCESS,TXN00013347,USR79944,MCH6914,UTR6040575618,0,0,0,0,0,0,0
TXN00001975,2026-02-01 13:44:13,USR99484,MCH5922,7475.15,UTR7167262503,9120,SUCCESS,TXN00001975,USR99484,MCH5922,UTR7167262503,0,0,0,0,0,0,0
TXN00001121,2026-03-15 14:39:06,USR71384,MCH3410,-22219.81,UTR8091486807,4110,SUCCESS,TXN00001121,USR71384,MCH3410,UTR 8091486807,1,0,0,0,0,0,0
TXN00005610,2026-08-02 03:31:42,USR66186,MCH7946,11488.0,UTR5151337303,4110,SUCCESS,TXN00005610,USR66186,MCH7946,UTR5151337303,0,0,0,0,0,0,0
TXN00000500,2026-03-06 20:14:02,USR15995,MCH6121,24655.41,UTR2706013465,9120,SUCCESS,TXN00000500,USR15995,MCH6121,UTR2706013465,0,0,0,0,0,0,0
TXN00016407,2026-01-01 05:04:36,USR38954,MCH5679,5974.84,UTR7325318981,4110,SUCCESS,TXN00016407,USR38954,MCH5679,UTR7325318981,0,0,0,0,0,0,0
TXN00001098,2026-01-18 15:43:03,USR85246,MCH2881,4669.09,UTR6495198994,4110,SUCCESS,TXN00001098,USR85246,MCH2881,UTR6495198994,0,0,0,0,0,0,0
TXN00013972,2026-01-14 01:00:44,USR66112,MCH5322,13635.44,UTR7640616909,,SUCCESS,TXN00013972,USR66112,MCH5322,UTR7640616909,0,0,1,0,0,0,0
TXN00006424,2026-03-31 08:40:57,USR77404,MCH5573,6564.24,,1310,SUCCESS,TXN00006424,USR77404,MCH5573,,0,1,0,0,0,0,0
TXN00011837,2026-01-11 20:49:16,USR58415,MCH3082,14721.0,UTR9573086595,,SUCCESS,TXN00011837,USR58415,MCH3082,UTR9573086595,0,0,1,0,0,0,0
TXN00012665,2026-03-23 00:00:00,USR23574,MCH7631,11151.78,UTR9744123181,0110,SUCCESS,TXN00012665,USR23574,MCH7631,UTR9744123181,0,0,0,0,0,0,0
TXN00006776,2026-01-06 05:22:05,USR55645,MCH4934,7188.57,UTR8056101594,8120,SUCCESS,TXN00006776,USR55645,MCH4934,UTR8056101594,0,0,0,0,0,0,0
TXN00017898,2026-02-04 05:40:44,USR48129,MCH1869,21804.04,UTR7644479650,,SUCCESS,TXN00017898,USR48129,MCH1869,UTR7644479650,0,0,1,0,0,0,0
TXN00000364,2026-01-08 07:39:34,USR99954,MCH6509,13645.0,UTR1116334974,8120,PENDING,TXN00000364,USR99954,MCH6509,UTR1116334974,0,0,0,0,0,0,1
TXN00006029,2026-03-13 12:42:36,USR24192,MCH5615,18002.72,UTR4229716079,1310,SUCCESS,TXN00006029,USR24192,MCH5615,UTR 4229716079,0,0,0,0,0,0,0
TXN00009603,2026-01-14 22:53:44,USR87736,MCH5401,4281.91,UTR6930140303,8120,SUCCESS,TXN00009603,USR87736,MCH5401,UTR6930140303,0,0,0,0,0,0,0
TXN00007347,2026-03-28 11:42:32,USR33203,MCH6056,0.1137922,UTR8885656723,4110,SUCCESS,TXN00007347,USR33203,MCH6056,UTR8885656723,0,0,0,0,0,0,0
TXN00000587,2026-02-09 10:55:40,USR74324,MCH3104,1905.82,UTR5235321274,4110,SUCCESS,TXN00000587,USR74324,MCH3104,UTR5235321274,0,0,0,0,0,0,0
TXN00019310,2026-03-25 22:26:14,USR56988,MCH3180,14890.43,UTR4320162458,,SUCCESS,TXN00019310,USR56988,MCH3180,UTR4320162458,0,0,1,0,0,0,0
TXN00017314,2026-03-03 06:50:01,USR93776,MCH3435,12653.1,UTR5202298003,,SUCCESS,TXN00017314,USR93776,MCH3435,UTR5202298003,0,0,1,0,0,0,0
TXN00000682,2026-03-31 20:44:47,USR41367,MCH9904,6454.99,UTR9005845899,8120,SUCCESS,TXN00000682,USR41367,MCH9904,UTR9005845899,0,0,0,0,0,0,0
TXN00006350,2026-11-02 08:38:26,USR98529,MCH7313,17746.33,UTR0534571086,9120,SUCCESS,TXN00006350,USR98529,MCH7313,UTR0534571086,0,0,0,0,0,0,0
TXN00000713,2026-02-23 19:52:28,USR99394,MCH7342,11794.69,UTR5125039061,,SUCCESS,TXN00000713,USR99394,MCH7342,UTR5125039061,0,0,1,0,0,0,0
TXN00005828,2026-01-30 04:10:12,USR38394,MCH4393,1776.71,UTR2469178106,0110,SUCCESS,TXN00005828,USR38394,MCH4393,UTR2469178106,0,0,0,0,0,0,0
TXN00019346,2026-02-20 14:42:34,USR94634,MCH7736,16257.59,UTR3800516493,1310,SUCCESS,TXN00019346,USR94634,MCH7736,UTR3800516493,0,0,0,0,0,0,0
TXN00004148,2026-01-17 11:09:24,USR28639,MCH7747,10056.66,UTR4932192651,,SUCCESS,TXN00004148,USR28639,MCH7747,UTR4932192651,0,0,1,0,0,0,0
TXN00015873,2026-01-06 01:15:41,USR28435,MCH6845,16288.49,UTR1795293330,4110,FAILED,TXN00015873,USR28435,MCH6845,UTR1795293330,0,0,0,0,0,1,0
TXN00009383,2026-01-31 00:00:00,USR54241,MCH6543,14456.1,UTR8337781321,4110,FAILED,TXN00009383,USR54241,MCH6543,UTR8337781321,0,0,0,0,0,1,0
TXN00012502,2026-08-01 14:16:01,USR34341,MCH1263,423.32,UTR3273287958,8120,SUCCESS,TXN00012502,USR34341,MCH1263,UTR3273287958,0,0,0,0,0,0,0
TXN00013008,2026-02-01 19:56:19,USR22245,MCH8047,-24140.99,UTR8310269652,4110,SUCCESS,TXN00013008,USR22245,MCH8047,UTR8310269652,1,0,0,0,0,0,0
TXN00010326,2026-01-02 00:00:00,USR79716,MCH5556,0.606534,UTR1531472781,,FAILED,TXN00010326,USR79716,MCH5556,UTR1531472781,0,0,1,0,0,1,0
TXN00009670,2026-02-12 06:26:51,USR91364,MCH3685,19568.46,UTR0968072765,9120,SUCCESS,TXN00009670,USR91364,MCH3685,UTR0968072765,0,0,0,0,0,0,0
TXN00007889,2026-03-09 01:04:56,USR29278,MCH2987,7921.89,UTR5511616898,8120,SUCCESS,TXN00007889,USR29278,MCH2987,UTR5511616898,0,0,0,0,0,0,0
TXN00015882,2026-02-16 14:55:50,USR86953,MCH4724,-12576.06,UTR9224897300,1310,SUCCESS,TXN00015882,USR86953,MCH4724,UTR9224897300,1,0,0,0,0,0,0
TXN00012425,2026-02-20 22:35:16,USR51950,MCH6243,16979.14,UTR7960195723,8120,SUCCESS,TXN00012425,USR51950,MCH6243,UTR7960195723,0,0,0,0,0,0,0
TXN00013210,2026-03-28 04:23:16,USR68286,MCH6889,21384.85,UTR8767872886,1310,PENDING,TXN00013210,USR68286,MCH6889,UTR8767872886,0,0,0,0,0,0,1
TXN00016849,2026-03-24 21:33:58,USR10270,MCH6735,8199.9,UTR9776714722,9120,PENDING,TXN00016849,USR10270,MCH6735,UTR9776714722,0,0,0,0,0,0,1
TXN00013391,2026-02-01 05:28:17,USR78087,MCH4161,1605.01,UTR6652431312,8120,SUCCESS,TXN00013391,USR78087,MCH4161,UTR6652431312,0,0,0,0,0,0,0
TXN00004464,2026-02-25 00:00:00,USR90245,MCH9729,3389.0,UTR3519090182,4110,SUCCESS,TXN00004464,USR90245,MCH9729,UTR3519090182,0,0,0,0,0,0,0
TXN00001887,2026-03-20 22:33:02,USR18573,MCH2670,243.2,UTR4213575581,0110,SUCCESS,TXN00001887,USR18573,MCH2670,UTR 4213575581,0,0,0,0,0,0,0
TXN00004221,2026-08-02 03:36:18,USR87554,MCH8347,7701.0,UTR8653469150,0110,SUCCESS,TXN00004221,USR87554,MCH8347,UTR8653469150,0,0,0,0,0,0,0
TXN00005247,2026-02-26 00:00:00,USR92686,MCH8728,-19947.14,UTR9536912732,8120,SUCCESS,TXN00005247,USR92686,MCH8728,UTR9536912732,1,0,0,0,0,0,0
TXN00018987,2026-03-30 12:49:02,USR86958,MCH8286,21510.15,,4110,SUCCESS,TXN00018987,USR86958,MCH8286,,0,1,0,0,0,0,0
TXN00006042,2026-03-03 23:22:42,USR74431,MCH1438,3186.49,UTR7235719012,4110,SUCCESS,TXN00006042,USR74431,MCH1438,UTR7235719012,0,0,0,0,0,0,0
TXN00018579,2026-03-28 04:04:05,USR13032,MCH6448,3389.36,UTR4064475224,9120,SUCCESS,TXN00018579,USR13032,MCH6448,UTR4064475224,0,0,0,0,0,0,0
TXN00003404,2026-02-20 21:45:02,USR89116,MCH1495,8172.71,UTR2117876752,4110,SUCCESS,TXN00003404,USR89116,MCH1495,UTR2117876752,0,0,0,0,0,0,0
TXN00008858,2026-01-28 04:53:56,USR35826,MCH9656,1622.0,UTR2698896975,8120,SUCCESS,TXN00008858,USR35826,MCH9656,UTR2698896975,0,0,0,0,0,0,0
TXN00015895,2026-01-25 05:17:59,USR90471,MCH8662,6928.99,UTR9727180849,0110,SUCCESS,TXN00015895,USR90471,MCH8662,UTR9727180849,0,0,0,0,0,0,0
TXN00019113,2026-03-27 02:10:23,USR93025,MCH3794,13488.97,UTR0780519245,9120,SUCCESS,TXN00019113,USR93025,MCH3794,UTR0780519245,0,0,0,0,0,0,0
TXN00016077,2026-01-27 14:48:45,USR98317,MCH1797,6630.03,UTR0661438782,4110,SUCCESS,TXN00016077,USR98317,MCH1797,UTR0661438782,0,0,0,0,0,0,0
TXN00002003,2026-03-22 08:01:35,USR88606,MCH6277,22657.3,UTR9108753316,,SUCCESS,TXN00002003,USR88606,MCH6277,UTR9108753316,0,0,1,0,0,0,0
TXN00003106,2026-02-25 08:51:09,USR84297,MCH2402,10865.74,UTR8977240962,9120,SUCCESS,TXN00003106,USR84297,MCH2402,UTR8977240962,0,0,0,0,0,0,0
TXN00013141,2026-02-13 16:24:41,USR57357,MCH4297,23826.63,UTR3456050683,8120,SUCCESS,TXN00013141,USR57357,MCH4297,UTR3456050683,0,0,0,0,0,0,0
TXN00012354,2026-01-24 07:25:38,USR10578,MCH2392,8187.0,UTR6180319315,9120,SUCCESS,TXN00012354,USR10578,MCH2392,UTR6180319315,0,0,0,0,0,0,0
TXN00007932,2026-03-13 12:13:49,USR82973,MCH3532,19233.57,UTR1731428077,0110,SUCCESS,TXN00007932,USR82973,MCH3532,UTR1731428077,0,0,0,0,0,0,0
TXN00009967,2026-02-13 08:46:38,USR70090,MCH4371,17890.49,UTR4854235431,0110,SUCCESS,TXN00009967,USR70090,MCH4371,UTR 4854235431,0,0,0,0,0,0,0
TXN00005797,2026-02-09 00:04:30,USR10402,MCH1519,3402.29,UTR8533409595,4110,SUCCESS,TXN00005797,USR10402,MCH1519,UTR8533409595,0,0,0,0,0,0,0
TXN00018017,2026-01-01 01:29:43,USR49986,MCH1783,13149.46,UTR9966481554,8120,SUCCESS,TXN00018017,USR49986,MCH1783,UTR9966481554,0,0,0,0,0,0,0
TXN00004855,2026-02-07 11:10:42,USR94929,MCH5821,15695.0,UTR9176318377,0110,SUCCESS,TXN00004855,USR94929,MCH5821,UTR9176318377,0,0,0,0,0,0,0
TXN00008030,2026-03-06 10:10:53,USR62989,MCH1195,20154.0,UTR3097727117,,FAILED,TXN00008030,USR62989,MCH1195,UTR3097727117,0,0,1,0,0,1,0
TXN00015055,2026-03-29 15:19:24,USR76773,MCH6253,11799.46,UTR2793080149,,SUCCESS,TXN00015055,USR76773,MCH6253,UTR2793080149,0,0,1,0,0,0,0
TXN00005724,2026-03-08 07:47:51,USR88683,MCH3312,3543.18,UTR7853965930,9120,PENDING,TXN00005724,USR88683,MCH3312,UTR7853965930,0,0,0,0,0,0,1
TXN00002474,2026-05-01 05:48:38,USR63697,MCH3113,18056.36,UTR3998217557,4110,SUCCESS,TXN00002474,USR63697,MCH3113,UTR3998217557,0,0,0,0,0,0,0
TXN00018555,2026-03-15 12:44:28,USR41137,MCH6424,9052.0,UTR6387096869,9120,SUCCESS,TXN00018555,USR41137,MCH6424,UTR6387096869,0,0,0,0,0,0,0
TXN00010530,2026-02-01 14:54:03,USR39296,MCH9115,779.27,UTR3012952867,0110,SUCCESS,TXN00010530,USR39296,MCH9115,UTR3012952867,0,0,0,0,0,0,0
TXN00000230,2026-02-22 08:50:39,USR45305,MCH9292,15782.15,UTR6885203922,8120,PENDING,TXN00000230,USR45305,MCH9292,UTR6885203922,0,0,0,0,0,0,1
TXN00016088,2026-03-21 02:00:02,USR42092,MCH9029,21776.65,UTR4514954854,8120,SUCCESS,TXN00016088,USR42092,MCH9029,UTR 4514954854,0,0,0,0,0,0,0
TXN00000818,2026-02-21 13:37:37,USR55116,MCH6552,9981.0,UTR8602012921,0110,SUCCESS,TXN00000818,USR55116,MCH6552,UTR8602012921,0,0,0,0,0,0,0
TXN00000951,2026-01-21 13:12:15,USR44629,MCH9976,15016.92,UTR3510977716,8120,PENDING,TXN00000951,USR44629,MCH9976,UTR3510977716,0,0,0,0,0,0,1
TXN00019738,2026-02-11 07:57:27,USR36710,MCH2065,17300.64,UTR0959580141,,SUCCESS,TXN00019738,USR36710,MCH2065,UTR0959580141,0,0,1,0,0,0,0
TXN00005109,2026-03-13 15:51:26,USR72092,MCH2421,19167.23,UTR2882790782,,FAILED,TXN00005109,USR72092,MCH2421,UTR2882790782,0,0,1,0,0,1,0
TXN00018497,2026-01-23 09:16:30,USR99052,MCH1337,24739.0,UTR7653192933,9120,SUCCESS,TXN00018497,USR99052,MCH1337,UTR7653192933,0,0,0,0,0,0,0
TXN00017599,2026-01-05 15:51:21,USR84949,MCH1926,20961.59,UTR2388679963,4110,SUCCESS,TXN00017599,USR84949,MCH1926,UTR2388679963,0,0,0,0,0,0,0
TXN00016568,2026-01-06 19:48:43,USR20118,MCH9398,15203.63,UTR5424047742,8120,FAILED,TXN00016568,USR20118,MCH9398,UTR 5424047742,0,0,0,0,0,1,0
TXN00019052,2026-01-23 10:00:51,USR50441,MCH8184,119.3,UTR8213768968,4110,SUCCESS,TXN00019052,USR50441,MCH8184,UTR8213768968,0,0,0,0,0,0,0
TXN00000201,2026-02-03 00:39:58,USR50144,MCH4009,16054.37,UTR7227225476,0110,SUCCESS,TXN00000201,USR50144,MCH4009,UTR7227225476,0,0,0,0,0,0,0
TXN00012518,2026-02-16 07:46:11,USR44021,MCH6735,24659.03,UTR2475001182,8120,SUCCESS,TXN00012518,USR44021,MCH6735,UTR2475001182,0,0,0,0,0,0,0
TXN00018595,2026-01-30 11:00:57,USR13615,MCH3929,18450.72,UTR8373360646,1310,SUCCESS,TXN00018595,USR13615,MCH3929,UTR8373360646,0,0,0,0,0,0,0
TXN00018038,2026-02-26 19:40:21,USR53293,MCH7268,17529.67,UTR3790239738,4110,SUCCESS,TXN00018038,USR53293,MCH7268,UTR3790239738,0,0,0,0,0,0,0
TXN00016297,2026-02-02 20:30:20,USR99370,MCH1068,5913.81,UTR1215414911,9120,SUCCESS,TXN00016297,USR99370,MCH1068,UTR1215414911,0,0,0,0,0,0,0
TXN00005261,2026-01-09 22:19:32,USR30876,MCH9945,0.510783,UTR4274821554,8120,SUCCESS,TXN00005261,USR30876,MCH9945,UTR4274821554,0,0,0,0,0,0,0
TXN00005365,2026-03-13 13:28:28,USR75332,MCH4753,12884.02,UTR3541443007,4110,SUCCESS,TXN00005365,USR75332,MCH4753,UTR3541443007,0,0,0,0,0,0,0
TXN00007983,2026-01-13 03:21:50,USR88232,MCH2626,17210.44,UTR4532577949,4110,SUCCESS,TXN00007983,USR88232,MCH2626,UTR4532577949,0,0,0,0,0,0,0
TXN00001177,2026-01-10 18:14:34,USR29949,MCH5253,19498.34,UTR5107207367,,SUCCESS,TXN00001177,USR29949,MCH5253,UTR5107207367,0,0,1,0,0,0,0
TXN00018021,2026-02-04 00:04:03,USR58166,MCH1247,11904.64,UTR4251442734,4110,SUCCESS,TXN00018021,USR58166,MCH1247,UTR4251442734,0,0,0,0,0,0,0
TXN00009476,2026-03-25 23:09:13,USR34230,MCH1926,20381.35,UTR1373220575,4110,SUCCESS,TXN00009476,USR34230,MCH1926,UTR1373220575,0,0,0,0,0,0,0
TXN00008225,2026-03-06 15:54:39,USR54849,MCH8446,8753.89,UTR6248021998,0110,SUCCESS,TXN00008225,USR54849,MCH8446,UTR6248021998,0,0,0,0,0,0,0
TXN00016095,2026-01-08 06:43:44,USR17724,MCH9330,0.219939,UTR8419074648,4110,SUCCESS,TXN00016095,USR17724,MCH9330,UTR8419074648,0,0,0,0,0,0,0
TXN00005809,2026-01-27 01:50:48,USR29299,MCH2395,15745.79,UTR5895782413,8120,SUCCESS,TXN00005809,USR29299,MCH2395,UTR5895782413,0,0,0,0,0,0,0
TXN00019691,2026-03-12 00:00:00,USR59295,MCH5340,1600.95,UTR9537379195,8120,SUCCESS,TXN00019691,USR59295,MCH5340,UTR9537379195,0,0,0,0,0,0,0
TXN00014222,2026-02-18 18:51:05,USR15377,MCH3560,24660.1,UTR9087482414,1310,SUCCESS,TXN00014222,USR15377,MCH3560,UTR9087482414,0,0,0,0,0,0,0
TXN00011011,2026-01-30 21:53:27,USR21139,MCH7221,12822.07,UTR6768349260,9120,SUCCESS,TXN00011011,USR21139,MCH7221,UTR6768349260,0,0,0,0,0,0,0
TXN00000254,2026-02-17 04:26:23,USR31671,MCH1258,7930.0,,8120,SUCCESS,TXN00000254,USR31671,MCH1258,,0,1,0,0,0,0,0
TXN00018284,2026-04-03 15:12:46,USR65560,MCH1406,11894.0,UTR3074899899,4110,SUCCESS,TXN00018284,USR65560,MCH1406,UTR3074899899,0,0,0,0,0,0,0
TXN00014748,2026-03-09 14:51:31,USR42127,MCH6733,13778.1,UTR7399573578,8120,SUCCESS,TXN00014748,USR42127,MCH6733,UTR 7399573578,0,0,0,0,0,0,0
TXN00011809,2026-01-05 02:24:30,USR43818,MCH2965,764.5,UTR3974664287,8120,SUCCESS,TXN00011809,USR43818,MCH2965,UTR3974664287,0,0,0,0,0,0,0
TXN00013385,2026-03-15 01:54:14,USR82542,MCH2274,11154.67,UTR0513865579,4110,SUCCESS,TXN00013385,USR82542,MCH2274,UTR0513865579,0,0,0,0,0,0,0
TXN00001813,2026-02-17 19:53:54,USR29054,MCH3719,6634.0,UTR2034771162,0110,SUCCESS,TXN00001813,USR29054,MCH3719,UTR2034771162,0,0,0,0,0,0,0
TXN00007181,2026-02-09 08:01:54,USR60070,MCH3998,5848.28,UTR7984875818,0110,PENDING,TXN00007181,USR60070,MCH3998,UTR7984875818,0,0,0,0,0,0,1
TXN00009708,2026-02-17 23:47:28,USR63728,MCH9174,11278.08,UTR6753349041,8120,SUCCESS,TXN00009708,USR63728,MCH9174,UTR6753349041,0,0,0,0,0,0,0
TXN00009992,2026-02-07 04:50:37,USR52089,MCH6008,8135.07,UTR5768796127,4110,SUCCESS,TXN00009992,USR52089,MCH6008,UTR5768796127,0,0,0,0,0,0,0
TXN00007003,2026-03-18 09:35:27,USR82737,MCH5946,20782.83,UTR9193303315,,FAILED,TXN00007003,USR82737,MCH5946,UTR9193303315,0,0,1,0,0,1,0
TXN00014833,2026-02-08 15:20:16,USR35311,MCH9830,20261.94,,4110,FAILED,TXN00014833,USR35311,MCH9830,,0,1,0,0,0,1,0
TXN00011870,2026-11-01 08:53:40,USR63008,MCH5444,15745.52,UTR0254038254,8120,SUCCESS,TXN00011870,USR63008,MCH5444,UTR0254038254,0,0,0,0,0,0,0
TXN00001544,2026-02-14 08:43:10,USR72461,MCH3153,6422.0,UTR4007933164,1310,SUCCESS,TXN00001544,USR72461,MCH3153,UTR4007933164,0,0,0,0,0,0,0
TXN00009837,2026-02-13 16:40:57,USR48371,MCH3111,22251.57,UTR1069056833,8120,SUCCESS,TXN00009837,USR48371,MCH3111,UTR1069056833,0,0,0,0,0,0,0
TXN00015239,2026-01-10 10:46:15,USR20144,MCH1657,10972.08,UTR7135852397,4110,SUCCESS,TXN00015239,USR20144,MCH1657,UTR7135852397,0,0,0,0,0,0,0
TXN00017937,2026-01-19 19:41:05,USR33717,MCH9358,16415.2,UTR4211735131,8120,SUCCESS,TXN00017937,USR33717,MCH9358,UTR4211735131,0,0,0,0,0,0,0
TXN00000025,2026-01-03 00:00:00,USR72055,MCH5253,11407.19,UTR6496018434,4110,SUCCESS,TXN00000025,USR72055,MCH5253,UTR6496018434,0,0,0,0,0,0,0
TXN00001503,2026-02-06 14:57:47,USR35543,MCH1583,0.6508,UTR4077690735,1310,SUCCESS,TXN00001503,USR35543,MCH1583,UTR4077690735,0,0,0,0,0,0,0
TXN00012447,2026-02-23 11:54:35,USR54743,MCH7367,12701.47,UTR9088020392,,SUCCESS,TXN00012447,USR54743,MCH7367,UTR9088020392,0,0,1,0,0,0,0
TXN00016604,2026-03-02 02:28:35,USR70903,MCH3911,24085.2,UTR9316565752,9120,SUCCESS,TXN00016604,USR70903,MCH3911,UTR9316565752,0,0,0,0,0,0,0
TXN00004093,2026-01-08 23:09:44,USR72535,MCH4792,11968.42,UTR7269674414,9120,SUCCESS,TXN00004093,USR72535,MCH4792,UTR7269674414,0,0,0,0,0,0,0
TXN00012744,2026-01-15 00:00:00,USR38702,MCH3795,4672.0,UTR0564608724,8120,SUCCESS,TXN00012744,USR38702,MCH3795,UTR0564608724,0,0,0,0,0,0,0
TXN00011924,2026-03-20 20:40:49,USR22412,MCH6945,24485.72,UTR9019050985,0110,SUCCESS,TXN00011924,USR22412,MCH6945,UTR9019050985,0,0,0,0,0,0,0
TXN00005472,2026-01-18 00:35:56,USR86955,MCH7099,0.782773,UTR8458895926,4110,SUCCESS,TXN00005472,USR86955,MCH7099,UTR8458895926,0,0,0,0,0,0,0
TXN00018360,2026-03-22 13:46:30,USR53415,MCH8436,3210.68,UTR9708632829,4110,SUCCESS,TXN00018360,USR53415,MCH8436,UTR9708632829,0,0,0,0,0,0,0
TXN00015002,2026-02-16 05:26:40,USR94277,MCH1916,18671.2,UTR1255977331,8120,SUCCESS,TXN00015002,USR94277,MCH1916,UTR1255977331,0,0,0,0,0,0,0
TXN00018755,2026-02-27 00:00:00,USR17556,MCH3196,19298.0,UTR8667892802,1310,SUCCESS,TXN00018755,USR17556,MCH3196,UTR8667892802,0,0,0,0,0,0,0
TXN00009913,2026-02-04 06:21:01,USR62595,MCH1260,0.243283,UTR0134937885,8120,SUCCESS,TXN00009913,USR62595,MCH1260,UTR0134937885,0,0,0,0,0,0,0
TXN00009270,2026-03-12 07:12:54,USR58959,MCH6241,7236.56,UTR4961175879,1310,SUCCESS,TXN00009270,USR58959,MCH6241,UTR4961175879,0,0,0,0,0,0,0
TXN00013624,2026-03-31 00:05:57,USR86142,MCH2023,15057.84,UTR8929289507,1310,SUCCESS,TXN00013624,USR86142,MCH2023,UTR 8929289507,0,0,0,0,0,0,0
TXN00018529,2026-02-23 00:08:10,USR30929,MCH2672,12979.7,UTR7643992267,,SUCCESS,TXN00018529,USR30929,MCH2672,UTR7643992267,0,0,1,0,0,0,0
TXN00007427,2026-10-01 01:08:54,USR18932,MCH2518,2524.0,UTR2974161769,8120,SUCCESS,TXN00007427,USR18932,MCH2518,UTR2974161769,0,0,0,0,0,0,0
TXN00015347,2026-01-27 13:49:30,USR51442,MCH6215,9882.06,UTR9243406242,8120,SUCCESS,TXN00015347,USR51442,MCH6215,UTR 9243406242,0,0,0,0,0,0,0
TXN00012978,2026-02-02 21:52:52,USR56481,MCH1608,888.67,UTR9619270696,9120,FAILED,TXN00012978,USR56481,MCH1608,UTR9619270696,0,0,0,0,0,1,0
TXN00018626,2026-02-23 08:31:56,USR54358,MCH7674,18319.82,UTR9852747204,1310,SUCCESS,TXN00018626,USR54358,MCH7674,UTR9852747204,0,0,0,0,0,0,0
TXN00013818,2026-03-30 14:45:56,USR62852,MCH6071,12213.57,UTR5252678711,4110,SUCCESS,TXN00013818,USR62852,MCH6071,UTR5252678711,0,0,0,0,0,0,0
TXN00007920,2026-03-05 02:17:46,USR59393,MCH1930,-10279.91,UTR7525914480,9120,SUCCESS,TXN00007920,USR59393,MCH1930,UTR7525914480,1,0,0,0,0,0,0
TXN00019633,2026-01-29 06:38:06,USR97677,MCH5615,22780.13,UTR0313021551,1310,FAILED,TXN00019633,USR97677,MCH5615,UTR0313021551,0,0,0,0,0,1,0
TXN00012685,2026-01-16 17:32:50,USR74940,MCH8242,13036.56,UTR1596756110,4110,SUCCESS,TXN00012685,USR74940,MCH8242,UTR1596756110,0,0,0,0,0,0,0
TXN00005430,2026-01-15 08:11:38,USR97643,MCH5475,17902.0,UTR1339409655,,SUCCESS,TXN00005430,USR97643,MCH5475,UTR1339409655,0,0,1,0,0,0,0
TXN00009898,2026-01-06 02:58:22,USR68779,MCH4315,16998.65,UTR9388242327,0110,SUCCESS,TXN00009898,USR68779,MCH4315,UTR9388242327,0,0,0,0,0,0,0
TXN00003087,2026-03-07 07:05:11,USR34226,MCH8732,0.1020971,UTR9732561113,9120,SUCCESS,TXN00003087,USR34226,MCH8732,UTR 9732561113,0,0,0,0,0,0,0
TXN00017368,2026-02-18 03:18:06,USR18607,MCH8407,24822.0,UTR3367559005,8120,SUCCESS,TXN00017368,USR18607,MCH8407,UTR3367559005,0,0,0,0,0,0,0
TXN00003375,2026-03-31 11:10:58,USR14068,MCH5082,20375.34,UTR2212053692,9120,SUCCESS,TXN00003375,USR14068,MCH5082,UTR2212053692,0,0,0,0,0,0,0
TXN00013705,2026-01-19 01:13:58,USR83068,MCH8828,0.1187345,UTR0307180325,8120,SUCCESS,TXN00013705,USR83068,MCH8828,UTR0307180325,0,0,0,0,0,0,0
TXN00019445,2026-03-06 03:20:22,USR92426,MCH9232,5886.9,UTR4691251886,1310,SUCCESS,TXN00019445,USR92426,MCH9232,UTR4691251886,0,0,0,0,0,0,0
TXN00011546,2026-02-07 18:37:23,USR14536,MCH8905,10603.25,UTR8462393742,1310,SUCCESS,TXN00011546,USR14536,MCH8905,UTR8462393742,0,0,0,0,0,0,0
TXN00004249,2026-02-18 00:00:00,USR51150,MCH3269,0.1461773,UTR3629870984,1310,SUCCESS,TXN00004249,USR51150,MCH3269,UTR3629870984,0,0,0,0,0,0,0
TXN00008996,2026-02-12 15:36:31,USR63420,MCH4020,12878.09,UTR3860838272,1310,SUCCESS,TXN00008996,USR63420,MCH4020,UTR3860838272,0,0,0,0,0,0,0
TXN00009988,2026-02-18 03:38:35,USR72427,MCH2738,7341.81,UTR4372240078,1310,SUCCESS,TXN00009988,USR72427,MCH2738,UTR 4372240078,0,0,0,0,0,0,0
TXN00005794,2026-01-03 02:16:10,USR83551,MCH6635,22896.2,UTR5213162669,8120,SUCCESS,TXN00005794,USR83551,MCH6635,UTR5213162669,0,0,0,0,0,0,0
TXN00012296,2026-01-10 03:44:49,USR11956,MCH6192,22281.82,UTR3637543979,,SUCCESS,TXN00012296,USR11956,MCH6192,UTR3637543979,0,0,1,0,0,0,0
TXN00004038,2026-03-24 11:20:39,USR89219,MCH8877,19847.51,UTR2721349823,1310,SUCCESS,TXN00004038,USR89219,MCH8877,UTR2721349823,0,0,0,0,0,0,0
TXN00017425,2026-02-28 15:08:50,USR10846,MCH5621,9286.11,UTR1810235143,,SUCCESS,TXN00017425,USR10846,MCH5621,UTR1810235143,0,0,1,0,0,0,0
TXN00011808,2026-03-24 18:31:04,USR72918,MCH9117,1303.12,UTR2429140142,4110,FAILED,TXN00011808,USR72918,MCH9117,UTR2429140142,0,0,0,0,0,1,0
TXN00004805,2026-03-25 11:51:28,USR85803,MCH8529,20533.04,UTR9752768112,,SUCCESS,TXN00004805,USR85803,MCH8529,UTR9752768112,0,0,1,0,0,0,0
TXN00018210,2026-02-15 23:53:59,USR74999,MCH5600,19655.4,UTR4426401863,0110,SUCCESS,TXN00018210,USR74999,MCH5600,UTR4426401863,0,0,0,0,0,0,0
TXN00010248,2026-03-23 16:05:42,USR32661,MCH5740,19685.27,UTR8872803268,0110,SUCCESS,TXN00010248,USR32661,MCH5740,UTR8872803268,0,0,0,0,0,0,0
TXN00010443,2026-04-01 15:39:49,USR39571,MCH4764,21326.07,UTR2814448958,4110,SUCCESS,TXN00010443,USR39571,MCH4764,UTR 2814448958,0,0,0,0,0,0,0
TXN00001528,2026-03-05 07:18:51,USR93218,MCH9436,7689.18,UTR7901141529,,FAILED,TXN00001528,USR93218,MCH9436,UTR7901141529,0,0,1,0,0,1,0
TXN00008292,2026-02-22 01:47:37,USR15747,MCH1113,17333.31,UTR1094870038,8120,SUCCESS,TXN00008292,USR15747,MCH1113,UTR1094870038,0,0,0,0,0,0,0
TXN00006175,2026-01-01 09:36:33,USR21011,MCH3599,12803.35,UTR0233894536,9120,SUCCESS,TXN00006175,USR21011,MCH3599,UTR0233894536,0,0,0,0,0,0,0
TXN00011113,2026-02-05 02:57:38,USR85085,MCH5047,769.63,UTR8718254878,0110,SUCCESS,TXN00011113,USR85085,MCH5047,UTR8718254878,0,0,0,0,0,0,0
TXN00014752,2026-03-31 22:56:42,USR96816,MCH3940,4971.82,UTR9330820878,,SUCCESS,TXN00014752,USR96816,MCH3940,UTR9330820878,0,0,1,0,0,0,0
TXN00000208,2026-03-12 02:35:47,USR90820,MCH6362,16590.91,UTR6339174321,8120,SUCCESS,TXN00000208,USR90820,MCH6362,UTR6339174321,0,0,0,0,0,0,0
TXN00000739,2026-02-15 03:30:03,USR67677,MCH1869,0.1098398,UTR7346991866,9120,SUCCESS,TXN00000739,USR67677,MCH1869,UTR7346991866,0,0,0,0,0,0,0
TXN00004174,2026-03-01 20:56:32,USR31416,MCH6395,13301.48,UTR2322429221,1310,SUCCESS,TXN00004174,USR31416,MCH6395,UTR2322429221,0,0,0,0,0,0,0
TXN00008060,2026-01-31 01:33:47,USR10207,MCH4636,13800.2,UTR5311539263,0110,SUCCESS,TXN00008060,USR10207,MCH4636,UTR5311539263,0,0,0,0,0,0,0
TXN00012979,2026-01-23 22:08:47,USR11301,MCH1981,4218.51,UTR5976010417,0110,SUCCESS,TXN00012979,USR11301,MCH1981,UTR5976010417,0,0,0,0,0,0,0
TXN00019406,2026-02-17 00:20:41,USR20415,MCH2132,6795.2,UTR9372068478,8120,SUCCESS,TXN00019406,USR20415,MCH2132,UTR9372068478,0,0,0,0,0,0,0
TXN00000726,2026-02-09 10:13:25,USR80014,MCH4779,21047.3,UTR4427242465,,FAILED,TXN00000726,USR80014,MCH4779,UTR4427242465,0,0,1,0,0,1,0
TXN00017143,2026-03-29 15:22:50,USR55205,MCH8406,14915.44,UTR7038459382,1310,SUCCESS,TXN00017143,USR55205,MCH8406,UTR7038459382,0,0,0,0,0,0,0
TXN00017828,2026-03-08 00:00:00,USR56862,MCH2249,4423.82,UTR8112070323,1310,SUCCESS,TXN00017828,USR56862,MCH2249,UTR8112070323,0,0,0,0,0,0,0
TXN00004266,2026-02-08 21:56:36,USR87125,MCH5548,11056.42,UTR0166938677,0110,SUCCESS,TXN00004266,USR87125,MCH5548,UTR0166938677,0,0,0,0,0,0,0
TXN00015843,2026-03-19 15:42:57,USR12472,MCH6431,8083.99,UTR6949899326,0110,SUCCESS,TXN00015843,USR12472,MCH6431,UTR6949899326,0,0,0,0,0,0,0
TXN00014357,2026-01-14 14:49:10,USR38358,MCH6983,24581.61,,1310,SUCCESS,TXN00014357,USR38358,MCH6983,,0,1,0,0,0,0,0
TXN00009382,2026-03-07 20:18:54,USR90993,MCH2166,7523.38,UTR0005848172,0110,SUCCESS,TXN00009382,USR90993,MCH2166,UTR0005848172,0,0,0,0,0,0,0
TXN00004973,2026-03-28 01:29:45,USR50152,MCH1330,13130.98,UTR3321819193,8120,SUCCESS,TXN00004973,USR50152,MCH1330,UTR3321819193,0,0,0,0,0,0,0
TXN00000015,2026-09-01 10:34:55,USR91955,MCH6588,4553.81,,4110,SUCCESS,TXN00000015,USR91955,MCH6588,,0,1,0,0,0,0,0
TXN00002288,2026-02-01 09:07:47,USR12288,MCH4031,8290.0,UTR4428891388,9120,SUCCESS,TXN00002288,USR12288,MCH4031,UTR4428891388,0,0,0,0,0,0,0
TXN00019935,2026-02-04 11:11:25,USR59998,MCH1604,19937.53,UTR9097261916,9120,SUCCESS,TXN00019935,USR59998,MCH1604,UTR9097261916,0,0,0,0,0,0,0
TXN00013944,2026-02-26 10:15:47,USR87520,MCH9908,5279.84,UTR1545484966,9120,SUCCESS,TXN00013944,USR87520,MCH9908,UTR1545484966,0,0,0,0,0,0,0
TXN00004417,2026-01-20 03:12:58,USR96298,MCH5189,10391.92,UTR6012939915,1310,SUCCESS,TXN00004417,USR96298,MCH5189,UTR 6012939915,0,0,0,0,0,0,0
TXN00018347,2026-02-19 05:20:58,USR43469,MCH8925,18779.73,UTR3177226439,1310,SUCCESS,TXN00018347,USR43469,MCH8925,UTR3177226439,0,0,0,0,0,0,0
TXN00014617,2026-03-03 14:10:55,USR54321,MCH5323,6307.85,,0110,SUCCESS,TXN00014617,USR54321,MCH5323,,0,1,0,0,0,0,0
TXN00008910,2026-02-24 20:10:57,USR36610,MCH8424,24660.49,UTR3891809506,,SUCCESS,TXN00008910,USR36610,MCH8424,UTR3891809506,0,0,1,0,0,0,0
TXN00018073,2026-01-25 06:35:23,USR41501,MCH8302,21722.15,UTR3355999812,9120,SUCCESS,TXN00018073,USR41501,MCH8302,UTR3355999812,0,0,0,0,0,0,0
TXN00000785,2026-02-07 06:44:04,USR50194,MCH2354,4548.13,UTR6030708488,8120,SUCCESS,TXN00000785,USR50194,MCH2354,UTR6030708488,0,0,0,0,0,0,0
TXN00000215,2026-02-19 06:59:02,USR41927,MCH9590,17807.36,UTR2968549333,,SUCCESS,TXN00000215,USR41927,MCH9590,UTR2968549333,0,0,1,0,0,0,0
TXN00006914,2026-02-19 09:26:23,USR58062,MCH2253,5391.83,UTR0754102098,,SUCCESS,TXN00006914,USR58062,MCH2253,UTR0754102098,0,0,1,0,0,0,0
TXN00007978,2026-10-02 04:39:51,USR25022,MCH1662,18939.15,UTR1563507341,4110,SUCCESS,TXN00007978,USR25022,MCH1662,UTR1563507341,0,0,0,0,0,0,0
TXN00009133,2026-03-26 14:17:19,USR96217,MCH2723,0.1302518,UTR2227888391,8120,PENDING,TXN00009133,USR96217,MCH2723,UTR2227888391,0,0,0,0,0,0,1
TXN00003330,2026-03-07 00:49:34,USR49696,MCH4000,16782.23,UTR5134638049,1310,SUCCESS,TXN00003330,USR49696,MCH4000,UTR5134638049,0,0,0,0,0,0,0
TXN00018457,2026-02-03 01:54:53,USR45935,MCH7694,5642.0,UTR4806883213,1310,SUCCESS,TXN00018457,USR45935,MCH7694,UTR4806883213,0,0,0,0,0,0,0
TXN00003008,2026-01-29 21:04:16,USR94509,MCH9245,314.0,UTR8125152324,8120,FAILED,TXN00003008,USR94509,MCH9245,UTR8125152324,0,0,0,0,0,1,0
TXN00016388,2026-01-30 06:41:40,USR47092,MCH3226,16810.06,UTR3438504862,4110,SUCCESS,TXN00016388,USR47092,MCH3226,UTR3438504862,0,0,0,0,0,0,0
TXN00008961,2026-03-08 19:29:07,USR69456,MCH5817,6622.0,UTR0136426442,,SUCCESS,TXN00008961,USR69456,MCH5817,UTR0136426442,0,0,1,0,0,0,0
TXN00010680,2026-02-09 08:33:29,USR87617,MCH8173,7139.1,UTR0542235557,4110,SUCCESS,TXN00010680,USR87617,MCH8173,UTR0542235557,0,0,0,0,0,0,0
TXN00005963,2026-01-25 00:00:00,USR55185,MCH1533,10167.5,,9120,SUCCESS,TXN00005963,USR55185,MCH1533,,0,1,0,0,0,0,0
TXN00018764,2026-02-07 06:38:10,USR16537,MCH6019,8306.1,UTR4775293029,4110,SUCCESS,TXN00018764,USR16537,MCH6019,UTR4775293029,0,0,0,0,0,0,0
TXN00001402,2026-03-05 20:27:35,USR96403,MCH5655,4198.8,UTR5482711507,4110,SUCCESS,TXN00001402,USR96403,MCH5655,UTR5482711507,0,0,0,0,0,0,0
TXN00007733,2026-03-30 08:17:04,USR79305,MCH5443,29.73,UTR4576537651,8120,SUCCESS,TXN00007733,USR79305,MCH5443,UTR4576537651,0,0,0,0,0,0,0
TXN00013841,2026-01-26 10:00:41,USR60718,MCH1035,3212.09,UTR3053217262,,SUCCESS,TXN00013841,USR60718,MCH1035,UTR3053217262,0,0,1,0,0,0,0
TXN00000994,2026-01-25 21:05:27,USR49329,MCH4764,14759.86,UTR1030731515,,SUCCESS,TXN00000994,USR49329,MCH4764,UTR1030731515,0,0,1,0,0,0,0
TXN00000306,2026-01-04 01:11:50,USR13525,MCH9388,24396.54,UTR8583321188,8120,SUCCESS,TXN00000306,USR13525,MCH9388,UTR8583321188,0,0,0,0,0,0,0
TXN00000681,2026-02-20 11:30:07,USR58373,MCH2776,20428.63,UTR6777532804,1310,SUCCESS,TXN00000681,USR58373,MCH2776,UTR6777532804,0,0,0,0,0,0,0
TXN00005287,2026-01-19 04:05:37,USR13440,MCH2346,24592.95,UTR0092315235,9120,SUCCESS,TXN00005287,USR13440,MCH2346,UTR0092315235,0,0,0,0,0,0,0
TXN00018665,2026-01-13 07:16:09,USR81364,MCH8986,3077.26,UTR2076251860,0110,SUCCESS,TXN00018665,USR81364,MCH8986,UTR2076251860,0,0,0,0,0,0,0
TXN00017098,2026-03-03 12:13:14,USR52859,MCH8232,5790.89,UTR5385383113,1310,SUCCESS,TXN00017098,USR52859,MCH8232,UTR5385383113,0,0,0,0,0,0,0
TXN00018463,2026-03-04 08:30:35,USR27161,MCH1950,15430.19,UTR0234255986,4110,SUCCESS,TXN00018463,USR27161,MCH1950,UTR0234255986,0,0,0,0,0,0,0
TXN00014769,2026-01-15 08:35:43,USR23695,MCH9175,4991.1,UTR3595879703,4110,SUCCESS,TXN00014769,USR23695,MCH9175,UTR3595879703,0,0,0,0,0,0,0
TXN00004591,2026-01-28 06:58:32,USR46477,MCH7841,14380.76,UTR5133963632,,SUCCESS,TXN00004591,USR46477,MCH7841,UTR5133963632,0,0,1,0,0,0,0
TXN00011998,2026-01-18 20:08:39,USR64914,MCH6555,7690.0,UTR4833802982,0110,SUCCESS,TXN00011998,USR64914,MCH6555,UTR4833802982,0,0,0,0,0,0,0
TXN00000190,2026-01-02 02:45:09,USR57039,MCH2828,6053.89,UTR4594763307,8120,SUCCESS,TXN00000190,USR57039,MCH2828,UTR 4594763307,0,0,0,0,0,0,0
TXN00019993,2026-01-19 22:07:24,USR94216,MCH7084,2247.0,UTR7925060046,0110,SUCCESS,TXN00019993,USR94216,MCH7084,UTR7925060046,0,0,0,0,0,0,0
TXN00009865,2026-02-26 08:07:27,USR86358,MCH6802,17327.37,UTR5233663757,4110,PENDING,TXN00009865,USR86358,MCH6802,UTR5233663757,0,0,0,0,0,0,1
TXN00014101,2026-02-06 09:06:52,USR31818,MCH9824,17487.48,UTR8307552006,,SUCCESS,TXN00014101,USR31818,MCH9824,UTR8307552006,0,0,1,0,0,0,0
TXN00017270,2026-02-27 20:32:04,USR16394,MCH3531,10611.69,UTR5311330129,8120,SUCCESS,TXN00017270,USR16394,MCH3531,UTR5311330129,0,0,0,0,0,0,0
TXN00011525,2026-01-31 12:58:33,USR54428,MCH8980,14263.95,UTR6433198736,4110,SUCCESS,TXN00011525,USR54428,MCH8980,UTR6433198736,0,0,0,0,0,0,0
TXN00005405,2026-01-09 18:18:53,USR43010,MCH2981,8708.0,UTR1106603690,4110,SUCCESS,TXN00005405,USR43010,MCH2981,UTR1106603690,0,0,0,0,0,0,0
TXN00017268,2026-01-11 18:29:21,USR17866,MCH7613,13787.93,UTR7861229223,8120,SUCCESS,TXN00017268,USR17866,MCH7613,UTR7861229223,0,0,0,0,0,0,0
TXN00006886,2026-01-24 00:00:00,USR35382,MCH9367,23293.97,UTR3648179564,4110,SUCCESS,TXN00006886,USR35382,MCH9367,UTR3648179564,0,0,0,0,0,0,0
TXN00004440,2026-03-07 09:34:32,USR11209,MCH7548,0.602436,UTR5762690264,9120,SUCCESS,TXN00004440,USR11209,MCH7548,UTR5762690264,0,0,0,0,0,0,0
TXN00010407,2026-02-06 12:26:55,USR33240,MCH8504,6739.07,UTR4756811954,8120,SUCCESS,TXN00010407,USR33240,MCH8504,UTR4756811954,0,0,0,0,0,0,0
TXN00009190,2026-02-24 03:10:57,USR27308,MCH9951,20357.08,UTR7670921778,8120,SUCCESS,TXN00009190,USR27308,MCH9951,UTR7670921778,0,0,0,0,0,0,0
TXN00011728,2026-03-06 03:47:24,USR25370,MCH2801,18630.87,UTR7705217580,8120,SUCCESS,TXN00011728,USR25370,MCH2801,UTR7705217580,0,0,0,0,0,0,0
TXN00007719,2026-02-03 00:00:00,USR45808,MCH6853,0.1065307,UTR8333352924,1310,SUCCESS,TXN00007719,USR45808,MCH6853,UTR8333352924,0,0,0,0,0,0,0
TXN00008975,2026-02-17 17:09:04,USR97223,MCH7181,10745.77,UTR7782352824,4110,SUCCESS,TXN00008975,USR97223,MCH7181,UTR7782352824,0,0,0,0,0,0,0
TXN00013025,2026-11-02 06:03:28,USR15432,MCH8947,13727.98,UTR9806504505,8120,SUCCESS,TXN00013025,USR15432,MCH8947,UTR9806504505,0,0,0,0,0,0,0
TXN00001380,2026-02-09 23:12:09,USR50819,MCH1699,14827.84,UTR9011339720,1310,FAILED,TXN00001380,USR50819,MCH1699,UTR 9011339720,0,0,0,0,0,1,0
TXN00014214,2026-03-06 13:04:44,USR15579,MCH5497,21835.5,UTR1751707117,1310,PENDING,TXN00014214,USR15579,MCH5497,UTR1751707117,0,0,0,0,0,0,1
TXN00004869,2026-03-25 13:50:31,USR29125,MCH7122,14915.71,UTR6271186566,4110,SUCCESS,TXN00004869,USR29125,MCH7122,UTR6271186566,0,0,0,0,0,0,0
TXN00018888,2026-06-01 16:30:45,USR60989,MCH6651,18360.4,UTR7326824827,4110,FAILED,TXN00018888,USR60989,MCH6651,UTR7326824827,0,0,0,0,0,1,0
TXN00005948,2026-01-22 17:25:19,USR98425,MCH1360,0.18722,UTR9411366700,9120,FAILED,TXN00005948,USR98425,MCH1360,UTR9411366700,0,0,0,0,0,1,0
TXN00015099,2026-02-12 10:11:45,USR39800,MCH3572,16740.77,UTR6916021176,0110,SUCCESS,TXN00015099,USR39800,MCH3572,UTR6916021176,0,0,0,0,0,0,0
TXN00005019,2026-02-05 08:07:36,USR81901,MCH1569,13998.02,UTR5674468826,0110,FAILED,TXN00005019,USR81901,MCH1569,UTR5674468826,0,0,0,0,0,1,0
TXN00002805,2026-01-15 21:32:12,USR54378,MCH7432,13041.28,UTR1166551136,8120,FAILED,TXN00002805,USR54378,MCH7432,UTR1166551136,0,0,0,0,0,1,0
TXN00001234,2026-02-10 09:45:20,USR36437,MCH3701,788.04,,,SUCCESS,TXN00001234,USR36437,MCH3701,,0,1,1,0,0,0,0
TXN00002196,2026-01-05 02:34:17,USR34033,MCH9425,11181.92,UTR6553076483,4110,SUCCESS,TXN00002196,USR34033,MCH9425,UTR 6553076483,0,0,0,0,0,0,0
TXN00007723,2026-02-16 06:27:16,USR44487,MCH9357,143.67,UTR3515342138,0110,SUCCESS,TXN00007723,USR44487,MCH9357,UTR3515342138,0,0,0,0,0,0,0
TXN00017460,2026-03-19 05:02:31,USR80145,MCH5185,9710.15,UTR3222460654,9120,FAILED,TXN00017460,USR80145,MCH5185,UTR3222460654,0,0,0,0,0,1,0
TXN00016194,2026-03-14 00:00:00,USR35518,MCH8110,15702.16,UTR1441372689,8120,SUCCESS,TXN00016194,USR35518,MCH8110,UTR1441372689,0,0,0,0,0,0,0
TXN00010514,2026-02-17 02:16:29,USR90168,MCH9234,11067.86,UTR1341616895,9120,SUCCESS,TXN00010514,USR90168,MCH9234,UTR1341616895,0,0,0,0,0,0,0
TXN00015486,2026-08-02 20:12:21,USR14947,MCH9597,20378.7,UTR7813123472,9120,FAILED,TXN00015486,USR14947,MCH9597,UTR7813123472,0,0,0,0,0,1,0
TXN00003130,2026-02-24 00:00:00,USR42573,MCH4704,20963.91,UTR0745907753,,FAILED,TXN00003130,USR42573,MCH4704,UTR0745907753,0,0,1,0,0,1,0
TXN00003037,2026-01-24 11:17:24,USR18907,MCH1059,10806.15,UTR1773611760,4110,SUCCESS,TXN00003037,USR18907,MCH1059,UTR1773611760,0,0,0,0,0,0,0
TXN00019074,2026-01-23 08:45:14,USR88764,MCH8526,11696.78,UTR8437107492,1310,SUCCESS,TXN00019074,USR88764,MCH8526,UTR8437107492,0,0,0,0,0,0,0
TXN00004024,2026-02-26 23:53:35,USR42955,MCH7437,0.2065336,UTR3270580604,4110,SUCCESS,TXN00004024,USR42955,MCH7437,UTR3270580604,0,0,0,0,0,0,0
TXN00001990,2026-03-05 00:00:00,USR19094,MCH7497,18240.0,UTR3370449762,9120,SUCCESS,TXN00001990,USR19094,MCH7497,UTR3370449762,0,0,0,0,0,0,0
TXN00012833,2026-02-10 03:18:49,USR10859,MCH2915,9338.89,UTR1924871195,1310,SUCCESS,TXN00012833,USR10859,MCH2915,UTR 1924871195,0,0,0,0,0,0,0
TXN00016367,2026-02-05 00:00:38,USR66799,MCH6690,16367.0,UTR1385411426,8120,SUCCESS,TXN00016367,USR66799,MCH6690,UTR1385411426,0,0,0,0,0,0,0
TXN00016666,2026-03-18 17:21:33,USR62307,MCH9115,3951.0,UTR5823234251,8120,SUCCESS,TXN00016666,USR62307,MCH9115,UTR5823234251,0,0,0,0,0,0,0
TXN00011137,2026-02-01 00:54:39,USR12708,MCH9594,7755.15,UTR2860993701,9120,SUCCESS,TXN00011137,USR12708,MCH9594,UTR2860993701,0,0,0,0,0,0,0
TXN00013585,2026-03-02 18:40:24,USR89594,MCH8702,7391.47,UTR1622865547,9120,SUCCESS,TXN00013585,USR89594,MCH8702,UTR1622865547,0,0,0,0,0,0,0
TXN00006482,2026-01-08 06:26:55,USR94848,MCH6556,12067.5,UTR5779085546,4110,SUCCESS,TXN00006482,USR94848,MCH6556,UTR5779085546,0,0,0,0,0,0,0
TXN00002648,2026-02-07 13:29:55,USR34387,MCH7374,12515.02,,,SUCCESS,TXN00002648,USR34387,MCH7374,,0,1,1,0,0,0,0
TXN00004143,2026-02-24 07:48:52,USR96588,MCH1543,2369.53,UTR1933246387,9120,SUCCESS,TXN00004143,USR96588,MCH1543,UTR1933246387,0,0,0,0,0,0,0
TXN00011427,2026-03-31 20:04:57,USR45196,MCH4906,2514.28,UTR9178555427,,SUCCESS,TXN00011427,USR45196,MCH4906,UTR 9178555427,0,0,1,0,0,0,0
TXN00010601,2026-02-20 15:48:33,USR48399,MCH3972,4850.57,UTR5519184850,4110,SUCCESS,TXN00010601,USR48399,MCH3972,UTR5519184850,0,0,0,0,0,0,0
TXN00013961,2026-01-30 17:01:45,USR29835,MCH8999,6841.86,UTR5604360935,4110,SUCCESS,TXN00013961,USR29835,MCH8999,UTR5604360935,0,0,0,0,0,0,0
TXN00019858,2026-01-25 17:36:32,USR79838,MCH9154,21064.75,UTR7829928721,9120,SUCCESS,TXN00019858,USR79838,MCH9154,UTR 7829928721,0,0,0,0,0,0,0
TXN00008128,2026-03-01 12:53:50,USR41030,MCH1049,23341.05,UTR2290729721,1310,SUCCESS,TXN00008128,USR41030,MCH1049,UTR2290729721,0,0,0,0,0,0,0
TXN00002536,2026-02-19 20:11:54,USR77295,MCH9449,20855.0,UTR7696331577,0110,SUCCESS,TXN00002536,USR77295,MCH9449,UTR7696331577,0,0,0,0,0,0,0
TXN00018558,2026-03-27 06:31:04,USR98701,MCH3916,-14759.48,UTR6666922310,4110,SUCCESS,TXN00018558,USR98701,MCH3916,UTR6666922310,1,0,0,0,0,0,0
TXN00006075,2026-02-04 11:52:13,USR68935,MCH8329,7684.12,UTR2179762924,4110,PENDING,TXN00006075,USR68935,MCH8329,UTR2179762924,0,0,0,0,0,0,1
TXN00011087,2026-01-26 12:04:54,USR20878,MCH9339,22624.19,UTR9243375323,4110,PENDING,TXN00011087,USR20878,MCH9339,UTR9243375323,0,0,0,0,0,0,1
TXN00014320,2026-02-19 03:12:57,USR27005,MCH3681,2004.98,UTR8361122620,9120,SUCCESS,TXN00014320,USR27005,MCH3681,UTR8361122620,0,0,0,0,0,0,0
TXN00004208,2026-01-29 07:07:24,USR87837,MCH9427,0.1353895,UTR5727149996,8120,SUCCESS,TXN00004208,USR87837,MCH9427,UTR5727149996,0,0,0,0,0,0,0
TXN00017628,2026-02-13 09:04:20,USR60384,MCH7866,13895.31,UTR8260060853,1310,SUCCESS,TXN00017628,USR60384,MCH7866,UTR8260060853,0,0,0,0,0,0,0
TXN00019951,2026-01-14 00:00:00,USR96776,MCH5833,13053.03,UTR7905891105,,SUCCESS,TXN00019951,USR96776,MCH5833,UTR7905891105,0,0,1,0,0,0,0
TXN00003376,2026-01-17 23:55:49,USR43525,MCH9453,0.1945285,UTR1939930560,1310,SUCCESS,TXN00003376,USR43525,MCH9453,UTR1939930560,0,0,0,0,0,0,0
TXN00005409,2026-01-22 05:51:42,USR61142,MCH9801,8031.72,UTR0894602931,9120,SUCCESS,TXN00005409,USR61142,MCH9801,UTR0894602931,0,0,0,0,0,0,0
TXN00016293,2026-01-11 07:47:15,USR36644,MCH3979,20328.15,UTR4864221556,1310,SUCCESS,TXN00016293,USR36644,MCH3979,UTR4864221556,0,0,0,0,0,0,0
TXN00008581,2026-02-01 12:35:14,USR67571,MCH7444,6756.64,UTR3522214808,0110,SUCCESS,TXN00008581,USR67571,MCH7444,UTR 3522214808,0,0,0,0,0,0,0
TXN00010083,2026-03-22 17:58:37,USR60831,MCH3100,16398.35,UTR2781458909,4110,SUCCESS,TXN00010083,USR60831,MCH3100,UTR 2781458909,0,0,0,0,0,0,0
TXN00006559,2026-01-01 05:07:09,USR21776,MCH4762,18875.76,UTR0119085643,4110,SUCCESS,TXN00006559,USR21776,MCH4762,UTR0119085643,0,0,0,0,0,0,0
TXN00002863,2026-02-22 15:21:03,USR74348,MCH6323,23761.97,UTR0430981727,8120,SUCCESS,TXN00002863,USR74348,MCH6323,UTR0430981727,0,0,0,0,0,0,0
TXN00003332,2026-02-21 13:24:58,USR81036,MCH6504,18558.91,UTR2712650819,8120,SUCCESS,TXN00003332,USR81036,MCH6504,UTR2712650819,0,0,0,0,0,0,0
TXN00018351,2026-01-26 04:02:25,USR58638,MCH3187,6698.53,,4110,SUCCESS,TXN00018351,USR58638,MCH3187,,0,1,0,0,0,0,0
TXN00011223,2026-03-30 22:30:26,USR53818,MCH4452,19123.55,UTR1086348691,0110,FAILED,TXN00011223,USR53818,MCH4452,UTR1086348691,0,0,0,0,0,1,0
TXN00004371,2026-01-24 16:21:30,USR25429,MCH8213,5065.33,UTR3882518231,4110,SUCCESS,TXN00004371,USR25429,MCH8213,UTR3882518231,0,0,0,0,0,0,0
TXN00019620,2026-02-19 17:52:30,USR20027,MCH9740,19961.92,UTR3784544270,9120,SUCCESS,TXN00019620,USR20027,MCH9740,UTR 3784544270,0,0,0,0,0,0,0
TXN00010990,2026-02-17 14:52:01,USR87010,MCH9635,16963.04,UTR8148052968,4110,FAILED,TXN00010990,USR87010,MCH9635,UTR8148052968,0,0,0,0,0,1,0
TXN00014689,2026-01-30 16:40:32,USR71192,MCH2257,0.2385624,UTR1543500163,9120,SUCCESS,TXN00014689,USR71192,MCH2257,UTR1543500163,0,0,0,0,0,0,0
TXN00011740,2026-02-12 02:39:04,USR18640,MCH9320,7322.39,UTR1117471242,0110,SUCCESS,TXN00011740,USR18640,MCH9320,UTR1117471242,0,0,0,0,0,0,0
TXN00004064,2026-03-01 14:24:34,USR43150,MCH9831,6333.0,UTR6868191390,0110,SUCCESS,TXN00004064,USR43150,MCH9831,UTR6868191390,0,0,0,0,0,0,0
TXN00003299,2026-03-17 01:22:13,USR99654,MCH3686,0.939297,UTR9031499312,0110,SUCCESS,TXN00003299,USR99654,MCH3686,UTR9031499312,0,0,0,0,0,0,0
TXN00005459,2026-01-31 19:19:26,USR14920,MCH8763,24411.65,UTR0731347283,,SUCCESS,TXN00005459,USR14920,MCH8763,UTR0731347283,0,0,1,0,0,0,0
TXN00009594,2026-01-31 03:15:54,USR50525,MCH4909,9928.23,UTR7583852240,4110,SUCCESS,TXN00009594,USR50525,MCH4909,UTR7583852240,0,0,0,0,0,0,0
TXN00013435,2026-02-04 06:32:14,USR67675,MCH2045,9789.0,UTR7426585087,4110,SUCCESS,TXN00013435,USR67675,MCH2045,UTR7426585087,0,0,0,0,0,0,0
TXN00018224,2026-01-23 19:25:17,USR15371,MCH9710,21317.03,UTR5250994435,8120,SUCCESS,TXN00018224,USR15371,MCH9710,UTR 5250994435,0,0,0,0,0,0,0
TXN00007224,2026-02-13 07:46:08,USR23853,MCH2229,7563.89,UTR1900539842,8120,SUCCESS,TXN00007224,USR23853,MCH2229,UTR1900539842,0,0,0,0,0,0,0
TXN00010737,2026-03-10 20:52:31,USR62542,MCH6155,19406.04,UTR9606191755,4110,SUCCESS,TXN00010737,USR62542,MCH6155,UTR9606191755,0,0,0,0,0,0,0
TXN00016555,2026-01-30 01:54:12,USR13828,MCH2243,23670.28,UTR1019570362,9120,SUCCESS,TXN00016555,USR13828,MCH2243,UTR1019570362,0,0,0,0,0,0,0
TXN00018371,2026-01-11 07:30:41,USR94790,MCH4309,16197.42,UTR5605401550,4110,SUCCESS,TXN00018371,USR94790,MCH4309,UTR5605401550,0,0,0,0,0,0,0
TXN00003448,2026-02-16 00:00:00,USR30289,MCH5895,17880.0,UTR7319882961,4110,SUCCESS,TXN00003448,USR30289,MCH5895,UTR7319882961,0,0,0,0,0,0,0
TXN00002827,2026-02-20 06:26:02,USR64657,MCH5784,18224.25,UTR9607754436,0110,SUCCESS,TXN00002827,USR64657,MCH5784,UTR9607754436,0,0,0,0,0,0,0
TXN00011078,2026-02-17 23:20:15,USR44848,MCH3565,0.685332,UTR7648744423,1310,PENDING,TXN00011078,USR44848,MCH3565,UTR7648744423,0,0,0,0,0,0,1
TXN00008614,2026-01-12 16:52:47,USR11448,MCH5489,2661.24,UTR4486421381,9120,FAILED,TXN00008614,USR11448,MCH5489,UTR4486421381,0,0,0,0,0,1,0
TXN00018696,2026-03-25 09:03:22,USR49084,MCH3762,9951.41,UTR1806728853,8120,FAILED,TXN00018696,USR49084,MCH3762,UTR1806728853,0,0,0,0,0,1,0
TXN00015822,2026-01-19 09:43:23,USR96054,MCH8411,21701.17,UTR1570229063,4110,SUCCESS,TXN00015822,USR96054,MCH8411,UTR1570229063,0,0,0,0,0,0,0
TXN00014966,2026-01-25 03:08:04,USR43644,MCH3485,19405.15,UTR7127337481,4110,PENDING,TXN00014966,USR43644,MCH3485,UTR7127337481,0,0,0,0,0,0,1
TXN00015996,2026-02-02 03:46:45,USR58427,MCH7869,199.71,UTR4237563083,1310,SUCCESS,TXN00015996,USR58427,MCH7869,UTR4237563083,0,0,0,0,0,0,0
TXN00013051,2026-02-10 11:29:58,USR46036,MCH8132,23191.68,UTR7930516216,9120,FAILED,TXN00013051,USR46036,MCH8132,UTR7930516216,0,0,0,0,0,1,0
TXN00010866,2026-02-06 02:35:42,USR68751,MCH4805,24238.47,UTR0084214523,8120,SUCCESS,TXN00010866,USR68751,MCH4805,UTR 0084214523,0,0,0,0,0,0,0
TXN00014976,2026-03-06 02:26:37,USR28837,MCH4989,13974.84,UTR4136216129,4110,SUCCESS,TXN00014976,USR28837,MCH4989,UTR 4136216129,0,0,0,0,0,0,0
TXN00013657,2026-01-23 15:11:25,USR62705,MCH5429,9043.34,UTR4698191068,0110,SUCCESS,TXN00013657,USR62705,MCH5429,UTR 4698191068,0,0,0,0,0,0,0
TXN00018304,2026-03-25 02:15:02,USR90680,MCH2464,21759.49,UTR5544770719,0110,SUCCESS,TXN00018304,USR90680,MCH2464,UTR5544770719,0,0,0,0,0,0,0
TXN00017738,2026-02-23 10:18:06,USR16470,MCH7255,11285.27,UTR5789946583,8120,SUCCESS,TXN00017738,USR16470,MCH7255,UTR5789946583,0,0,0,0,0,0,0
TXN00005149,2026-01-13 16:34:20,USR68336,MCH4767,0.155914,UTR8524318738,4110,SUCCESS,TXN00005149,USR68336,MCH4767,UTR8524318738,0,0,0,0,0,0,0
TXN00014365,2026-02-01 18:05:49,USR93767,MCH1586,1900.36,UTR5451151697,1310,SUCCESS,TXN00014365,USR93767,MCH1586,UTR5451151697,0,0,0,0,0,0,0
TXN00011151,2026-01-05 17:30:50,USR86610,MCH9443,567.32,UTR7558635219,,SUCCESS,TXN00011151,USR86610,MCH9443,UTR7558635219,0,0,1,0,0,0,0
TXN00014307,2026-02-05 19:12:28,USR52823,MCH8313,3655.27,UTR0581110544,4110,SUCCESS,TXN00014307,USR52823,MCH8313,UTR 0581110544,0,0,0,0,0,0,0
TXN00000315,2026-01-21 19:12:28,USR10208,MCH2346,20901.14,UTR7621092533,4110,SUCCESS,TXN00000315,USR10208,MCH2346,UTR7621092533,0,0,0,0,0,0,0
TXN00017496,2026-02-17 00:00:00,USR46524,MCH8345,0.1287955,UTR0687349690,1310,SUCCESS,TXN00017496,USR46524,MCH8345,UTR0687349690,0,0,0,0,0,0,0
TXN00004239,2026-01-29 06:51:03,USR84261,MCH8919,17555.67,UTR2026801772,4110,PENDING,TXN00004239,USR84261,MCH8919,UTR2026801772,0,0,0,0,0,0,1
TXN00004193,2026-03-21 22:58:34,USR85634,MCH5438,12503.98,UTR8190932873,,SUCCESS,TXN00004193,USR85634,MCH5438,UTR8190932873,0,0,1,0,0,0,0
TXN00006582,2026-01-25 16:32:13,USR72924,MCH3894,23548.22,UTR9320579284,9120,SUCCESS,TXN00006582,USR72924,MCH3894,UTR9320579284,0,0,0,0,0,0,0
TXN00011541,2026-02-17 17:13:49,USR38336,MCH6219,20820.64,UTR4988121843,9120,SUCCESS,TXN00011541,USR38336,MCH6219,UTR 4988121843,0,0,0,0,0,0,0
TXN00016534,2026-01-03 22:20:16,USR68064,MCH9377,4032.28,UTR4447631513,8120,SUCCESS,TXN00016534,USR68064,MCH9377,UTR 4447631513,0,0,0,0,0,0,0
TXN00006583,2026-03-01 07:23:16,USR70851,MCH7487,18491.69,UTR0361676586,,SUCCESS,TXN00006583,USR70851,MCH7487,UTR0361676586,0,0,1,0,0,0,0
TXN00015569,2026-01-28 09:05:59,USR68949,MCH7744,0.386236,UTR9776201198,8120,SUCCESS,TXN00015569,USR68949,MCH7744,UTR9776201198,0,0,0,0,0,0,0
TXN00017604,2026-08-03 18:58:24,USR54074,MCH5771,12681.0,UTR9096368369,9120,PENDING,TXN00017604,USR54074,MCH5771,UTR9096368369,0,0,0,0,0,0,1
TXN00009823,2026-03-25 12:18:04,USR16299,MCH3329,0.1696614,UTR4487800509,9120,SUCCESS,TXN00009823,USR16299,MCH3329,UTR4487800509,0,0,0,0,0,0,0
TXN00007052,2026-02-23 03:49:36,USR16265,MCH3905,13186.11,UTR1989658106,8120,SUCCESS,TXN00007052,USR16265,MCH3905,UTR1989658106,0,0,0,0,0,0,0
TXN00007229,2026-03-06 00:32:39,USR96606,MCH5785,23686.23,UTR8276041720,0110,SUCCESS,TXN00007229,USR96606,MCH5785,UTR8276041720,0,0,0,0,0,0,0
TXN00010519,2026-01-23 20:17:18,USR52424,MCH3635,18497.51,UTR8802611240,4110,SUCCESS,TXN00010519,USR52424,MCH3635,UTR8802611240,0,0,0,0,0,0,0
TXN00015114,2026-01-12 06:32:49,USR96023,MCH5378,222.07,UTR5263074460,1310,SUCCESS,TXN00015114,USR96023,MCH5378,UTR5263074460,0,0,0,0,0,0,0
TXN00000127,2026-01-06 10:20:41,USR34673,MCH9355,20452.19,UTR1971893833,4110,SUCCESS,TXN00000127,USR34673,MCH9355,UTR1971893833,0,0,0,0,0,0,0
TXN00012437,2026-08-03 10:34:01,USR53190,MCH2300,12089.02,UTR4751765061,9120,SUCCESS,TXN00012437,USR53190,MCH2300,UTR4751765061,0,0,0,0,0,0,0
TXN00012182,2026-01-18 09:58:03,USR36559,MCH1016,0.2225896,,4110,SUCCESS,TXN00012182,USR36559,MCH1016,,0,1,0,0,0,0,0
TXN00006874,2026-03-02 00:41:53,USR11145,MCH5757,8512.0,UTR9102652569,4110,SUCCESS,TXN00006874,USR11145,MCH5757,UTR9102652569,0,0,0,0,0,0,0
TXN00002749,2026-02-01 04:28:36,USR92862,MCH8570,20279.98,UTR0375037699,,SUCCESS,TXN00002749,USR92862,MCH8570,UTR0375037699,0,0,1,0,0,0,0
TXN00015226,2026-02-07 23:14:35,USR86142,MCH1264,1202.23,,,SUCCESS,TXN00015226,USR86142,MCH1264,,0,1,1,0,0,0,0
TXN00007667,2026-01-26 00:28:08,USR25520,MCH1225,16073.62,UTR7681870732,,SUCCESS,TXN00007667,USR25520,MCH1225,UTR7681870732,0,0,1,0,0,0,0
TXN00009573,2026-01-20 05:42:58,USR56133,MCH9667,1547.03,,4110,SUCCESS,TXN00009573,USR56133,MCH9667,,0,1,0,0,0,0,0
TXN00006775,2026-02-23 14:32:36,USR86923,MCH7574,10751.48,UTR9587106857,0110,SUCCESS,TXN00006775,USR86923,MCH7574,UTR9587106857,0,0,0,0,0,0,0
TXN00018968,2026-01-03 09:32:33,USR51725,MCH7567,5305.04,UTR2086684709,4110,SUCCESS,TXN00018968,USR51725,MCH7567,UTR2086684709,0,0,0,0,0,0,0
TXN00004362,2026-01-03 04:37:37,USR37596,MCH4843,15112.94,UTR9798564352,1310,SUCCESS,TXN00004362,USR37596,MCH4843,UTR9798564352,0,0,0,0,0,0,0
TXN00011396,2026-03-25 01:08:47,USR91617,MCH5556,0.635456,UTR2566022607,,SUCCESS,TXN00011396,USR91617,MCH5556,UTR2566022607,0,0,1,0,0,0,0
TXN00005491,2026-01-31 21:29:56,USR87767,MCH9514,3917.49,UTR6346694811,9120,SUCCESS,TXN00005491,USR87767,MCH9514,UTR6346694811,0,0,0,0,0,0,0
TXN00019646,2026-01-24 17:59:31,USR12073,MCH4813,23789.19,UTR6484855349,4110,SUCCESS,TXN00019646,USR12073,MCH4813,UTR 6484855349,0,0,0,0,0,0,0
TXN00001937,2026-01-22 12:14:54,USR22341,MCH4484,0.675282,UTR9595327606,9120,SUCCESS,TXN00001937,USR22341,MCH4484,UTR9595327606,0,0,0,0,0,0,0
TXN00003171,2026-02-24 15:42:30,USR72456,MCH6971,16383.0,UTR1627162983,0110,SUCCESS,TXN00003171,USR72456,MCH6971,UTR 1627162983,0,0,0,0,0,0,0
TXN00017630,2026-01-12 21:09:01,USR76238,MCH8319,21851.25,UTR9317921350,4110,SUCCESS,TXN00017630,USR76238,MCH8319,UTR9317921350,0,0,0,0,0,0,0
TXN00000429,2026-02-19 00:00:00,USR52550,MCH6636,0.877937,UTR4967433563,8120,SUCCESS,TXN00000429,USR52550,MCH6636,UTR4967433563,0,0,0,0,0,0,0
TXN00005942,2026-01-13 20:18:51,USR88878,MCH3391,5865.78,UTR4737155525,9120,SUCCESS,TXN00005942,USR88878,MCH3391,UTR4737155525,0,0,0,0,0,0,0
TXN00012157,2026-02-15 17:21:07,USR50763,MCH6366,351.36,UTR9572019206,4110,SUCCESS,TXN00012157,USR50763,MCH6366,UTR9572019206,0,0,0,0,0,0,0
TXN00007637,2026-01-28 14:55:06,USR89771,MCH5579,8172.28,UTR6522605521,4110,SUCCESS,TXN00007637,USR89771,MCH5579,UTR6522605521,0,0,0,0,0,0,0
TXN00012755,2026-02-12 12:12:36,USR85050,MCH1579,16419.86,UTR5006164234,8120,SUCCESS,TXN00012755,USR85050,MCH1579,UTR 5006164234,0,0,0,0,0,0,0
TXN00017748,2026-02-02 09:40:09,USR61630,MCH9572,6599.82,UTR5456906444,9120,SUCCESS,TXN00017748,USR61630,MCH9572,UTR5456906444,0,0,0,0,0,0,0
TXN00005390,2026-02-04 03:28:43,USR97422,MCH7307,21587.0,UTR0391665314,1310,FAILED,TXN00005390,USR97422,MCH7307,UTR0391665314,0,0,0,0,0,1,0
TXN00012195,2026-02-12 00:47:57,USR21726,MCH7439,0.77867,UTR4001989976,4110,SUCCESS,TXN00012195,USR21726,MCH7439,UTR4001989976,0,0,0,0,0,0,0
TXN00004886,2026-01-21 22:43:02,USR30788,MCH9786,22093.26,UTR1734833656,8120,SUCCESS,TXN00004886,USR30788,MCH9786,UTR1734833656,0,0,0,0,0,0,0
TXN00011297,2026-01-20 22:37:10,USR11084,MCH9019,-11457.09,UTR1383888143,4110,SUCCESS,TXN00011297,USR11084,MCH9019,UTR1383888143,1,0,0,0,0,0,0
TXN00003468,2026-01-23 22:37:29,USR68283,MCH2245,16697.0,UTR4256573837,,SUCCESS,TXN00003468,USR68283,MCH2245,UTR4256573837,0,0,1,0,0,0,0
TXN00002887,2026-02-23 18:57:48,USR51947,MCH6455,12677.94,UTR5140425606,1310,SUCCESS,TXN00002887,USR51947,MCH6455,UTR5140425606,0,0,0,0,0,0,0
TXN00004775,2026-01-30 00:00:00,USR38628,MCH2836,0.843989,UTR3499065343,8120,SUCCESS,TXN00004775,USR38628,MCH2836,UTR3499065343,0,0,0,0,0,0,0
TXN00000259,2026-03-16 08:31:24,USR36267,MCH1670,14255.83,UTR7805072421,9120,SUCCESS,TXN00000259,USR36267,MCH1670,UTR7805072421,0,0,0,0,0,0,0
TXN00019565,2026-01-05 02:31:53,USR42003,MCH2811,8211.87,UTR6658189818,9120,SUCCESS,TXN00019565,USR42003,MCH2811,UTR6658189818,0,0,0,0,0,0,0
TXN00007960,2026-01-31 18:22:47,USR37799,MCH4745,974.4,UTR0636174483,8120,SUCCESS,TXN00007960,USR37799,MCH4745,UTR0636174483,0,0,0,0,0,0,0
TXN00014808,2026-03-05 22:23:01,USR23217,MCH2061,20703.09,UTR1410869174,4110,SUCCESS,TXN00014808,USR23217,MCH2061,UTR1410869174,0,0,0,0,0,0,0
TXN00015220,2026-02-11 00:21:02,USR17291,MCH1066,0.1016939,UTR3867840574,4110,SUCCESS,TXN00015220,USR17291,MCH1066,UTR3867840574,0,0,0,0,0,0,0
TXN00005723,2026-01-08 14:36:42,USR89254,MCH1751,19891.5,UTR2682704630,0110,SUCCESS,TXN00005723,USR89254,MCH1751,UTR 2682704630,0,0,0,0,0,0,0
TXN00006735,2026-01-07 00:32:49,USR84569,MCH7655,0.4033,UTR4954650428,1310,SUCCESS,TXN00006735,USR84569,MCH7655,UTR4954650428,0,0,0,0,0,0,0
TXN00016713,2026-01-08 15:30:26,USR37864,MCH8827,-12336.68,UTR7541205854,1310,SUCCESS,TXN00016713,USR37864,MCH8827,UTR7541205854,1,0,0,0,0,0,0
TXN00004022,2026-01-02 12:29:09,USR85690,MCH5354,6020.88,UTR0682692988,0110,SUCCESS,TXN00004022,USR85690,MCH5354,UTR0682692988,0,0,0,0,0,0,0
TXN00005787,2026-02-15 00:00:00,USR88957,MCH7081,6748.05,UTR6989910492,4110,SUCCESS,TXN00005787,USR88957,MCH7081,UTR6989910492,0,0,0,0,0,0,0
TXN00008408,2026-03-05 21:04:03,USR91248,MCH8428,6045.24,UTR9657562120,4110,SUCCESS,TXN00008408,USR91248,MCH8428,UTR9657562120,0,0,0,0,0,0,0
TXN00002337,2026-02-28 17:45:56,USR28927,MCH7757,11411.35,UTR3887069545,0110,FAILED,TXN00002337,USR28927,MCH7757,UTR 3887069545,0,0,0,0,0,1,0
TXN00011162,2026-03-16 05:51:19,USR51307,MCH6160,8125.52,UTR8007481424,9120,SUCCESS,TXN00011162,USR51307,MCH6160,UTR8007481424,0,0,0,0,0,0,0
TXN00010336,2026-01-02 09:28:24,USR90608,MCH3544,19661.32,UTR1913152980,1310,SUCCESS,TXN00010336,USR90608,MCH3544,UTR 1913152980,0,0,0,0,0,0,0
TXN00013558,2026-01-27 23:37:51,USR98417,MCH1121,18977.07,UTR7269221923,9120,SUCCESS,TXN00013558,USR98417,MCH1121,UTR7269221923,0,0,0,0,0,0,0
TXN00009846,2026-02-18 08:47:23,USR40407,MCH6582,10176.16,UTR4718723077,4110,SUCCESS,TXN00009846,USR40407,MCH6582,UTR4718723077,0,0,0,0,0,0,0
TXN00004707,2026-01-01 01:34:30,USR78806,MCH9041,19628.75,UTR6426703545,,SUCCESS,TXN00004707,USR78806,MCH9041,UTR6426703545,0,0,1,0,0,0,0
TXN00018781,2026-01-30 15:02:47,USR35241,MCH9260,0.1182817,UTR3374328857,4110,SUCCESS,TXN00018781,USR35241,MCH9260,UTR 3374328857,0,0,0,0,0,0,0
TXN00015795,2026-02-08 09:15:10,USR73685,MCH5183,3937.99,UTR0896746084,9120,SUCCESS,TXN00015795,USR73685,MCH5183,UTR0896746084,0,0,0,0,0,0,0
TXN00002066,2026-02-05 16:28:45,USR78376,MCH8335,19659.09,UTR8784478007,4110,SUCCESS,TXN00002066,USR78376,MCH8335,UTR8784478007,0,0,0,0,0,0,0
TXN00007617,2026-01-01 00:40:09,USR67121,MCH1512,8020.0,UTR5406823912,4110,SUCCESS,TXN00007617,USR67121,MCH1512,UTR5406823912,0,0,0,0,0,0,0
TXN00009893,2026-02-22 08:25:14,USR46743,MCH8880,20298.0,UTR0292100886,4110,SUCCESS,TXN00009893,USR46743,MCH8880,UTR0292100886,0,0,0,0,0,0,0
TXN00011961,2026-01-08 18:38:01,USR41759,MCH1025,24195.63,UTR2282912390,4110,FAILED,TXN00011961,USR41759,MCH1025,UTR2282912390,0,0,0,0,0,1,0
TXN00005118,2026-06-01 19:33:56,USR65096,MCH6596,12056.0,UTR0891742555,9120,SUCCESS,TXN00005118,USR65096,MCH6596,UTR0891742555,0,0,0,0,0,0,0
TXN00012460,2026-02-25 04:39:00,USR12472,MCH3423,7229.0,UTR1825608137,8120,SUCCESS,TXN00012460,USR12472,MCH3423,UTR1825608137,0,0,0,0,0,0,0
TXN00015080,2026-02-25 22:06:44,USR29285,MCH1043,9830.0,UTR0829214618,8120,SUCCESS,TXN00015080,USR29285,MCH1043,UTR0829214618,0,0,0,0,0,0,0
TXN00003393,2026-01-04 15:18:09,USR43050,MCH7587,22204.07,UTR0123853791,8120,SUCCESS,TXN00003393,USR43050,MCH7587,UTR 0123853791,0,0,0,0,0,0,0
TXN00014386,2026-03-11 08:42:04,USR34467,MCH6542,20915.0,UTR5283575083,4110,SUCCESS,TXN00014386,USR34467,MCH6542,UTR 5283575083,0,0,0,0,0,0,0
TXN00006423,2026-02-16 21:39:25,USR40803,MCH1780,1465.36,UTR2637314615,8120,SUCCESS,TXN00006423,USR40803,MCH1780,UTR2637314615,0,0,0,0,0,0,0
TXN00006514,2026-01-10 23:10:34,USR60570,MCH9358,19979.06,UTR5144003716,9120,SUCCESS,TXN00006514,USR60570,MCH9358,UTR5144003716,0,0,0,0,0,0,0
TXN00009407,2026-02-25 10:29:01,USR97687,MCH4768,5814.51,UTR5304571910,8120,SUCCESS,TXN00009407,USR97687,MCH4768,UTR5304571910,0,0,0,0,0,0,0
TXN00014200,2026-02-16 10:24:21,USR27321,MCH7031,0.1412979,UTR7382095066,0110,SUCCESS,TXN00014200,USR27321,MCH7031,UTR7382095066,0,0,0,0,0,0,0
TXN00016767,2026-02-23 02:55:09,USR28258,MCH1960,13189.0,UTR7789440457,4110,SUCCESS,TXN00016767,USR28258,MCH1960,UTR7789440457,0,0,0,0,0,0,0
TXN00013088,2026-01-12 10:21:33,USR82803,MCH2011,24221.79,UTR3337675724,,SUCCESS,TXN00013088,USR82803,MCH2011,UTR3337675724,0,0,1,0,0,0,0
TXN00005570,2026-02-06 10:52:49,USR62035,MCH7461,24361.0,UTR9771812915,4110,SUCCESS,TXN00005570,USR62035,MCH7461,UTR9771812915,0,0,0,0,0,0,0
TXN00000240,2026-11-01 20:40:14,USR78692,MCH4590,0.4436,UTR1888603457,4110,SUCCESS,TXN00000240,USR78692,MCH4590,UTR1888603457,0,0,0,0,0,0,0
TXN00005540,2026-03-27 14:40:28,USR75188,MCH9182,11686.85,UTR8071682780,8120,SUCCESS,TXN00005540,USR75188,MCH9182,UTR8071682780,0,0,0,0,0,0,0
TXN00007642,2026-02-26 14:19:51,USR58434,MCH7698,8323.93,,,SUCCESS,TXN00007642,USR58434,MCH7698,,0,1,1,0,0,0,0
TXN00005483,2026-02-25 14:48:06,USR78971,MCH7453,11163.7,UTR3010805506,4110,SUCCESS,TXN00005483,USR78971,MCH7453,UTR3010805506,0,0,0,0,0,0,0
TXN00011478,2026-01-06 03:09:18,USR94631,MCH1033,18155.39,UTR4856476429,4110,SUCCESS,TXN00011478,USR94631,MCH1033,UTR4856476429,0,0,0,0,0,0,0
TXN00001873,2026-03-18 09:21:51,USR18474,MCH2995,12651.0,,4110,SUCCESS,TXN00001873,USR18474,MCH2995,,0,1,0,0,0,0,0
TXN00016501,2026-03-23 02:16:44,USR80261,MCH7802,7558.2,UTR9301619637,,SUCCESS,TXN00016501,USR80261,MCH7802,UTR9301619637,0,0,1,0,0,0,0
TXN00008692,2026-02-11 18:07:32,USR16085,MCH3117,0.1646051,UTR8308178251,9120,SUCCESS,TXN00008692,USR16085,MCH3117,UTR8308178251,0,0,0,0,0,0,0
TXN00013667,2026-03-19 04:52:04,USR49209,MCH8795,11100.0,UTR1948245015,9120,SUCCESS,TXN00013667,USR49209,MCH8795,UTR1948245015,0,0,0,0,0,0,0
TXN00003743,2026-02-14 22:55:36,USR74167,MCH7319,18928.63,UTR0433320666,1310,SUCCESS,TXN00003743,USR74167,MCH7319,UTR 0433320666,0,0,0,0,0,0,0
TXN00011423,2026-09-03 11:33:13,USR69009,MCH7055,0.2354821,UTR7145172493,,SUCCESS,TXN00011423,USR69009,MCH7055,UTR7145172493,0,0,1,0,0,0,0
TXN00012330,2026-03-13 00:37:26,USR71886,MCH5289,4873.79,UTR6237976140,0110,SUCCESS,TXN00012330,USR71886,MCH5289,UTR6237976140,0,0,0,0,0,0,0
TXN00005898,2026-02-27 16:13:18,USR33224,MCH4532,8391.82,UTR9054326894,4110,FAILED,TXN00005898,USR33224,MCH4532,UTR9054326894,0,0,0,0,0,1,0
TXN00005523,2026-03-09 07:13:02,USR13482,MCH1451,16164.0,,9120,SUCCESS,TXN00005523,USR13482,MCH1451,,0,1,0,0,0,0,0
TXN00001621,2026-03-26 13:12:12,USR73871,MCH3565,11635.49,,8120,SUCCESS,TXN00001621,USR73871,MCH3565,,0,1,0,0,0,0,0
TXN00000727,2026-02-23 04:47:10,USR13109,MCH1334,3502.91,UTR9474752590,8120,SUCCESS,TXN00000727,USR13109,MCH1334,UTR9474752590,0,0,0,0,0,0,0
TXN00007260,2026-02-01 11:08:25,USR96702,MCH2694,11117.55,UTR0077055380,1310,SUCCESS,TXN00007260,USR96702,MCH2694,UTR0077055380,0,0,0,0,0,0,0
TXN00001818,2026-02-22 04:34:27,USR90244,MCH7763,19233.0,UTR0217781587,0110,SUCCESS,TXN00001818,USR90244,MCH7763,UTR0217781587,0,0,0,0,0,0,0
TXN00003481,2026-03-10 07:24:24,USR12691,MCH9795,3850.74,UTR2957506946,9120,SUCCESS,TXN00003481,USR12691,MCH9795,UTR2957506946,0,0,0,0,0,0,0
TXN00001359,2026-03-05 06:07:37,USR88447,MCH9826,6927.93,UTR3121464725,8120,SUCCESS,TXN00001359,USR88447,MCH9826,UTR3121464725,0,0,0,0,0,0,0
TXN00006889,2026-03-01 14:01:37,USR59872,MCH1132,3743.49,UTR2176091633,9120,SUCCESS,TXN00006889,USR59872,MCH1132,UTR2176091633,0,0,0,0,0,0,0
TXN00019562,2026-02-08 15:15:40,USR48077,MCH7045,2975.21,UTR6247926548,0110,SUCCESS,TXN00019562,USR48077,MCH7045,UTR6247926548,0,0,0,0,0,0,0
TXN00014951,2026-02-09 00:16:52,USR79593,MCH8498,14288.08,UTR7797084595,0110,SUCCESS,TXN00014951,USR79593,MCH8498,UTR7797084595,0,0,0,0,0,0,0
TXN00008197,2026-01-07 22:20:18,USR44917,MCH8358,16935.83,UTR9558076769,1310,SUCCESS,TXN00008197,USR44917,MCH8358,UTR9558076769,0,0,0,0,0,0,0
TXN00019163,2026-08-01 03:51:21,USR98710,MCH4367,13848.36,UTR4282034534,8120,PENDING,TXN00019163,USR98710,MCH4367,UTR4282034534,0,0,0,0,0,0,1
TXN00010230,2026-02-16 19:17:45,USR36838,MCH7362,-6551.2,UTR3135441926,,SUCCESS,TXN00010230,USR36838,MCH7362,UTR3135441926,1,0,1,0,0,0,0
TXN00018927,2026-02-23 17:32:00,USR73154,MCH9272,18489.69,,1310,SUCCESS,TXN00018927,USR73154,MCH9272,,0,1,0,0,0,0,0
TXN00009346,2026-01-03 19:50:54,USR62761,MCH8551,24960.55,UTR6162733023,9120,SUCCESS,TXN00009346,USR62761,MCH8551,UTR 6162733023,0,0,0,0,0,0,0
TXN00004924,2026-03-05 02:14:09,USR94570,MCH9862,0.2202357,UTR4388593328,1310,PENDING,TXN00004924,USR94570,MCH9862,UTR4388593328,0,0,0,0,0,0,1
TXN00010394,2026-02-23 17:32:00,USR83997,MCH3193,0.1363862,UTR2390351055,4110,SUCCESS,TXN00010394,USR83997,MCH3193,UTR2390351055,0,0,0,0,0,0,0
TXN00014034,2026-03-08 08:45:43,USR74994,MCH8643,0.612782,UTR6425580279,4110,SUCCESS,TXN00014034,USR74994,MCH8643,UTR 6425580279,0,0,0,0,0,0,0
TXN00002082,2026-02-24 01:17:51,USR20798,MCH4836,1639.46,UTR1932917080,,SUCCESS,TXN00002082,USR20798,MCH4836,UTR1932917080,0,0,1,0,0,0,0
TXN00007338,2026-01-05 04:32:00,USR65511,MCH2577,6719.82,UTR5162550366,4110,SUCCESS,TXN00007338,USR65511,MCH2577,UTR5162550366,0,0,0,0,0,0,0
TXN00011492,2026-03-02 12:14:14,USR78922,MCH2981,7348.97,UTR1651603760,4110,SUCCESS,TXN00011492,USR78922,MCH2981,UTR1651603760,0,0,0,0,0,0,0
TXN00008714,2026-03-01 19:53:56,USR25012,MCH5720,10670.53,UTR6836341442,0110,SUCCESS,TXN00008714,USR25012,MCH5720,UTR6836341442,0,0,0,0,0,0,0
TXN00009610,2026-02-08 01:36:19,USR55555,MCH1433,18433.32,UTR7062739968,8120,SUCCESS,TXN00009610,USR55555,MCH1433,UTR7062739968,0,0,0,0,0,0,0
TXN00003931,2026-01-28 20:01:57,USR28564,MCH7502,23464.0,UTR2843030554,4110,SUCCESS,TXN00003931,USR28564,MCH7502,UTR 2843030554,0,0,0,0,0,0,0
TXN00005690,2026-03-26 04:00:34,USR97428,MCH9717,0.1615174,UTR0081360571,4110,SUCCESS,TXN00005690,USR97428,MCH9717,UTR0081360571,0,0,0,0,0,0,0
TXN00016734,2026-03-16 15:03:07,USR70101,MCH6244,15962.47,UTR1615631041,1310,SUCCESS,TXN00016734,USR70101,MCH6244,UTR1615631041,0,0,0,0,0,0,0
TXN00006151,2026-01-13 00:00:00,USR26629,MCH4334,14498.49,UTR3342753491,0110,PENDING,TXN00006151,USR26629,MCH4334,UTR3342753491,0,0,0,0,0,0,1
TXN00000387,2026-02-08 22:29:29,USR33440,MCH5133,7058.04,UTR2085678422,4110,FAILED,TXN00000387,USR33440,MCH5133,UTR2085678422,0,0,0,0,0,1,0
TXN00010348,2026-03-23 02:30:41,USR95418,MCH1893,23186.3,UTR2636436328,1310,SUCCESS,TXN00010348,USR95418,MCH1893,UTR2636436328,0,0,0,0,0,0,0
TXN00007500,2026-01-16 00:39:36,USR10373,MCH8606,16722.14,UTR2206017369,4110,FAILED,TXN00007500,USR10373,MCH8606,UTR 2206017369,0,0,0,0,0,1,0
TXN00009294,2026-03-20 10:43:50,USR56404,MCH6566,14131.0,,4110,PENDING,TXN00009294,USR56404,MCH6566,,0,1,0,0,0,0,1
TXN00018855,2026-02-05 02:48:36,USR89796,MCH5673,9628.14,UTR8303085803,4110,SUCCESS,TXN00018855,USR89796,MCH5673,UTR8303085803,0,0,0,0,0,0,0
TXN00015201,2026-01-06 02:29:18,USR91877,MCH8335,15926.0,UTR7148339922,9120,SUCCESS,TXN00015201,USR91877,MCH8335,UTR7148339922,0,0,0,0,0,0,0
TXN00000555,2026-03-27 17:47:13,USR62813,MCH2024,21918.0,UTR9080924374,1310,SUCCESS,TXN00000555,USR62813,MCH2024,UTR9080924374,0,0,0,0,0,0,0
TXN00010906,2026-03-06 14:51:05,USR65218,MCH4445,10300.43,,1310,SUCCESS,TXN00010906,USR65218,MCH4445,,0,1,0,0,0,0,0
TXN00010654,2026-02-09 11:29:19,USR82229,MCH6336,14232.85,,,SUCCESS,TXN00010654,USR82229,MCH6336,,0,1,1,0,0,0,0
TXN00011937,2026-01-25 19:26:11,USR92778,MCH5042,19807.64,UTR8120558672,4110,SUCCESS,TXN00011937,USR92778,MCH5042,UTR8120558672,0,0,0,0,0,0,0
TXN00003911,2026-06-01 20:51:32,USR79590,MCH9150,991.34,UTR6512543833,0110,PENDING,TXN00003911,USR79590,MCH9150,UTR6512543833,0,0,0,0,0,0,1
TXN00003032,2026-02-05 23:25:16,USR74517,MCH9969,10464.16,UTR8637958019,0110,SUCCESS,TXN00003032,USR74517,MCH9969,UTR8637958019,0,0,0,0,0,0,0
TXN00016544,2026-03-21 00:00:00,USR25421,MCH3200,13658.15,UTR9223314717,4110,SUCCESS,TXN00016544,USR25421,MCH3200,UTR9223314717,0,0,0,0,0,0,0
TXN00018489,2026-01-08 14:05:17,USR45677,MCH8598,0.1935128,UTR2683241010,0110,SUCCESS,TXN00018489,USR45677,MCH8598,UTR 2683241010,0,0,0,0,0,0,0
TXN00000304,2026-01-07 13:03:14,USR97802,MCH7515,15939.37,UTR5603286963,9120,SUCCESS,TXN00000304,USR97802,MCH7515,UTR5603286963,0,0,0,0,0,0,0
TXN00002344,2026-03-20 17:41:22,USR58244,MCH4117,8876.0,UTR6584715934,1310,SUCCESS,TXN00002344,USR58244,MCH4117,UTR6584715934,0,0,0,0,0,0,0
TXN00017736,2026-01-12 11:43:12,USR91479,MCH3030,10823.33,UTR6703194830,9120,FAILED,TXN00017736,USR91479,MCH3030,UTR6703194830,0,0,0,0,0,1,0
TXN00013736,2026-03-07 20:33:15,USR10769,MCH1532,4657.0,UTR4695534587,4110,SUCCESS,TXN00013736,USR10769,MCH1532,UTR4695534587,0,0,0,0,0,0,0
TXN00017678,2026-02-27 08:01:06,USR21274,MCH7613,2144.09,UTR7340061198,8120,SUCCESS,TXN00017678,USR21274,MCH7613,UTR7340061198,0,0,0,0,0,0,0
TXN00004529,2026-11-01 23:48:02,USR96676,MCH6841,14307.35,UTR6680150760,4110,SUCCESS,TXN00004529,USR96676,MCH6841,UTR6680150760,0,0,0,0,0,0,0
TXN00004673,2026-01-22 03:34:49,USR93634,MCH5953,18137.04,UTR6144157301,,SUCCESS,TXN00004673,USR93634,MCH5953,UTR6144157301,0,0,1,0,0,0,0
TXN00016315,2026-01-06 10:11:57,USR70211,MCH8709,4850.96,UTR7090436667,4110,SUCCESS,TXN00016315,USR70211,MCH8709,UTR7090436667,0,0,0,0,0,0,0
TXN00018982,2026-01-16 13:33:21,USR96701,MCH5342,20562.39,UTR5491864989,,SUCCESS,TXN00018982,USR96701,MCH5342,UTR5491864989,0,0,1,0,0,0,0
TXN00001266,2026-01-17 21:00:53,USR31349,MCH5867,1820.45,UTR1772543415,1310,SUCCESS,TXN00001266,USR31349,MCH5867,UTR1772543415,0,0,0,0,0,0,0
TXN00019183,2026-03-16 08:48:22,USR35076,MCH1033,22583.99,UTR1189697824,,SUCCESS,TXN00019183,USR35076,MCH1033,UTR 1189697824,0,0,1,0,0,0,0
TXN00012432,2026-03-19 19:44:04,USR27932,MCH9058,1235.85,UTR2551537218,1310,SUCCESS,TXN00012432,USR27932,MCH9058,UTR2551537218,0,0,0,0,0,0,0
TXN00014463,2026-02-01 09:30:05,USR68839,MCH6712,6091.0,UTR9613263104,,SUCCESS,TXN00014463,USR68839,MCH6712,UTR9613263104,0,0,1,0,0,0,0
TXN00001203,2026-02-25 17:39:59,USR86595,MCH6740,562.87,UTR4233467144,8120,FAILED,TXN00001203,USR86595,MCH6740,UTR4233467144,0,0,0,0,0,1,0
TXN00003704,2026-01-27 17:09:18,USR54220,MCH2359,21204.25,UTR1361281639,4110,SUCCESS,TXN00003704,USR54220,MCH2359,UTR1361281639,0,0,0,0,0,0,0
TXN00015855,2026-03-31 16:03:13,USR63589,MCH7273,5773.56,UTR1894964656,4110,FAILED,TXN00015855,USR63589,MCH7273,UTR1894964656,0,0,0,0,0,1,0
TXN00003394,2026-01-01 21:35:38,USR81268,MCH3229,8139.0,UTR8096361945,1310,SUCCESS,TXN00003394,USR81268,MCH3229,UTR8096361945,0,0,0,0,0,0,0
TXN00000373,2026-02-22 11:39:40,USR49708,MCH4948,2370.13,,4110,SUCCESS,TXN00000373,USR49708,MCH4948,,0,1,0,0,0,0,0
TXN00018843,2026-01-27 15:22:53,USR32041,MCH9848,22054.74,UTR0344317095,9120,SUCCESS,TXN00018843,USR32041,MCH9848,UTR0344317095,0,0,0,0,0,0,0
TXN00017025,2026-01-21 08:47:00,USR82580,MCH6022,19735.18,UTR3557110241,0110,SUCCESS,TXN00017025,USR82580,MCH6022,UTR3557110241,0,0,0,0,0,0,0
TXN00016354,2026-03-29 12:54:51,USR55659,MCH1725,0.2397562,UTR5074122203,4110,SUCCESS,TXN00016354,USR55659,MCH1725,UTR5074122203,0,0,0,0,0,0,0
TXN00007790,2026-02-21 01:03:08,USR91368,MCH2780,14539.81,UTR2445104002,4110,SUCCESS,TXN00007790,USR91368,MCH2780,UTR2445104002,0,0,0,0,0,0,0
TXN00015766,2026-01-11 09:42:37,USR35469,MCH8466,4535.21,UTR6263693518,9120,PENDING,TXN00015766,USR35469,MCH8466,UTR6263693518,0,0,0,0,0,0,1
TXN00002821,2026-01-25 05:38:14,USR84098,MCH3096,23155.59,UTR8652141342,,SUCCESS,TXN00002821,USR84098,MCH3096,UTR8652141342,0,0,1,0,0,0,0
TXN00000985,2026-01-24 03:51:00,USR37946,MCH5709,18207.0,UTR4227309172,1310,FAILED,TXN00000985,USR37946,MCH5709,UTR4227309172,0,0,0,0,0,1,0
TXN00010699,2026-01-29 19:06:17,USR68828,MCH8735,18187.66,UTR3987064055,0110,SUCCESS,TXN00010699,USR68828,MCH8735,UTR3987064055,0,0,0,0,0,0,0
TXN00001938,2026-03-01 17:18:10,USR62894,MCH2133,20627.98,,4110,SUCCESS,TXN00001938,USR62894,MCH2133,,0,1,0,0,0,0,0
TXN00017577,2026-03-12 07:37:57,USR53853,MCH8639,702.86,UTR2383896897,9120,SUCCESS,TXN00017577,USR53853,MCH8639,UTR2383896897,0,0,0,0,0,0,0
TXN00019471,2026-02-09 17:03:09,USR68523,MCH1449,2461.38,UTR7537726233,,SUCCESS,TXN00019471,USR68523,MCH1449,UTR7537726233,0,0,1,0,0,0,0
TXN00000028,2026-03-11 12:26:47,USR23616,MCH2536,12860.72,UTR3336287727,0110,SUCCESS,TXN00000028,USR23616,MCH2536,UTR3336287727,0,0,0,0,0,0,0
TXN00001633,2026-01-25 15:48:36,USR66685,MCH1290,16626.14,UTR8921662239,4110,SUCCESS,TXN00001633,USR66685,MCH1290,UTR8921662239,0,0,0,0,0,0,0
TXN00008585,2026-02-17 09:45:59,USR41671,MCH8071,11594.06,UTR0101737916,0110,SUCCESS,TXN00008585,USR41671,MCH8071,UTR 0101737916,0,0,0,0,0,0,0
TXN00003779,2026-03-15 22:52:52,USR40210,MCH1440,16429.19,UTR4876309015,1310,SUCCESS,TXN00003779,USR40210,MCH1440,UTR4876309015,0,0,0,0,0,0,0
TXN00006428,2026-02-09 00:00:00,USR62716,MCH9977,19174.0,UTR0649549663,8120,PENDING,TXN00006428,USR62716,MCH9977,UTR 0649549663,0,0,0,0,0,0,1
TXN00005183,2026-03-16 19:00:53,USR16652,MCH9698,3351.05,UTR6681375165,4110,SUCCESS,TXN00005183,USR16652,MCH9698,UTR6681375165,0,0,0,0,0,0,0
TXN00000799,2026-03-17 13:51:03,USR60361,MCH6655,17419.3,UTR3179031475,8120,SUCCESS,TXN00000799,USR60361,MCH6655,UTR3179031475,0,0,0,0,0,0,0
TXN00019948,2026-03-22 22:26:25,USR84541,MCH6758,4085.02,UTR4749647906,0110,SUCCESS,TXN00019948,USR84541,MCH6758,UTR4749647906,0,0,0,0,0,0,0
TXN00009983,2026-01-15 02:02:17,USR43940,MCH7923,7806.91,UTR0943997635,0110,FAILED,TXN00009983,USR43940,MCH7923,UTR0943997635,0,0,0,0,0,1,0
TXN00015389,2026-03-21 12:00:23,USR98539,MCH6466,11670.16,UTR3420944692,9120,SUCCESS,TXN00015389,USR98539,MCH6466,UTR3420944692,0,0,0,0,0,0,0
TXN00003527,2026-01-11 21:27:55,USR15210,MCH9287,24327.19,UTR6573631468,4110,SUCCESS,TXN00003527,USR15210,MCH9287,UTR6573631468,0,0,0,0,0,0,0
TXN00009259,2026-03-09 13:24:00,USR33070,MCH2216,19373.71,UTR1137434804,9120,SUCCESS,TXN00009259,USR33070,MCH2216,UTR1137434804,0,0,0,0,0,0,0
TXN00011409,2026-03-07 10:54:14,USR55702,MCH3019,12654.52,UTR5317818450,1310,PENDING,TXN00011409,USR55702,MCH3019,UTR5317818450,0,0,0,0,0,0,1
TXN00004165,2026-03-17 23:44:43,USR64734,MCH6494,0.1518231,UTR6423520811,8120,SUCCESS,TXN00004165,USR64734,MCH6494,UTR6423520811,0,0,0,0,0,0,0
TXN00017019,2026-03-17 04:26:47,USR72750,MCH2663,17691.76,UTR8180405857,4110,SUCCESS,TXN00017019,USR72750,MCH2663,UTR8180405857,0,0,0,0,0,0,0
TXN00006576,2026-03-21 19:01:22,USR21415,MCH2773,17673.0,UTR4446345062,,SUCCESS,TXN00006576,USR21415,MCH2773,UTR4446345062,0,0,1,0,0,0,0
TXN00008607,2026-02-02 11:11:03,USR53800,MCH3602,17189.75,UTR9854565092,0110,SUCCESS,TXN00008607,USR53800,MCH3602,UTR9854565092,0,0,0,0,0,0,0
TXN00019889,2026-03-20 09:08:39,USR44983,MCH7346,0.1439829,UTR2551482421,4110,SUCCESS,TXN00019889,USR44983,MCH7346,UTR 2551482421,0,0,0,0,0,0,0
TXN00015488,2026-01-09 01:59:45,USR84047,MCH3258,1941.02,UTR0388190573,1310,SUCCESS,TXN00015488,USR84047,MCH3258,UTR0388190573,0,0,0,0,0,0,0
TXN00016837,2026-03-09 22:31:28,USR94277,MCH4569,14815.94,UTR9317977138,4110,PENDING,TXN00016837,USR94277,MCH4569,UTR9317977138,0,0,0,0,0,0,1
TXN00016970,2026-02-27 23:24:38,USR56626,MCH5110,11841.21,UTR1431939564,9120,SUCCESS,TXN00016970,USR56626,MCH5110,UTR1431939564,0,0,0,0,0,0,0
TXN00007550,2026-03-18 07:42:06,USR88526,MCH9169,17601.38,UTR5001501497,4110,SUCCESS,TXN00007550,USR88526,MCH9169,UTR5001501497,0,0,0,0,0,0,0
TXN00009047,2026-01-05 18:52:00,USR69445,MCH5027,9936.72,UTR1555895809,1310,SUCCESS,TXN00009047,USR69445,MCH5027,UTR1555895809,0,0,0,0,0,0,0
TXN00007314,2026-02-05 04:02:26,USR31672,MCH2158,9070.95,UTR8174896430,9120,SUCCESS,TXN00007314,USR31672,MCH2158,UTR8174896430,0,0,0,0,0,0,0
TXN00004002,2026-03-26 06:51:32,USR15540,MCH4154,20137.75,UTR8479854357,,SUCCESS,TXN00004002,USR15540,MCH4154,UTR8479854357,0,0,1,0,0,0,0
TXN00015379,2026-03-18 01:37:40,USR98620,MCH8189,20750.65,UTR7849041688,4110,PENDING,TXN00015379,USR98620,MCH8189,UTR 7849041688,0,0,0,0,0,0,1
TXN00001713,2026-02-03 22:05:00,USR55095,MCH5639,19521.0,,4110,SUCCESS,TXN00001713,USR55095,MCH5639,,0,1,0,0,0,0,0
TXN00014888,2026-01-29 11:01:55,USR66148,MCH8010,1892.85,UTR7050552518,8120,SUCCESS,TXN00014888,USR66148,MCH8010,UTR7050552518,0,0,0,0,0,0,0
TXN00017201,2026-02-26 00:21:11,USR77894,MCH4303,14169.38,UTR6653174392,1310,SUCCESS,TXN00017201,USR77894,MCH4303,UTR6653174392,0,0,0,0,0,0,0
TXN00000943,2026-01-14 04:12:09,USR33138,MCH7208,0.16289,UTR5074980244,,SUCCESS,TXN00000943,USR33138,MCH7208,UTR5074980244,0,0,1,0,0,0,0
TXN00012667,2026-03-05 18:49:24,USR85836,MCH3420,20899.74,UTR6625503664,4110,SUCCESS,TXN00012667,USR85836,MCH3420,UTR6625503664,0,0,0,0,0,0,0
TXN00013921,2026-01-17 06:08:54,USR49971,MCH1886,4336.4,UTR3072989638,1310,SUCCESS,TXN00013921,USR49971,MCH1886,UTR 3072989638,0,0,0,0,0,0,0
TXN00000589,2026-03-14 00:00:00,USR59189,MCH3723,0.320987,UTR0580983853,0110,FAILED,TXN00000589,USR59189,MCH3723,UTR0580983853,0,0,0,0,0,1,0
TXN00012559,2026-03-23 18:12:40,USR72283,MCH2191,22034.31,UTR1176923015,8120,SUCCESS,TXN00012559,USR72283,MCH2191,UTR1176923015,0,0,0,0,0,0,0
TXN00002888,2026-02-25 13:30:10,USR73530,MCH1836,10241.21,UTR1187625451,4110,SUCCESS,TXN00002888,USR73530,MCH1836,UTR1187625451,0,0,0,0,0,0,0
TXN00011397,2026-02-11 13:13:22,USR24774,MCH4514,19093.16,UTR9688001168,8120,SUCCESS,TXN00011397,USR24774,MCH4514,UTR9688001168,0,0,0,0,0,0,0
TXN00003269,2026-01-24 22:25:52,USR31532,MCH6267,15714.38,UTR8104825519,9120,SUCCESS,TXN00003269,USR31532,MCH6267,UTR8104825519,0,0,0,0,0,0,0
TXN00002389,2026-02-28 12:23:40,USR37985,MCH3627,17642.59,UTR7408406115,1310,FAILED,TXN00002389,USR37985,MCH3627,UTR7408406115,0,0,0,0,0,1,0
TXN00016100,2026-02-07 00:00:00,USR45896,MCH8459,-21319.89,UTR4040270066,4110,SUCCESS,TXN00016100,USR45896,MCH8459,UTR 4040270066,1,0,0,0,0,0,0
TXN00006829,2026-01-16 00:00:00,USR25854,MCH3436,16906.0,UTR2010681295,1310,PENDING,TXN00006829,USR25854,MCH3436,UTR2010681295,0,0,0,0,0,0,1
TXN00018921,2026-02-19 04:44:28,USR99139,MCH7841,11433.44,UTR5153233685,,SUCCESS,TXN00018921,USR99139,MCH7841,UTR5153233685,0,0,1,0,0,0,0
TXN00012553,2026-02-16 17:05:03,USR89133,MCH5491,7242.0,UTR3255703243,8120,SUCCESS,TXN00012553,USR89133,MCH5491,UTR3255703243,0,0,0,0,0,0,0
TXN00004117,2026-02-11 20:15:18,USR62876,MCH9135,22932.53,UTR0720897722,8120,SUCCESS,TXN00004117,USR62876,MCH9135,UTR0720897722,0,0,0,0,0,0,0
TXN00005319,2026-02-22 18:48:42,USR57999,MCH8080,3578.93,UTR0131921877,8120,SUCCESS,TXN00005319,USR57999,MCH8080,UTR 0131921877,0,0,0,0,0,0,0
TXN00013511,2026-01-26 00:00:00,USR19139,MCH9633,12378.85,UTR3236663446,8120,SUCCESS,TXN00013511,USR19139,MCH9633,UTR3236663446,0,0,0,0,0,0,0
TXN00007912,2026-01-12 18:30:13,USR27412,MCH3229,10328.65,,1310,SUCCESS,TXN00007912,USR27412,MCH3229,,0,1,0,0,0,0,0
TXN00016174,2026-06-01 13:26:00,USR38924,MCH8210,23562.02,UTR5736159834,4110,SUCCESS,TXN00016174,USR38924,MCH8210,UTR5736159834,0,0,0,0,0,0,0
TXN00012970,2026-03-05 04:51:08,USR18006,MCH3821,5948.15,UTR7976889574,1310,SUCCESS,TXN00012970,USR18006,MCH3821,UTR7976889574,0,0,0,0,0,0,0
TXN00002633,2026-02-20 19:48:26,USR66750,MCH4086,119.04,UTR6409767803,4110,PENDING,TXN00002633,USR66750,MCH4086,UTR6409767803,0,0,0,0,0,0,1
TXN00015335,2026-01-12 20:24:02,USR40273,MCH6664,13134.14,UTR7640927762,9120,SUCCESS,TXN00015335,USR40273,MCH6664,UTR7640927762,0,0,0,0,0,0,0
TXN00001846,2026-02-13 04:12:59,USR52160,MCH1242,6024.91,UTR0001170262,0110,FAILED,TXN00001846,USR52160,MCH1242,UTR0001170262,0,0,0,0,0,1,0
TXN00004381,2026-03-19 10:54:20,USR85926,MCH7471,1560.42,UTR2268512296,4110,SUCCESS,TXN00004381,USR85926,MCH7471,UTR2268512296,0,0,0,0,0,0,0
TXN00004608,2026-03-14 19:50:45,USR31016,MCH8695,4578.51,UTR8332498723,1310,SUCCESS,TXN00004608,USR31016,MCH8695,UTR8332498723,0,0,0,0,0,0,0
TXN00007693,2026-01-26 00:45:48,USR42925,MCH2656,6423.98,UTR4202144779,9120,SUCCESS,TXN00007693,USR42925,MCH2656,UTR4202144779,0,0,0,0,0,0,0
TXN00014999,2026-01-08 21:36:14,USR30169,MCH4278,17077.21,UTR2261116836,4110,PENDING,TXN00014999,USR30169,MCH4278,UTR2261116836,0,0,0,0,0,0,1
TXN00017910,2026-02-27 20:10:59,USR28228,MCH3958,11579.0,UTR0611897995,4110,SUCCESS,TXN00017910,USR28228,MCH3958,UTR0611897995,0,0,0,0,0,0,0
TXN00008516,2026-01-21 18:29:19,USR11274,MCH5122,6313.0,UTR0318999792,4110,SUCCESS,TXN00008516,USR11274,MCH5122,UTR0318999792,0,0,0,0,0,0,0
TXN00015632,2026-03-27 13:46:55,USR73992,MCH6294,11623.4,UTR8012809724,4110,SUCCESS,TXN00015632,USR73992,MCH6294,UTR 8012809724,0,0,0,0,0,0,0
TXN00010905,2026-01-04 08:49:53,USR38543,MCH5786,15222.87,UTR6305664553,0110,FAILED,TXN00010905,USR38543,MCH5786,UTR 6305664553,0,0,0,0,0,1,0
TXN00016172,2026-01-29 15:09:21,USR38632,MCH1431,16336.96,UTR6702573037,0110,SUCCESS,TXN00016172,USR38632,MCH1431,UTR6702573037,0,0,0,0,0,0,0
TXN00009972,2026-03-17 23:25:18,USR69535,MCH6159,24402.23,UTR0074076815,,SUCCESS,TXN00009972,USR69535,MCH6159,UTR0074076815,0,0,1,0,0,0,0
TXN00013479,2026-03-10 08:33:00,USR76022,MCH7502,10729.96,UTR9803619141,8120,SUCCESS,TXN00013479,USR76022,MCH7502,UTR9803619141,0,0,0,0,0,0,0
TXN00002419,2026-03-13 17:28:11,USR99211,MCH7992,783.59,UTR8283588831,4110,SUCCESS,TXN00002419,USR99211,MCH7992,UTR8283588831,0,0,0,0,0,0,0
TXN00001907,2026-03-26 02:58:11,USR76578,MCH2698,23952.26,UTR0195448762,4110,SUCCESS,TXN00001907,USR76578,MCH2698,UTR0195448762,0,0,0,0,0,0,0
TXN00004940,2026-02-14 00:25:58,USR77696,MCH6210,20297.05,UTR4584327969,,SUCCESS,TXN00004940,USR77696,MCH6210,UTR4584327969,0,0,1,0,0,0,0
TXN00007057,2026-03-13 23:39:29,USR74491,MCH2748,0.2006838,UTR0021705261,0110,SUCCESS,TXN00007057,USR74491,MCH2748,UTR0021705261,0,0,0,0,0,0,0
TXN00018534,2026-02-15 17:27:35,USR80178,MCH3140,8281.8,UTR3588796858,8120,SUCCESS,TXN00018534,USR80178,MCH3140,UTR3588796858,0,0,0,0,0,0,0
TXN00000395,2026-03-31 22:56:36,USR54186,MCH5299,8526.68,UTR7564772261,9120,SUCCESS,TXN00000395,USR54186,MCH5299,UTR7564772261,0,0,0,0,0,0,0
TXN00009372,2026-03-18 02:49:36,USR97163,MCH3036,4802.42,UTR7055035148,1310,SUCCESS,TXN00009372,USR97163,MCH3036,UTR7055035148,0,0,0,0,0,0,0
TXN00000160,2026-11-02 14:19:23,USR76029,MCH9240,18208.13,UTR3211165221,,SUCCESS,TXN00000160,USR76029,MCH9240,UTR3211165221,0,0,1,0,0,0,0
TXN00009807,2026-01-02 03:02:10,USR44221,MCH2348,18473.0,UTR8993101230,1310,SUCCESS,TXN00009807,USR44221,MCH2348,UTR8993101230,0,0,0,0,0,0,0
TXN00007222,2026-02-19 22:01:31,USR80851,MCH8975,6125.44,UTR2475418291,,SUCCESS,TXN00007222,USR80851,MCH8975,UTR2475418291,0,0,1,0,0,0,0
TXN00018576,2026-03-13 18:40:08,USR34141,MCH6807,17555.82,UTR9199135365,1310,SUCCESS,TXN00018576,USR34141,MCH6807,UTR9199135365,0,0,0,0,0,0,0
TXN00001553,2026-02-15 13:59:32,USR97571,MCH3520,20482.0,UTR4591797114,,SUCCESS,TXN00001553,USR97571,MCH3520,UTR4591797114,0,0,1,0,0,0,0
TXN00004736,2026-03-15 07:49:06,USR48999,MCH2483,2987.33,UTR0771996928,,SUCCESS,TXN00004736,USR48999,MCH2483,UTR0771996928,0,0,1,0,0,0,0
TXN00014033,2026-03-16 14:41:41,USR74250,MCH2264,22205.57,UTR2018629252,4110,SUCCESS,TXN00014033,USR74250,MCH2264,UTR2018629252,0,0,0,0,0,0,0
TXN00019425,2026-02-16 16:42:56,USR70249,MCH8698,12349.78,UTR1366008119,4110,SUCCESS,TXN00019425,USR70249,MCH8698,UTR 1366008119,0,0,0,0,0,0,0
TXN00018132,2026-01-29 11:32:21,USR87370,MCH1213,10804.02,UTR8016079247,1310,SUCCESS,TXN00018132,USR87370,MCH1213,UTR8016079247,0,0,0,0,0,0,0
TXN00001756,2026-01-14 15:59:15,USR67379,MCH1490,20040.41,UTR8924806750,,SUCCESS,TXN00001756,USR67379,MCH1490,UTR8924806750,0,0,1,0,0,0,0
TXN00017518,2026-01-01 10:49:41,USR86357,MCH5650,13532.16,UTR6814588353,8120,SUCCESS,TXN00017518,USR86357,MCH5650,UTR6814588353,0,0,0,0,0,0,0
TXN00015997,2026-02-05 00:11:09,USR38727,MCH7468,14321.04,UTR0698304305,4110,SUCCESS,TXN00015997,USR38727,MCH7468,UTR0698304305,0,0,0,0,0,0,0
TXN00009517,2026-01-16 06:59:32,USR31623,MCH2377,11741.18,UTR6918451654,9120,SUCCESS,TXN00009517,USR31623,MCH2377,UTR6918451654,0,0,0,0,0,0,0
TXN00008142,2026-01-07 00:00:00,USR11925,MCH9949,17591.17,UTR4003030173,4110,SUCCESS,TXN00008142,USR11925,MCH9949,UTR4003030173,0,0,0,0,0,0,0
TXN00005150,2026-01-23 23:43:05,USR46592,MCH5721,3290.89,UTR4239327216,1310,SUCCESS,TXN00005150,USR46592,MCH5721,UTR4239327216,0,0,0,0,0,0,0
TXN00001446,2026-01-12 09:42:57,USR73016,MCH4768,4436.97,UTR5687106064,4110,SUCCESS,TXN00001446,USR73016,MCH4768,UTR5687106064,0,0,0,0,0,0,0
TXN00019519,2026-01-09 00:00:00,USR65036,MCH6921,5513.97,UTR8995028645,8120,FAILED,TXN00019519,USR65036,MCH6921,UTR8995028645,0,0,0,0,0,1,0
TXN00000764,2026-01-31 03:19:47,USR44078,MCH1056,18601.22,UTR9396678809,8120,SUCCESS,TXN00000764,USR44078,MCH1056,UTR9396678809,0,0,0,0,0,0,0
TXN00013114,2026-02-23 03:51:15,USR32220,MCH8394,10916.85,UTR0322644574,1310,PENDING,TXN00013114,USR32220,MCH8394,UTR0322644574,0,0,0,0,0,0,1
TXN00003593,2026-03-04 06:51:41,USR58979,MCH6893,14197.51,UTR9036886131,9120,SUCCESS,TXN00003593,USR58979,MCH6893,UTR9036886131,0,0,0,0,0,0,0
TXN00000616,2026-03-10 02:05:47,USR97062,MCH2251,23022.6,UTR1542140089,8120,SUCCESS,TXN00000616,USR97062,MCH2251,UTR 1542140089,0,0,0,0,0,0,0
TXN00017731,2026-03-06 06:18:18,USR88661,MCH1898,12009.53,UTR8144995336,4110,SUCCESS,TXN00017731,USR88661,MCH1898,UTR8144995336,0,0,0,0,0,0,0
TXN00011419,2026-01-12 13:47:51,USR90112,MCH1968,18949.0,UTR2529747110,4110,SUCCESS,TXN00011419,USR90112,MCH1968,UTR2529747110,0,0,0,0,0,0,0
TXN00012900,2026-02-13 07:41:45,USR28696,MCH7667,284.04,UTR6752789091,4110,SUCCESS,TXN00012900,USR28696,MCH7667,UTR6752789091,0,0,0,0,0,0,0
TXN00001520,2026-03-10 11:18:00,USR40202,MCH6145,23176.59,UTR3515143379,9120,FAILED,TXN00001520,USR40202,MCH6145,UTR3515143379,0,0,0,0,0,1,0
TXN00013617,2026-01-10 06:55:44,USR79167,MCH8151,2755.0,UTR0400565697,1310,SUCCESS,TXN00013617,USR79167,MCH8151,UTR0400565697,0,0,0,0,0,0,0
TXN00003728,2026-01-15 11:42:08,USR34763,MCH2099,2318.0,UTR2767803716,8120,SUCCESS,TXN00003728,USR34763,MCH2099,UTR2767803716,0,0,0,0,0,0,0
TXN00019585,2026-03-21 10:46:03,USR14825,MCH8927,2171.25,UTR6102633486,4110,PENDING,TXN00019585,USR14825,MCH8927,UTR6102633486,0,0,0,0,0,0,1
TXN00019172,2026-03-13 00:00:00,USR29503,MCH7231,22550.68,UTR2266327613,,SUCCESS,TXN00019172,USR29503,MCH7231,UTR2266327613,0,0,1,0,0,0,0
TXN00010001,2026-03-13 07:11:07,USR60635,MCH5177,9347.28,UTR6174638794,0110,SUCCESS,TXN00010001,USR60635,MCH5177,UTR6174638794,0,0,0,0,0,0,0
TXN00017700,2026-03-26 06:15:27,USR88416,MCH9834,21869.42,UTR7472351894,8120,PENDING,TXN00017700,USR88416,MCH9834,UTR 7472351894,0,0,0,0,0,0,1
TXN00012913,2026-03-20 19:42:12,USR18593,MCH7834,24903.71,UTR3584796976,1310,SUCCESS,TXN00012913,USR18593,MCH7834,UTR3584796976,0,0,0,0,0,0,0
TXN00006282,2026-03-11 18:50:48,USR27445,MCH5214,14070.76,UTR1824641421,9120,SUCCESS,TXN00006282,USR27445,MCH5214,UTR1824641421,0,0,0,0,0,0,0
TXN00011849,2026-02-18 04:48:53,USR97127,MCH2617,7862.9,UTR5424222691,9120,SUCCESS,TXN00011849,USR97127,MCH2617,UTR5424222691,0,0,0,0,0,0,0
TXN00013924,2026-03-14 22:40:28,USR39730,MCH4426,0.358851,UTR7908649201,8120,SUCCESS,TXN00013924,USR39730,MCH4426,UTR7908649201,0,0,0,0,0,0,0
TXN00013804,2026-01-01 15:40:16,USR75327,MCH5575,11843.52,UTR6961986510,1310,SUCCESS,TXN00013804,USR75327,MCH5575,UTR6961986510,0,0,0,0,0,0,0
TXN00013708,2026-03-19 09:12:15,USR27494,MCH7988,6180.44,UTR1988798814,4110,FAILED,TXN00013708,USR27494,MCH7988,UTR1988798814,0,0,0,0,0,1,0
TXN00015186,2026-03-10 08:45:58,USR91639,MCH6162,16841.0,UTR8522594804,,SUCCESS,TXN00015186,USR91639,MCH6162,UTR8522594804,0,0,1,0,0,0,0
TXN00000115,2026-02-06 20:11:42,USR27397,MCH3699,15838.76,UTR5104703093,9120,SUCCESS,TXN00000115,USR27397,MCH3699,UTR5104703093,0,0,0,0,0,0,0
TXN00015356,2026-03-04 14:01:08,USR77969,MCH4547,19132.1,UTR4742709300,9120,SUCCESS,TXN00015356,USR77969,MCH4547,UTR4742709300,0,0,0,0,0,0,0
TXN00012873,2026-03-06 02:45:14,USR10949,MCH9293,9285.64,UTR4012977675,4110,SUCCESS,TXN00012873,USR10949,MCH9293,UTR 4012977675,0,0,0,0,0,0,0
TXN00014248,2026-01-09 20:17:04,USR54945,MCH9884,18833.38,UTR1952674490,4110,SUCCESS,TXN00014248,USR54945,MCH9884,UTR1952674490,0,0,0,0,0,0,0
TXN00016345,2026-01-22 22:20:55,USR59669,MCH4648,8632.0,UTR7001482797,,SUCCESS,TXN00016345,USR59669,MCH4648,UTR7001482797,0,0,1,0,0,0,0
TXN00018173,2026-01-06 03:32:46,USR99624,MCH2743,4476.22,,9120,SUCCESS,TXN00018173,USR99624,MCH2743,,0,1,0,0,0,0,0
TXN00011835,2026-01-14 15:31:44,USR82783,MCH4113,13334.68,UTR0050382197,,SUCCESS,TXN00011835,USR82783,MCH4113,UTR0050382197,0,0,1,0,0,0,0
TXN00014982,2026-01-02 14:45:05,USR65810,MCH1993,8609.0,,8120,SUCCESS,TXN00014982,USR65810,MCH1993,,0,1,0,0,0,0,0
TXN00006000,2026-03-05 06:01:36,USR81458,MCH9264,3743.05,UTR8715031816,0110,SUCCESS,TXN00006000,USR81458,MCH9264,UTR8715031816,0,0,0,0,0,0,0
TXN00001415,2026-02-12 22:01:48,USR53073,MCH4218,13283.93,UTR2206979269,,SUCCESS,TXN00001415,USR53073,MCH4218,UTR2206979269,0,0,1,0,0,0,0
TXN00015359,2026-01-29 23:14:13,USR54344,MCH1484,9965.0,UTR0279752722,,SUCCESS,TXN00015359,USR54344,MCH1484,UTR0279752722,0,0,1,0,0,0,0
TXN00007625,2026-02-08 08:45:00,USR74229,MCH9101,12840.73,,1310,SUCCESS,TXN00007625,USR74229,MCH9101,,0,1,0,0,0,0,0
TXN00006402,2026-03-30 11:18:44,USR21421,MCH7128,22062.21,UTR1879719826,9120,SUCCESS,TXN00006402,USR21421,MCH7128,UTR1879719826,0,0,0,0,0,0,0
TXN00005547,2026-02-16 13:17:27,USR91403,MCH9594,2818.8,UTR8738422071,1310,SUCCESS,TXN00005547,USR91403,MCH9594,UTR8738422071,0,0,0,0,0,0,0
TXN00019847,2026-03-21 16:29:47,USR18227,MCH2148,3949.28,UTR1767473776,4110,SUCCESS,TXN00019847,USR18227,MCH2148,UTR1767473776,0,0,0,0,0,0,0
TXN00018261,2026-02-05 15:57:46,USR72341,MCH6246,10216.38,UTR8235171630,0110,SUCCESS,TXN00018261,USR72341,MCH6246,UTR8235171630,0,0,0,0,0,0,0
TXN00010373,2026-02-25 22:06:01,USR34713,MCH2209,12585.68,UTR4054295384,4110,FAILED,TXN00010373,USR34713,MCH2209,UTR4054295384,0,0,0,0,0,1,0
TXN00007806,2026-02-20 07:30:19,USR35117,MCH7577,2683.71,UTR4235823000,8120,SUCCESS,TXN00007806,USR35117,MCH7577,UTR4235823000,0,0,0,0,0,0,0
TXN00017503,2026-02-13 23:03:56,USR38391,MCH7193,23019.0,UTR9276821657,1310,SUCCESS,TXN00017503,USR38391,MCH7193,UTR9276821657,0,0,0,0,0,0,0
TXN00012545,2026-01-11 20:46:30,USR54336,MCH5549,6425.97,UTR8854701053,,SUCCESS,TXN00012545,USR54336,MCH5549,UTR8854701053,0,0,1,0,0,0,0
TXN00006137,2026-02-13 21:21:37,USR83076,MCH5635,10268.36,UTR5296945300,8120,SUCCESS,TXN00006137,USR83076,MCH5635,UTR5296945300,0,0,0,0,0,0,0
TXN00006264,2026-03-03 04:43:54,USR59090,MCH8112,24369.25,UTR8329676122,8120,SUCCESS,TXN00006264,USR59090,MCH8112,UTR 8329676122,0,0,0,0,0,0,0
TXN00000915,2026-01-27 11:59:07,USR72394,MCH6931,-13805.66,UTR8313464866,1310,SUCCESS,TXN00000915,USR72394,MCH6931,UTR8313464866,1,0,0,0,0,0,0
TXN00016611,2026-02-24 07:15:00,USR39087,MCH2505,8661.17,UTR5852437626,4110,SUCCESS,TXN00016611,USR39087,MCH2505,UTR5852437626,0,0,0,0,0,0,0
TXN00004887,2026-01-04 20:48:11,USR18048,MCH1187,8579.81,UTR9378135149,4110,SUCCESS,TXN00004887,USR18048,MCH1187,UTR9378135149,0,0,0,0,0,0,0
TXN00011682,2026-02-26 03:17:16,USR45289,MCH1325,0.592758,UTR2029308430,4110,SUCCESS,TXN00011682,USR45289,MCH1325,UTR2029308430,0,0,0,0,0,0,0
TXN00000758,2026-02-02 13:02:42,USR53257,MCH5079,-13341.19,UTR1716117399,8120,FAILED,TXN00000758,USR53257,MCH5079,UTR1716117399,1,0,0,0,0,1,0
TXN00012756,2026-03-19 13:46:27,USR25449,MCH9670,-20926.82,UTR0478241420,0110,SUCCESS,TXN00012756,USR25449,MCH9670,UTR0478241420,1,0,0,0,0,0,0
TXN00014305,2026-02-23 16:10:22,USR33567,MCH3077,11900.16,,,SUCCESS,TXN00014305,USR33567,MCH3077,,0,1,1,0,0,0,0
TXN00011770,2026-01-28 20:51:44,USR78300,MCH1361,563.77,,9120,SUCCESS,TXN00011770,USR78300,MCH1361,,0,1,0,0,0,0,0
TXN00014388,2026-03-28 16:06:47,USR15460,MCH4010,0.1613062,UTR6107326329,4110,SUCCESS,TXN00014388,USR15460,MCH4010,UTR6107326329,0,0,0,0,0,0,0
TXN00019844,2026-01-19 16:53:07,USR57506,MCH2360,21477.37,UTR2501412796,9120,SUCCESS,TXN00019844,USR57506,MCH2360,UTR2501412796,0,0,0,0,0,0,0
TXN00006347,2026-03-19 19:51:15,USR92329,MCH7092,6848.92,UTR2111216378,9120,SUCCESS,TXN00006347,USR92329,MCH7092,UTR2111216378,0,0,0,0,0,0,0
TXN00015736,2026-02-16 21:45:43,USR35948,MCH4910,9084.58,UTR9753102395,,SUCCESS,TXN00015736,USR35948,MCH4910,UTR 9753102395,0,0,1,0,0,0,0
TXN00009405,2026-03-23 18:56:51,USR10827,MCH5121,4186.69,UTR8558856952,4110,SUCCESS,TXN00009405,USR10827,MCH5121,UTR8558856952,0,0,0,0,0,0,0
TXN00010265,2026-01-11 08:47:15,USR11105,MCH9581,20579.0,UTR8401054895,9120,SUCCESS,TXN00010265,USR11105,MCH9581,UTR8401054895,0,0,0,0,0,0,0
TXN00002732,2026-02-18 07:18:48,USR56254,MCH6625,11850.51,UTR7434302069,1310,SUCCESS,TXN00002732,USR56254,MCH6625,UTR7434302069,0,0,0,0,0,0,0
TXN00005852,2026-03-21 17:06:33,USR76719,MCH4358,23994.05,UTR5915085887,0110,SUCCESS,TXN00005852,USR76719,MCH4358,UTR5915085887,0,0,0,0,0,0,0
TXN00000252,2026-01-09 07:35:13,USR70124,MCH5465,9633.59,UTR7230077681,9120,SUCCESS,TXN00000252,USR70124,MCH5465,UTR7230077681,0,0,0,0,0,0,0
TXN00002750,2026-01-10 23:04:13,USR29580,MCH8031,15902.51,UTR2493149029,4110,SUCCESS,TXN00002750,USR29580,MCH8031,UTR 2493149029,0,0,0,0,0,0,0
TXN00012269,2026-03-26 06:59:23,USR71601,MCH7390,15269.96,UTR4476589075,8120,SUCCESS,TXN00012269,USR71601,MCH7390,UTR4476589075,0,0,0,0,0,0,0
TXN00019087,2026-03-30 06:44:33,USR64595,MCH2103,2655.92,UTR4827902294,4110,SUCCESS,TXN00019087,USR64595,MCH2103,UTR4827902294,0,0,0,0,0,0,0
TXN00000104,2026-03-08 08:46:53,USR11368,MCH9662,0.1271918,UTR9365275869,9120,SUCCESS,TXN00000104,USR11368,MCH9662,UTR9365275869,0,0,0,0,0,0,0
TXN00014467,2026-03-05 11:54:48,USR63228,MCH2015,7806.17,UTR6428876209,8120,SUCCESS,TXN00014467,USR63228,MCH2015,UTR6428876209,0,0,0,0,0,0,0
TXN00003726,2026-02-10 00:00:00,USR10428,MCH6133,23216.48,UTR3961219930,0110,SUCCESS,TXN00003726,USR10428,MCH6133,UTR3961219930,0,0,0,0,0,0,0
TXN00008785,2026-03-01 00:00:00,USR17001,MCH4532,14165.43,UTR8732757793,0110,SUCCESS,TXN00008785,USR17001,MCH4532,UTR8732757793,0,0,0,0,0,0,0
TXN00017856,2026-02-04 04:33:14,USR32152,MCH4082,0.2491407,UTR4857510119,9120,SUCCESS,TXN00017856,USR32152,MCH4082,UTR4857510119,0,0,0,0,0,0,0
TXN00014619,2026-01-20 19:52:01,USR28440,MCH1130,19443.29,,,SUCCESS,TXN00014619,USR28440,MCH1130,,0,1,1,0,0,0,0
TXN00018435,2026-03-20 00:00:00,USR73444,MCH9049,18497.48,UTR6326745342,0110,SUCCESS,TXN00018435,USR73444,MCH9049,UTR6326745342,0,0,0,0,0,0,0
TXN00012823,2026-01-15 17:16:47,USR14534,MCH5720,3624.93,UTR2016561436,1310,SUCCESS,TXN00012823,USR14534,MCH5720,UTR2016561436,0,0,0,0,0,0,0
TXN00017711,2026-03-08 15:06:56,USR87154,MCH4051,3522.0,UTR7943177579,9120,SUCCESS,TXN00017711,USR87154,MCH4051,UTR7943177579,0,0,0,0,0,0,0
TXN00005220,2026-03-24 23:21:55,USR70410,MCH4201,1470.87,UTR8394273293,,SUCCESS,TXN00005220,USR70410,MCH4201,UTR8394273293,0,0,1,0,0,0,0
TXN00010970,2026-04-03 06:22:00,USR87658,MCH9587,4873.54,UTR5144325260,9120,SUCCESS,TXN00010970,USR87658,MCH9587,UTR5144325260,0,0,0,0,0,0,0
TXN00008497,2026-02-13 00:17:35,USR74528,MCH2437,0.2485726,UTR3174531464,,SUCCESS,TXN00008497,USR74528,MCH2437,UTR3174531464,0,0,1,0,0,0,0
TXN00017069,2026-03-24 01:12:22,USR90425,MCH5350,18693.64,UTR7152122636,8120,SUCCESS,TXN00017069,USR90425,MCH5350,UTR 7152122636,0,0,0,0,0,0,0
TXN00015168,2026-03-10 06:01:53,USR99310,MCH2418,4907.51,,0110,SUCCESS,TXN00015168,USR99310,MCH2418,,0,1,0,0,0,0,0
TXN00009207,2026-02-28 13:45:25,USR56807,MCH8656,12532.98,UTR4808161706,4110,SUCCESS,TXN00009207,USR56807,MCH8656,UTR4808161706,0,0,0,0,0,0,0
TXN00012838,2026-03-24 18:12:49,USR15339,MCH2947,10020.88,UTR1798361205,4110,SUCCESS,TXN00012838,USR15339,MCH2947,UTR 1798361205,0,0,0,0,0,0,0
TXN00013529,2026-08-03 02:06:00,USR74295,MCH3575,13697.96,UTR6326116328,4110,SUCCESS,TXN00013529,USR74295,MCH3575,UTR6326116328,0,0,0,0,0,0,0
TXN00000366,2026-03-20 10:49:41,USR11518,MCH3862,9658.7,UTR7421428114,0110,SUCCESS,TXN00000366,USR11518,MCH3862,UTR7421428114,0,0,0,0,0,0,0
TXN00002929,2026-02-12 00:04:25,USR51168,MCH8502,18858.66,UTR1086563398,9120,SUCCESS,TXN00002929,USR51168,MCH8502,UTR1086563398,0,0,0,0,0,0,0
TXN00004020,2026-03-24 13:38:23,USR56391,MCH8057,5757.54,UTR2052408683,4110,SUCCESS,TXN00004020,USR56391,MCH8057,UTR2052408683,0,0,0,0,0,0,0
TXN00006961,2026-01-04 16:16:53,USR92802,MCH5267,13288.19,UTR8083167270,8120,PENDING,TXN00006961,USR92802,MCH5267,UTR8083167270,0,0,0,0,0,0,1
TXN00010527,2026-03-14 12:50:17,USR31300,MCH3093,14568.02,UTR0635618723,4110,SUCCESS,TXN00010527,USR31300,MCH3093,UTR0635618723,0,0,0,0,0,0,0
TXN00006872,2026-01-22 05:00:51,USR28430,MCH7606,2082.0,,,SUCCESS,TXN00006872,USR28430,MCH7606,,0,1,1,0,0,0,0
TXN00008870,2026-03-07 19:50:33,USR86619,MCH4342,8762.41,UTR5384713172,8120,PENDING,TXN00008870,USR86619,MCH4342,UTR5384713172,0,0,0,0,0,0,1
TXN00012694,2026-01-13 12:49:00,USR12533,MCH1561,0.2035146,UTR3033664023,,SUCCESS,TXN00012694,USR12533,MCH1561,UTR3033664023,0,0,1,0,0,0,0
TXN00014225,2026-02-14 13:26:45,USR88575,MCH8513,13050.0,UTR8187941180,1310,SUCCESS,TXN00014225,USR88575,MCH8513,UTR8187941180,0,0,0,0,0,0,0
TXN00001224,2026-01-15 17:32:58,USR15171,MCH9774,23590.96,UTR2121597769,9120,SUCCESS,TXN00001224,USR15171,MCH9774,UTR2121597769,0,0,0,0,0,0,0
TXN00012255,2026-03-10 20:09:27,USR71339,MCH5884,19939.25,UTR1870414250,9120,SUCCESS,TXN00012255,USR71339,MCH5884,UTR1870414250,0,0,0,0,0,0,0
TXN00014149,2026-02-21 21:27:11,USR50862,MCH1803,3527.18,UTR2697006576,0110,PENDING,TXN00014149,USR50862,MCH1803,UTR2697006576,0,0,0,0,0,0,1
TXN00006851,2026-01-22 08:32:55,USR11757,MCH8822,5676.7,UTR1843243468,4110,SUCCESS,TXN00006851,USR11757,MCH8822,UTR1843243468,0,0,0,0,0,0,0
TXN00014441,2026-03-12 07:04:08,USR29583,MCH3286,8071.0,,,SUCCESS,TXN00014441,USR29583,MCH3286,,0,1,1,0,0,0,0
TXN00008930,2026-02-09 22:17:09,USR84754,MCH4615,24501.5,UTR5508448732,9120,SUCCESS,TXN00008930,USR84754,MCH4615,UTR5508448732,0,0,0,0,0,0,0
TXN00016554,2026-09-03 19:46:18,USR41491,MCH2190,24092.54,UTR8669028108,9120,SUCCESS,TXN00016554,USR41491,MCH2190,UTR8669028108,0,0,0,0,0,0,0
TXN00011169,2026-03-26 16:56:23,USR17742,MCH2716,12150.66,UTR6577452310,8120,SUCCESS,TXN00011169,USR17742,MCH2716,UTR6577452310,0,0,0,0,0,0,0
TXN00019246,2026-01-28 22:43:23,USR88766,MCH3705,24901.71,,,SUCCESS,TXN00019246,USR88766,MCH3705,,0,1,1,0,0,0,0
TXN00017859,2026-01-01 02:20:42,USR93994,MCH3179,10174.49,UTR2533012042,9120,FAILED,TXN00017859,USR93994,MCH3179,UTR 2533012042,0,0,0,0,0,1,0
TXN00007811,2026-01-02 03:32:33,USR32245,MCH9746,5585.02,UTR5441484692,4110,SUCCESS,TXN00007811,USR32245,MCH9746,UTR5441484692,0,0,0,0,0,0,0
TXN00007975,2026-02-26 23:37:19,USR70464,MCH5433,12911.0,UTR6422132260,,SUCCESS,TXN00007975,USR70464,MCH5433,UTR6422132260,0,0,1,0,0,0,0
TXN00007736,2026-03-13 13:35:45,USR72747,MCH5436,15849.91,UTR4020093918,,SUCCESS,TXN00007736,USR72747,MCH5436,UTR4020093918,0,0,1,0,0,0,0
TXN00003225,2026-02-10 02:16:00,USR57714,MCH7405,-4152.05,UTR5204108193,4110,SUCCESS,TXN00003225,USR57714,MCH7405,UTR5204108193,1,0,0,0,0,0,0
TXN00017369,2026-02-12 08:05:53,USR72454,MCH8523,16279.77,UTR9137563049,4110,SUCCESS,TXN00017369,USR72454,MCH8523,UTR9137563049,0,0,0,0,0,0,0
TXN00004275,2026-01-04 13:40:08,USR54054,MCH5926,15049.15,UTR6000753387,1310,SUCCESS,TXN00004275,USR54054,MCH5926,UTR6000753387,0,0,0,0,0,0,0
TXN00016993,2026-03-25 21:58:05,USR15248,MCH6551,13712.82,UTR4558178686,0110,FAILED,TXN00016993,USR15248,MCH6551,UTR4558178686,0,0,0,0,0,1,0
TXN00004762,2026-01-13 19:59:25,USR87444,MCH5594,24672.53,UTR2089158378,4110,SUCCESS,TXN00004762,USR87444,MCH5594,UTR2089158378,0,0,0,0,0,0,0
TXN00014477,2026-01-28 00:51:11,USR19306,MCH2037,0.2287125,UTR3738123566,4110,SUCCESS,TXN00014477,USR19306,MCH2037,UTR3738123566,0,0,0,0,0,0,0
TXN00000163,2026-02-08 18:40:14,USR21895,MCH9805,15841.91,UTR3249629065,9120,SUCCESS,TXN00000163,USR21895,MCH9805,UTR3249629065,0,0,0,0,0,0,0
TXN00001675,2026-01-27 15:35:08,USR22920,MCH1744,19753.0,UTR1840897669,0110,SUCCESS,TXN00001675,USR22920,MCH1744,UTR1840897669,0,0,0,0,0,0,0
TXN00004958,2026-02-03 00:00:00,USR75147,MCH6317,15872.26,UTR5719669324,9120,PENDING,TXN00004958,USR75147,MCH6317,UTR5719669324,0,0,0,0,0,0,1
TXN00003155,2026-03-01 12:33:08,USR46697,MCH3893,11069.21,UTR9061896115,8120,SUCCESS,TXN00003155,USR46697,MCH3893,UTR9061896115,0,0,0,0,0,0,0
TXN00014275,2026-03-30 10:23:41,USR45735,MCH7638,4831.0,UTR2010410230,4110,SUCCESS,TXN00014275,USR45735,MCH7638,UTR 2010410230,0,0,0,0,0,0,0
TXN00017704,2026-03-17 17:34:50,USR17630,MCH5674,19366.0,UTR5438286638,4110,SUCCESS,TXN00017704,USR17630,MCH5674,UTR5438286638,0,0,0,0,0,0,0
TXN00010369,2026-02-09 00:00:00,USR54126,MCH9317,0.150427,UTR2053366244,4110,SUCCESS,TXN00010369,USR54126,MCH9317,UTR 2053366244,0,0,0,0,0,0,0
TXN00011095,2026-03-06 15:41:26,USR54789,MCH2969,0.1176891,,9120,SUCCESS,TXN00011095,USR54789,MCH2969,,0,1,0,0,0,0,0
TXN00004295,2026-01-05 07:13:07,USR71762,MCH4026,9913.85,UTR0455110898,9120,SUCCESS,TXN00004295,USR71762,MCH4026,UTR0455110898,0,0,0,0,0,0,0
TXN00010051,2026-03-05 07:25:25,USR82456,MCH5224,0.2024973,UTR6210358856,4110,SUCCESS,TXN00010051,USR82456,MCH5224,UTR6210358856,0,0,0,0,0,0,0
TXN00005810,2026-03-29 02:14:04,USR63245,MCH9876,0.1040986,UTR0597955057,4110,FAILED,TXN00005810,USR63245,MCH9876,UTR0597955057,0,0,0,0,0,1,0
TXN00012152,2026-02-24 01:54:14,USR15733,MCH3949,12191.14,UTR3723399263,0110,SUCCESS,TXN00012152,USR15733,MCH3949,UTR3723399263,0,0,0,0,0,0,0
TXN00000466,2026-01-30 03:02:37,USR60058,MCH6232,9378.02,UTR6063987233,0110,SUCCESS,TXN00000466,USR60058,MCH6232,UTR6063987233,0,0,0,0,0,0,0
TXN00014309,2026-03-15 08:12:08,USR59273,MCH8234,5119.11,UTR5006355781,,SUCCESS,TXN00014309,USR59273,MCH8234,UTR5006355781,0,0,1,0,0,0,0
TXN00001197,2026-03-26 07:39:40,USR39521,MCH8082,24337.49,UTR2171620472,1310,FAILED,TXN00001197,USR39521,MCH8082,UTR2171620472,0,0,0,0,0,1,0
TXN00011455,2026-02-08 20:36:58,USR81301,MCH7682,24649.0,UTR3863940758,8120,SUCCESS,TXN00011455,USR81301,MCH7682,UTR 3863940758,0,0,0,0,0,0,0
TXN00002988,2026-01-21 00:00:00,USR19119,MCH8289,12625.0,UTR7475083554,9120,SUCCESS,TXN00002988,USR19119,MCH8289,UTR7475083554,0,0,0,0,0,0,0
TXN00006504,2026-01-09 13:06:04,USR33874,MCH7523,259.13,UTR7051694693,,SUCCESS,TXN00006504,USR33874,MCH7523,UTR7051694693,0,0,1,0,0,0,0
TXN00007967,2026-02-08 09:28:39,USR34263,MCH4418,6879.64,UTR0413502745,,SUCCESS,TXN00007967,USR34263,MCH4418,UTR0413502745,0,0,1,0,0,0,0
TXN00011490,2026-01-30 09:27:52,USR50039,MCH1765,12068.63,UTR6088853629,1310,SUCCESS,TXN00011490,USR50039,MCH1765,UTR6088853629,0,0,0,0,0,0,0
TXN00001346,2026-02-27 00:05:44,USR91515,MCH2077,10643.08,UTR1189376393,,SUCCESS,TXN00001346,USR91515,MCH2077,UTR1189376393,0,0,1,0,0,0,0
TXN00003674,2026-02-22 09:43:53,USR98617,MCH6342,2798.71,UTR7105394052,0110,PENDING,TXN00003674,USR98617,MCH6342,UTR7105394052,0,0,0,0,0,0,1
TXN00016129,2026-10-03 18:21:11,USR92946,MCH2439,22714.0,UTR7420081686,8120,SUCCESS,TXN00016129,USR92946,MCH2439,UTR7420081686,0,0,0,0,0,0,0
TXN00002280,2026-02-13 14:01:30,USR51622,MCH7234,1782.6,UTR5127506960,4110,SUCCESS,TXN00002280,USR51622,MCH7234,UTR5127506960,0,0,0,0,0,0,0
TXN00018352,2026-01-13 13:34:30,USR67876,MCH8294,22224.92,UTR0376093912,1310,SUCCESS,TXN00018352,USR67876,MCH8294,UTR0376093912,0,0,0,0,0,0,0
TXN00017226,2026-02-22 18:50:55,USR37111,MCH5689,3420.0,UTR7529708514,8120,FAILED,TXN00017226,USR37111,MCH5689,UTR7529708514,0,0,0,0,0,1,0
TXN00011041,2026-02-16 01:55:43,USR55682,MCH8551,14364.97,,9120,SUCCESS,TXN00011041,USR55682,MCH8551,,0,1,0,0,0,0,0
TXN00009541,2026-03-28 15:04:37,USR56191,MCH2822,0.467646,UTR3474884652,8120,SUCCESS,TXN00009541,USR56191,MCH2822,UTR3474884652,0,0,0,0,0,0,0
TXN00006096,2026-02-26 08:13:39,USR10295,MCH7985,18552.46,UTR7217020158,,SUCCESS,TXN00006096,USR10295,MCH7985,UTR7217020158,0,0,1,0,0,0,0
TXN00009879,2026-01-08 14:17:59,USR14920,MCH4094,18019.4,UTR3611917172,0110,SUCCESS,TXN00009879,USR14920,MCH4094,UTR3611917172,0,0,0,0,0,0,0
TXN00005066,2026-02-23 16:47:46,USR46394,MCH7149,0.92746,UTR6824988001,0110,SUCCESS,TXN00005066,USR46394,MCH7149,UTR6824988001,0,0,0,0,0,0,0
TXN00005144,2026-02-27 11:13:01,USR38257,MCH5459,19161.02,UTR5791401537,4110,FAILED,TXN00005144,USR38257,MCH5459,UTR5791401537,0,0,0,0,0,1,0
TXN00000470,2026-08-01 01:02:15,USR93458,MCH4551,24080.93,UTR4530617100,8120,SUCCESS,TXN00000470,USR93458,MCH4551,UTR4530617100,0,0,0,0,0,0,0
TXN00002709,2026-01-28 18:41:12,USR87088,MCH4976,449.0,UTR9055239222,1310,SUCCESS,TXN00002709,USR87088,MCH4976,UTR9055239222,0,0,0,0,0,0,0
TXN00003248,2026-06-02 14:03:55,USR55539,MCH4425,10305.0,UTR1269569788,4110,SUCCESS,TXN00003248,USR55539,MCH4425,UTR1269569788,0,0,0,0,0,0,0
TXN00008049,2026-02-14 07:49:23,USR22062,MCH6840,21756.22,UTR1996753446,4110,SUCCESS,TXN00008049,USR22062,MCH6840,UTR1996753446,0,0,0,0,0,0,0
TXN00014671,2026-03-15 23:25:26,USR38984,MCH4821,12468.64,UTR1696631101,4110,SUCCESS,TXN00014671,USR38984,MCH4821,UTR1696631101,0,0,0,0,0,0,0
TXN00010840,2026-02-26 04:28:46,USR99295,MCH3285,11886.41,UTR7767519550,4110,SUCCESS,TXN00010840,USR99295,MCH3285,UTR7767519550,0,0,0,0,0,0,0
TXN00004009,2026-03-31 17:26:49,USR79323,MCH4856,16995.63,UTR2380653135,9120,SUCCESS,TXN00004009,USR79323,MCH4856,UTR2380653135,0,0,0,0,0,0,0
TXN00000778,2026-10-02 05:43:03,USR47805,MCH4260,18059.09,UTR3780700595,1310,SUCCESS,TXN00000778,USR47805,MCH4260,UTR3780700595,0,0,0,0,0,0,0
TXN00013039,2026-03-17 14:47:35,USR56437,MCH8786,15864.65,UTR1774693991,8120,SUCCESS,TXN00013039,USR56437,MCH8786,UTR1774693991,0,0,0,0,0,0,0
TXN00013967,2026-03-23 19:00:28,USR40425,MCH6274,24099.2,UTR8987963487,0110,SUCCESS,TXN00013967,USR40425,MCH6274,UTR8987963487,0,0,0,0,0,0,0
TXN00012144,2026-02-07 05:36:33,USR13040,MCH6657,0.438762,UTR5180838957,4110,SUCCESS,TXN00012144,USR13040,MCH6657,UTR5180838957,0,0,0,0,0,0,0
TXN00010327,2026-02-15 18:01:16,USR38437,MCH1505,10357.55,UTR1132143861,1310,SUCCESS,TXN00010327,USR38437,MCH1505,UTR1132143861,0,0,0,0,0,0,0
TXN00011144,2026-01-06 03:14:19,USR98255,MCH5172,19289.41,UTR2546301592,9120,SUCCESS,TXN00011144,USR98255,MCH5172,UTR2546301592,0,0,0,0,0,0,0
TXN00004146,2026-02-25 00:00:00,USR45010,MCH2140,0.162482,UTR9673644122,9120,SUCCESS,TXN00004146,USR45010,MCH2140,UTR9673644122,0,0,0,0,0,0,0
TXN00005151,2026-01-29 07:39:15,USR51383,MCH3447,7749.2,UTR7275119535,9120,SUCCESS,TXN00005151,USR51383,MCH3447,UTR7275119535,0,0,0,0,0,0,0
TXN00001644,2026-02-23 01:39:57,USR65003,MCH7082,15593.41,UTR3799304393,,SUCCESS,TXN00001644,USR65003,MCH7082,UTR3799304393,0,0,1,0,0,0,0
TXN00005431,2026-02-26 22:53:54,USR21089,MCH9897,15187.04,UTR2612357504,4110,SUCCESS,TXN00005431,USR21089,MCH9897,UTR2612357504,0,0,0,0,0,0,0
TXN00017465,2026-01-07 10:20:20,USR93743,MCH1157,0.1162345,UTR8206163994,,SUCCESS,TXN00017465,USR93743,MCH1157,UTR8206163994,0,0,1,0,0,0,0
TXN00018239,2026-03-03 18:26:48,USR99687,MCH9733,3701.61,UTR6486409595,1310,SUCCESS,TXN00018239,USR99687,MCH9733,UTR6486409595,0,0,0,0,0,0,0
TXN00007860,2026-01-20 00:51:37,USR43343,MCH6015,4925.25,,0110,SUCCESS,TXN00007860,USR43343,MCH6015,,0,1,0,0,0,0,0
TXN00008298,2026-01-31 18:03:23,USR51144,MCH4487,16114.0,UTR6557830475,8120,SUCCESS,TXN00008298,USR51144,MCH4487,UTR6557830475,0,0,0,0,0,0,0
TXN00000596,2026-03-20 17:14:06,USR61871,MCH2353,11854.3,,4110,SUCCESS,TXN00000596,USR61871,MCH2353,,0,1,0,0,0,0,0
TXN00017334,2026-01-03 20:52:07,USR96121,MCH5578,22629.3,UTR2874842864,8120,SUCCESS,TXN00017334,USR96121,MCH5578,UTR2874842864,0,0,0,0,0,0,0
TXN00002355,2026-03-10 16:52:41,USR26387,MCH8674,18102.09,UTR8042174902,8120,SUCCESS,TXN00002355,USR26387,MCH8674,UTR8042174902,0,0,0,0,0,0,0
TXN00017181,2026-02-11 15:52:52,USR68362,MCH9327,24382.74,UTR4047589687,4110,SUCCESS,TXN00017181,USR68362,MCH9327,UTR4047589687,0,0,0,0,0,0,0
TXN00017074,2026-03-03 13:34:37,USR67840,MCH1345,8046.38,UTR9707436353,4110,SUCCESS,TXN00017074,USR67840,MCH1345,UTR9707436353,0,0,0,0,0,0,0
TXN00007118,2026-02-26 17:12:52,USR13268,MCH2982,1655.09,UTR2352533180,4110,FAILED,TXN00007118,USR13268,MCH2982,UTR2352533180,0,0,0,0,0,1,0
TXN00017480,2026-03-07 04:20:49,USR26812,MCH4385,3644.12,UTR6612535955,1310,SUCCESS,TXN00017480,USR26812,MCH4385,UTR6612535955,0,0,0,0,0,0,0
TXN00014839,2026-02-17 17:47:53,USR32626,MCH9763,4379.17,UTR5980575134,1310,SUCCESS,TXN00014839,USR32626,MCH9763,UTR5980575134,0,0,0,0,0,0,0
TXN00016715,2026-02-03 18:34:32,USR77146,MCH2529,23891.83,UTR0652317774,4110,SUCCESS,TXN00016715,USR77146,MCH2529,UTR0652317774,0,0,0,0,0,0,0
TXN00000313,2026-03-06 22:49:52,USR54544,MCH8872,643.52,UTR3269458686,9120,SUCCESS,TXN00000313,USR54544,MCH8872,UTR3269458686,0,0,0,0,0,0,0
TXN00003438,2026-03-22 07:01:33,USR32795,MCH9053,14925.33,UTR6164231292,9120,SUCCESS,TXN00003438,USR32795,MCH9053,UTR6164231292,0,0,0,0,0,0,0
TXN00014548,2026-03-02 04:09:35,USR89596,MCH1159,14995.01,UTR6072668918,4110,SUCCESS,TXN00014548,USR89596,MCH1159,UTR6072668918,0,0,0,0,0,0,0
TXN00003977,2026-02-06 14:52:07,USR12715,MCH9875,9374.3,UTR6818956010,,SUCCESS,TXN00003977,USR12715,MCH9875,UTR6818956010,0,0,1,0,0,0,0
TXN00007014,2026-03-21 19:41:02,USR23156,MCH5106,4796.12,UTR2537164051,,SUCCESS,TXN00007014,USR23156,MCH5106,UTR 2537164051,0,0,1,0,0,0,0
TXN00003108,2026-01-19 21:34:47,USR38417,MCH1323,236.26,UTR2657906318,1310,SUCCESS,TXN00003108,USR38417,MCH1323,UTR 2657906318,0,0,0,0,0,0,0
TXN00011452,2026-03-18 15:39:05,USR28932,MCH8871,15550.83,UTR7545662775,9120,FAILED,TXN00011452,USR28932,MCH8871,UTR7545662775,0,0,0,0,0,1,0
TXN00013701,2026-02-16 17:44:30,USR63234,MCH7080,23650.59,UTR8957753830,9120,SUCCESS,TXN00013701,USR63234,MCH7080,UTR8957753830,0,0,0,0,0,0,0
TXN00009622,2026-01-03 00:00:00,USR71637,MCH7320,1796.86,UTR8686641946,,SUCCESS,TXN00009622,USR71637,MCH7320,UTR8686641946,0,0,1,0,0,0,0
TXN00015674,2026-02-21 16:36:13,USR18714,MCH1166,20485.46,UTR8084580185,8120,SUCCESS,TXN00015674,USR18714,MCH1166,UTR8084580185,0,0,0,0,0,0,0
TXN00009838,2026-02-07 08:27:00,USR34000,MCH5634,6131.39,UTR2698892444,8120,SUCCESS,TXN00009838,USR34000,MCH5634,UTR2698892444,0,0,0,0,0,0,0
TXN00016836,2026-01-24 18:27:52,USR41373,MCH6523,0.328832,UTR9397593701,1310,SUCCESS,TXN00016836,USR41373,MCH6523,UTR9397593701,0,0,0,0,0,0,0
TXN00006609,2026-02-14 09:47:27,USR16959,MCH5060,23414.89,UTR9167372989,8120,SUCCESS,TXN00006609,USR16959,MCH5060,UTR9167372989,0,0,0,0,0,0,0
TXN00009891,2026-08-03 10:00:28,USR83280,MCH2677,17929.03,UTR5496290874,0110,FAILED,TXN00009891,USR83280,MCH2677,UTR5496290874,0,0,0,0,0,1,0
TXN00000772,2026-02-16 00:00:00,USR46083,MCH7010,21162.84,UTR3533505909,0110,SUCCESS,TXN00000772,USR46083,MCH7010,UTR3533505909,0,0,0,0,0,0,0
TXN00012131,2026-03-04 20:10:05,USR98757,MCH5471,15338.63,UTR7701175885,4110,SUCCESS,TXN00012131,USR98757,MCH5471,UTR7701175885,0,0,0,0,0,0,0
TXN00001515,2026-02-09 21:10:31,USR78818,MCH2120,4902.49,UTR7397107008,9120,SUCCESS,TXN00001515,USR78818,MCH2120,UTR7397107008,0,0,0,0,0,0,0
TXN00014438,2026-03-22 15:05:25,USR88265,MCH8651,11058.17,UTR1951381864,8120,SUCCESS,TXN00014438,USR88265,MCH8651,UTR1951381864,0,0,0,0,0,0,0
TXN00010994,2026-02-19 16:00:41,USR14840,MCH7269,12011.87,UTR7159450001,1310,FAILED,TXN00010994,USR14840,MCH7269,UTR7159450001,0,0,0,0,0,1,0
TXN00003013,2026-01-16 08:21:14,USR94266,MCH7690,7676.35,UTR1015623837,4110,SUCCESS,TXN00003013,USR94266,MCH7690,UTR1015623837,0,0,0,0,0,0,0
TXN00008783,2026-03-18 14:56:32,USR53476,MCH7453,7728.43,UTR1725340255,,SUCCESS,TXN00008783,USR53476,MCH7453,UTR1725340255,0,0,1,0,0,0,0
TXN00015763,2026-02-01 21:34:52,USR65695,MCH9277,13799.23,UTR5492896656,,SUCCESS,TXN00015763,USR65695,MCH9277,UTR5492896656,0,0,1,0,0,0,0
TXN00013925,2026-03-27 16:11:32,USR14424,MCH8313,13953.14,UTR2679742998,8120,SUCCESS,TXN00013925,USR14424,MCH8313,UTR 2679742998,0,0,0,0,0,0,0
TXN00000401,2026-03-09 15:10:33,USR69636,MCH6984,2587.07,UTR9887415090,1310,SUCCESS,TXN00000401,USR69636,MCH6984,UTR9887415090,0,0,0,0,0,0,0
TXN00012326,2026-05-03 16:59:36,USR69754,MCH7407,19753.95,,8120,SUCCESS,TXN00012326,USR69754,MCH7407,,0,1,0,0,0,0,0
TXN00012719,2026-03-28 20:14:13,USR67746,MCH4111,17800.0,UTR9636154857,8120,SUCCESS,TXN00012719,USR67746,MCH4111,UTR9636154857,0,0,0,0,0,0,0
TXN00009982,2026-01-09 04:40:10,USR64209,MCH3271,15087.11,UTR4504429817,,SUCCESS,TXN00009982,USR64209,MCH3271,UTR4504429817,0,0,1,0,0,0,0
TXN00001683,2026-03-30 09:53:28,USR89142,MCH9253,16027.89,UTR8495107295,9120,SUCCESS,TXN00001683,USR89142,MCH9253,UTR8495107295,0,0,0,0,0,0,0
TXN00004263,2026-02-28 01:17:12,USR73769,MCH8679,10376.49,UTR5621306363,4110,SUCCESS,TXN00004263,USR73769,MCH8679,UTR5621306363,0,0,0,0,0,0,0
TXN00004006,2026-02-16 03:59:45,USR10075,MCH1278,6711.68,UTR1314976464,9120,SUCCESS,TXN00004006,USR10075,MCH1278,UTR1314976464,0,0,0,0,0,0,0
TXN00003614,2026-02-03 18:21:45,USR14051,MCH2155,19945.33,UTR8449735261,,SUCCESS,TXN00003614,USR14051,MCH2155,UTR8449735261,0,0,1,0,0,0,0
TXN00012204,2026-03-23 01:14:03,USR24016,MCH3789,19069.53,UTR1176640038,8120,SUCCESS,TXN00012204,USR24016,MCH3789,UTR 1176640038,0,0,0,0,0,0,0
TXN00007597,2026-03-24 13:57:58,USR27810,MCH6674,0.524307,UTR5670892747,1310,SUCCESS,TXN00007597,USR27810,MCH6674,UTR 5670892747,0,0,0,0,0,0,0
TXN00012927,2026-03-11 19:06:47,USR86802,MCH2204,11019.01,UTR3924888029,9120,FAILED,TXN00012927,USR86802,MCH2204,UTR3924888029,0,0,0,0,0,1,0
TXN00002171,2026-03-16 04:37:26,USR63635,MCH3472,17161.32,UTR8015808129,9120,SUCCESS,TXN00002171,USR63635,MCH3472,UTR8015808129,0,0,0,0,0,0,0
TXN00010153,2026-02-07 03:59:10,USR37420,MCH7070,7012.61,UTR5452016070,4110,SUCCESS,TXN00010153,USR37420,MCH7070,UTR5452016070,0,0,0,0,0,0,0
TXN00002548,2026-02-10 06:46:47,USR68842,MCH2617,0.101945,UTR8399031647,9120,SUCCESS,TXN00002548,USR68842,MCH2617,UTR8399031647,0,0,0,0,0,0,0
TXN00013063,2026-03-25 19:34:07,USR52026,MCH4235,4866.22,UTR8945005579,,SUCCESS,TXN00013063,USR52026,MCH4235,UTR8945005579,0,0,1,0,0,0,0
TXN00009920,2026-03-31 14:25:48,USR12879,MCH3594,10854.04,UTR8494623945,4110,SUCCESS,TXN00009920,USR12879,MCH3594,UTR8494623945,0,0,0,0,0,0,0
TXN00004930,2026-02-12 11:24:58,USR94133,MCH3970,22981.01,UTR9998305345,4110,SUCCESS,TXN00004930,USR94133,MCH3970,UTR9998305345,0,0,0,0,0,0,0
TXN00004182,2026-02-02 06:07:19,USR98160,MCH8776,16815.96,UTR6412479164,1310,SUCCESS,TXN00004182,USR98160,MCH8776,UTR 6412479164,0,0,0,0,0,0,0
TXN00009513,2026-07-03 03:49:56,USR78579,MCH4332,1906.03,UTR4726201863,,FAILED,TXN00009513,USR78579,MCH4332,UTR4726201863,0,0,1,0,0,1,0
TXN00015360,2026-02-25 00:00:00,USR56440,MCH7919,7984.19,UTR1299155515,4110,SUCCESS,TXN00015360,USR56440,MCH7919,UTR1299155515,0,0,0,0,0,0,0
TXN00007618,2026-01-16 06:52:22,USR44358,MCH1634,18613.04,UTR3087836252,0110,SUCCESS,TXN00007618,USR44358,MCH1634,UTR3087836252,0,0,0,0,0,0,0
TXN00018128,2026-02-22 17:54:35,USR68567,MCH3441,0.248738,UTR8299251094,9120,SUCCESS,TXN00018128,USR68567,MCH3441,UTR8299251094,0,0,0,0,0,0,0
TXN00019812,2026-01-01 22:53:06,USR89521,MCH8400,24893.75,UTR6041065899,4110,PENDING,TXN00019812,USR89521,MCH8400,UTR6041065899,0,0,0,0,0,0,1
TXN00017779,2026-01-06 03:49:11,USR42048,MCH7658,8868.0,UTR1572126225,9120,SUCCESS,TXN00017779,USR42048,MCH7658,UTR1572126225,0,0,0,0,0,0,0
TXN00007808,2026-01-31 00:00:00,USR80634,MCH3084,21365.67,UTR8396862233,8120,SUCCESS,TXN00007808,USR80634,MCH3084,UTR 8396862233,0,0,0,0,0,0,0
TXN00014416,2026-01-20 14:05:01,USR21870,MCH9852,15710.7,UTR6194837381,0110,SUCCESS,TXN00014416,USR21870,MCH9852,UTR6194837381,0,0,0,0,0,0,0
TXN00017196,2026-03-19 18:51:57,USR28129,MCH1556,10130.88,,4110,SUCCESS,TXN00017196,USR28129,MCH1556,,0,1,0,0,0,0,0
TXN00010975,2026-03-17 20:31:19,USR39423,MCH2185,18506.33,UTR1668452278,1310,SUCCESS,TXN00010975,USR39423,MCH2185,UTR1668452278,0,0,0,0,0,0,0
TXN00018423,2026-01-25 12:21:21,USR87817,MCH2012,14939.0,,4110,SUCCESS,TXN00018423,USR87817,MCH2012,,0,1,0,0,0,0,0
TXN00017116,2026-03-25 03:25:22,USR90463,MCH2954,9964.9,UTR7577775847,4110,SUCCESS,TXN00017116,USR90463,MCH2954,UTR7577775847,0,0,0,0,0,0,0
TXN00013802,2026-01-18 21:19:14,USR84705,MCH2506,300.55,UTR5694672532,4110,SUCCESS,TXN00013802,USR84705,MCH2506,UTR5694672532,0,0,0,0,0,0,0
TXN00007792,2026-02-11 02:04:16,USR69080,MCH6096,5490.82,UTR5885541865,8120,FAILED,TXN00007792,USR69080,MCH6096,UTR5885541865,0,0,0,0,0,1,0
TXN00001744,2026-03-30 17:53:18,USR63223,MCH7185,0.28567,UTR3075592758,4110,SUCCESS,TXN00001744,USR63223,MCH7185,UTR3075592758,0,0,0,0,0,0,0
TXN00009145,2026-01-30 21:50:13,USR79576,MCH4583,18350.67,UTR4252002196,1310,SUCCESS,TXN00009145,USR79576,MCH4583,UTR4252002196,0,0,0,0,0,0,0
TXN00012628,2026-02-10 00:00:00,USR17816,MCH8800,22867.48,UTR2006142110,4110,SUCCESS,TXN00012628,USR17816,MCH8800,UTR 2006142110,0,0,0,0,0,0,0
TXN00009297,2026-03-01 04:01:06,USR39705,MCH6274,21894.17,UTR1989463688,4110,SUCCESS,TXN00009297,USR39705,MCH6274,UTR1989463688,0,0,0,0,0,0,0
TXN00014811,2026-02-26 21:39:53,USR86771,MCH4724,6377.26,UTR4913967793,4110,SUCCESS,TXN00014811,USR86771,MCH4724,UTR4913967793,0,0,0,0,0,0,0
TXN00006991,2026-01-07 03:21:15,USR32607,MCH4090,0.236731,UTR8696461453,0110,SUCCESS,TXN00006991,USR32607,MCH4090,UTR8696461453,0,0,0,0,0,0,0
TXN00011168,2026-01-02 07:43:42,USR85231,MCH3791,5226.56,UTR2053605162,4110,SUCCESS,TXN00011168,USR85231,MCH3791,UTR2053605162,0,0,0,0,0,0,0
TXN00010212,2026-03-16 20:32:18,USR97042,MCH5613,8287.03,UTR2961608399,4110,SUCCESS,TXN00010212,USR97042,MCH5613,UTR2961608399,0,0,0,0,0,0,0
TXN00014709,2026-03-12 00:00:00,USR14528,MCH5088,6729.92,UTR0822049710,8120,SUCCESS,TXN00014709,USR14528,MCH5088,UTR0822049710,0,0,0,0,0,0,0
TXN00011909,2026-03-19 13:40:05,USR56990,MCH6557,10752.77,UTR5186876724,,SUCCESS,TXN00011909,USR56990,MCH6557,UTR5186876724,0,0,1,0,0,0,0
TXN00010583,2026-01-22 08:17:45,USR76069,MCH5813,11812.3,UTR3583055086,9120,SUCCESS,TXN00010583,USR76069,MCH5813,UTR3583055086,0,0,0,0,0,0,0
TXN00008839,2026-02-03 16:03:20,USR27115,MCH7056,23005.72,UTR2793885102,4110,SUCCESS,TXN00008839,USR27115,MCH7056,UTR2793885102,0,0,0,0,0,0,0
TXN00006170,2026-03-22 21:33:48,USR77135,MCH2454,0.356311,UTR6551894495,,SUCCESS,TXN00006170,USR77135,MCH2454,UTR6551894495,0,0,1,0,0,0,0
TXN00002411,2026-03-04 11:26:52,USR68062,MCH8728,17210.0,UTR6511994894,9120,SUCCESS,TXN00002411,USR68062,MCH8728,UTR6511994894,0,0,0,0,0,0,0
TXN00004964,2026-01-26 04:05:21,USR82597,MCH8031,18717.73,UTR4791120234,9120,FAILED,TXN00004964,USR82597,MCH8031,UTR4791120234,0,0,0,0,0,1,0
TXN00007898,2026-01-10 08:23:58,USR91539,MCH4245,12266.46,UTR0339919614,9120,SUCCESS,TXN00007898,USR91539,MCH4245,UTR0339919614,0,0,0,0,0,0,0
TXN00013395,2026-02-28 00:00:00,USR84875,MCH7140,1383.29,UTR3488649030,8120,SUCCESS,TXN00013395,USR84875,MCH7140,UTR3488649030,0,0,0,0,0,0,0
TXN00008556,2026-01-16 00:30:41,USR99918,MCH5054,16992.0,UTR6125342173,4110,SUCCESS,TXN00008556,USR99918,MCH5054,UTR6125342173,0,0,0,0,0,0,0
TXN00017328,2026-03-14 00:16:43,USR14730,MCH4787,6748.21,UTR7185403011,8120,SUCCESS,TXN00017328,USR14730,MCH4787,UTR7185403011,0,0,0,0,0,0,0
TXN00017445,2026-06-02 02:01:52,USR18025,MCH2776,5751.07,UTR8932404690,9120,SUCCESS,TXN00017445,USR18025,MCH2776,UTR8932404690,0,0,0,0,0,0,0
TXN00004581,2026-01-14 12:26:27,USR54240,MCH8141,23364.25,UTR7721581242,4110,SUCCESS,TXN00004581,USR54240,MCH8141,UTR7721581242,0,0,0,0,0,0,0
TXN00006783,2026-03-17 19:41:12,USR46331,MCH1798,12583.31,UTR8396988408,4110,SUCCESS,TXN00006783,USR46331,MCH1798,UTR8396988408,0,0,0,0,0,0,0
TXN00016735,2026-02-03 03:33:19,USR46934,MCH9263,21480.96,UTR0242845465,1310,SUCCESS,TXN00016735,USR46934,MCH9263,UTR0242845465,0,0,0,0,0,0,0
TXN00016415,2026-07-02 22:09:46,USR66713,MCH4465,14102.47,,0110,SUCCESS,TXN00016415,USR66713,MCH4465,,0,1,0,0,0,0,0
TXN00004562,2026-02-12 15:06:25,USR31483,MCH4566,7188.0,UTR9398711867,9120,FAILED,TXN00004562,USR31483,MCH4566,UTR9398711867,0,0,0,0,0,1,0
TXN00001057,2026-02-14 15:16:13,USR90944,MCH9684,19182.04,UTR1799938132,8120,PENDING,TXN00001057,USR90944,MCH9684,UTR1799938132,0,0,0,0,0,0,1
TXN00002519,2026-02-16 15:51:26,USR97674,MCH8607,17196.17,UTR9026543484,,SUCCESS,TXN00002519,USR97674,MCH8607,UTR9026543484,0,0,1,0,0,0,0
TXN00008924,2026-12-03 14:13:05,USR15318,MCH1940,20702.8,UTR3352945107,4110,SUCCESS,TXN00008924,USR15318,MCH1940,UTR3352945107,0,0,0,0,0,0,0
TXN00001363,2026-01-18 14:54:01,USR23122,MCH7806,15577.93,UTR3485917018,1310,SUCCESS,TXN00001363,USR23122,MCH7806,UTR3485917018,0,0,0,0,0,0,0
TXN00000301,2026-03-03 06:34:35,USR19392,MCH5256,1301.53,UTR4777782965,9120,SUCCESS,TXN00000301,USR19392,MCH5256,UTR4777782965,0,0,0,0,0,0,0
TXN00009120,2026-03-18 19:19:07,USR42481,MCH2841,21555.2,UTR7846783262,1310,SUCCESS,TXN00009120,USR42481,MCH2841,UTR7846783262,0,0,0,0,0,0,0
TXN00007359,2026-03-03 21:46:06,USR86157,MCH2063,4935.68,UTR9984898365,9120,SUCCESS,TXN00007359,USR86157,MCH2063,UTR9984898365,0,0,0,0,0,0,0
TXN00005084,2026-01-19 23:22:02,USR40699,MCH4107,0.60031,UTR9087652417,1310,SUCCESS,TXN00005084,USR40699,MCH4107,UTR9087652417,0,0,0,0,0,0,0
TXN00005204,2026-02-01 00:00:00,USR74291,MCH4556,17944.73,UTR4536734807,1310,SUCCESS,TXN00005204,USR74291,MCH4556,UTR4536734807,0,0,0,0,0,0,0
TXN00007080,2026-03-24 17:53:20,USR13890,MCH3301,18460.0,UTR1947736910,1310,SUCCESS,TXN00007080,USR13890,MCH3301,UTR1947736910,0,0,0,0,0,0,0
TXN00018332,2026-01-30 09:52:40,USR29038,MCH9446,12528.23,UTR8689880289,4110,FAILED,TXN00018332,USR29038,MCH9446,UTR8689880289,0,0,0,0,0,1,0
TXN00011030,2026-03-12 17:46:26,USR70007,MCH1917,396.91,UTR2023340371,8120,FAILED,TXN00011030,USR70007,MCH1917,UTR2023340371,0,0,0,0,0,1,0
TXN00016573,2026-03-14 22:15:59,USR22531,MCH1539,22397.71,UTR1029614157,4110,SUCCESS,TXN00016573,USR22531,MCH1539,UTR 1029614157,0,0,0,0,0,0,0
TXN00001413,2026-02-18 09:34:23,USR96424,MCH5385,6751.04,UTR4898411992,0110,SUCCESS,TXN00001413,USR96424,MCH5385,UTR 4898411992,0,0,0,0,0,0,0
TXN00000440,2026-01-12 15:21:21,USR32968,MCH9698,2042.91,UTR3942835215,4110,SUCCESS,TXN00000440,USR32968,MCH9698,UTR3942835215,0,0,0,0,0,0,0
TXN00016301,2026-01-20 15:26:36,USR49774,MCH6552,10392.9,UTR2774547733,4110,SUCCESS,TXN00016301,USR49774,MCH6552,UTR2774547733,0,0,0,0,0,0,0
TXN00013006,2026-01-25 01:01:38,USR27208,MCH7061,17232.04,UTR6214676176,9120,PENDING,TXN00013006,USR27208,MCH7061,UTR6214676176,0,0,0,0,0,0,1
TXN00009555,2026-01-09 08:40:23,USR53098,MCH8224,16135.49,UTR5177906828,0110,SUCCESS,TXN00009555,USR53098,MCH8224,UTR5177906828,0,0,0,0,0,0,0
TXN00000277,2026-03-11 05:17:29,USR55182,MCH7697,19959.4,UTR7350193903,0110,SUCCESS,TXN00000277,USR55182,MCH7697,UTR7350193903,0,0,0,0,0,0,0
TXN00006690,2026-02-18 22:09:24,USR84847,MCH4319,1827.68,UTR1641961483,8120,SUCCESS,TXN00006690,USR84847,MCH4319,UTR1641961483,0,0,0,0,0,0,0
TXN00013468,2026-01-30 10:27:25,USR60752,MCH5321,0.2108758,UTR1644515271,1310,SUCCESS,TXN00013468,USR60752,MCH5321,UTR1644515271,0,0,0,0,0,0,0
TXN00004610,2026-09-02 23:05:19,USR80098,MCH3767,0.942314,UTR2661754244,9120,PENDING,TXN00004610,USR80098,MCH3767,UTR2661754244,0,0,0,0,0,0,1
TXN00001801,2026-03-21 23:43:19,USR30317,MCH8669,23912.97,UTR6371982586,9120,SUCCESS,TXN00001801,USR30317,MCH8669,UTR 6371982586,0,0,0,0,0,0,0
TXN00013153,2026-02-09 18:30:11,USR19813,MCH4766,57.0,UTR8971886004,,SUCCESS,TXN00013153,USR19813,MCH4766,UTR8971886004,0,0,1,0,0,0,0
TXN00012217,2026-03-31 23:24:24,USR56501,MCH7338,12283.61,UTR5203578674,0110,SUCCESS,TXN00012217,USR56501,MCH7338,UTR5203578674,0,0,0,0,0,0,0
TXN00011596,2026-02-04 16:43:23,USR94927,MCH3730,19926.72,UTR1282435892,4110,SUCCESS,TXN00011596,USR94927,MCH3730,UTR1282435892,0,0,0,0,0,0,0
TXN00016523,2026-01-06 06:01:23,USR39907,MCH2503,20897.92,UTR3946657016,9120,PENDING,TXN00016523,USR39907,MCH2503,UTR3946657016,0,0,0,0,0,0,1
TXN00018039,2026-03-31 03:42:01,USR18596,MCH3419,18428.28,UTR0221262911,,SUCCESS,TXN00018039,USR18596,MCH3419,UTR0221262911,0,0,1,0,0,0,0
TXN00000755,2026-03-06 10:53:29,USR37536,MCH6441,3490.41,UTR0658918621,4110,SUCCESS,TXN00000755,USR37536,MCH6441,UTR0658918621,0,0,0,0,0,0,0
TXN00011120,2026-03-02 23:20:12,USR16159,MCH7511,10988.19,UTR8508967908,8120,SUCCESS,TXN00011120,USR16159,MCH7511,UTR8508967908,0,0,0,0,0,0,0
TXN00017637,2026-02-17 14:01:28,USR30416,MCH1861,417.48,,8120,SUCCESS,TXN00017637,USR30416,MCH1861,,0,1,0,0,0,0,0
TXN00012781,2026-03-12 17:10:36,USR87085,MCH7084,17004.73,UTR4643650296,0110,SUCCESS,TXN00012781,USR87085,MCH7084,UTR4643650296,0,0,0,0,0,0,0
TXN00016730,2026-03-12 18:02:31,USR52942,MCH5553,13331.64,UTR1316729805,,SUCCESS,TXN00016730,USR52942,MCH5553,UTR1316729805,0,0,1,0,0,0,0
TXN00016127,2026-01-22 09:25:15,USR28894,MCH8410,22219.31,UTR1065024421,8120,SUCCESS,TXN00016127,USR28894,MCH8410,UTR1065024421,0,0,0,0,0,0,0
TXN00000029,2026-03-05 02:20:25,USR15006,MCH7372,14814.44,UTR3197374276,9120,SUCCESS,TXN00000029,USR15006,MCH7372,UTR3197374276,0,0,0,0,0,0,0
TXN00009875,2026-03-17 14:53:53,USR18442,MCH9637,14981.0,UTR5239744046,8120,SUCCESS,TXN00009875,USR18442,MCH9637,UTR5239744046,0,0,0,0,0,0,0
TXN00011411,2026-03-07 06:05:45,USR31870,MCH5185,2999.56,UTR7227872139,,SUCCESS,TXN00011411,USR31870,MCH5185,UTR7227872139,0,0,1,0,0,0,0
TXN00018524,2026-02-18 13:11:38,USR59190,MCH3291,23887.47,UTR5834341455,9120,SUCCESS,TXN00018524,USR59190,MCH3291,UTR5834341455,0,0,0,0,0,0,0
TXN00000349,2026-03-25 15:50:33,USR23950,MCH1601,0.937157,UTR8535129168,1310,FAILED,TXN00000349,USR23950,MCH1601,UTR8535129168,0,0,0,0,0,1,0
TXN00006156,2026-02-09 03:58:29,USR40120,MCH9339,821.44,UTR3443184943,4110,SUCCESS,TXN00006156,USR40120,MCH9339,UTR3443184943,0,0,0,0,0,0,0
TXN00014457,2026-02-11 00:00:00,USR81009,MCH3882,0.488381,UTR7903590237,4110,SUCCESS,TXN00014457,USR81009,MCH3882,UTR7903590237,0,0,0,0,0,0,0
TXN00002466,2026-03-09 06:26:50,USR83647,MCH4407,5040.79,UTR8732613398,0110,SUCCESS,TXN00002466,USR83647,MCH4407,UTR8732613398,0,0,0,0,0,0,0
TXN00015744,2026-02-08 05:12:16,USR78941,MCH4428,16672.23,UTR3828232707,4110,SUCCESS,TXN00015744,USR78941,MCH4428,UTR3828232707,0,0,0,0,0,0,0
TXN00019551,2026-02-23 16:28:10,USR16096,MCH7239,14927.82,UTR1501153646,1310,PENDING,TXN00019551,USR16096,MCH7239,UTR1501153646,0,0,0,0,0,0,1
TXN00018508,2026-01-25 09:45:43,USR22616,MCH5945,13492.19,UTR1739428472,1310,PENDING,TXN00018508,USR22616,MCH5945,UTR1739428472,0,0,0,0,0,0,1
TXN00009717,2026-02-26 09:17:14,USR39429,MCH8684,5384.98,UTR7650797461,9120,SUCCESS,TXN00009717,USR39429,MCH8684,UTR7650797461,0,0,0,0,0,0,0
TXN00002981,2026-08-01 21:15:46,USR22040,MCH1887,10947.0,UTR1891337838,4110,SUCCESS,TXN00002981,USR22040,MCH1887,UTR 1891337838,0,0,0,0,0,0,0
TXN00002011,2026-01-31 08:13:57,USR68340,MCH5602,850.0,UTR9443025041,4110,PENDING,TXN00002011,USR68340,MCH5602,UTR9443025041,0,0,0,0,0,0,1
TXN00002364,2026-03-31 02:56:51,USR68181,MCH3392,12155.15,UTR3276557030,4110,SUCCESS,TXN00002364,USR68181,MCH3392,UTR3276557030,0,0,0,0,0,0,0
TXN00011117,2026-02-12 08:06:47,USR68365,MCH3758,23206.14,UTR0318204192,0110,SUCCESS,TXN00011117,USR68365,MCH3758,UTR0318204192,0,0,0,0,0,0,0
TXN00013790,2026-01-21 16:38:55,USR58131,MCH6672,17338.71,UTR2919156824,4110,SUCCESS,TXN00013790,USR58131,MCH6672,UTR2919156824,0,0,0,0,0,0,0
TXN00015942,2026-03-09 23:29:18,USR66367,MCH4744,6852.21,UTR4102793111,,SUCCESS,TXN00015942,USR66367,MCH4744,UTR4102793111,0,0,1,0,0,0,0
TXN00001349,2026-03-07 06:31:46,USR13385,MCH3062,24691.36,UTR8639175049,4110,SUCCESS,TXN00001349,USR13385,MCH3062,UTR8639175049,0,0,0,0,0,0,0
TXN00003943,2026-01-10 08:25:39,USR91388,MCH9567,2112.35,UTR2157310032,1310,SUCCESS,TXN00003943,USR91388,MCH9567,UTR2157310032,0,0,0,0,0,0,0
TXN00015611,2026-03-04 01:25:43,USR41524,MCH5315,14093.82,UTR9369241201,4110,SUCCESS,TXN00015611,USR41524,MCH5315,UTR9369241201,0,0,0,0,0,0,0
TXN00002777,2026-03-07 03:58:18,USR34896,MCH4167,1107.06,,8120,SUCCESS,TXN00002777,USR34896,MCH4167,,0,1,0,0,0,0,0
TXN00002849,2026-01-17 18:19:06,USR42649,MCH5349,14106.21,UTR8595072963,,SUCCESS,TXN00002849,USR42649,MCH5349,UTR8595072963,0,0,1,0,0,0,0
TXN00001080,2026-01-24 20:02:42,USR17355,MCH9593,23749.53,UTR0455157353,1310,SUCCESS,TXN00001080,USR17355,MCH9593,UTR0455157353,0,0,0,0,0,0,0
TXN00012975,2026-03-13 13:00:18,USR56377,MCH9000,24556.79,UTR2301169592,9120,SUCCESS,TXN00012975,USR56377,MCH9000,UTR2301169592,0,0,0,0,0,0,0
TXN00003498,2026-02-28 19:28:26,USR97123,MCH3745,22153.47,UTR4954770788,9120,SUCCESS,TXN00003498,USR97123,MCH3745,UTR4954770788,0,0,0,0,0,0,0
TXN00007665,2026-03-19 22:59:27,USR31006,MCH8588,8944.26,UTR3660086388,1310,SUCCESS,TXN00007665,USR31006,MCH8588,UTR3660086388,0,0,0,0,0,0,0
TXN00018530,2026-09-03 17:20:04,USR29516,MCH4067,16816.06,UTR6024730250,8120,SUCCESS,TXN00018530,USR29516,MCH4067,UTR6024730250,0,0,0,0,0,0,0
TXN00001626,2026-02-18 07:38:55,USR21609,MCH3528,17253.22,UTR3012968859,8120,SUCCESS,TXN00001626,USR21609,MCH3528,UTR3012968859,0,0,0,0,0,0,0
TXN00014231,2026-01-07 05:03:39,USR39144,MCH6034,2547.9,UTR9455034512,8120,SUCCESS,TXN00014231,USR39144,MCH6034,UTR9455034512,0,0,0,0,0,0,0
TXN00015439,2026-05-03 23:56:54,USR92255,MCH7327,17519.44,UTR8421046457,8120,FAILED,TXN00015439,USR92255,MCH7327,UTR8421046457,0,0,0,0,0,1,0
TXN00011787,2026-02-15 01:34:13,USR28201,MCH3600,21753.94,UTR8127000118,4110,SUCCESS,TXN00011787,USR28201,MCH3600,UTR8127000118,0,0,0,0,0,0,0
TXN00004789,2026-01-01 19:44:51,USR81770,MCH4433,12328.99,UTR8374254502,1310,SUCCESS,TXN00004789,USR81770,MCH4433,UTR 8374254502,0,0,0,0,0,0,0
TXN00005657,2026-01-05 07:57:53,USR28690,MCH4909,16908.13,UTR7459723345,,PENDING,TXN00005657,USR28690,MCH4909,UTR7459723345,0,0,1,0,0,0,1
TXN00006674,2026-02-23 17:56:18,USR12563,MCH8997,1590.7,UTR0852130561,0110,SUCCESS,TXN00006674,USR12563,MCH8997,UTR0852130561,0,0,0,0,0,0,0
TXN00002873,2026-01-17 21:39:41,USR57681,MCH1432,22315.03,UTR8830634738,1310,SUCCESS,TXN00002873,USR57681,MCH1432,UTR8830634738,0,0,0,0,0,0,0
TXN00000566,2026-02-11 17:28:32,USR79414,MCH6976,14752.04,UTR5783195299,0110,SUCCESS,TXN00000566,USR79414,MCH6976,UTR5783195299,0,0,0,0,0,0,0
TXN00016148,2026-01-06 00:03:00,USR85059,MCH2306,17431.56,UTR2468894479,0110,SUCCESS,TXN00016148,USR85059,MCH2306,UTR2468894479,0,0,0,0,0,0,0
TXN00013289,2026-01-07 08:31:43,USR38707,MCH2355,7294.93,UTR0324348856,,SUCCESS,TXN00013289,USR38707,MCH2355,UTR0324348856,0,0,1,0,0,0,0
TXN00018191,2026-11-03 19:43:20,USR46014,MCH7278,9206.0,UTR6096815670,1310,FAILED,TXN00018191,USR46014,MCH7278,UTR6096815670,0,0,0,0,0,1,0
TXN00013016,2026-01-10 12:19:41,USR80739,MCH7047,15972.0,UTR4838406453,9120,SUCCESS,TXN00013016,USR80739,MCH7047,UTR4838406453,0,0,0,0,0,0,0
TXN00003699,2026-03-06 02:24:23,USR93701,MCH6613,-23330.8,UTR7567584143,,FAILED,TXN00003699,USR93701,MCH6613,UTR7567584143,1,0,1,0,0,1,0
TXN00006208,2026-02-17 14:11:56,USR96991,MCH1794,8436.94,UTR7027940951,9120,SUCCESS,TXN00006208,USR96991,MCH1794,UTR7027940951,0,0,0,0,0,0,0
TXN00003796,2026-01-12 09:21:59,USR36626,MCH4821,16471.35,UTR5889116005,9120,SUCCESS,TXN00003796,USR36626,MCH4821,UTR5889116005,0,0,0,0,0,0,0
TXN00001609,2026-01-15 03:12:07,USR19227,MCH7557,5850.46,UTR4751860474,8120,SUCCESS,TXN00001609,USR19227,MCH7557,UTR4751860474,0,0,0,0,0,0,0
TXN00005078,2026-02-15 01:01:39,USR12799,MCH7339,5922.88,UTR4930178883,4110,SUCCESS,TXN00005078,USR12799,MCH7339,UTR 4930178883,0,0,0,0,0,0,0
TXN00007398,2026-01-23 07:30:17,USR41871,MCH4562,22376.9,UTR6915344657,9120,FAILED,TXN00007398,USR41871,MCH4562,UTR 6915344657,0,0,0,0,0,1,0
TXN00016259,2026-03-04 15:14:08,USR25989,MCH9291,516.03,UTR2893062931,4110,SUCCESS,TXN00016259,USR25989,MCH9291,UTR2893062931,0,0,0,0,0,0,0
TXN00002901,2026-03-11 19:05:15,USR78616,MCH4802,3205.39,UTR9460057961,,SUCCESS,TXN00002901,USR78616,MCH4802,UTR9460057961,0,0,1,0,0,0,0
TXN00011437,2026-02-09 06:03:42,USR38192,MCH9586,12401.04,UTR6572232066,8120,SUCCESS,TXN00011437,USR38192,MCH9586,UTR 6572232066,0,0,0,0,0,0,0
TXN00003015,2026-02-10 08:28:07,USR72743,MCH7831,15536.0,UTR9325668704,9120,SUCCESS,TXN00003015,USR72743,MCH7831,UTR9325668704,0,0,0,0,0,0,0
TXN00011385,2026-02-14 08:45:38,USR63045,MCH1423,7065.34,UTR7695364722,9120,SUCCESS,TXN00011385,USR63045,MCH1423,UTR 7695364722,0,0,0,0,0,0,0
TXN00005334,2026-02-01 05:23:33,USR88918,MCH7772,7587.46,UTR4708420903,4110,FAILED,TXN00005334,USR88918,MCH7772,UTR4708420903,0,0,0,0,0,1,0
TXN00014412,2026-05-01 17:23:49,USR47396,MCH1374,19997.74,UTR1927783827,4110,SUCCESS,TXN00014412,USR47396,MCH1374,UTR1927783827,0,0,0,0,0,0,0
TXN00009226,2026-02-24 13:58:04,USR18613,MCH9798,23184.89,UTR2527670809,1310,SUCCESS,TXN00009226,USR18613,MCH9798,UTR2527670809,0,0,0,0,0,0,0
TXN00002285,2026-03-04 10:16:46,USR63729,MCH3710,3509.2,UTR1742904586,0110,SUCCESS,TXN00002285,USR63729,MCH3710,UTR1742904586,0,0,0,0,0,0,0
TXN00017598,2026-01-11 18:11:27,USR83469,MCH8375,2914.98,UTR3664533433,4110,SUCCESS,TXN00017598,USR83469,MCH8375,UTR 3664533433,0,0,0,0,0,0,0
TXN00010816,2026-01-29 11:08:03,USR93008,MCH5111,14437.77,UTR3502546528,1310,SUCCESS,TXN00010816,USR93008,MCH5111,UTR 3502546528,0,0,0,0,0,0,0
TXN00005293,2026-01-04 08:44:20,USR44247,MCH1249,993.65,UTR1873876963,9120,SUCCESS,TXN00005293,USR44247,MCH1249,UTR1873876963,0,0,0,0,0,0,0
TXN00000168,2026-02-17 21:58:30,USR71300,MCH5769,4671.1,UTR7764259731,4110,SUCCESS,TXN00000168,USR71300,MCH5769,UTR7764259731,0,0,0,0,0,0,0
TXN00005648,2026-02-22 19:54:19,USR67178,MCH8281,18383.36,UTR8825225760,4110,SUCCESS,TXN00005648,USR67178,MCH8281,UTR8825225760,0,0,0,0,0,0,0
TXN00008673,2026-03-15 23:39:55,USR98911,MCH1886,12446.26,UTR2197296086,4110,SUCCESS,TXN00008673,USR98911,MCH1886,UTR2197296086,0,0,0,0,0,0,0
TXN00012168,2026-01-01 12:29:31,USR50757,MCH3131,0.188328,UTR1025671488,9120,SUCCESS,TXN00012168,USR50757,MCH3131,UTR1025671488,0,0,0,0,0,0,0
TXN00019703,2026-02-02 19:17:26,USR69478,MCH7069,8424.55,UTR1281197007,9120,FAILED,TXN00019703,USR69478,MCH7069,UTR1281197007,0,0,0,0,0,1,0
TXN00002444,2026-03-18 12:27:11,USR11136,MCH7480,0.2084291,UTR9872962790,8120,SUCCESS,TXN00002444,USR11136,MCH7480,UTR9872962790,0,0,0,0,0,0,0
TXN00015025,2026-02-18 08:14:58,USR18678,MCH1625,2507.42,UTR1285566505,4110,SUCCESS,TXN00015025,USR18678,MCH1625,UTR1285566505,0,0,0,0,0,0,0
TXN00008809,2026-02-06 23:05:53,USR21623,MCH9333,1022.32,UTR5104708928,9120,PENDING,TXN00008809,USR21623,MCH9333,UTR5104708928,0,0,0,0,0,0,1
TXN00007893,2026-03-21 00:20:00,USR77173,MCH8664,0.2004305,UTR6038183130,4110,SUCCESS,TXN00007893,USR77173,MCH8664,UTR6038183130,0,0,0,0,0,0,0
TXN00018622,2026-01-13 03:49:27,USR28581,MCH8982,15604.47,UTR3123094668,4110,SUCCESS,TXN00018622,USR28581,MCH8982,UTR3123094668,0,0,0,0,0,0,0
TXN00009054,2026-03-17 02:47:53,USR57250,MCH2420,7882.06,UTR2846230025,,FAILED,TXN00009054,USR57250,MCH2420,UTR2846230025,0,0,1,0,0,1,0
TXN00000823,2026-03-28 13:10:22,USR51195,MCH2334,8344.14,UTR3698183420,4110,FAILED,TXN00000823,USR51195,MCH2334,UTR3698183420,0,0,0,0,0,1,0
TXN00004068,2026-02-01 16:30:45,USR70975,MCH6028,24479.0,UTR9086676804,9120,SUCCESS,TXN00004068,USR70975,MCH6028,UTR9086676804,0,0,0,0,0,0,0
TXN00014838,2026-03-21 06:19:30,USR49344,MCH8031,19007.54,UTR6152326210,0110,FAILED,TXN00014838,USR49344,MCH8031,UTR6152326210,0,0,0,0,0,1,0
TXN00013085,2026-01-04 21:51:51,USR86756,MCH7585,5687.51,UTR8603453015,1310,SUCCESS,TXN00013085,USR86756,MCH7585,UTR8603453015,0,0,0,0,0,0,0
TXN00014062,2026-02-15 19:50:56,USR15284,MCH5423,24149.1,UTR6660457649,4110,SUCCESS,TXN00014062,USR15284,MCH5423,UTR6660457649,0,0,0,0,0,0,0
TXN00009055,2026-03-22 08:29:48,USR41447,MCH4760,0.1439298,UTR7966664547,0110,SUCCESS,TXN00009055,USR41447,MCH4760,UTR7966664547,0,0,0,0,0,0,0
TXN00013193,2026-03-14 20:55:41,USR27013,MCH3214,1826.37,UTR1594686158,9120,SUCCESS,TXN00013193,USR27013,MCH3214,UTR1594686158,0,0,0,0,0,0,0
TXN00000953,2026-02-01 17:36:21,USR42639,MCH1553,0.439253,UTR3893919624,9120,SUCCESS,TXN00000953,USR42639,MCH1553,UTR3893919624,0,0,0,0,0,0,0
TXN00005829,2026-03-14 05:00:06,USR11957,MCH5070,9044.89,UTR9772046262,,SUCCESS,TXN00005829,USR11957,MCH5070,UTR9772046262,0,0,1,0,0,0,0
TXN00009112,2026-02-13 15:10:27,USR47475,MCH4007,13199.03,,8120,SUCCESS,TXN00009112,USR47475,MCH4007,,0,1,0,0,0,0,0
TXN00008481,2026-03-10 05:03:40,USR38127,MCH4803,85.49,UTR6451373683,0110,SUCCESS,TXN00008481,USR38127,MCH4803,UTR6451373683,0,0,0,0,0,0,0
TXN00014166,2026-01-04 02:42:11,USR61597,MCH8220,11822.95,UTR1922361919,,SUCCESS,TXN00014166,USR61597,MCH8220,UTR 1922361919,0,0,1,0,0,0,0
TXN00009773,2026-03-26 01:10:47,USR29448,MCH9220,4398.91,UTR2511172024,8120,SUCCESS,TXN00009773,USR29448,MCH9220,UTR2511172024,0,0,0,0,0,0,0
TXN00011496,2026-03-06 04:25:46,USR38195,MCH7501,13680.23,UTR6393000543,9120,SUCCESS,TXN00011496,USR38195,MCH7501,UTR6393000543,0,0,0,0,0,0,0
TXN00005006,2026-12-03 04:11:44,USR23525,MCH1624,2212.0,UTR6703939863,0110,SUCCESS,TXN00005006,USR23525,MCH1624,UTR6703939863,0,0,0,0,0,0,0
TXN00018756,2026-02-07 07:11:47,USR60240,MCH3730,5443.25,UTR3645132185,8120,SUCCESS,TXN00018756,USR60240,MCH3730,UTR3645132185,0,0,0,0,0,0,0
TXN00002872,2026-03-03 21:56:55,USR28754,MCH4880,23661.95,UTR9423521750,4110,SUCCESS,TXN00002872,USR28754,MCH4880,UTR9423521750,0,0,0,0,0,0,0
TXN00003875,2026-03-19 04:25:37,USR88700,MCH6260,1057.46,UTR6046998902,9120,SUCCESS,TXN00003875,USR88700,MCH6260,UTR 6046998902,0,0,0,0,0,0,0
TXN00011767,2026-02-10 01:03:03,USR10632,MCH7796,6432.08,UTR5739735011,4110,SUCCESS,TXN00011767,USR10632,MCH7796,UTR5739735011,0,0,0,0,0,0,0
TXN00004931,2026-12-03 20:55:34,USR28965,MCH7791,0.1060002,UTR2889411247,4110,SUCCESS,TXN00004931,USR28965,MCH7791,UTR2889411247,0,0,0,0,0,0,0
TXN00007885,2026-02-25 03:09:01,USR41578,MCH7223,2625.47,UTR9067377079,0110,SUCCESS,TXN00007885,USR41578,MCH7223,UTR9067377079,0,0,0,0,0,0,0
TXN00000926,2026-01-17 00:34:55,USR86246,MCH7347,571.51,UTR0351656304,0110,FAILED,TXN00000926,USR86246,MCH7347,UTR0351656304,0,0,0,0,0,1,0
TXN00002765,2026-01-05 02:41:40,USR29647,MCH4573,-3365.53,UTR9985722826,8120,FAILED,TXN00002765,USR29647,MCH4573,UTR9985722826,1,0,0,0,0,1,0
TXN00006636,2026-01-11 01:17:53,USR63993,MCH5416,8456.59,UTR1752337714,8120,PENDING,TXN00006636,USR63993,MCH5416,UTR1752337714,0,0,0,0,0,0,1
TXN00006635,2026-01-13 11:09:04,USR38062,MCH1175,15987.98,UTR8733068423,4110,FAILED,TXN00006635,USR38062,MCH1175,UTR8733068423,0,0,0,0,0,1,0
TXN00014926,2026-02-28 16:17:16,USR53325,MCH1479,6649.3,UTR1456036971,4110,SUCCESS,TXN00014926,USR53325,MCH1479,UTR1456036971,0,0,0,0,0,0,0
TXN00018587,2026-01-04 10:57:15,USR11158,MCH8530,17981.92,UTR5334207355,1310,SUCCESS,TXN00018587,USR11158,MCH8530,UTR5334207355,0,0,0,0,0,0,0
TXN00017312,2026-03-06 01:08:02,USR15513,MCH7909,14890.29,UTR9034748535,8120,SUCCESS,TXN00017312,USR15513,MCH7909,UTR9034748535,0,0,0,0,0,0,0
TXN00017870,2026-01-29 05:17:00,USR51679,MCH8572,10162.81,UTR2792876731,0110,SUCCESS,TXN00017870,USR51679,MCH8572,UTR2792876731,0,0,0,0,0,0,0
TXN00007090,2026-03-07 05:08:24,USR62766,MCH7114,2154.0,UTR4516639078,1310,FAILED,TXN00007090,USR62766,MCH7114,UTR4516639078,0,0,0,0,0,1,0
TXN00000001,2026-03-04 01:58:20,USR43260,MCH1719,9369.76,UTR5360711691,4110,SUCCESS,TXN00000001,USR43260,MCH1719,UTR5360711691,0,0,0,0,0,0,0
TXN00007476,2026-03-27 03:00:48,USR95234,MCH1340,12434.21,UTR7389418232,1310,SUCCESS,TXN00007476,USR95234,MCH1340,UTR7389418232,0,0,0,0,0,0,0
TXN00000833,2026-02-23 04:38:03,USR73438,MCH5971,3530.02,UTR2662132650,0110,PENDING,TXN00000833,USR73438,MCH5971,UTR2662132650,0,0,0,0,0,0,1
TXN00001358,2026-02-20 09:16:24,USR59418,MCH3587,0.1054881,,4110,SUCCESS,TXN00001358,USR59418,MCH3587,,0,1,0,0,0,0,0
TXN00000358,2026-01-18 19:33:29,USR31087,MCH4647,14648.53,UTR9411139512,4110,SUCCESS,TXN00000358,USR31087,MCH4647,UTR9411139512,0,0,0,0,0,0,0
TXN00010621,2026-03-28 00:00:00,USR62228,MCH6074,8947.44,UTR5869953557,8120,SUCCESS,TXN00010621,USR62228,MCH6074,UTR5869953557,0,0,0,0,0,0,0
TXN00013414,2026-09-03 14:56:21,USR48018,MCH3853,3528.89,UTR2631762097,9120,SUCCESS,TXN00013414,USR48018,MCH3853,UTR2631762097,0,0,0,0,0,0,0
TXN00003646,2026-01-11 22:56:49,USR71515,MCH9382,3871.0,UTR1605848417,4110,SUCCESS,TXN00003646,USR71515,MCH9382,UTR1605848417,0,0,0,0,0,0,0
TXN00001691,2026-03-17 07:36:26,USR85149,MCH6726,4379.22,UTR6229334420,4110,FAILED,TXN00001691,USR85149,MCH6726,UTR6229334420,0,0,0,0,0,1,0
TXN00019358,2026-01-01 18:34:22,USR33323,MCH3798,22422.99,UTR6720411794,4110,SUCCESS,TXN00019358,USR33323,MCH3798,UTR6720411794,0,0,0,0,0,0,0
TXN00019151,2026-01-12 13:21:33,USR40371,MCH4402,0.1307442,UTR0270368441,,SUCCESS,TXN00019151,USR40371,MCH4402,UTR0270368441,0,0,1,0,0,0,0
TXN00015507,2026-03-05 19:39:43,USR92159,MCH6114,19148.65,UTR4955763280,1310,SUCCESS,TXN00015507,USR92159,MCH6114,UTR4955763280,0,0,0,0,0,0,0
TXN00008752,2026-01-03 05:00:25,USR82168,MCH2144,4920.1,UTR3125510981,4110,SUCCESS,TXN00008752,USR82168,MCH2144,UTR3125510981,0,0,0,0,0,0,0
TXN00006062,2026-01-26 02:42:08,USR80694,MCH8324,8339.16,UTR1141869942,8120,SUCCESS,TXN00006062,USR80694,MCH8324,UTR1141869942,0,0,0,0,0,0,0
TXN00015933,2026-03-01 20:28:23,USR49052,MCH4317,22210.21,UTR0487700230,4110,SUCCESS,TXN00015933,USR49052,MCH4317,UTR0487700230,0,0,0,0,0,0,0
TXN00009824,2026-02-14 06:37:25,USR36830,MCH1986,4968.0,UTR4974040541,8120,SUCCESS,TXN00009824,USR36830,MCH1986,UTR4974040541,0,0,0,0,0,0,0
TXN00000753,2026-01-28 13:16:12,USR41859,MCH3869,15696.42,UTR6961758598,4110,SUCCESS,TXN00000753,USR41859,MCH3869,UTR6961758598,0,0,0,0,0,0,0
TXN00016826,2026-01-26 12:25:56,USR34241,MCH7170,0.198792,UTR8497184996,,SUCCESS,TXN00016826,USR34241,MCH7170,UTR8497184996,0,0,1,0,0,0,0
TXN00007746,2026-03-23 01:33:08,USR82627,MCH7224,14989.77,UTR6379649994,8120,SUCCESS,TXN00007746,USR82627,MCH7224,UTR6379649994,0,0,0,0,0,0,0
TXN00019097,2026-02-03 03:55:11,USR35218,MCH7070,16537.09,UTR0602442300,4110,PENDING,TXN00019097,USR35218,MCH7070,UTR0602442300,0,0,0,0,0,0,1
TXN00008003,2026-03-16 20:24:20,USR51854,MCH3780,2402.9,UTR7632282119,,SUCCESS,TXN00008003,USR51854,MCH3780,UTR7632282119,0,0,1,0,0,0,0
TXN00015063,2026-02-16 05:51:53,USR85109,MCH8900,2311.09,,8120,SUCCESS,TXN00015063,USR85109,MCH8900,,0,1,0,0,0,0,0
TXN00014333,2026-02-08 18:32:02,USR61559,MCH7888,2861.73,UTR5439164181,8120,SUCCESS,TXN00014333,USR61559,MCH7888,UTR5439164181,0,0,0,0,0,0,0
TXN00011574,2026-01-28 14:47:15,USR24543,MCH3212,7174.0,UTR1219421041,0110,SUCCESS,TXN00011574,USR24543,MCH3212,UTR 1219421041,0,0,0,0,0,0,0
TXN00007004,2026-03-08 14:12:47,USR17785,MCH6477,19171.54,UTR4027418476,0110,SUCCESS,TXN00007004,USR17785,MCH6477,UTR4027418476,0,0,0,0,0,0,0
TXN00012862,2026-01-04 14:26:04,USR35380,MCH8824,0.2399649,UTR9802178517,9120,SUCCESS,TXN00012862,USR35380,MCH8824,UTR9802178517,0,0,0,0,0,0,0
TXN00013614,2026-03-02 03:41:40,USR24928,MCH6195,3347.62,UTR8938898138,1310,SUCCESS,TXN00013614,USR24928,MCH6195,UTR8938898138,0,0,0,0,0,0,0
TXN00012116,2026-01-18 12:17:32,USR35633,MCH2764,1925.0,UTR8894782741,,SUCCESS,TXN00012116,USR35633,MCH2764,UTR8894782741,0,0,1,0,0,0,0
TXN00000672,2026-02-07 09:34:13,USR12977,MCH7469,0.2242017,UTR1482032658,4110,SUCCESS,TXN00000672,USR12977,MCH7469,UTR1482032658,0,0,0,0,0,0,0
TXN00011182,2026-02-21 21:17:22,USR37810,MCH8936,22637.66,UTR2872400397,9120,SUCCESS,TXN00011182,USR37810,MCH8936,UTR2872400397,0,0,0,0,0,0,0
TXN00004755,2026-03-09 12:51:31,USR71502,MCH6298,21537.53,UTR5466401508,4110,SUCCESS,TXN00004755,USR71502,MCH6298,UTR5466401508,0,0,0,0,0,0,0
TXN00000317,2026-01-13 20:18:32,USR88534,MCH9271,10229.73,UTR3768942903,4110,SUCCESS,TXN00000317,USR88534,MCH9271,UTR3768942903,0,0,0,0,0,0,0
TXN00007349,2026-01-15 06:13:13,USR47239,MCH2757,17669.0,UTR2604604135,4110,SUCCESS,TXN00007349,USR47239,MCH2757,UTR 2604604135,0,0,0,0,0,0,0
TXN00009073,2026-03-12 03:53:20,USR54991,MCH2116,10577.48,,9120,SUCCESS,TXN00009073,USR54991,MCH2116,,0,1,0,0,0,0,0
TXN00019361,2026-02-26 22:16:44,USR19450,MCH1366,1463.24,UTR8106191932,4110,SUCCESS,TXN00019361,USR19450,MCH1366,UTR8106191932,0,0,0,0,0,0,0
TXN00010076,2026-09-03 00:27:54,USR24338,MCH1712,6860.66,UTR9802729541,8120,SUCCESS,TXN00010076,USR24338,MCH1712,UTR9802729541,0,0,0,0,0,0,0
TXN00002429,2026-02-01 18:28:48,USR71417,MCH1107,7856.03,UTR5092343103,4110,SUCCESS,TXN00002429,USR71417,MCH1107,UTR 5092343103,0,0,0,0,0,0,0
TXN00009722,2026-01-01 00:25:46,USR65067,MCH4578,0.1156359,UTR9447995481,4110,SUCCESS,TXN00009722,USR65067,MCH4578,UTR9447995481,0,0,0,0,0,0,0
TXN00007773,2026-03-27 12:50:56,USR47382,MCH3892,6231.1,UTR6055442685,4110,SUCCESS,TXN00007773,USR47382,MCH3892,UTR6055442685,0,0,0,0,0,0,0
TXN00010693,2026-02-07 08:50:01,USR35111,MCH9008,23877.91,UTR9323030985,4110,SUCCESS,TXN00010693,USR35111,MCH9008,UTR9323030985,0,0,0,0,0,0,0
TXN00003718,2026-02-03 10:32:40,USR43387,MCH3349,0.19827,,4110,SUCCESS,TXN00003718,USR43387,MCH3349,,0,1,0,0,0,0,0
TXN00014368,2026-01-18 04:59:28,USR57819,MCH8508,19242.31,UTR3156783698,4110,SUCCESS,TXN00014368,USR57819,MCH8508,UTR3156783698,0,0,0,0,0,0,0
TXN00016966,2026-01-01 23:08:31,USR99647,MCH9535,17138.31,UTR5646580208,,FAILED,TXN00016966,USR99647,MCH9535,UTR 5646580208,0,0,1,0,0,1,0
TXN00013108,2026-01-18 18:36:02,USR87199,MCH2725,22726.93,UTR5173683393,9120,SUCCESS,TXN00013108,USR87199,MCH2725,UTR 5173683393,0,0,0,0,0,0,0
TXN00006917,2026-01-05 06:10:54,USR27083,MCH9109,9490.35,UTR6299253245,9120,SUCCESS,TXN00006917,USR27083,MCH9109,UTR 6299253245,0,0,0,0,0,0,0
TXN00009650,2026-02-21 17:23:13,USR11042,MCH9379,5023.4,UTR6319772671,,FAILED,TXN00009650,USR11042,MCH9379,UTR6319772671,0,0,1,0,0,1,0
TXN00002296,2026-02-12 22:25:10,USR99694,MCH8032,201.52,UTR3428963379,,SUCCESS,TXN00002296,USR99694,MCH8032,UTR 3428963379,0,0,1,0,0,0,0
TXN00016160,2026-05-02 20:05:20,USR84338,MCH9825,4954.39,UTR9673274801,,SUCCESS,TXN00016160,USR84338,MCH9825,UTR9673274801,0,0,1,0,0,0,0
TXN00004297,2026-03-04 15:01:53,USR14284,MCH9143,3595.3,UTR3633242172,1310,SUCCESS,TXN00004297,USR14284,MCH9143,UTR3633242172,0,0,0,0,0,0,0
TXN00012473,2026-02-14 22:35:10,USR18474,MCH4387,7315.41,UTR4299034771,,SUCCESS,TXN00012473,USR18474,MCH4387,UTR4299034771,0,0,1,0,0,0,0
TXN00017042,2026-02-18 11:03:31,USR13975,MCH7105,0.1308367,UTR2050504203,,FAILED,TXN00017042,USR13975,MCH7105,UTR2050504203,0,0,1,0,0,1,0
TXN00009831,2026-01-18 10:57:29,USR27790,MCH1015,10239.53,UTR1837947072,0110,SUCCESS,TXN00009831,USR27790,MCH1015,UTR1837947072,0,0,0,0,0,0,0
TXN00006617,2026-03-13 11:30:10,USR18299,MCH7034,4999.75,UTR7917375393,8120,SUCCESS,TXN00006617,USR18299,MCH7034,UTR7917375393,0,0,0,0,0,0,0
TXN00001077,2026-01-27 01:24:24,USR59154,MCH3158,9614.32,UTR7826734414,9120,SUCCESS,TXN00001077,USR59154,MCH3158,UTR7826734414,0,0,0,0,0,0,0
TXN00014848,2026-03-05 13:08:41,USR77291,MCH8659,24719.12,UTR2050701692,4110,SUCCESS,TXN00014848,USR77291,MCH8659,UTR2050701692,0,0,0,0,0,0,0
TXN00017780,2026-03-28 21:38:14,USR11096,MCH8203,18572.99,UTR3741765800,1310,SUCCESS,TXN00017780,USR11096,MCH8203,UTR3741765800,0,0,0,0,0,0,0
TXN00013280,2026-02-18 00:00:00,USR83447,MCH5766,21351.85,UTR1388601494,9120,SUCCESS,TXN00013280,USR83447,MCH5766,UTR1388601494,0,0,0,0,0,0,0
TXN00004794,2026-02-04 02:19:36,USR90380,MCH7254,7448.28,UTR4154542312,8120,SUCCESS,TXN00004794,USR90380,MCH7254,UTR4154542312,0,0,0,0,0,0,0
TXN00008814,2026-01-31 15:03:56,USR95830,MCH6236,8663.19,UTR0199526277,4110,SUCCESS,TXN00008814,USR95830,MCH6236,UTR0199526277,0,0,0,0,0,0,0
TXN00017151,2026-03-30 06:15:40,USR48182,MCH3885,12649.08,UTR6097099821,9120,SUCCESS,TXN00017151,USR48182,MCH3885,UTR6097099821,0,0,0,0,0,0,0
TXN00009759,2026-01-29 13:29:59,USR86756,MCH7380,4943.0,UTR5476205173,4110,SUCCESS,TXN00009759,USR86756,MCH7380,UTR 5476205173,0,0,0,0,0,0,0
TXN00006828,2026-03-10 21:41:45,USR15485,MCH3016,5346.3,UTR4596077465,9120,SUCCESS,TXN00006828,USR15485,MCH3016,UTR4596077465,0,0,0,0,0,0,0
TXN00014204,2026-03-29 17:30:41,USR89285,MCH4936,20300.44,,4110,SUCCESS,TXN00014204,USR89285,MCH4936,,0,1,0,0,0,0,0
TXN00007131,2026-01-22 12:11:32,USR95865,MCH1703,7073.86,UTR6735937000,,SUCCESS,TXN00007131,USR95865,MCH1703,UTR6735937000,0,0,1,0,0,0,0
TXN00002016,2026-03-08 16:24:32,USR25765,MCH8600,10283.28,UTR7846840996,,SUCCESS,TXN00002016,USR25765,MCH8600,UTR7846840996,0,0,1,0,0,0,0
TXN00004772,2026-01-31 10:09:42,USR92685,MCH7646,10092.99,UTR4751502413,9120,SUCCESS,TXN00004772,USR92685,MCH7646,UTR4751502413,0,0,0,0,0,0,0
TXN00003758,2026-08-01 16:14:50,USR46353,MCH3761,0.855927,UTR5515862111,4110,SUCCESS,TXN00003758,USR46353,MCH3761,UTR5515862111,0,0,0,0,0,0,0
TXN00019363,2026-03-26 16:10:29,USR80393,MCH4791,18263.6,UTR8739089977,0110,SUCCESS,TXN00019363,USR80393,MCH4791,UTR8739089977,0,0,0,0,0,0,0
TXN00009691,2026-02-23 21:26:53,USR90214,MCH7032,24180.66,UTR5968805692,9120,FAILED,TXN00009691,USR90214,MCH7032,UTR5968805692,0,0,0,0,0,1,0
TXN00009316,2026-01-05 10:00:16,USR25832,MCH1178,2507.3,UTR7894074160,1310,SUCCESS,TXN00009316,USR25832,MCH1178,UTR7894074160,0,0,0,0,0,0,0
TXN00011178,2026-03-09 18:22:55,USR52957,MCH2756,24424.51,UTR9612776866,8120,SUCCESS,TXN00011178,USR52957,MCH2756,UTR9612776866,0,0,0,0,0,0,0
TXN00000039,2026-01-01 15:08:35,USR17346,MCH9363,-17108.98,UTR1545585137,8120,FAILED,TXN00000039,USR17346,MCH9363,UTR1545585137,1,0,0,0,0,1,0
TXN00011724,2026-01-19 02:40:02,USR68857,MCH2956,14308.0,UTR1208708406,,SUCCESS,TXN00011724,USR68857,MCH2956,UTR1208708406,0,0,1,0,0,0,0
TXN00007927,2026-02-01 13:30:54,USR43113,MCH5039,0.2133513,,0110,SUCCESS,TXN00007927,USR43113,MCH5039,,0,1,0,0,0,0,0
TXN00003907,2026-01-22 05:39:13,USR86741,MCH2927,12857.25,UTR1332953775,1310,SUCCESS,TXN00003907,USR86741,MCH2927,UTR1332953775,0,0,0,0,0,0,0
TXN00000984,2026-01-15 19:04:35,USR40382,MCH3751,1887.69,UTR8679268200,9120,SUCCESS,TXN00000984,USR40382,MCH3751,UTR8679268200,0,0,0,0,0,0,0
TXN00006978,2026-03-03 04:30:45,USR58308,MCH7057,20699.84,UTR0662272018,,PENDING,TXN00006978,USR58308,MCH7057,UTR0662272018,0,0,1,0,0,0,1
TXN00000352,2026-01-19 14:26:14,USR55388,MCH6925,21413.68,UTR1054043705,,SUCCESS,TXN00000352,USR55388,MCH6925,UTR1054043705,0,0,1,0,0,0,0
TXN00008586,2026-03-22 04:01:57,USR72781,MCH9605,-11763.4,UTR1291521587,,SUCCESS,TXN00008586,USR72781,MCH9605,UTR1291521587,1,0,1,0,0,0,0
TXN00003377,2026-02-10 13:44:33,USR72075,MCH1445,0.1902367,UTR9972441279,,SUCCESS,TXN00003377,USR72075,MCH1445,UTR9972441279,0,0,1,0,0,0,0
TXN00015075,2026-03-19 05:44:37,USR10142,MCH3620,23295.4,UTR3742930408,4110,SUCCESS,TXN00015075,USR10142,MCH3620,UTR3742930408,0,0,0,0,0,0,0
TXN00009137,2026-01-16 17:46:35,USR99216,MCH6615,16527.74,UTR3500799934,0110,SUCCESS,TXN00009137,USR99216,MCH6615,UTR3500799934,0,0,0,0,0,0,0
TXN00014973,2026-02-16 03:17:41,USR71906,MCH1890,5220.28,UTR8810665669,0110,SUCCESS,TXN00014973,USR71906,MCH1890,UTR8810665669,0,0,0,0,0,0,0
TXN00013361,2026-02-24 16:04:30,USR69717,MCH4967,-6442.71,UTR5737375313,1310,SUCCESS,TXN00013361,USR69717,MCH4967,UTR5737375313,1,0,0,0,0,0,0
TXN00011938,2026-01-30 00:00:00,USR52908,MCH2199,10407.6,UTR2886520310,4110,FAILED,TXN00011938,USR52908,MCH2199,UTR2886520310,0,0,0,0,0,1,0
TXN00013079,2026-09-02 16:09:11,USR49995,MCH6931,20986.0,UTR6912280929,,SUCCESS,TXN00013079,USR49995,MCH6931,UTR 6912280929,0,0,1,0,0,0,0
TXN00005281,2026-03-08 08:00:05,USR59734,MCH7490,24703.22,UTR6623055983,9120,SUCCESS,TXN00005281,USR59734,MCH7490,UTR6623055983,0,0,0,0,0,0,0
TXN00014153,2026-01-11 13:08:44,USR12408,MCH1612,10243.31,UTR2756789856,9120,SUCCESS,TXN00014153,USR12408,MCH1612,UTR2756789856,0,0,0,0,0,0,0
TXN00012327,2026-03-02 00:00:00,USR44023,MCH9344,19594.74,UTR7319378846,4110,SUCCESS,TXN00012327,USR44023,MCH9344,UTR7319378846,0,0,0,0,0,0,0
TXN00018291,2026-03-30 04:02:44,USR12644,MCH1035,23045.73,UTR8984858831,1310,SUCCESS,TXN00018291,USR12644,MCH1035,UTR8984858831,0,0,0,0,0,0,0
TXN00014398,2026-02-20 18:23:08,USR48702,MCH8702,800.06,UTR5608338195,4110,SUCCESS,TXN00014398,USR48702,MCH8702,UTR5608338195,0,0,0,0,0,0,0
TXN00012630,2026-01-31 15:59:03,USR32995,MCH8619,18457.42,UTR5061482934,1310,SUCCESS,TXN00012630,USR32995,MCH8619,UTR5061482934,0,0,0,0,0,0,0
TXN00002136,2026-01-27 10:02:44,USR37097,MCH6233,22257.55,UTR4657233230,8120,SUCCESS,TXN00002136,USR37097,MCH6233,UTR4657233230,0,0,0,0,0,0,0
TXN00012419,2026-03-11 00:00:00,USR30377,MCH6744,19526.55,UTR7656987036,,SUCCESS,TXN00012419,USR30377,MCH6744,UTR 7656987036,0,0,1,0,0,0,0
TXN00014383,2026-02-04 18:24:11,USR24694,MCH7717,7460.59,UTR3614974048,1310,FAILED,TXN00014383,USR24694,MCH7717,UTR3614974048,0,0,0,0,0,1,0
TXN00017393,2026-02-17 08:43:49,USR41380,MCH7087,21966.75,UTR4283071623,1310,SUCCESS,TXN00017393,USR41380,MCH7087,UTR 4283071623,0,0,0,0,0,0,0
TXN00009655,2026-01-24 03:55:14,USR31169,MCH1984,12991.03,UTR7359162928,9120,SUCCESS,TXN00009655,USR31169,MCH1984,UTR7359162928,0,0,0,0,0,0,0
TXN00005818,2026-01-28 05:15:18,USR44870,MCH2798,14523.41,UTR7002942638,,SUCCESS,TXN00005818,USR44870,MCH2798,UTR7002942638,0,0,1,0,0,0,0
TXN00009765,2026-01-01 01:57:54,USR15624,MCH2700,22115.45,UTR0185050699,8120,FAILED,TXN00009765,USR15624,MCH2700,UTR0185050699,0,0,0,0,0,1,0
TXN00010842,2026-03-05 16:01:57,USR28342,MCH1015,11789.49,UTR7236873602,9120,SUCCESS,TXN00010842,USR28342,MCH1015,UTR7236873602,0,0,0,0,0,0,0
TXN00002067,2026-01-12 03:42:07,USR61666,MCH5576,5042.0,UTR2165090934,9120,SUCCESS,TXN00002067,USR61666,MCH5576,UTR2165090934,0,0,0,0,0,0,0
TXN00011841,2026-01-12 17:07:03,USR28549,MCH3420,317.14,UTR1954613605,4110,SUCCESS,TXN00011841,USR28549,MCH3420,UTR 1954613605,0,0,0,0,0,0,0
TXN00016889,2026-02-14 03:14:42,USR71436,MCH3841,6356.62,UTR6954089476,9120,SUCCESS,TXN00016889,USR71436,MCH3841,UTR6954089476,0,0,0,0,0,0,0
TXN00016108,2026-01-18 20:54:20,USR28341,MCH8323,19968.97,UTR0097280115,8120,SUCCESS,TXN00016108,USR28341,MCH8323,UTR0097280115,0,0,0,0,0,0,0
TXN00009575,2026-03-15 15:12:21,USR55757,MCH5554,9509.95,UTR1732964028,9120,SUCCESS,TXN00009575,USR55757,MCH5554,UTR 1732964028,0,0,0,0,0,0,0
TXN00009697,2026-09-02 09:34:04,USR42058,MCH6302,5781.23,UTR4596055575,4110,SUCCESS,TXN00009697,USR42058,MCH6302,UTR4596055575,0,0,0,0,0,0,0
TXN00010542,2026-02-06 11:03:13,USR89669,MCH3001,15316.11,UTR6313456163,4110,SUCCESS,TXN00010542,USR89669,MCH3001,UTR6313456163,0,0,0,0,0,0,0
TXN00010256,2026-02-23 20:01:17,USR80559,MCH1578,304.01,UTR2962646988,,SUCCESS,TXN00010256,USR80559,MCH1578,UTR2962646988,0,0,1,0,0,0,0
TXN00002715,2026-03-05 15:57:53,USR84606,MCH9133,43.83,UTR5137482885,0110,SUCCESS,TXN00002715,USR84606,MCH9133,UTR5137482885,0,0,0,0,0,0,0
TXN00012943,2026-01-16 12:53:26,USR51746,MCH3959,468.53,,4110,SUCCESS,TXN00012943,USR51746,MCH3959,,0,1,0,0,0,0,0
TXN00015545,2026-01-01 22:58:59,USR31703,MCH1634,18655.0,UTR1970615630,1310,SUCCESS,TXN00015545,USR31703,MCH1634,UTR1970615630,0,0,0,0,0,0,0
TXN00018590,2026-01-22 20:51:32,USR66846,MCH2884,4731.32,UTR1978336141,,SUCCESS,TXN00018590,USR66846,MCH2884,UTR1978336141,0,0,1,0,0,0,0
TXN00002507,2026-02-21 05:04:13,USR54535,MCH1023,21350.51,UTR1876757270,0110,SUCCESS,TXN00002507,USR54535,MCH1023,UTR1876757270,0,0,0,0,0,0,0
TXN00019887,2026-02-28 17:13:42,USR90461,MCH7313,24561.9,UTR2657353009,8120,SUCCESS,TXN00019887,USR90461,MCH7313,UTR2657353009,0,0,0,0,0,0,0
TXN00012921,2026-09-01 04:23:19,USR84233,MCH2793,21773.56,UTR1823447065,4110,SUCCESS,TXN00012921,USR84233,MCH2793,UTR 1823447065,0,0,0,0,0,0,0
TXN00000300,2026-03-10 17:23:20,USR80007,MCH7828,2142.83,UTR2508199928,4110,SUCCESS,TXN00000300,USR80007,MCH7828,UTR2508199928,0,0,0,0,0,0,0
TXN00002370,2026-03-07 21:56:46,USR97211,MCH2054,18232.05,UTR3719065805,0110,SUCCESS,TXN00002370,USR97211,MCH2054,UTR3719065805,0,0,0,0,0,0,0
TXN00008352,2026-01-01 01:40:38,USR62858,MCH9024,1241.35,UTR1503343343,1310,SUCCESS,TXN00008352,USR62858,MCH9024,UTR1503343343,0,0,0,0,0,0,0
TXN00008213,2026-02-07 08:38:38,USR28551,MCH8499,405.79,UTR1398654389,9120,SUCCESS,TXN00008213,USR28551,MCH8499,UTR1398654389,0,0,0,0,0,0,0
TXN00011634,2026-01-31 17:31:54,USR88994,MCH7119,22118.21,UTR4671332369,4110,FAILED,TXN00011634,USR88994,MCH7119,UTR4671332369,0,0,0,0,0,1,0
TXN00019624,2026-01-27 14:34:55,USR68809,MCH4944,20238.01,UTR0099376636,9120,SUCCESS,TXN00019624,USR68809,MCH4944,UTR0099376636,0,0,0,0,0,0,0
TXN00019223,2026-02-07 06:56:33,USR12845,MCH6469,18829.63,UTR1091372928,,SUCCESS,TXN00019223,USR12845,MCH6469,UTR1091372928,0,0,1,0,0,0,0
TXN00011121,2026-03-08 14:17:33,USR58549,MCH3489,18654.59,UTR9007538052,4110,PENDING,TXN00011121,USR58549,MCH3489,UTR 9007538052,0,0,0,0,0,0,1
TXN00012897,2026-01-15 06:12:46,USR27550,MCH4014,12350.03,UTR6312188406,4110,SUCCESS,TXN00012897,USR27550,MCH4014,UTR6312188406,0,0,0,0,0,0,0
TXN00004824,2026-01-09 04:18:49,USR34164,MCH1694,9839.08,UTR8384698369,4110,SUCCESS,TXN00004824,USR34164,MCH1694,UTR8384698369,0,0,0,0,0,0,0
TXN00018708,2026-02-21 03:38:09,USR62007,MCH1421,20418.8,UTR3037519257,4110,FAILED,TXN00018708,USR62007,MCH1421,UTR3037519257,0,0,0,0,0,1,0
TXN00007095,2026-03-12 10:44:43,USR61593,MCH6393,8924.51,,4110,SUCCESS,TXN00007095,USR61593,MCH6393,,0,1,0,0,0,0,0
TXN00013987,2026-02-13 19:15:30,USR79985,MCH3719,249.55,UTR2653760709,9120,SUCCESS,TXN00013987,USR79985,MCH3719,UTR2653760709,0,0,0,0,0,0,0
TXN00011931,2026-02-12 00:00:00,USR25229,MCH4657,17249.13,UTR4060871879,1310,SUCCESS,TXN00011931,USR25229,MCH4657,UTR4060871879,0,0,0,0,0,0,0
TXN00000462,2026-02-08 10:14:52,USR29234,MCH5023,16233.77,UTR4201077035,,SUCCESS,TXN00000462,USR29234,MCH5023,UTR4201077035,0,0,1,0,0,0,0
TXN00007191,2026-02-22 09:32:19,USR44887,MCH8808,14001.66,UTR3619199019,,SUCCESS,TXN00007191,USR44887,MCH8808,UTR3619199019,0,0,1,0,0,0,0
TXN00007775,2026-02-25 18:43:37,USR71239,MCH6067,8362.04,UTR0419735616,4110,SUCCESS,TXN00007775,USR71239,MCH6067,UTR0419735616,0,0,0,0,0,0,0
TXN00006376,2026-01-18 18:06:59,USR24093,MCH5117,995.05,UTR4930185315,9120,SUCCESS,TXN00006376,USR24093,MCH5117,UTR4930185315,0,0,0,0,0,0,0
TXN00001145,2026-02-11 07:29:44,USR84149,MCH2600,6683.04,UTR7909835266,4110,SUCCESS,TXN00001145,USR84149,MCH2600,UTR7909835266,0,0,0,0,0,0,0
TXN00013628,2026-03-28 10:02:43,USR76978,MCH2200,1020.57,UTR3107000182,4110,SUCCESS,TXN00013628,USR76978,MCH2200,UTR3107000182,0,0,0,0,0,0,0
TXN00004526,2026-02-18 02:09:49,USR86044,MCH7326,10747.54,,1310,SUCCESS,TXN00004526,USR86044,MCH7326,,0,1,0,0,0,0,0
TXN00005785,2026-02-25 12:54:38,USR97837,MCH6266,432.65,UTR3416151515,8120,SUCCESS,TXN00005785,USR97837,MCH6266,UTR3416151515,0,0,0,0,0,0,0
TXN00010363,2026-02-11 09:08:40,USR18177,MCH2183,23942.01,UTR0309080626,4110,SUCCESS,TXN00010363,USR18177,MCH2183,UTR0309080626,0,0,0,0,0,0,0
TXN00007827,2026-02-15 18:18:51,USR35475,MCH6460,-23602.93,UTR0800678178,0110,SUCCESS,TXN00007827,USR35475,MCH6460,UTR0800678178,1,0,0,0,0,0,0
TXN00001572,2026-03-28 03:52:55,USR35345,MCH1723,4208.68,UTR3863457528,8120,SUCCESS,TXN00001572,USR35345,MCH1723,UTR3863457528,0,0,0,0,0,0,0
TXN00019203,2026-03-12 03:37:27,USR76549,MCH5407,21636.0,UTR4729355216,9120,SUCCESS,TXN00019203,USR76549,MCH5407,UTR4729355216,0,0,0,0,0,0,0
TXN00016031,2026-03-31 20:34:22,USR54401,MCH1207,11500.96,UTR5053115128,,PENDING,TXN00016031,USR54401,MCH1207,UTR5053115128,0,0,1,0,0,0,1
TXN00019888,2026-01-27 22:00:36,USR88374,MCH2374,18694.32,UTR5733774449,0110,SUCCESS,TXN00019888,USR88374,MCH2374,UTR5733774449,0,0,0,0,0,0,0
TXN00000511,2026-01-11 09:24:42,USR64306,MCH5095,15339.25,UTR5412915257,0110,SUCCESS,TXN00000511,USR64306,MCH5095,UTR5412915257,0,0,0,0,0,0,0
TXN00008294,2026-01-11 10:14:26,USR70604,MCH1013,0.474213,,,SUCCESS,TXN00008294,USR70604,MCH1013,,0,1,1,0,0,0,0
TXN00009291,2026-03-03 08:20:05,USR57656,MCH5466,12805.46,UTR7873883554,8120,SUCCESS,TXN00009291,USR57656,MCH5466,UTR7873883554,0,0,0,0,0,0,0
TXN00000465,2026-03-04 16:07:33,USR23254,MCH6722,24054.69,UTR0890274502,,PENDING,TXN00000465,USR23254,MCH6722,UTR0890274502,0,0,1,0,0,0,1
TXN00007456,2026-02-27 04:34:53,USR43359,MCH1176,24972.63,UTR1439458811,0110,SUCCESS,TXN00007456,USR43359,MCH1176,UTR1439458811,0,0,0,0,0,0,0
TXN00007870,2026-02-18 12:08:50,USR57399,MCH3223,221.2,UTR6036921025,4110,FAILED,TXN00007870,USR57399,MCH3223,UTR6036921025,0,0,0,0,0,1,0
TXN00001477,2026-03-24 22:55:30,USR44454,MCH2470,20198.07,UTR0908647894,0110,SUCCESS,TXN00001477,USR44454,MCH2470,UTR0908647894,0,0,0,0,0,0,0
TXN00010488,2026-03-07 01:32:43,USR70377,MCH9034,23428.44,UTR6583874512,4110,SUCCESS,TXN00010488,USR70377,MCH9034,UTR6583874512,0,0,0,0,0,0,0
TXN00014757,2026-02-16 09:10:52,USR63952,MCH7337,0.1292119,UTR8069746061,8120,SUCCESS,TXN00014757,USR63952,MCH7337,UTR8069746061,0,0,0,0,0,0,0
TXN00012828,2026-03-18 10:20:44,USR55678,MCH7059,597.33,UTR5329457073,4110,SUCCESS,TXN00012828,USR55678,MCH7059,UTR5329457073,0,0,0,0,0,0,0
TXN00014011,2026-02-23 01:47:28,USR10881,MCH4492,20779.0,UTR8550306560,0110,SUCCESS,TXN00014011,USR10881,MCH4492,UTR8550306560,0,0,0,0,0,0,0
TXN00012546,2026-03-21 05:20:37,USR37295,MCH4883,2531.21,UTR2837014070,4110,SUCCESS,TXN00012546,USR37295,MCH4883,UTR2837014070,0,0,0,0,0,0,0
TXN00014851,2026-02-11 20:11:07,USR28526,MCH2716,20890.13,UTR8452513899,8120,SUCCESS,TXN00014851,USR28526,MCH2716,UTR8452513899,0,0,0,0,0,0,0
TXN00019038,2026-02-12 19:38:42,USR32378,MCH2768,14149.56,UTR9874940622,,SUCCESS,TXN00019038,USR32378,MCH2768,UTR9874940622,0,0,1,0,0,0,0
TXN00006769,2026-02-07 01:09:07,USR22264,MCH3446,22033.63,,4110,SUCCESS,TXN00006769,USR22264,MCH3446,,0,1,0,0,0,0,0
TXN00013623,2026-01-06 21:24:38,USR43108,MCH4749,0.2112923,,4110,SUCCESS,TXN00013623,USR43108,MCH4749,,0,1,0,0,0,0,0
TXN00009750,2026-01-09 16:03:17,USR77970,MCH6351,23320.0,UTR5124227027,4110,SUCCESS,TXN00009750,USR77970,MCH6351,UTR 5124227027,0,0,0,0,0,0,0
TXN00017466,2026-02-07 10:29:30,USR69857,MCH9396,15240.45,UTR8631428172,8120,SUCCESS,TXN00017466,USR69857,MCH9396,UTR8631428172,0,0,0,0,0,0,0
TXN00001781,2026-02-26 00:00:00,USR63036,MCH7186,970.27,UTR7964176004,8120,SUCCESS,TXN00001781,USR63036,MCH7186,UTR7964176004,0,0,0,0,0,0,0
TXN00013375,2026-01-21 11:18:59,USR56059,MCH1223,11453.16,UTR6978957644,9120,SUCCESS,TXN00013375,USR56059,MCH1223,UTR6978957644,0,0,0,0,0,0,0
TXN00011758,2026-02-09 19:58:32,USR59401,MCH9490,20979.65,UTR6310170982,0110,SUCCESS,TXN00011758,USR59401,MCH9490,UTR 6310170982,0,0,0,0,0,0,0
TXN00013310,2026-02-25 04:06:29,USR64790,MCH6347,12822.95,UTR4095694418,8120,SUCCESS,TXN00013310,USR64790,MCH6347,UTR4095694418,0,0,0,0,0,0,0
TXN00000838,2026-03-25 15:25:43,USR54874,MCH1078,9066.22,,4110,SUCCESS,TXN00000838,USR54874,MCH1078,,0,1,0,0,0,0,0
TXN00007606,2026-02-19 13:39:45,USR59157,MCH8375,16759.65,UTR6796433959,9120,SUCCESS,TXN00007606,USR59157,MCH8375,UTR6796433959,0,0,0,0,0,0,0
TXN00005297,2026-01-24 20:43:12,USR93449,MCH5688,11698.34,UTR2460362358,1310,SUCCESS,TXN00005297,USR93449,MCH5688,UTR2460362358,0,0,0,0,0,0,0
TXN00002550,2026-08-02 11:48:16,USR54239,MCH3001,1659.59,UTR8561744155,4110,SUCCESS,TXN00002550,USR54239,MCH3001,UTR8561744155,0,0,0,0,0,0,0
TXN00016307,2026-02-13 03:21:18,USR82829,MCH2681,7345.26,UTR6098647179,0110,SUCCESS,TXN00016307,USR82829,MCH2681,UTR 6098647179,0,0,0,0,0,0,0
TXN00009955,2026-03-25 06:57:17,USR43857,MCH4347,4163.35,UTR7499359276,1310,SUCCESS,TXN00009955,USR43857,MCH4347,UTR 7499359276,0,0,0,0,0,0,0
TXN00002399,2026-01-31 02:53:32,USR64017,MCH1525,16149.1,UTR2921589216,9120,PENDING,TXN00002399,USR64017,MCH1525,UTR2921589216,0,0,0,0,0,0,1
TXN00008813,2026-03-29 18:10:28,USR46537,MCH9935,21145.16,UTR6747535924,0110,SUCCESS,TXN00008813,USR46537,MCH9935,UTR6747535924,0,0,0,0,0,0,0
TXN00004909,2026-01-09 02:47:43,USR94443,MCH5344,18541.74,UTR7654344773,,SUCCESS,TXN00004909,USR94443,MCH5344,UTR 7654344773,0,0,1,0,0,0,0
TXN00000270,2026-02-11 01:58:58,USR30203,MCH7473,7346.86,UTR6115437799,,SUCCESS,TXN00000270,USR30203,MCH7473,UTR6115437799,0,0,1,0,0,0,0
TXN00007030,2026-01-14 23:43:13,USR68688,MCH2016,3814.18,UTR6656456413,0110,SUCCESS,TXN00007030,USR68688,MCH2016,UTR6656456413,0,0,0,0,0,0,0
TXN00004080,2026-01-19 00:48:01,USR59025,MCH6598,5664.55,UTR1978446388,,SUCCESS,TXN00004080,USR59025,MCH6598,UTR1978446388,0,0,1,0,0,0,0
TXN00007804,2026-01-12 16:28:41,USR32245,MCH9770,0.788727,UTR1798738427,4110,SUCCESS,TXN00007804,USR32245,MCH9770,UTR1798738427,0,0,0,0,0,0,0
TXN00002307,2026-02-14 19:56:16,USR92350,MCH7980,0.218645,UTR3557357233,1310,SUCCESS,TXN00002307,USR92350,MCH7980,UTR 3557357233,0,0,0,0,0,0,0
TXN00008375,2026-02-20 21:10:15,USR66264,MCH2040,14522.62,UTR5404306516,0110,SUCCESS,TXN00008375,USR66264,MCH2040,UTR5404306516,0,0,0,0,0,0,0
TXN00004554,2026-03-26 22:27:16,USR96174,MCH3175,22155.42,UTR7669833647,,SUCCESS,TXN00004554,USR96174,MCH3175,UTR7669833647,0,0,1,0,0,0,0
TXN00009147,2026-12-03 21:24:00,USR31890,MCH8880,0.888474,UTR4502457464,1310,SUCCESS,TXN00009147,USR31890,MCH8880,UTR4502457464,0,0,0,0,0,0,0
TXN00003644,2026-03-12 09:25:41,USR85233,MCH4692,11662.82,UTR2659110834,4110,SUCCESS,TXN00003644,USR85233,MCH4692,UTR2659110834,0,0,0,0,0,0,0
TXN00014582,2026-03-14 20:54:37,USR34858,MCH3809,1071.35,,8120,SUCCESS,TXN00014582,USR34858,MCH3809,,0,1,0,0,0,0,0
TXN00013844,2026-01-03 00:55:08,USR63835,MCH9968,4037.48,UTR0568253832,0110,FAILED,TXN00013844,USR63835,MCH9968,UTR0568253832,0,0,0,0,0,1,0
TXN00015082,2026-03-31 16:43:14,USR15805,MCH3683,11752.55,UTR7633914143,1310,SUCCESS,TXN00015082,USR15805,MCH3683,UTR7633914143,0,0,0,0,0,0,0
TXN00016531,2026-02-27 15:56:49,USR51211,MCH1420,18756.37,UTR0441973185,,SUCCESS,TXN00016531,USR51211,MCH1420,UTR0441973185,0,0,1,0,0,0,0
TXN00007918,2026-02-26 00:10:00,USR28026,MCH3037,3040.41,UTR9738838317,9120,SUCCESS,TXN00007918,USR28026,MCH3037,UTR9738838317,0,0,0,0,0,0,0
TXN00005781,2026-01-26 15:28:58,USR78156,MCH2428,16310.51,UTR3108961852,9120,SUCCESS,TXN00005781,USR78156,MCH2428,UTR3108961852,0,0,0,0,0,0,0
TXN00004837,2026-03-05 22:11:44,USR61736,MCH1020,9440.31,UTR4650252967,4110,SUCCESS,TXN00004837,USR61736,MCH1020,UTR4650252967,0,0,0,0,0,0,0
TXN00015614,2026-03-17 11:46:18,USR14203,MCH7737,8825.68,UTR0539351350,8120,SUCCESS,TXN00015614,USR14203,MCH7737,UTR0539351350,0,0,0,0,0,0,0
TXN00019301,2026-03-31 00:00:00,USR13449,MCH6685,19062.87,UTR9534920064,4110,SUCCESS,TXN00019301,USR13449,MCH6685,UTR 9534920064,0,0,0,0,0,0,0
TXN00019680,2026-03-25 23:11:40,USR32902,MCH4151,23839.38,UTR4342505082,1310,PENDING,TXN00019680,USR32902,MCH4151,UTR4342505082,0,0,0,0,0,0,1
TXN00011318,2026-01-03 12:17:31,USR51548,MCH4286,11379.46,UTR9603795134,,SUCCESS,TXN00011318,USR51548,MCH4286,UTR9603795134,0,0,1,0,0,0,0
TXN00003488,2026-01-29 15:29:14,USR72083,MCH6379,1309.0,UTR3020135339,4110,SUCCESS,TXN00003488,USR72083,MCH6379,UTR3020135339,0,0,0,0,0,0,0
TXN00006429,2026-02-12 18:52:37,USR31337,MCH2569,6714.5,,4110,SUCCESS,TXN00006429,USR31337,MCH2569,,0,1,0,0,0,0,0
TXN00001539,2026-03-24 01:05:04,USR62543,MCH9789,4544.14,UTR3065443335,4110,SUCCESS,TXN00001539,USR62543,MCH9789,UTR3065443335,0,0,0,0,0,0,0
TXN00018382,2026-03-19 05:53:37,USR30549,MCH8096,5458.23,UTR5647426205,,SUCCESS,TXN00018382,USR30549,MCH8096,UTR5647426205,0,0,1,0,0,0,0
TXN00004355,2026-01-31 23:06:46,USR95654,MCH8121,13532.43,UTR5973834310,0110,SUCCESS,TXN00004355,USR95654,MCH8121,UTR5973834310,0,0,0,0,0,0,0
TXN00004171,2026-03-02 16:26:02,USR37605,MCH5670,4430.65,UTR2145386282,,SUCCESS,TXN00004171,USR37605,MCH5670,UTR2145386282,0,0,1,0,0,0,0
TXN00001100,2026-01-21 14:16:30,USR83641,MCH1136,8759.63,UTR7639505129,1310,SUCCESS,TXN00001100,USR83641,MCH1136,UTR7639505129,0,0,0,0,0,0,0
TXN00012256,2026-02-24 10:53:08,USR88478,MCH5188,-14899.23,UTR6177030085,9120,SUCCESS,TXN00012256,USR88478,MCH5188,UTR6177030085,1,0,0,0,0,0,0
TXN00018265,2026-07-02 11:01:39,USR65758,MCH1339,13717.99,UTR8034920825,4110,SUCCESS,TXN00018265,USR65758,MCH1339,UTR8034920825,0,0,0,0,0,0,0
TXN00010578,2026-02-14 00:00:00,USR46149,MCH3350,22546.94,UTR3314868648,,SUCCESS,TXN00010578,USR46149,MCH3350,UTR3314868648,0,0,1,0,0,0,0
TXN00006552,2026-03-11 12:11:57,USR92170,MCH7276,13050.55,UTR8429475400,0110,SUCCESS,TXN00006552,USR92170,MCH7276,UTR8429475400,0,0,0,0,0,0,0
TXN00009582,2026-03-16 05:14:49,USR69781,MCH3810,13694.82,UTR1480009831,9120,SUCCESS,TXN00009582,USR69781,MCH3810,UTR1480009831,0,0,0,0,0,0,0
TXN00017437,2026-02-11 16:32:37,USR83423,MCH2974,10160.24,UTR2736088447,,SUCCESS,TXN00017437,USR83423,MCH2974,UTR2736088447,0,0,1,0,0,0,0
TXN00019114,2026-02-14 02:03:28,USR91735,MCH7811,9509.0,UTR9006127323,8120,SUCCESS,TXN00019114,USR91735,MCH7811,UTR9006127323,0,0,0,0,0,0,0
TXN00009694,2026-02-13 05:25:44,USR84630,MCH6276,21165.3,UTR0740485700,4110,SUCCESS,TXN00009694,USR84630,MCH6276,UTR0740485700,0,0,0,0,0,0,0
TXN00012175,2026-03-07 04:09:13,USR28648,MCH4388,0.1661274,UTR1457549970,1310,SUCCESS,TXN00012175,USR28648,MCH4388,UTR1457549970,0,0,0,0,0,0,0
TXN00008219,2026-01-20 08:07:21,USR12367,MCH8333,7384.77,UTR1999173596,,SUCCESS,TXN00008219,USR12367,MCH8333,UTR1999173596,0,0,1,0,0,0,0
TXN00002361,2026-01-16 00:00:00,USR64752,MCH6174,302.55,UTR1156735813,0110,SUCCESS,TXN00002361,USR64752,MCH6174,UTR 1156735813,0,0,0,0,0,0,0
TXN00011255,2026-03-08 00:00:00,USR95217,MCH9572,8219.44,UTR1676365293,1310,SUCCESS,TXN00011255,USR95217,MCH9572,UTR1676365293,0,0,0,0,0,0,0
TXN00009194,2026-05-01 17:59:20,USR99386,MCH4062,20246.62,UTR0580847297,9120,SUCCESS,TXN00009194,USR99386,MCH4062,UTR0580847297,0,0,0,0,0,0,0
TXN00007971,2026-03-17 00:00:00,USR12133,MCH7348,24566.48,UTR5082897223,,SUCCESS,TXN00007971,USR12133,MCH7348,UTR5082897223,0,0,1,0,0,0,0
TXN00004620,2026-01-25 05:47:24,USR77163,MCH7793,21468.87,UTR6856770448,1310,SUCCESS,TXN00004620,USR77163,MCH7793,UTR 6856770448,0,0,0,0,0,0,0
TXN00004383,2026-03-03 03:26:52,USR73123,MCH8235,0.1435091,,,SUCCESS,TXN00004383,USR73123,MCH8235,,0,1,1,0,0,0,0
TXN00006557,2026-03-05 23:22:19,USR59434,MCH6979,9164.0,UTR6054774035,,FAILED,TXN00006557,USR59434,MCH6979,UTR6054774035,0,0,1,0,0,1,0
TXN00015717,2026-01-05 22:37:15,USR80247,MCH6738,502.8,,1310,SUCCESS,TXN00015717,USR80247,MCH6738,,0,1,0,0,0,0,0
TXN00005991,2026-01-27 20:15:09,USR85161,MCH3381,341.9,UTR8627044247,8120,SUCCESS,TXN00005991,USR85161,MCH3381,UTR8627044247,0,0,0,0,0,0,0
TXN00002380,2026-02-24 04:08:54,USR96419,MCH6818,19961.52,UTR1999307651,8120,FAILED,TXN00002380,USR96419,MCH6818,UTR 1999307651,0,0,0,0,0,1,0
TXN00013277,2026-02-17 20:43:31,USR15397,MCH7411,13492.0,UTR2080433915,4110,FAILED,TXN00013277,USR15397,MCH7411,UTR2080433915,0,0,0,0,0,1,0
TXN00000983,2026-03-02 07:49:01,USR24249,MCH9841,2673.89,UTR9021054086,4110,SUCCESS,TXN00000983,USR24249,MCH9841,UTR9021054086,0,0,0,0,0,0,0
TXN00010966,2026-01-09 23:29:47,USR72808,MCH7149,0.415529,UTR4975204284,0110,SUCCESS,TXN00010966,USR72808,MCH7149,UTR4975204284,0,0,0,0,0,0,0
TXN00013046,2026-02-11 02:38:42,USR71246,MCH8152,16121.0,UTR3764272443,4110,SUCCESS,TXN00013046,USR71246,MCH8152,UTR3764272443,0,0,0,0,0,0,0
TXN00016033,2026-01-08 06:28:55,USR20721,MCH4339,21637.0,UTR8363035462,1310,SUCCESS,TXN00016033,USR20721,MCH4339,UTR8363035462,0,0,0,0,0,0,0
TXN00009917,2026-01-17 00:00:00,USR36792,MCH8720,3071.75,UTR3311927739,0110,SUCCESS,TXN00009917,USR36792,MCH8720,UTR3311927739,0,0,0,0,0,0,0
TXN00012914,2026-03-17 21:10:26,USR11951,MCH9123,2922.45,UTR9719151238,1310,SUCCESS,TXN00012914,USR11951,MCH9123,UTR9719151238,0,0,0,0,0,0,0
TXN00014575,2026-01-04 20:17:31,USR13346,MCH8559,8559.0,UTR2357182956,,SUCCESS,TXN00014575,USR13346,MCH8559,UTR2357182956,0,0,1,0,0,0,0
TXN00007074,2026-01-19 20:48:46,USR68565,MCH4577,1869.97,UTR0615316659,9120,SUCCESS,TXN00007074,USR68565,MCH4577,UTR0615316659,0,0,0,0,0,0,0
TXN00017710,2026-01-16 22:36:18,USR88012,MCH5568,2529.11,UTR7804573142,8120,SUCCESS,TXN00017710,USR88012,MCH5568,UTR7804573142,0,0,0,0,0,0,0
TXN00018439,2026-02-26 12:24:35,USR27944,MCH2233,11324.24,UTR6464485788,4110,SUCCESS,TXN00018439,USR27944,MCH2233,UTR 6464485788,0,0,0,0,0,0,0
TXN00000852,2026-01-24 05:28:59,USR84633,MCH8430,18752.0,UTR9945071979,4110,SUCCESS,TXN00000852,USR84633,MCH8430,UTR9945071979,0,0,0,0,0,0,0
TXN00008267,2026-02-26 10:00:27,USR94080,MCH2930,16431.4,UTR7762739654,9120,SUCCESS,TXN00008267,USR94080,MCH2930,UTR7762739654,0,0,0,0,0,0,0
TXN00006048,2026-02-19 06:07:45,USR35347,MCH4446,12658.43,UTR7003486634,4110,SUCCESS,TXN00006048,USR35347,MCH4446,UTR7003486634,0,0,0,0,0,0,0
TXN00015051,2026-11-03 11:51:13,USR56391,MCH2860,21759.52,UTR6852144005,4110,FAILED,TXN00015051,USR56391,MCH2860,UTR6852144005,0,0,0,0,0,1,0
TXN00005993,2026-02-01 13:37:27,USR59280,MCH9441,11494.48,UTR8383037867,,SUCCESS,TXN00005993,USR59280,MCH9441,UTR8383037867,0,0,1,0,0,0,0
TXN00012960,2026-01-06 19:41:01,USR10591,MCH6720,0.2495497,UTR3924129620,,SUCCESS,TXN00012960,USR10591,MCH6720,UTR 3924129620,0,0,1,0,0,0,0
TXN00017547,2026-08-01 17:52:15,USR31165,MCH4770,19816.85,UTR8522204259,,SUCCESS,TXN00017547,USR31165,MCH4770,UTR8522204259,0,0,1,0,0,0,0
TXN00017065,2026-02-22 00:00:00,USR98164,MCH7702,20313.15,UTR0716285355,4110,SUCCESS,TXN00017065,USR98164,MCH7702,UTR0716285355,0,0,0,0,0,0,0
TXN00005164,2026-01-27 09:42:11,USR25118,MCH2230,11719.24,UTR6283726175,1310,SUCCESS,TXN00005164,USR25118,MCH2230,UTR6283726175,0,0,0,0,0,0,0
TXN00017986,2026-02-15 06:35:54,USR83504,MCH2780,11989.01,UTR4610094149,,FAILED,TXN00017986,USR83504,MCH2780,UTR4610094149,0,0,1,0,0,1,0
TXN00008730,2026-03-12 17:29:49,USR18850,MCH3274,7109.76,UTR7502796623,0110,SUCCESS,TXN00008730,USR18850,MCH3274,UTR 7502796623,0,0,0,0,0,0,0
TXN00003789,2026-02-02 07:51:47,USR13008,MCH7662,2976.54,UTR2179466847,8120,SUCCESS,TXN00003789,USR13008,MCH7662,UTR2179466847,0,0,0,0,0,0,0
TXN00017214,2026-01-10 01:17:54,USR98564,MCH1113,2017.27,UTR3860137303,8120,SUCCESS,TXN00017214,USR98564,MCH1113,UTR3860137303,0,0,0,0,0,0,0
TXN00002480,2026-02-13 03:03:28,USR46861,MCH4783,19857.32,UTR8759429340,9120,SUCCESS,TXN00002480,USR46861,MCH4783,UTR 8759429340,0,0,0,0,0,0,0
TXN00002264,2026-01-17 20:16:55,USR92210,MCH5487,11090.07,UTR9008178961,9120,SUCCESS,TXN00002264,USR92210,MCH5487,UTR9008178961,0,0,0,0,0,0,0
TXN00005477,2026-01-29 14:16:29,USR28535,MCH9186,8241.19,UTR3508279108,0110,SUCCESS,TXN00005477,USR28535,MCH9186,UTR3508279108,0,0,0,0,0,0,0
TXN00018907,2026-01-23 01:55:28,USR72419,MCH8505,20518.0,UTR5632639547,4110,SUCCESS,TXN00018907,USR72419,MCH8505,UTR5632639547,0,0,0,0,0,0,0
TXN00018418,2026-03-03 21:14:23,USR39961,MCH1493,20776.86,UTR0661121558,,SUCCESS,TXN00018418,USR39961,MCH1493,UTR 0661121558,0,0,1,0,0,0,0
TXN00007084,2026-02-23 06:54:56,USR10716,MCH6386,12109.77,UTR5200819901,4110,SUCCESS,TXN00007084,USR10716,MCH6386,UTR5200819901,0,0,0,0,0,0,0
TXN00017963,2026-01-31 00:46:31,USR61304,MCH1710,10850.86,UTR3903788227,9120,FAILED,TXN00017963,USR61304,MCH1710,UTR 3903788227,0,0,0,0,0,1,0
TXN00010988,2026-02-08 07:04:25,USR16902,MCH9379,1084.92,UTR3360632328,8120,SUCCESS,TXN00010988,USR16902,MCH9379,UTR3360632328,0,0,0,0,0,0,0
TXN00008929,2026-02-10 00:00:00,USR21024,MCH2269,-3095.35,,0110,FAILED,TXN00008929,USR21024,MCH2269,,1,1,0,0,0,1,0
TXN00004706,2026-02-14 07:45:51,USR28012,MCH6735,10560.58,UTR2589811735,4110,SUCCESS,TXN00004706,USR28012,MCH6735,UTR 2589811735,0,0,0,0,0,0,0
TXN00010417,2026-03-31 22:03:19,USR63413,MCH6569,17447.95,UTR8723435255,1310,SUCCESS,TXN00010417,USR63413,MCH6569,UTR8723435255,0,0,0,0,0,0,0
TXN00015264,2026-03-20 02:17:27,USR61197,MCH4111,11655.43,UTR9702806040,4110,SUCCESS,TXN00015264,USR61197,MCH4111,UTR9702806040,0,0,0,0,0,0,0
TXN00008529,2026-01-04 08:46:13,USR55640,MCH7433,17004.35,,8120,SUCCESS,TXN00008529,USR55640,MCH7433,,0,1,0,0,0,0,0
TXN00016545,2026-02-10 10:30:12,USR93827,MCH2850,16290.39,UTR3842662000,4110,SUCCESS,TXN00016545,USR93827,MCH2850,UTR3842662000,0,0,0,0,0,0,0
TXN00018430,2026-03-14 01:20:38,USR68019,MCH3307,3335.84,UTR7078037144,4110,SUCCESS,TXN00018430,USR68019,MCH3307,UTR7078037144,0,0,0,0,0,0,0
TXN00011469,2026-01-25 08:08:58,USR58915,MCH6809,5317.14,UTR5454789574,0110,SUCCESS,TXN00011469,USR58915,MCH6809,UTR5454789574,0,0,0,0,0,0,0
TXN00010470,2026-02-15 01:42:06,USR86284,MCH4266,-13105.7,UTR6204168527,9120,FAILED,TXN00010470,USR86284,MCH4266,UTR6204168527,1,0,0,0,0,1,0
TXN00003457,2026-01-26 22:08:30,USR33151,MCH8094,12513.98,UTR9269071955,0110,SUCCESS,TXN00003457,USR33151,MCH8094,UTR9269071955,0,0,0,0,0,0,0
TXN00016757,2026-02-25 00:58:29,USR98559,MCH1291,10686.91,,1310,SUCCESS,TXN00016757,USR98559,MCH1291,,0,1,0,0,0,0,0
TXN00000806,2026-02-15 02:28:46,USR49709,MCH2448,18413.74,UTR9386391192,4110,SUCCESS,TXN00000806,USR49709,MCH2448,UTR 9386391192,0,0,0,0,0,0,0
TXN00008679,2026-02-08 09:09:34,USR81176,MCH1064,13347.8,UTR5547693227,4110,PENDING,TXN00008679,USR81176,MCH1064,UTR5547693227,0,0,0,0,0,0,1
TXN00005023,2026-01-18 09:00:33,USR38119,MCH5297,23828.47,UTR2178512513,9120,SUCCESS,TXN00005023,USR38119,MCH5297,UTR2178512513,0,0,0,0,0,0,0
TXN00015463,2026-01-30 02:22:23,USR38656,MCH7881,9228.0,UTR5156112298,8120,PENDING,TXN00015463,USR38656,MCH7881,UTR5156112298,0,0,0,0,0,0,1
TXN00001299,2026-02-22 20:55:20,USR95253,MCH1816,15914.39,UTR2470393619,0110,SUCCESS,TXN00001299,USR95253,MCH1816,UTR2470393619,0,0,0,0,0,0,0
TXN00000407,2026-02-17 06:01:35,USR25931,MCH2701,9736.0,UTR1040436497,,FAILED,TXN00000407,USR25931,MCH2701,UTR1040436497,0,0,1,0,0,1,0
TXN00019068,2026-01-08 10:07:36,USR14039,MCH7847,4726.61,UTR0995425910,0110,PENDING,TXN00019068,USR14039,MCH7847,UTR0995425910,0,0,0,0,0,0,1
TXN00004584,2026-03-20 23:39:43,USR80070,MCH7632,19148.81,,,FAILED,TXN00004584,USR80070,MCH7632,,0,1,1,0,0,1,0
TXN00002506,2026-02-18 19:51:27,USR55066,MCH4380,2740.51,UTR7816156230,9120,SUCCESS,TXN00002506,USR55066,MCH4380,UTR7816156230,0,0,0,0,0,0,0
TXN00017144,2026-03-19 04:48:22,USR74585,MCH4178,15911.2,UTR7926255180,0110,FAILED,TXN00017144,USR74585,MCH4178,UTR7926255180,0,0,0,0,0,1,0
TXN00000281,2026-03-05 02:19:32,USR61648,MCH6970,22251.23,UTR9484286086,1310,SUCCESS,TXN00000281,USR61648,MCH6970,UTR9484286086,0,0,0,0,0,0,0
TXN00010333,2026-03-10 02:08:24,USR24669,MCH4242,0.223419,UTR1118937622,8120,SUCCESS,TXN00010333,USR24669,MCH4242,UTR1118937622,0,0,0,0,0,0,0
TXN00018824,2026-02-11 03:36:25,USR82468,MCH8753,22466.31,UTR6178783705,0110,SUCCESS,TXN00018824,USR82468,MCH8753,UTR6178783705,0,0,0,0,0,0,0
TXN00007959,2026-01-31 10:27:58,USR83013,MCH9668,3766.26,UTR9614803628,4110,SUCCESS,TXN00007959,USR83013,MCH9668,UTR9614803628,0,0,0,0,0,0,0
TXN00014644,2026-01-28 16:55:13,USR19253,MCH4424,0.154503,UTR5009884392,9120,SUCCESS,TXN00014644,USR19253,MCH4424,UTR5009884392,0,0,0,0,0,0,0
TXN00004881,2026-01-02 14:53:20,USR16413,MCH8095,5110.15,UTR9991654664,0110,SUCCESS,TXN00004881,USR16413,MCH8095,UTR9991654664,0,0,0,0,0,0,0
TXN00014260,2026-02-07 23:18:23,USR48701,MCH3574,0.20584,UTR9854941535,8120,SUCCESS,TXN00014260,USR48701,MCH3574,UTR9854941535,0,0,0,0,0,0,0
TXN00001324,2026-02-09 01:54:46,USR58719,MCH2384,5488.16,UTR6359783554,4110,PENDING,TXN00001324,USR58719,MCH2384,UTR6359783554,0,0,0,0,0,0,1
TXN00004137,2026-02-10 04:14:50,USR84232,MCH4173,18222.16,UTR8657631999,0110,SUCCESS,TXN00004137,USR84232,MCH4173,UTR8657631999,0,0,0,0,0,0,0
TXN00014704,2026-01-19 09:51:36,USR83205,MCH1868,14345.93,UTR9373605577,8120,SUCCESS,TXN00014704,USR83205,MCH1868,UTR9373605577,0,0,0,0,0,0,0
TXN00017718,2026-02-14 18:06:03,USR10465,MCH5467,8173.69,UTR9907042518,8120,SUCCESS,TXN00017718,USR10465,MCH5467,UTR9907042518,0,0,0,0,0,0,0
TXN00011179,2026-03-08 19:57:50,USR17994,MCH2175,16056.81,UTR9628249276,1310,SUCCESS,TXN00011179,USR17994,MCH2175,UTR9628249276,0,0,0,0,0,0,0
TXN00018897,2026-02-12 18:17:54,USR79059,MCH1829,16130.66,UTR6120975600,4110,SUCCESS,TXN00018897,USR79059,MCH1829,UTR6120975600,0,0,0,0,0,0,0
TXN00018097,2026-01-31 09:56:59,USR41962,MCH9753,897.23,UTR2354944654,9120,SUCCESS,TXN00018097,USR41962,MCH9753,UTR2354944654,0,0,0,0,0,0,0
TXN00003366,2026-03-05 07:57:58,USR90583,MCH6378,15912.99,UTR9450001664,9120,SUCCESS,TXN00003366,USR90583,MCH6378,UTR9450001664,0,0,0,0,0,0,0
TXN00014197,2026-01-13 12:54:45,USR41028,MCH7109,3849.25,UTR9208697509,1310,SUCCESS,TXN00014197,USR41028,MCH7109,UTR9208697509,0,0,0,0,0,0,0
TXN00015406,2026-02-13 10:07:41,USR73359,MCH8872,6271.78,UTR7357282268,,SUCCESS,TXN00015406,USR73359,MCH8872,UTR 7357282268,0,0,1,0,0,0,0
TXN00011684,2026-02-27 11:08:40,USR69793,MCH9069,6786.73,UTR8640252717,1310,SUCCESS,TXN00011684,USR69793,MCH9069,UTR8640252717,0,0,0,0,0,0,0
TXN00012890,2026-01-01 18:24:48,USR53691,MCH1628,19592.73,UTR1902621976,8120,SUCCESS,TXN00012890,USR53691,MCH1628,UTR1902621976,0,0,0,0,0,0,0
TXN00012661,2026-02-02 00:00:00,USR40499,MCH8232,6663.0,UTR7873727098,4110,SUCCESS,TXN00012661,USR40499,MCH8232,UTR7873727098,0,0,0,0,0,0,0
TXN00010337,2026-01-17 17:22:09,USR68525,MCH5111,6258.92,UTR6139994969,4110,SUCCESS,TXN00010337,USR68525,MCH5111,UTR6139994969,0,0,0,0,0,0,0
TXN00004851,2026-03-29 04:17:16,USR37044,MCH2735,24531.63,UTR1550541430,8120,FAILED,TXN00004851,USR37044,MCH2735,UTR1550541430,0,0,0,0,0,1,0
TXN00019917,2026-03-20 08:59:32,USR63018,MCH9661,8462.03,UTR4959844410,4110,FAILED,TXN00019917,USR63018,MCH9661,UTR4959844410,0,0,0,0,0,1,0
TXN00019520,2026-03-17 18:32:30,USR83082,MCH6661,16641.69,UTR4564199226,1310,FAILED,TXN00019520,USR83082,MCH6661,UTR4564199226,0,0,0,0,0,1,0
TXN00016654,2026-01-19 05:28:29,USR60922,MCH2490,23526.09,UTR3598892853,1310,FAILED,TXN00016654,USR60922,MCH2490,UTR3598892853,0,0,0,0,0,1,0
TXN00008525,2026-02-13 10:45:00,USR85887,MCH3186,13440.05,UTR2411979679,1310,SUCCESS,TXN00008525,USR85887,MCH3186,UTR2411979679,0,0,0,0,0,0,0
TXN00004330,2026-02-16 20:56:17,USR47282,MCH4522,20361.53,UTR7234338539,0110,SUCCESS,TXN00004330,USR47282,MCH4522,UTR7234338539,0,0,0,0,0,0,0
TXN00005591,2026-01-06 04:47:38,USR54262,MCH6964,0.779821,UTR5647149687,4110,FAILED,TXN00005591,USR54262,MCH6964,UTR5647149687,0,0,0,0,0,1,0
TXN00011595,2026-02-03 12:14:29,USR22169,MCH4664,21821.18,UTR9713608257,,FAILED,TXN00011595,USR22169,MCH4664,UTR9713608257,0,0,1,0,0,1,0
TXN00018995,2026-02-19 14:14:28,USR27774,MCH8456,21246.56,,9120,FAILED,TXN00018995,USR27774,MCH8456,,0,1,0,0,0,1,0
TXN00003989,2026-03-04 14:44:34,USR89818,MCH4518,8442.98,UTR2162108569,0110,SUCCESS,TXN00003989,USR89818,MCH4518,UTR2162108569,0,0,0,0,0,0,0
TXN00000284,2026-03-29 08:15:09,USR97613,MCH2400,2358.61,UTR3777368020,4110,SUCCESS,TXN00000284,USR97613,MCH2400,UTR3777368020,0,0,0,0,0,0,0
TXN00014565,2026-02-13 01:57:25,USR21626,MCH7955,11286.0,UTR6166648787,0110,SUCCESS,TXN00014565,USR21626,MCH7955,UTR6166648787,0,0,0,0,0,0,0
TXN00009020,2026-02-27 15:40:04,USR57798,MCH8052,0.1647698,UTR3200195691,9120,SUCCESS,TXN00009020,USR57798,MCH8052,UTR3200195691,0,0,0,0,0,0,0
TXN00012480,2026-09-01 02:04:51,USR75541,MCH3696,2216.93,UTR1407691188,1310,SUCCESS,TXN00012480,USR75541,MCH3696,UTR 1407691188,0,0,0,0,0,0,0
TXN00017324,2026-02-23 01:23:49,USR73839,MCH2400,754.0,UTR4457340842,,FAILED,TXN00017324,USR73839,MCH2400,UTR4457340842,0,0,1,0,0,1,0
TXN00018227,2026-02-23 01:56:53,USR20593,MCH5188,18350.83,,1310,FAILED,TXN00018227,USR20593,MCH5188,,0,1,0,0,0,1,0
TXN00012438,2026-03-29 15:55:04,USR22908,MCH4475,8298.94,UTR7485511573,,PENDING,TXN00012438,USR22908,MCH4475,UTR7485511573,0,0,1,0,0,0,1
TXN00014045,2026-02-22 17:34:28,USR85444,MCH1238,4750.51,UTR5397014618,4110,PENDING,TXN00014045,USR85444,MCH1238,UTR5397014618,0,0,0,0,0,0,1
TXN00003894,2026-03-06 21:03:18,USR65592,MCH6651,10717.16,UTR3213392975,8120,SUCCESS,TXN00003894,USR65592,MCH6651,UTR3213392975,0,0,0,0,0,0,0
TXN00004767,2026-01-09 16:09:23,USR32069,MCH5885,21440.0,UTR4934504087,1310,SUCCESS,TXN00004767,USR32069,MCH5885,UTR4934504087,0,0,0,0,0,0,0
TXN00003757,2026-03-04 18:56:01,USR19211,MCH2500,4623.97,UTR2690411508,9120,SUCCESS,TXN00003757,USR19211,MCH2500,UTR 2690411508,0,0,0,0,0,0,0
TXN00007180,2026-02-26 04:56:11,USR63855,MCH5748,12541.02,UTR7987427783,4110,SUCCESS,TXN00007180,USR63855,MCH5748,UTR 7987427783,0,0,0,0,0,0,0
TXN00013303,2026-01-24 00:00:00,USR57046,MCH8903,0.1341537,UTR9484852023,9120,SUCCESS,TXN00013303,USR57046,MCH8903,UTR9484852023,0,0,0,0,0,0,0
TXN00007382,2026-03-21 15:47:40,USR69383,MCH2034,4377.92,UTR6768604178,0110,SUCCESS,TXN00007382,USR69383,MCH2034,UTR6768604178,0,0,0,0,0,0,0
TXN00005878,2026-02-14 07:36:08,USR90201,MCH1162,16735.01,UTR4843635144,,SUCCESS,TXN00005878,USR90201,MCH1162,UTR 4843635144,0,0,1,0,0,0,0
TXN00012869,2026-01-06 14:42:23,USR31392,MCH4964,0.1462755,UTR1552850439,1310,SUCCESS,TXN00012869,USR31392,MCH4964,UTR1552850439,0,0,0,0,0,0,0
TXN00005154,2026-01-31 14:01:26,USR38068,MCH3078,19012.4,UTR2370050172,1310,FAILED,TXN00005154,USR38068,MCH3078,UTR2370050172,0,0,0,0,0,1,0
TXN00003763,2026-01-09 23:27:24,USR26701,MCH4281,13291.06,UTR3408430202,4110,PENDING,TXN00003763,USR26701,MCH4281,UTR3408430202,0,0,0,0,0,0,1
TXN00000527,2026-02-17 10:21:42,USR90135,MCH9748,10376.34,UTR6115462761,4110,PENDING,TXN00000527,USR90135,MCH9748,UTR 6115462761,0,0,0,0,0,0,1
TXN00005071,2026-01-29 07:27:56,USR69291,MCH7347,13824.84,UTR5386565582,,SUCCESS,TXN00005071,USR69291,MCH7347,UTR5386565582,0,0,1,0,0,0,0
TXN00007263,2026-02-20 14:53:12,USR19254,MCH4124,16752.14,UTR3564728041,4110,SUCCESS,TXN00007263,USR19254,MCH4124,UTR3564728041,0,0,0,0,0,0,0
TXN00010836,2026-02-20 10:48:12,USR86605,MCH5596,24161.0,UTR2785931331,4110,SUCCESS,TXN00010836,USR86605,MCH5596,UTR2785931331,0,0,0,0,0,0,0
TXN00016916,2026-02-11 01:28:33,USR66100,MCH1592,12210.0,UTR1433670747,1310,SUCCESS,TXN00016916,USR66100,MCH1592,UTR1433670747,0,0,0,0,0,0,0
TXN00001404,2026-02-22 16:20:04,USR22424,MCH5072,0.1841269,UTR5232435868,1310,SUCCESS,TXN00001404,USR22424,MCH5072,UTR5232435868,0,0,0,0,0,0,0
TXN00011575,2026-02-01 02:46:44,USR84642,MCH3535,19539.44,UTR4081864005,4110,PENDING,TXN00011575,USR84642,MCH3535,UTR4081864005,0,0,0,0,0,0,1
TXN00006024,2026-01-26 04:30:25,USR42784,MCH2692,2490.0,UTR8191132363,,SUCCESS,TXN00006024,USR42784,MCH2692,UTR8191132363,0,0,1,0,0,0,0
TXN00012770,2026-01-05 01:47:45,USR61790,MCH3652,8985.51,UTR3808235865,9120,SUCCESS,TXN00012770,USR61790,MCH3652,UTR3808235865,0,0,0,0,0,0,0
TXN00007603,2026-01-04 06:18:55,USR16154,MCH5374,14509.91,UTR5833258555,8120,SUCCESS,TXN00007603,USR16154,MCH5374,UTR5833258555,0,0,0,0,0,0,0
TXN00007000,2026-02-18 19:41:42,USR10358,MCH3643,15541.47,,,SUCCESS,TXN00007000,USR10358,MCH3643,,0,1,1,0,0,0,0
TXN00012638,2026-02-15 00:00:00,USR58626,MCH5051,0.2026854,UTR2371663399,1310,SUCCESS,TXN00012638,USR58626,MCH5051,UTR2371663399,0,0,0,0,0,0,0
TXN00002894,2026-03-01 09:56:34,USR34667,MCH1108,16370.0,UTR4951669953,4110,SUCCESS,TXN00002894,USR34667,MCH1108,UTR4951669953,0,0,0,0,0,0,0
TXN00004935,2026-01-24 17:40:44,USR78423,MCH1975,12231.32,UTR7103700017,9120,SUCCESS,TXN00004935,USR78423,MCH1975,UTR7103700017,0,0,0,0,0,0,0
TXN00005169,2026-03-17 17:23:05,USR24832,MCH9388,5096.34,UTR7546307914,8120,PENDING,TXN00005169,USR24832,MCH9388,UTR7546307914,0,0,0,0,0,0,1
TXN00017912,2026-01-11 22:45:08,USR56200,MCH7039,473.7,UTR7679499293,,SUCCESS,TXN00017912,USR56200,MCH7039,UTR 7679499293,0,0,1,0,0,0,0
TXN00002540,2026-01-09 21:42:29,USR74174,MCH2571,19225.38,,4110,SUCCESS,TXN00002540,USR74174,MCH2571,,0,1,0,0,0,0,0
TXN00000519,2026-03-11 00:00:00,USR51701,MCH9637,24682.03,UTR1898797939,4110,PENDING,TXN00000519,USR51701,MCH9637,UTR1898797939,0,0,0,0,0,0,1
TXN00008277,2026-01-25 03:33:53,USR24314,MCH1440,12748.29,UTR0916033331,8120,SUCCESS,TXN00008277,USR24314,MCH1440,UTR0916033331,0,0,0,0,0,0,0
TXN00000866,2026-01-15 15:27:39,USR18807,MCH2311,13995.41,UTR7172418202,1310,SUCCESS,TXN00000866,USR18807,MCH2311,UTR7172418202,0,0,0,0,0,0,0
TXN00004094,2026-01-27 00:25:12,USR15311,MCH9189,23222.2,UTR9344797928,4110,SUCCESS,TXN00004094,USR15311,MCH9189,UTR9344797928,0,0,0,0,0,0,0
TXN00006864,2026-01-22 11:25:43,USR21809,MCH9043,0.195203,UTR8295696492,1310,SUCCESS,TXN00006864,USR21809,MCH9043,UTR8295696492,0,0,0,0,0,0,0
TXN00015091,2026-03-13 11:00:36,USR46748,MCH6910,5657.0,UTR4220422931,4110,SUCCESS,TXN00015091,USR46748,MCH6910,UTR 4220422931,0,0,0,0,0,0,0
TXN00008750,2026-02-13 16:43:10,USR53557,MCH4095,0.25347,UTR8597559144,0110,SUCCESS,TXN00008750,USR53557,MCH4095,UTR8597559144,0,0,0,0,0,0,0
TXN00009633,2026-02-03 20:19:58,USR67852,MCH2760,2652.06,UTR0841456030,,SUCCESS,TXN00009633,USR67852,MCH2760,UTR0841456030,0,0,1,0,0,0,0
TXN00005917,2026-02-07 12:45:47,USR68024,MCH7589,24614.55,UTR0675795335,8120,SUCCESS,TXN00005917,USR68024,MCH7589,UTR0675795335,0,0,0,0,0,0,0
TXN00003578,2026-03-02 10:48:37,USR92174,MCH6533,12239.92,UTR3364574990,,SUCCESS,TXN00003578,USR92174,MCH6533,UTR3364574990,0,0,1,0,0,0,0
TXN00006069,2026-03-07 23:50:40,USR51738,MCH7061,0.267946,UTR9120576409,1310,SUCCESS,TXN00006069,USR51738,MCH7061,UTR9120576409,0,0,0,0,0,0,0
TXN00013745,2026-01-06 07:14:39,USR31273,MCH3511,2382.35,UTR8035214805,8120,FAILED,TXN00013745,USR31273,MCH3511,UTR8035214805,0,0,0,0,0,1,0
TXN00015541,2026-03-26 08:34:47,USR10385,MCH6061,0.1040056,UTR7641491823,9120,SUCCESS,TXN00015541,USR10385,MCH6061,UTR7641491823,0,0,0,0,0,0,0
TXN00014919,2026-02-20 11:51:37,USR56704,MCH6657,0.1840399,UTR9696166124,4110,SUCCESS,TXN00014919,USR56704,MCH6657,UTR9696166124,0,0,0,0,0,0,0
TXN00003151,2026-03-28 17:08:51,USR35006,MCH2738,15759.88,UTR2124423911,8120,SUCCESS,TXN00003151,USR35006,MCH2738,UTR2124423911,0,0,0,0,0,0,0
TXN00008832,2026-01-30 14:31:57,USR93105,MCH9429,10273.4,UTR4613298097,4110,SUCCESS,TXN00008832,USR93105,MCH9429,UTR4613298097,0,0,0,0,0,0,0
TXN00016863,2026-03-21 10:45:11,USR59358,MCH1622,6721.0,UTR9770514957,4110,FAILED,TXN00016863,USR59358,MCH1622,UTR 9770514957,0,0,0,0,0,1,0
TXN00010942,2026-02-24 21:05:05,USR50072,MCH1233,16545.26,UTR4456656757,9120,SUCCESS,TXN00010942,USR50072,MCH1233,UTR4456656757,0,0,0,0,0,0,0
TXN00017968,2026-03-10 03:23:44,USR32402,MCH6198,0.1003674,UTR8775241810,8120,FAILED,TXN00017968,USR32402,MCH6198,UTR8775241810,0,0,0,0,0,1,0
TXN00002319,2026-03-01 17:04:24,USR99864,MCH1914,0.1055149,UTR5634531671,9120,SUCCESS,TXN00002319,USR99864,MCH1914,UTR5634531671,0,0,0,0,0,0,0
TXN00008506,2026-03-16 04:40:43,USR56381,MCH4961,18335.86,UTR8547878859,0110,SUCCESS,TXN00008506,USR56381,MCH4961,UTR8547878859,0,0,0,0,0,0,0
TXN00008315,2026-01-25 08:09:52,USR84381,MCH5373,9899.66,UTR3074239909,4110,SUCCESS,TXN00008315,USR84381,MCH5373,UTR 3074239909,0,0,0,0,0,0,0
TXN00017103,2026-01-04 04:02:46,USR28742,MCH9750,15821.43,UTR6098108722,1310,FAILED,TXN00017103,USR28742,MCH9750,UTR6098108722,0,0,0,0,0,1,0
TXN00007078,2026-03-19 15:20:34,USR43260,MCH6892,0.1593874,UTR8505414886,9120,SUCCESS,TXN00007078,USR43260,MCH6892,UTR8505414886,0,0,0,0,0,0,0
TXN00015005,2026-03-09 21:57:09,USR32722,MCH8160,4647.65,UTR3249841403,8120,SUCCESS,TXN00015005,USR32722,MCH8160,UTR3249841403,0,0,0,0,0,0,0
TXN00011613,2026-01-12 02:44:14,USR72188,MCH7195,5170.76,UTR1712148343,1310,SUCCESS,TXN00011613,USR72188,MCH7195,UTR 1712148343,0,0,0,0,0,0,0
TXN00001279,2026-01-28 23:19:58,USR72649,MCH2807,3570.96,UTR9599237732,4110,SUCCESS,TXN00001279,USR72649,MCH2807,UTR9599237732,0,0,0,0,0,0,0
TXN00011445,2026-03-16 06:09:10,USR17798,MCH4377,12110.48,UTR0739315614,9120,SUCCESS,TXN00011445,USR17798,MCH4377,UTR0739315614,0,0,0,0,0,0,0
TXN00016358,2026-01-11 16:38:04,USR41125,MCH5794,14592.4,UTR6666730753,8120,SUCCESS,TXN00016358,USR41125,MCH5794,UTR6666730753,0,0,0,0,0,0,0
TXN00003546,2026-02-26 00:00:00,USR49759,MCH7967,3881.58,UTR3508111033,9120,SUCCESS,TXN00003546,USR49759,MCH7967,UTR3508111033,0,0,0,0,0,0,0
TXN00017007,2026-03-03 14:00:35,USR44033,MCH2713,10965.85,UTR2944612245,8120,SUCCESS,TXN00017007,USR44033,MCH2713,UTR2944612245,0,0,0,0,0,0,0
TXN00010696,2026-02-02 07:43:39,USR97158,MCH2814,20238.74,UTR5823590670,4110,SUCCESS,TXN00010696,USR97158,MCH2814,UTR5823590670,0,0,0,0,0,0,0
TXN00010860,2026-01-30 18:11:06,USR16181,MCH9680,15156.68,UTR9032982736,1310,SUCCESS,TXN00010860,USR16181,MCH9680,UTR9032982736,0,0,0,0,0,0,0
TXN00001302,2026-01-15 11:10:13,USR71782,MCH2078,23405.94,UTR9834069360,9120,SUCCESS,TXN00001302,USR71782,MCH2078,UTR9834069360,0,0,0,0,0,0,0
TXN00016218,2026-02-13 07:23:08,USR66906,MCH7704,17919.39,UTR1649677844,,SUCCESS,TXN00016218,USR66906,MCH7704,UTR1649677844,0,0,1,0,0,0,0
TXN00015217,2026-02-23 04:47:58,USR92272,MCH4920,21518.94,UTR7058022804,9120,SUCCESS,TXN00015217,USR92272,MCH4920,UTR7058022804,0,0,0,0,0,0,0
TXN00007825,2026-01-24 00:34:27,USR53116,MCH1916,0.1129646,UTR2627745289,1310,SUCCESS,TXN00007825,USR53116,MCH1916,UTR2627745289,0,0,0,0,0,0,0
TXN00009131,2026-02-02 13:03:23,USR64086,MCH1127,6122.96,UTR0304037604,4110,FAILED,TXN00009131,USR64086,MCH1127,UTR0304037604,0,0,0,0,0,1,0
TXN00015285,2026-06-01 11:15:42,USR41168,MCH4082,0.134154,UTR5498585777,9120,FAILED,TXN00015285,USR41168,MCH4082,UTR 5498585777,0,0,0,0,0,1,0
TXN00004850,2026-03-18 02:23:24,USR54742,MCH1189,2726.0,UTR2384310792,8120,SUCCESS,TXN00004850,USR54742,MCH1189,UTR2384310792,0,0,0,0,0,0,0
TXN00019287,2026-01-28 08:43:44,USR63553,MCH5733,15879.93,UTR0806050246,0110,SUCCESS,TXN00019287,USR63553,MCH5733,UTR0806050246,0,0,0,0,0,0,0
TXN00018966,2026-01-28 11:38:04,USR82726,MCH9603,4265.69,,9120,FAILED,TXN00018966,USR82726,MCH9603,,0,1,0,0,0,1,0
TXN00005498,2026-01-11 02:35:39,USR27656,MCH7965,22226.13,UTR6162114296,4110,SUCCESS,TXN00005498,USR27656,MCH7965,UTR 6162114296,0,0,0,0,0,0,0
TXN00018141,2026-02-14 22:25:13,USR41678,MCH2107,8545.37,UTR4213030822,9120,SUCCESS,TXN00018141,USR41678,MCH2107,UTR4213030822,0,0,0,0,0,0,0
TXN00017269,2026-02-14 13:50:42,USR80895,MCH1218,0.798708,UTR7849322072,4110,SUCCESS,TXN00017269,USR80895,MCH1218,UTR7849322072,0,0,0,0,0,0,0
TXN00005325,2026-02-04 20:47:30,USR82422,MCH4375,1384.0,UTR7685170565,9120,SUCCESS,TXN00005325,USR82422,MCH4375,UTR7685170565,0,0,0,0,0,0,0
TXN00019293,2026-01-13 06:01:03,USR86577,MCH1429,20065.14,UTR5176478958,,SUCCESS,TXN00019293,USR86577,MCH1429,UTR 5176478958,0,0,1,0,0,0,0
TXN00016762,2026-01-02 10:49:00,USR39129,MCH9370,23053.79,UTR9326311403,4110,SUCCESS,TXN00016762,USR39129,MCH9370,UTR9326311403,0,0,0,0,0,0,0
TXN00018093,2026-01-14 10:59:03,USR96099,MCH4427,3203.87,UTR5890735366,0110,SUCCESS,TXN00018093,USR96099,MCH4427,UTR5890735366,0,0,0,0,0,0,0
TXN00005193,2026-03-20 09:50:13,USR78822,MCH1253,19135.25,UTR3833121492,8120,SUCCESS,TXN00005193,USR78822,MCH1253,UTR3833121492,0,0,0,0,0,0,0
TXN00018123,2026-02-26 08:14:57,USR89103,MCH8864,19083.53,UTR1836384556,4110,SUCCESS,TXN00018123,USR89103,MCH8864,UTR1836384556,0,0,0,0,0,0,0
TXN00003748,2026-02-10 10:32:01,USR60709,MCH9403,10285.83,UTR3158025165,4110,FAILED,TXN00003748,USR60709,MCH9403,UTR3158025165,0,0,0,0,0,1,0
TXN00009143,2026-01-05 23:33:43,USR25988,MCH4906,0.240414,UTR0345047025,1310,SUCCESS,TXN00009143,USR25988,MCH4906,UTR 0345047025,0,0,0,0,0,0,0
TXN00015422,2026-01-09 05:09:22,USR61582,MCH3209,17163.63,UTR5944800566,9120,SUCCESS,TXN00015422,USR61582,MCH3209,UTR 5944800566,0,0,0,0,0,0,0
TXN00018620,2026-02-06 15:00:16,USR89365,MCH6066,5507.31,UTR9107732475,8120,SUCCESS,TXN00018620,USR89365,MCH6066,UTR9107732475,0,0,0,0,0,0,0
TXN00003612,2026-03-05 10:50:41,USR66720,MCH4070,3583.6,UTR0472415093,9120,SUCCESS,TXN00003612,USR66720,MCH4070,UTR0472415093,0,0,0,0,0,0,0
TXN00016303,2026-02-16 15:28:20,USR97688,MCH7642,9653.0,UTR6281553815,0110,SUCCESS,TXN00016303,USR97688,MCH7642,UTR6281553815,0,0,0,0,0,0,0
TXN00005643,2026-03-28 21:12:56,USR16822,MCH6745,8175.2,UTR3926102610,9120,SUCCESS,TXN00005643,USR16822,MCH6745,UTR3926102610,0,0,0,0,0,0,0
TXN00018597,2026-03-24 12:15:20,USR97987,MCH8138,1475.15,UTR7757658266,9120,SUCCESS,TXN00018597,USR97987,MCH8138,UTR7757658266,0,0,0,0,0,0,0
TXN00014857,2026-01-14 01:00:59,USR81570,MCH2368,12605.91,UTR5736632916,8120,SUCCESS,TXN00014857,USR81570,MCH2368,UTR5736632916,0,0,0,0,0,0,0
TXN00004187,2026-03-25 17:04:03,USR70241,MCH1196,3216.86,UTR9822142457,4110,SUCCESS,TXN00004187,USR70241,MCH1196,UTR9822142457,0,0,0,0,0,0,0
TXN00002409,2026-02-24 00:00:00,USR66594,MCH2812,-24701.02,UTR0581236845,8120,SUCCESS,TXN00002409,USR66594,MCH2812,UTR0581236845,1,0,0,0,0,0,0
TXN00002473,2026-02-12 11:51:10,USR91040,MCH3205,22737.27,UTR9706011316,9120,FAILED,TXN00002473,USR91040,MCH3205,UTR9706011316,0,0,0,0,0,1,0
TXN00013768,2026-02-02 14:08:44,USR89959,MCH1883,14815.21,UTR3070821117,4110,SUCCESS,TXN00013768,USR89959,MCH1883,UTR3070821117,0,0,0,0,0,0,0
TXN00005274,2026-02-12 01:19:39,USR29736,MCH4524,19503.4,UTR1804678360,,SUCCESS,TXN00005274,USR29736,MCH4524,UTR 1804678360,0,0,1,0,0,0,0
TXN00012847,2026-01-01 23:10:55,USR39654,MCH4784,23579.65,,4110,SUCCESS,TXN00012847,USR39654,MCH4784,,0,1,0,0,0,0,0
TXN00009243,2026-02-11 11:44:12,USR79348,MCH3795,17469.0,UTR6069394484,4110,SUCCESS,TXN00009243,USR79348,MCH3795,UTR6069394484,0,0,0,0,0,0,0
TXN00012497,2026-03-26 14:22:50,USR51687,MCH8975,16393.29,UTR6826829990,1310,SUCCESS,TXN00012497,USR51687,MCH8975,UTR6826829990,0,0,0,0,0,0,0
TXN00005098,2026-03-03 17:51:06,USR27631,MCH3578,6567.59,UTR2125341079,9120,FAILED,TXN00005098,USR27631,MCH3578,UTR2125341079,0,0,0,0,0,1,0
TXN00012816,2026-03-11 10:32:10,USR41220,MCH6894,2537.76,UTR0651550505,0110,SUCCESS,TXN00012816,USR41220,MCH6894,UTR0651550505,0,0,0,0,0,0,0
TXN00003727,2026-02-09 15:18:46,USR18722,MCH2577,1554.59,UTR1480673961,4110,SUCCESS,TXN00003727,USR18722,MCH2577,UTR1480673961,0,0,0,0,0,0,0
TXN00009061,2026-03-01 00:00:00,USR61514,MCH4855,23063.0,UTR5544521562,4110,SUCCESS,TXN00009061,USR61514,MCH4855,UTR5544521562,0,0,0,0,0,0,0
TXN00019532,2026-01-21 10:24:54,USR50386,MCH8897,5365.56,UTR0661879068,9120,SUCCESS,TXN00019532,USR50386,MCH8897,UTR 0661879068,0,0,0,0,0,0,0
TXN00010093,2026-01-22 07:16:37,USR47914,MCH4953,9306.15,UTR4605813506,4110,SUCCESS,TXN00010093,USR47914,MCH4953,UTR 4605813506,0,0,0,0,0,0,0
TXN00011697,2026-03-05 06:11:26,USR74316,MCH3436,11612.02,UTR8734978399,8120,SUCCESS,TXN00011697,USR74316,MCH3436,UTR8734978399,0,0,0,0,0,0,0
TXN00018236,2026-01-12 23:04:07,USR55091,MCH9253,17921.49,UTR5624664672,0110,SUCCESS,TXN00018236,USR55091,MCH9253,UTR5624664672,0,0,0,0,0,0,0
TXN00004320,2026-02-07 23:24:31,USR61231,MCH7702,12911.92,UTR1095954693,0110,SUCCESS,TXN00004320,USR61231,MCH7702,UTR1095954693,0,0,0,0,0,0,0
TXN00013840,2026-03-23 20:03:21,USR78738,MCH4706,18439.86,UTR5481778109,4110,FAILED,TXN00013840,USR78738,MCH4706,UTR5481778109,0,0,0,0,0,1,0
TXN00014216,2026-01-16 09:59:13,USR89314,MCH8933,0.298631,UTR9537086015,0110,SUCCESS,TXN00014216,USR89314,MCH8933,UTR9537086015,0,0,0,0,0,0,0
TXN00007050,2026-02-08 06:16:36,USR53534,MCH5255,12182.19,UTR5918403668,,FAILED,TXN00007050,USR53534,MCH5255,UTR5918403668,0,0,1,0,0,1,0
TXN00001390,2026-02-14 03:49:16,USR97612,MCH2106,11350.2,,9120,SUCCESS,TXN00001390,USR97612,MCH2106,,0,1,0,0,0,0,0
TXN00012723,2026-07-01 04:21:05,USR68143,MCH8347,22594.61,UTR2064384183,,SUCCESS,TXN00012723,USR68143,MCH8347,UTR2064384183,0,0,1,0,0,0,0
TXN00011762,2026-03-30 00:00:00,USR69432,MCH2731,2804.0,UTR4079606983,9120,FAILED,TXN00011762,USR69432,MCH2731,UTR4079606983,0,0,0,0,0,1,0
TXN00007039,2026-02-06 05:27:25,USR21067,MCH9609,13446.93,UTR5286021295,4110,SUCCESS,TXN00007039,USR21067,MCH9609,UTR5286021295,0,0,0,0,0,0,0
TXN00003760,2026-02-13 00:00:00,USR81891,MCH5681,20775.42,UTR0066876497,4110,SUCCESS,TXN00003760,USR81891,MCH5681,UTR0066876497,0,0,0,0,0,0,0
TXN00018598,2026-03-27 02:16:33,USR79878,MCH1761,0.29879,UTR6633800823,8120,SUCCESS,TXN00018598,USR79878,MCH1761,UTR6633800823,0,0,0,0,0,0,0
TXN00014902,2026-01-10 18:54:08,USR36388,MCH6937,4021.28,UTR9353086518,4110,SUCCESS,TXN00014902,USR36388,MCH6937,UTR9353086518,0,0,0,0,0,0,0
TXN00018817,2026-02-07 16:21:47,USR81602,MCH5502,6552.13,UTR5229273981,4110,SUCCESS,TXN00018817,USR81602,MCH5502,UTR5229273981,0,0,0,0,0,0,0
TXN00010410,2026-01-02 12:25:16,USR75745,MCH7473,-3857.81,UTR8906326423,0110,SUCCESS,TXN00010410,USR75745,MCH7473,UTR8906326423,1,0,0,0,0,0,0
TXN00010967,2026-02-01 16:29:20,USR68024,MCH8070,3746.22,UTR0154513998,1310,SUCCESS,TXN00010967,USR68024,MCH8070,UTR 0154513998,0,0,0,0,0,0,0
TXN00005883,2026-01-20 07:57:33,USR59177,MCH5011,8975.0,UTR7758911207,4110,SUCCESS,TXN00005883,USR59177,MCH5011,UTR7758911207,0,0,0,0,0,0,0
TXN00018106,2026-02-10 19:50:57,USR51828,MCH3165,15572.8,UTR1372401066,4110,SUCCESS,TXN00018106,USR51828,MCH3165,UTR1372401066,0,0,0,0,0,0,0
TXN00006271,2026-02-20 12:24:30,USR87803,MCH8772,8756.67,UTR9273181203,1310,SUCCESS,TXN00006271,USR87803,MCH8772,UTR9273181203,0,0,0,0,0,0,0
TXN00006693,2026-03-03 20:01:55,USR19159,MCH1351,16929.17,UTR4088270044,1310,SUCCESS,TXN00006693,USR19159,MCH1351,UTR4088270044,0,0,0,0,0,0,0
TXN00004618,2026-03-26 02:06:35,USR66675,MCH5832,21888.46,UTR4607853413,8120,SUCCESS,TXN00004618,USR66675,MCH5832,UTR4607853413,0,0,0,0,0,0,0
TXN00001697,2026-01-22 06:19:03,USR97696,MCH4935,655.04,UTR8294565174,1310,SUCCESS,TXN00001697,USR97696,MCH4935,UTR8294565174,0,0,0,0,0,0,0
TXN00004625,2026-01-25 00:50:39,USR91405,MCH1118,23626.15,UTR9991527387,8120,SUCCESS,TXN00004625,USR91405,MCH1118,UTR9991527387,0,0,0,0,0,0,0
TXN00005285,2026-01-21 20:19:29,USR66975,MCH8876,11514.28,,4110,SUCCESS,TXN00005285,USR66975,MCH8876,,0,1,0,0,0,0,0
TXN00003459,2026-01-30 07:35:05,USR15750,MCH5857,17431.42,UTR3527517509,,SUCCESS,TXN00003459,USR15750,MCH5857,UTR3527517509,0,0,1,0,0,0,0
TXN00004713,2026-03-27 15:33:11,USR22472,MCH5176,6423.61,UTR2123381018,1310,SUCCESS,TXN00004713,USR22472,MCH5176,UTR2123381018,0,0,0,0,0,0,0
TXN00013738,2026-01-06 13:33:35,USR33415,MCH8914,20698.48,UTR5457439626,4110,SUCCESS,TXN00013738,USR33415,MCH8914,UTR5457439626,0,0,0,0,0,0,0
TXN00010790,2026-03-27 17:50:34,USR39520,MCH6554,8617.51,UTR6972656064,4110,FAILED,TXN00010790,USR39520,MCH6554,UTR6972656064,0,0,0,0,0,1,0
TXN00004550,2026-03-05 11:09:55,USR23036,MCH9672,19968.41,,1310,SUCCESS,TXN00004550,USR23036,MCH9672,,0,1,0,0,0,0,0
TXN00007069,2026-01-18 20:44:02,USR55735,MCH9663,3879.52,UTR4351179911,0110,SUCCESS,TXN00007069,USR55735,MCH9663,UTR4351179911,0,0,0,0,0,0,0
TXN00017723,2026-01-24 08:33:04,USR79039,MCH2044,4675.0,UTR3836070163,8120,SUCCESS,TXN00017723,USR79039,MCH2044,UTR3836070163,0,0,0,0,0,0,0
TXN00017744,2026-02-08 12:54:33,USR65665,MCH1507,21129.19,UTR1804639074,4110,SUCCESS,TXN00017744,USR65665,MCH1507,UTR1804639074,0,0,0,0,0,0,0
TXN00008980,2026-01-22 23:15:16,USR52016,MCH6067,8327.13,,9120,FAILED,TXN00008980,USR52016,MCH6067,,0,1,0,0,0,1,0
TXN00019690,2026-02-20 19:37:24,USR60927,MCH1927,9522.35,UTR2393972234,,SUCCESS,TXN00019690,USR60927,MCH1927,UTR2393972234,0,0,1,0,0,0,0
TXN00018619,2026-03-16 08:10:02,USR65091,MCH5068,0.943416,UTR5697843788,8120,FAILED,TXN00018619,USR65091,MCH5068,UTR5697843788,0,0,0,0,0,1,0
TXN00001911,2026-02-04 18:45:54,USR99302,MCH1159,7647.05,,8120,SUCCESS,TXN00001911,USR99302,MCH1159,,0,1,0,0,0,0,0
TXN00010565,2026-01-27 04:26:01,USR69937,MCH4800,1174.03,UTR0360550375,,SUCCESS,TXN00010565,USR69937,MCH4800,UTR0360550375,0,0,1,0,0,0,0
TXN00005454,2026-12-02 09:58:37,USR71037,MCH1476,10284.5,UTR8855101153,1310,SUCCESS,TXN00005454,USR71037,MCH1476,UTR8855101153,0,0,0,0,0,0,0
TXN00005480,2026-12-03 18:17:57,USR22396,MCH4417,-7609.32,UTR9598337571,8120,SUCCESS,TXN00005480,USR22396,MCH4417,UTR9598337571,1,0,0,0,0,0,0
TXN00012832,2026-11-02 15:13:46,USR32716,MCH5009,4346.69,UTR7115228315,4110,SUCCESS,TXN00012832,USR32716,MCH5009,UTR7115228315,0,0,0,0,0,0,0
TXN00016770,2026-03-17 20:54:00,USR39669,MCH2729,14112.89,UTR1228960002,0110,SUCCESS,TXN00016770,USR39669,MCH2729,UTR1228960002,0,0,0,0,0,0,0
TXN00014768,2026-03-04 15:44:10,USR37376,MCH9169,24539.0,UTR4765354122,8120,SUCCESS,TXN00014768,USR37376,MCH9169,UTR4765354122,0,0,0,0,0,0,0
TXN00001672,2026-03-22 14:07:39,USR24129,MCH5986,21950.58,UTR5931295719,1310,SUCCESS,TXN00001672,USR24129,MCH5986,UTR5931295719,0,0,0,0,0,0,0
TXN00005730,2026-03-22 23:36:46,USR48738,MCH8404,23094.05,UTR5292866899,4110,SUCCESS,TXN00005730,USR48738,MCH8404,UTR5292866899,0,0,0,0,0,0,0
TXN00003895,2026-01-05 17:02:48,USR21725,MCH1950,18290.1,UTR1464107069,4110,SUCCESS,TXN00003895,USR21725,MCH1950,UTR1464107069,0,0,0,0,0,0,0
TXN00014183,2026-01-07 19:03:50,USR11631,MCH4152,21880.93,UTR3798738409,,SUCCESS,TXN00014183,USR11631,MCH4152,UTR3798738409,0,0,1,0,0,0,0
TXN00011719,2026-02-01 19:20:55,USR80822,MCH1713,6326.04,UTR6054200400,4110,SUCCESS,TXN00011719,USR80822,MCH1713,UTR6054200400,0,0,0,0,0,0,0
TXN00010435,2026-01-27 07:21:31,USR10107,MCH2424,22698.19,UTR7657732811,8120,FAILED,TXN00010435,USR10107,MCH2424,UTR7657732811,0,0,0,0,0,1,0
TXN00003896,2026-03-16 05:02:18,USR67325,MCH9125,20613.54,UTR6007999563,0110,SUCCESS,TXN00003896,USR67325,MCH9125,UTR6007999563,0,0,0,0,0,0,0
TXN00005863,2026-03-17 18:44:06,USR77357,MCH9479,196.5,UTR6407972987,,FAILED,TXN00005863,USR77357,MCH9479,UTR6407972987,0,0,1,0,0,1,0
TXN00010066,2026-03-14 17:30:30,USR56205,MCH2132,16349.21,,4110,SUCCESS,TXN00010066,USR56205,MCH2132,,0,1,0,0,0,0,0
TXN00006046,2026-03-07 05:34:01,USR23413,MCH6679,18974.11,UTR3179811071,0110,SUCCESS,TXN00006046,USR23413,MCH6679,UTR3179811071,0,0,0,0,0,0,0
TXN00013856,2026-02-14 07:01:53,USR63501,MCH3440,21737.78,UTR8355803401,,SUCCESS,TXN00013856,USR63501,MCH3440,UTR 8355803401,0,0,1,0,0,0,0
TXN00013854,2026-01-21 09:53:18,USR84605,MCH6705,0.24153,,0110,FAILED,TXN00013854,USR84605,MCH6705,,0,1,0,0,0,1,0
TXN00016705,2026-03-26 08:28:46,USR79665,MCH1480,18487.89,UTR2962265764,0110,SUCCESS,TXN00016705,USR79665,MCH1480,UTR2962265764,0,0,0,0,0,0,0
TXN00014605,2026-02-20 15:07:03,USR87822,MCH5615,19200.76,UTR2464482979,1310,SUCCESS,TXN00014605,USR87822,MCH5615,UTR2464482979,0,0,0,0,0,0,0
TXN00014205,2026-03-26 01:13:33,USR71397,MCH2783,20333.42,UTR0654132364,4110,FAILED,TXN00014205,USR71397,MCH2783,UTR0654132364,0,0,0,0,0,1,0
TXN00001129,2026-03-18 23:40:03,USR43470,MCH5449,9323.49,UTR2772268940,1310,SUCCESS,TXN00001129,USR43470,MCH5449,UTR 2772268940,0,0,0,0,0,0,0
TXN00009085,2026-02-01 09:43:06,USR54786,MCH7316,0.824054,UTR4215025833,4110,SUCCESS,TXN00009085,USR54786,MCH7316,UTR4215025833,0,0,0,0,0,0,0
TXN00009774,2026-04-01 00:39:56,USR90076,MCH6718,10540.0,UTR9074586731,0110,SUCCESS,TXN00009774,USR90076,MCH6718,UTR9074586731,0,0,0,0,0,0,0
TXN00018748,2026-01-12 02:11:43,USR29001,MCH6708,9112.05,UTR9234052032,4110,PENDING,TXN00018748,USR29001,MCH6708,UTR 9234052032,0,0,0,0,0,0,1
TXN00008355,2026-02-19 02:58:01,USR34009,MCH6325,0.494088,UTR9354514952,8120,SUCCESS,TXN00008355,USR34009,MCH6325,UTR9354514952,0,0,0,0,0,0,0
TXN00018222,2026-01-18 00:00:00,USR92827,MCH8424,16786.64,UTR9815045376,0110,SUCCESS,TXN00018222,USR92827,MCH8424,UTR9815045376,0,0,0,0,0,0,0
TXN00016787,2026-01-18 09:32:03,USR30574,MCH6718,9076.87,UTR3356174221,,SUCCESS,TXN00016787,USR30574,MCH6718,UTR3356174221,0,0,1,0,0,0,0
TXN00015350,2026-10-01 04:19:30,USR74334,MCH8501,15558.72,UTR3194913878,1310,SUCCESS,TXN00015350,USR74334,MCH8501,UTR3194913878,0,0,0,0,0,0,0
TXN00016719,2026-03-27 20:48:22,USR20487,MCH7797,7448.64,UTR1331346923,9120,SUCCESS,TXN00016719,USR20487,MCH7797,UTR1331346923,0,0,0,0,0,0,0
TXN00000246,2026-01-24 05:57:51,USR53666,MCH7557,23208.68,UTR0468306482,8120,SUCCESS,TXN00000246,USR53666,MCH7557,UTR0468306482,0,0,0,0,0,0,0
TXN00004734,2026-03-12 11:40:31,USR82399,MCH8362,0.2322091,UTR1895826034,0110,SUCCESS,TXN00004734,USR82399,MCH8362,UTR1895826034,0,0,0,0,0,0,0
TXN00009764,2026-01-06 03:47:44,USR11331,MCH5681,23687.46,UTR3373370426,9120,SUCCESS,TXN00009764,USR11331,MCH5681,UTR3373370426,0,0,0,0,0,0,0
TXN00008055,2026-02-12 05:34:14,USR49202,MCH3973,-20036.27,UTR9083133784,1310,SUCCESS,TXN00008055,USR49202,MCH3973,UTR9083133784,1,0,0,0,0,0,0
TXN00009733,2026-02-13 09:57:28,USR45338,MCH8104,11746.66,UTR5976208080,,SUCCESS,TXN00009733,USR45338,MCH8104,UTR5976208080,0,0,1,0,0,0,0
TXN00011022,2026-03-20 00:43:22,USR61100,MCH5716,1059.72,UTR6764833257,9120,SUCCESS,TXN00011022,USR61100,MCH5716,UTR6764833257,0,0,0,0,0,0,0
TXN00014453,2026-03-02 15:35:39,USR23441,MCH1355,11835.64,,0110,SUCCESS,TXN00014453,USR23441,MCH1355,,0,1,0,0,0,0,0
TXN00003503,2026-03-30 14:58:15,USR41880,MCH8087,24930.98,UTR1805764667,4110,SUCCESS,TXN00003503,USR41880,MCH8087,UTR1805764667,0,0,0,0,0,0,0
TXN00012450,2026-05-01 09:04:43,USR30285,MCH4592,7716.78,UTR2827230022,4110,SUCCESS,TXN00012450,USR30285,MCH4592,UTR 2827230022,0,0,0,0,0,0,0
TXN00008555,2026-02-25 11:57:07,USR58994,MCH8078,10146.43,UTR9964512998,4110,SUCCESS,TXN00008555,USR58994,MCH8078,UTR9964512998,0,0,0,0,0,0,0
TXN00009888,2026-03-06 10:37:08,USR16151,MCH9316,20099.08,UTR6316841707,4110,SUCCESS,TXN00009888,USR16151,MCH9316,UTR6316841707,0,0,0,0,0,0,0
TXN00015535,2026-02-05 05:25:50,USR45092,MCH1769,6595.15,UTR4441880461,4110,SUCCESS,TXN00015535,USR45092,MCH1769,UTR4441880461,0,0,0,0,0,0,0
TXN00012865,2026-04-03 06:43:24,USR31260,MCH1608,13040.0,UTR0208291112,4110,SUCCESS,TXN00012865,USR31260,MCH1608,UTR0208291112,0,0,0,0,0,0,0
TXN00016141,2026-01-15 09:11:23,USR86687,MCH3990,11301.95,UTR0055542504,0110,SUCCESS,TXN00016141,USR86687,MCH3990,UTR 0055542504,0,0,0,0,0,0,0
TXN00000610,2026-03-13 08:48:29,USR88544,MCH4518,17263.0,UTR2725429489,8120,SUCCESS,TXN00000610,USR88544,MCH4518,UTR2725429489,0,0,0,0,0,0,0
TXN00019222,2026-02-01 08:10:43,USR54567,MCH5027,24798.99,UTR1759599621,9120,SUCCESS,TXN00019222,USR54567,MCH5027,UTR1759599621,0,0,0,0,0,0,0
TXN00006942,2026-01-11 02:10:01,USR68079,MCH1078,21680.0,UTR2024715504,4110,SUCCESS,TXN00006942,USR68079,MCH1078,UTR2024715504,0,0,0,0,0,0,0
TXN00013121,2026-02-25 15:19:28,USR85156,MCH8326,16374.24,,4110,FAILED,TXN00013121,USR85156,MCH8326,,0,1,0,0,0,1,0
TXN00012827,2026-02-10 22:41:02,USR30562,MCH2403,0.1911645,UTR4532896238,,SUCCESS,TXN00012827,USR30562,MCH2403,UTR4532896238,0,0,1,0,0,0,0
TXN00005802,2026-02-02 04:26:13,USR28672,MCH9648,2513.0,UTR3861414156,1310,SUCCESS,TXN00005802,USR28672,MCH9648,UTR3861414156,0,0,0,0,0,0,0
TXN00011842,2026-02-20 16:14:57,USR85147,MCH5443,14845.38,UTR9717445146,4110,SUCCESS,TXN00011842,USR85147,MCH5443,UTR9717445146,0,0,0,0,0,0,0
TXN00012606,2026-02-27 20:24:24,USR70735,MCH4312,11284.59,UTR5209325201,4110,SUCCESS,TXN00012606,USR70735,MCH4312,UTR5209325201,0,0,0,0,0,0,0
TXN00001785,2026-02-06 01:35:46,USR79838,MCH3542,0.1648725,UTR9939001583,9120,SUCCESS,TXN00001785,USR79838,MCH3542,UTR9939001583,0,0,0,0,0,0,0
TXN00000262,2026-06-03 01:19:51,USR50308,MCH5379,24751.0,UTR7805381064,8120,FAILED,TXN00000262,USR50308,MCH5379,UTR7805381064,0,0,0,0,0,1,0
TXN00006521,2026-03-22 04:30:24,USR65452,MCH6435,5649.36,UTR3557736811,4110,SUCCESS,TXN00006521,USR65452,MCH6435,UTR3557736811,0,0,0,0,0,0,0
TXN00008053,2026-03-27 04:14:33,USR61509,MCH1431,24007.06,UTR8004302866,,SUCCESS,TXN00008053,USR61509,MCH1431,UTR8004302866,0,0,1,0,0,0,0
TXN00004594,2026-01-17 08:20:51,USR22062,MCH5879,7811.62,UTR5187250568,0110,SUCCESS,TXN00004594,USR22062,MCH5879,UTR5187250568,0,0,0,0,0,0,0
TXN00001726,2026-01-29 15:39:25,USR81732,MCH6263,1566.67,UTR3226607484,8120,SUCCESS,TXN00001726,USR81732,MCH6263,UTR3226607484,0,0,0,0,0,0,0
TXN00002586,2026-01-21 22:30:43,USR74071,MCH9299,15623.35,UTR0324724463,8120,SUCCESS,TXN00002586,USR74071,MCH9299,UTR0324724463,0,0,0,0,0,0,0
TXN00014537,2026-01-03 01:25:50,USR63033,MCH9206,15292.17,UTR8332666986,,SUCCESS,TXN00014537,USR63033,MCH9206,UTR8332666986,0,0,1,0,0,0,0
TXN00003807,2026-03-30 20:23:57,USR22541,MCH8004,10786.53,UTR0730170394,9120,SUCCESS,TXN00003807,USR22541,MCH8004,UTR0730170394,0,0,0,0,0,0,0
TXN00004225,2026-01-20 09:34:04,USR29394,MCH1670,14582.42,UTR5610594179,4110,SUCCESS,TXN00004225,USR29394,MCH1670,UTR5610594179,0,0,0,0,0,0,0
TXN00008657,2026-02-02 15:19:43,USR64264,MCH2004,13433.86,UTR4856704842,1310,SUCCESS,TXN00008657,USR64264,MCH2004,UTR4856704842,0,0,0,0,0,0,0
TXN00007962,2026-01-29 06:54:34,USR29097,MCH3376,7880.18,UTR9420325818,,SUCCESS,TXN00007962,USR29097,MCH3376,UTR9420325818,0,0,1,0,0,0,0
TXN00012774,2026-03-03 03:50:03,USR69456,MCH7972,9409.92,UTR5851360657,4110,FAILED,TXN00012774,USR69456,MCH7972,UTR5851360657,0,0,0,0,0,1,0
TXN00018636,2026-01-19 19:13:37,USR67565,MCH4643,-13774.9,UTR0440732609,,SUCCESS,TXN00018636,USR67565,MCH4643,UTR0440732609,1,0,1,0,0,0,0
TXN00002219,2026-02-14 16:06:12,USR14678,MCH9670,21820.12,UTR4409356534,1310,SUCCESS,TXN00002219,USR14678,MCH9670,UTR4409356534,0,0,0,0,0,0,0
TXN00018975,2026-03-29 00:00:00,USR89050,MCH1840,8955.62,UTR7629734434,8120,SUCCESS,TXN00018975,USR89050,MCH1840,UTR7629734434,0,0,0,0,0,0,0
TXN00004285,2026-01-09 06:01:20,USR11112,MCH8495,13813.63,UTR8154684325,4110,SUCCESS,TXN00004285,USR11112,MCH8495,UTR 8154684325,0,0,0,0,0,0,0
TXN00018153,2026-03-05 02:19:48,USR98681,MCH2352,10819.79,UTR7172683353,0110,SUCCESS,TXN00018153,USR98681,MCH2352,UTR7172683353,0,0,0,0,0,0,0
TXN00004841,2026-02-20 06:26:34,USR24760,MCH6141,0.2389168,UTR4940964134,1310,SUCCESS,TXN00004841,USR24760,MCH6141,UTR4940964134,0,0,0,0,0,0,0
TXN00010630,2026-04-01 21:20:36,USR18022,MCH4185,13121.96,UTR2116460515,0110,SUCCESS,TXN00010630,USR18022,MCH4185,UTR2116460515,0,0,0,0,0,0,0
TXN00003997,2026-03-31 05:46:47,USR24401,MCH4378,8366.69,UTR8462133126,,SUCCESS,TXN00003997,USR24401,MCH4378,UTR8462133126,0,0,1,0,0,0,0
TXN00018383,2026-01-23 23:21:28,USR97093,MCH5490,24037.16,UTR8544588652,,SUCCESS,TXN00018383,USR97093,MCH5490,UTR8544588652,0,0,1,0,0,0,0
TXN00017997,2026-01-28 23:41:39,USR44298,MCH2946,19015.7,UTR1927685473,4110,SUCCESS,TXN00017997,USR44298,MCH2946,UTR1927685473,0,0,0,0,0,0,0
TXN00007370,2026-02-28 21:18:27,USR93840,MCH9230,22524.0,UTR3944632723,8120,SUCCESS,TXN00007370,USR93840,MCH9230,UTR3944632723,0,0,0,0,0,0,0
TXN00019926,2026-01-12 09:19:14,USR75433,MCH7625,14837.66,UTR7946071080,9120,SUCCESS,TXN00019926,USR75433,MCH7625,UTR 7946071080,0,0,0,0,0,0,0
TXN00010013,2026-02-08 17:08:33,USR54496,MCH3766,0.2319597,UTR7049380450,0110,FAILED,TXN00010013,USR54496,MCH3766,UTR7049380450,0,0,0,0,0,1,0
TXN00003583,2026-03-28 19:40:48,USR44402,MCH8370,9041.48,UTR5620622341,9120,SUCCESS,TXN00003583,USR44402,MCH8370,UTR5620622341,0,0,0,0,0,0,0
TXN00015378,2026-02-22 01:56:30,USR67668,MCH4951,18010.9,UTR4205970995,1310,SUCCESS,TXN00015378,USR67668,MCH4951,UTR4205970995,0,0,0,0,0,0,0
TXN00005305,2026-06-01 22:05:29,USR63108,MCH5443,10826.67,UTR7808901526,,SUCCESS,TXN00005305,USR63108,MCH5443,UTR7808901526,0,0,1,0,0,0,0
TXN00018260,2026-02-17 20:41:22,USR51610,MCH8555,7650.91,UTR5842736848,8120,PENDING,TXN00018260,USR51610,MCH8555,UTR5842736848,0,0,0,0,0,0,1
TXN00000126,2026-03-17 00:00:00,USR39617,MCH8156,10683.42,UTR3835553133,0110,SUCCESS,TXN00000126,USR39617,MCH8156,UTR3835553133,0,0,0,0,0,0,0
TXN00018134,2026-03-15 08:03:30,USR45342,MCH4858,12620.57,UTR9037319208,9120,SUCCESS,TXN00018134,USR45342,MCH4858,UTR9037319208,0,0,0,0,0,0,0
TXN00014373,2026-07-02 22:44:43,USR54429,MCH4546,19014.95,UTR5661860566,0110,SUCCESS,TXN00014373,USR54429,MCH4546,UTR5661860566,0,0,0,0,0,0,0
TXN00013506,2026-02-27 02:31:22,USR63363,MCH6699,23250.0,UTR7927879540,4110,SUCCESS,TXN00013506,USR63363,MCH6699,UTR7927879540,0,0,0,0,0,0,0
TXN00005039,2026-02-01 01:30:10,USR54671,MCH5757,18194.0,UTR9943115836,,SUCCESS,TXN00005039,USR54671,MCH5757,UTR 9943115836,0,0,1,0,0,0,0
TXN00012699,2026-02-17 18:52:33,USR68412,MCH9107,0.2339828,UTR9718868717,0110,SUCCESS,TXN00012699,USR68412,MCH9107,UTR9718868717,0,0,0,0,0,0,0
TXN00011726,2026-02-18 11:13:43,USR76082,MCH7583,10268.22,UTR3779584021,8120,FAILED,TXN00011726,USR76082,MCH7583,UTR3779584021,0,0,0,0,0,1,0
TXN00011824,2026-02-09 00:00:00,USR22685,MCH7489,19750.0,UTR8366494621,0110,SUCCESS,TXN00011824,USR22685,MCH7489,UTR8366494621,0,0,0,0,0,0,0
TXN00002034,2026-02-24 12:35:28,USR96309,MCH1064,24300.0,UTR3732996776,9120,PENDING,TXN00002034,USR96309,MCH1064,UTR3732996776,0,0,0,0,0,0,1
TXN00001215,2026-03-21 19:40:05,USR34752,MCH1061,0.1734512,UTR5854111947,1310,SUCCESS,TXN00001215,USR34752,MCH1061,UTR5854111947,0,0,0,0,0,0,0
TXN00012910,2026-03-09 17:13:30,USR58718,MCH1297,22254.0,UTR2173469314,8120,SUCCESS,TXN00012910,USR58718,MCH1297,UTR2173469314,0,0,0,0,0,0,0
TXN00005615,2026-01-15 21:53:25,USR25271,MCH9782,10538.31,UTR5251228563,0110,SUCCESS,TXN00005615,USR25271,MCH9782,UTR5251228563,0,0,0,0,0,0,0
TXN00011165,2026-03-15 01:45:05,USR41896,MCH4463,8234.0,UTR9857201861,,SUCCESS,TXN00011165,USR41896,MCH4463,UTR 9857201861,0,0,1,0,0,0,0
TXN00008311,2026-02-06 16:15:55,USR48408,MCH9447,0.1192408,UTR9660568239,,SUCCESS,TXN00008311,USR48408,MCH9447,UTR9660568239,0,0,1,0,0,0,0
TXN00016156,2026-04-03 23:27:12,USR94152,MCH7122,10996.66,,9120,SUCCESS,TXN00016156,USR94152,MCH7122,,0,1,0,0,0,0,0
TXN00004141,2026-12-03 09:00:30,USR59535,MCH7658,8574.85,UTR3877527193,4110,SUCCESS,TXN00004141,USR59535,MCH7658,UTR3877527193,0,0,0,0,0,0,0
TXN00016267,2026-03-20 10:45:34,USR30438,MCH3232,23895.74,UTR3311321915,0110,SUCCESS,TXN00016267,USR30438,MCH3232,UTR3311321915,0,0,0,0,0,0,0
TXN00002847,2026-01-08 04:33:13,USR89873,MCH7850,19691.0,UTR2867319744,0110,SUCCESS,TXN00002847,USR89873,MCH7850,UTR2867319744,0,0,0,0,0,0,0
TXN00008610,2026-03-21 08:04:41,USR38569,MCH3034,21938.0,UTR2477823750,8120,SUCCESS,TXN00008610,USR38569,MCH3034,UTR2477823750,0,0,0,0,0,0,0
TXN00014074,2026-02-16 01:31:16,USR45511,MCH4585,23284.65,,0110,SUCCESS,TXN00014074,USR45511,MCH4585,,0,1,0,0,0,0,0
TXN00005562,2026-02-01 22:47:06,USR93792,MCH8441,24942.0,UTR4589257254,4110,SUCCESS,TXN00005562,USR93792,MCH8441,UTR4589257254,0,0,0,0,0,0,0
TXN00017958,2026-02-02 03:44:30,USR93049,MCH8448,23455.2,UTR1969750604,4110,SUCCESS,TXN00017958,USR93049,MCH8448,UTR1969750604,0,0,0,0,0,0,0
TXN00015696,2026-03-27 11:19:19,USR15895,MCH6824,13014.1,UTR8478716387,8120,SUCCESS,TXN00015696,USR15895,MCH6824,UTR8478716387,0,0,0,0,0,0,0
TXN00017361,2026-03-10 17:57:15,USR85909,MCH8351,14141.15,,9120,SUCCESS,TXN00017361,USR85909,MCH8351,,0,1,0,0,0,0,0
TXN00001806,2026-03-05 00:50:15,USR39421,MCH2291,19368.59,UTR4965722589,4110,SUCCESS,TXN00001806,USR39421,MCH2291,UTR4965722589,0,0,0,0,0,0,0
TXN00003453,2026-02-07 05:47:35,USR42642,MCH7575,16941.52,UTR9478193481,9120,SUCCESS,TXN00003453,USR42642,MCH7575,UTR9478193481,0,0,0,0,0,0,0
TXN00007491,2026-02-06 09:52:58,USR43907,MCH5971,0.27428,UTR1865583949,4110,SUCCESS,TXN00007491,USR43907,MCH5971,UTR1865583949,0,0,0,0,0,0,0
TXN00008280,2026-01-09 20:58:51,USR51285,MCH9289,670.91,UTR8022560186,0110,SUCCESS,TXN00008280,USR51285,MCH9289,UTR8022560186,0,0,0,0,0,0,0
TXN00018797,2026-03-15 03:21:32,USR78241,MCH8999,17301.37,UTR4697538064,1310,SUCCESS,TXN00018797,USR78241,MCH8999,UTR4697538064,0,0,0,0,0,0,0
TXN00013130,2026-03-23 00:25:57,USR32313,MCH5798,5069.94,,1310,SUCCESS,TXN00013130,USR32313,MCH5798,,0,1,0,0,0,0,0
TXN00005202,2026-03-23 03:50:45,USR15769,MCH9508,24573.84,UTR9482073809,4110,SUCCESS,TXN00005202,USR15769,MCH9508,UTR9482073809,0,0,0,0,0,0,0
TXN00008158,2026-01-15 18:32:00,USR73787,MCH5860,9630.12,UTR1030487797,4110,SUCCESS,TXN00008158,USR73787,MCH5860,UTR1030487797,0,0,0,0,0,0,0
TXN00017605,2026-03-01 11:48:44,USR88364,MCH5821,0.47807,UTR1249279055,,SUCCESS,TXN00017605,USR88364,MCH5821,UTR1249279055,0,0,1,0,0,0,0
TXN00019517,2026-03-19 21:45:27,USR61025,MCH6575,21132.84,UTR6173242974,4110,SUCCESS,TXN00019517,USR61025,MCH6575,UTR6173242974,0,0,0,0,0,0,0
TXN00000189,2026-03-25 00:00:00,USR92506,MCH6090,13245.97,UTR3892715351,9120,SUCCESS,TXN00000189,USR92506,MCH6090,UTR3892715351,0,0,0,0,0,0,0
TXN00003065,2026-02-15 07:45:29,USR60910,MCH2958,16216.14,UTR3021567292,1310,SUCCESS,TXN00003065,USR60910,MCH2958,UTR3021567292,0,0,0,0,0,0,0
TXN00016779,2026-01-16 00:00:00,USR90902,MCH2722,10422.84,UTR6027459265,4110,SUCCESS,TXN00016779,USR90902,MCH2722,UTR6027459265,0,0,0,0,0,0,0
TXN00019588,2026-01-27 05:08:32,USR13788,MCH4283,22589.25,,8120,SUCCESS,TXN00019588,USR13788,MCH4283,,0,1,0,0,0,0,0
TXN00012976,2026-01-01 12:08:53,USR40182,MCH5589,0.1771842,UTR5338536021,4110,SUCCESS,TXN00012976,USR40182,MCH5589,UTR5338536021,0,0,0,0,0,0,0
TXN00010495,2026-01-21 08:22:46,USR79892,MCH6204,0.1530803,UTR5063873114,0110,SUCCESS,TXN00010495,USR79892,MCH6204,UTR5063873114,0,0,0,0,0,0,0
TXN00013241,2026-01-18 17:38:58,USR71586,MCH3398,5880.88,UTR5501741348,,SUCCESS,TXN00013241,USR71586,MCH3398,UTR5501741348,0,0,1,0,0,0,0
TXN00018851,2026-02-08 07:29:14,USR23547,MCH8484,24387.29,UTR2468130185,4110,SUCCESS,TXN00018851,USR23547,MCH8484,UTR2468130185,0,0,0,0,0,0,0
TXN00002205,2026-02-11 16:18:17,USR47544,MCH4165,18500.2,UTR7720691077,0110,SUCCESS,TXN00002205,USR47544,MCH4165,UTR7720691077,0,0,0,0,0,0,0
TXN00004035,2026-01-24 08:20:26,USR58169,MCH6655,3913.48,UTR3082323576,1310,SUCCESS,TXN00004035,USR58169,MCH6655,UTR 3082323576,0,0,0,0,0,0,0
TXN00006310,2026-02-02 02:21:44,USR32525,MCH3279,20221.9,UTR6428432731,9120,SUCCESS,TXN00006310,USR32525,MCH3279,UTR6428432731,0,0,0,0,0,0,0
TXN00006364,2026-01-02 21:50:06,USR40935,MCH7786,11750.41,UTR8354337001,0110,SUCCESS,TXN00006364,USR40935,MCH7786,UTR8354337001,0,0,0,0,0,0,0
TXN00007470,2026-01-23 13:47:39,USR44364,MCH2711,8360.23,UTR5418487739,9120,SUCCESS,TXN00007470,USR44364,MCH2711,UTR5418487739,0,0,0,0,0,0,0
TXN00007799,2026-03-25 12:52:39,USR94549,MCH6397,5847.0,,8120,SUCCESS,TXN00007799,USR94549,MCH6397,,0,1,0,0,0,0,0
TXN00013163,2026-02-13 00:29:20,USR33283,MCH7501,13591.8,,8120,SUCCESS,TXN00013163,USR33283,MCH7501,,0,1,0,0,0,0,0
TXN00018965,2026-03-27 00:53:08,USR37251,MCH8814,10303.95,UTR1509133238,4110,SUCCESS,TXN00018965,USR37251,MCH8814,UTR1509133238,0,0,0,0,0,0,0
TXN00012110,2026-03-22 00:15:58,USR21526,MCH6238,4656.98,UTR5140459050,4110,SUCCESS,TXN00012110,USR21526,MCH6238,UTR5140459050,0,0,0,0,0,0,0
TXN00019718,2026-02-24 14:30:32,USR23515,MCH6860,20613.63,UTR7977932903,8120,SUCCESS,TXN00019718,USR23515,MCH6860,UTR7977932903,0,0,0,0,0,0,0
TXN00014247,2026-03-13 14:00:42,USR16166,MCH2376,1016.0,UTR3524995502,4110,SUCCESS,TXN00014247,USR16166,MCH2376,UTR3524995502,0,0,0,0,0,0,0
TXN00012819,2026-02-05 00:21:36,USR46633,MCH1761,10679.89,UTR4348027133,,PENDING,TXN00012819,USR46633,MCH1761,UTR4348027133,0,0,1,0,0,0,1
TXN00012511,2026-01-02 00:00:00,USR33732,MCH7371,8041.0,UTR4139134991,4110,SUCCESS,TXN00012511,USR33732,MCH7371,UTR4139134991,0,0,0,0,0,0,0
TXN00007532,2026-03-10 11:55:17,USR67717,MCH4683,0.29906,UTR0876892078,0110,SUCCESS,TXN00007532,USR67717,MCH4683,UTR0876892078,0,0,0,0,0,0,0
TXN00001727,2026-02-01 17:18:38,USR94972,MCH1389,12740.46,UTR3650507313,1310,SUCCESS,TXN00001727,USR94972,MCH1389,UTR 3650507313,0,0,0,0,0,0,0
TXN00014866,2026-01-21 15:19:54,USR60847,MCH6699,1080.5,UTR0950987963,0110,SUCCESS,TXN00014866,USR60847,MCH6699,UTR0950987963,0,0,0,0,0,0,0
TXN00016222,2026-02-12 03:04:06,USR14941,MCH6608,8997.32,UTR6242248526,4110,FAILED,TXN00016222,USR14941,MCH6608,UTR6242248526,0,0,0,0,0,1,0
TXN00016913,2026-01-03 05:27:37,USR75398,MCH7363,23542.81,UTR0432879350,8120,SUCCESS,TXN00016913,USR75398,MCH7363,UTR0432879350,0,0,0,0,0,0,0
TXN00000644,2026-01-28 02:24:30,USR95603,MCH2315,8194.16,,9120,SUCCESS,TXN00000644,USR95603,MCH2315,,0,1,0,0,0,0,0
TXN00002207,2026-02-09 06:22:25,USR84725,MCH5963,7008.13,UTR6731202660,8120,SUCCESS,TXN00002207,USR84725,MCH5963,UTR6731202660,0,0,0,0,0,0,0
TXN00007227,2026-02-24 23:42:28,USR17198,MCH6538,21484.53,UTR3781056805,1310,SUCCESS,TXN00007227,USR17198,MCH6538,UTR3781056805,0,0,0,0,0,0,0
TXN00012158,2026-03-30 04:19:16,USR35699,MCH4801,1950.42,UTR8408433260,8120,SUCCESS,TXN00012158,USR35699,MCH4801,UTR8408433260,0,0,0,0,0,0,0
TXN00014226,2026-01-27 17:49:26,USR90626,MCH7586,13490.46,UTR9392070030,4110,SUCCESS,TXN00014226,USR90626,MCH7586,UTR9392070030,0,0,0,0,0,0,0
TXN00005450,2026-02-01 07:43:11,USR33390,MCH3523,3149.83,UTR4199227629,0110,PENDING,TXN00005450,USR33390,MCH3523,UTR 4199227629,0,0,0,0,0,0,1
TXN00005597,2026-03-09 16:35:09,USR48528,MCH8649,8888.55,UTR8463356657,8120,SUCCESS,TXN00005597,USR48528,MCH8649,UTR8463356657,0,0,0,0,0,0,0
TXN00003732,2026-03-15 05:55:00,USR82174,MCH7131,0.2420223,UTR3089732194,1310,SUCCESS,TXN00003732,USR82174,MCH7131,UTR3089732194,0,0,0,0,0,0,0
TXN00016302,2026-01-14 12:25:46,USR70808,MCH8819,15779.04,UTR9282737964,,FAILED,TXN00016302,USR70808,MCH8819,UTR9282737964,0,0,1,0,0,1,0
TXN00008415,2026-01-05 18:22:40,USR36999,MCH7223,3346.55,UTR1279763152,9120,SUCCESS,TXN00008415,USR36999,MCH7223,UTR1279763152,0,0,0,0,0,0,0
TXN00016780,2026-01-07 14:49:42,USR88655,MCH9557,7867.11,UTR7758109653,0110,SUCCESS,TXN00016780,USR88655,MCH9557,UTR7758109653,0,0,0,0,0,0,0
TXN00004596,2026-03-10 00:00:00,USR33120,MCH8021,16134.01,UTR6251259500,4110,SUCCESS,TXN00004596,USR33120,MCH8021,UTR6251259500,0,0,0,0,0,0,0
TXN00019547,2026-02-06 07:12:12,USR87117,MCH5405,15265.78,UTR9863418966,4110,SUCCESS,TXN00019547,USR87117,MCH5405,UTR9863418966,0,0,0,0,0,0,0
TXN00007703,2026-01-31 15:42:21,USR72204,MCH1365,16121.55,UTR4230151445,4110,SUCCESS,TXN00007703,USR72204,MCH1365,UTR4230151445,0,0,0,0,0,0,0
TXN00019496,2026-01-30 22:52:54,USR74984,MCH3560,6065.22,UTR7604562336,9120,SUCCESS,TXN00019496,USR74984,MCH3560,UTR7604562336,0,0,0,0,0,0,0
TXN00015194,2026-01-21 10:45:50,USR70315,MCH6236,6082.51,UTR9582924183,1310,SUCCESS,TXN00015194,USR70315,MCH6236,UTR9582924183,0,0,0,0,0,0,0
TXN00001457,2026-03-23 00:00:00,USR44446,MCH7132,0.1724127,UTR1625758326,4110,SUCCESS,TXN00001457,USR44446,MCH7132,UTR1625758326,0,0,0,0,0,0,0
TXN00013532,2026-02-14 00:00:00,USR30174,MCH6107,10112.53,UTR5377908921,4110,SUCCESS,TXN00013532,USR30174,MCH6107,UTR5377908921,0,0,0,0,0,0,0
TXN00016499,2026-02-14 16:46:57,USR47212,MCH7170,7409.97,UTR2872309492,0110,SUCCESS,TXN00016499,USR47212,MCH7170,UTR2872309492,0,0,0,0,0,0,0
TXN00015613,2026-03-10 16:36:00,USR32792,MCH2338,6757.36,UTR7908086891,8120,SUCCESS,TXN00015613,USR32792,MCH2338,UTR7908086891,0,0,0,0,0,0,0
TXN00011240,2026-02-20 18:57:37,USR90405,MCH6383,6993.27,UTR1956217769,1310,SUCCESS,TXN00011240,USR90405,MCH6383,UTR1956217769,0,0,0,0,0,0,0
TXN00011802,2026-03-20 00:22:46,USR54150,MCH2294,0.909706,UTR4269565664,4110,SUCCESS,TXN00011802,USR54150,MCH2294,UTR4269565664,0,0,0,0,0,0,0
TXN00016751,2026-01-24 05:10:05,USR37904,MCH4951,20205.0,,4110,SUCCESS,TXN00016751,USR37904,MCH4951,,0,1,0,0,0,0,0
TXN00018687,2026-02-22 18:47:14,USR10111,MCH5125,18111.68,UTR6600771706,0110,SUCCESS,TXN00018687,USR10111,MCH5125,UTR6600771706,0,0,0,0,0,0,0
TXN00009230,2026-02-26 05:05:21,USR70701,MCH3941,18423.0,UTR6336743053,1310,SUCCESS,TXN00009230,USR70701,MCH3941,UTR6336743053,0,0,0,0,0,0,0
TXN00007233,2026-03-13 01:41:38,USR92683,MCH4582,0.116127,UTR1314410774,,SUCCESS,TXN00007233,USR92683,MCH4582,UTR1314410774,0,0,1,0,0,0,0
TXN00006895,2026-03-27 23:44:15,USR84562,MCH6181,12298.53,,0110,SUCCESS,TXN00006895,USR84562,MCH6181,,0,1,0,0,0,0,0
TXN00001708,2026-03-23 09:28:01,USR13719,MCH2773,5409.0,UTR4672532367,8120,SUCCESS,TXN00001708,USR13719,MCH2773,UTR 4672532367,0,0,0,0,0,0,0
TXN00017546,2026-02-08 20:52:11,USR29967,MCH4488,17851.43,UTR3449257202,4110,PENDING,TXN00017546,USR29967,MCH4488,UTR 3449257202,0,0,0,0,0,0,1
TXN00002832,2026-01-26 00:00:00,USR50964,MCH6848,16564.23,UTR6659987240,1310,SUCCESS,TXN00002832,USR50964,MCH6848,UTR6659987240,0,0,0,0,0,0,0
TXN00000452,2026-02-24 21:04:27,USR90903,MCH1298,13965.0,UTR7666594216,9120,PENDING,TXN00000452,USR90903,MCH1298,UTR7666594216,0,0,0,0,0,0,1
TXN00014700,2026-02-15 13:27:05,USR13706,MCH6482,0.1610351,UTR5849545818,9120,PENDING,TXN00014700,USR13706,MCH6482,UTR5849545818,0,0,0,0,0,0,1
TXN00018277,2026-01-12 15:54:54,USR67943,MCH1073,0.373456,UTR7431146433,4110,SUCCESS,TXN00018277,USR67943,MCH1073,UTR7431146433,0,0,0,0,0,0,0
TXN00015921,2026-03-03 14:26:20,USR53979,MCH2589,22251.04,UTR0120662238,8120,SUCCESS,TXN00015921,USR53979,MCH2589,UTR0120662238,0,0,0,0,0,0,0
TXN00019459,2026-02-28 08:34:06,USR35713,MCH2355,0.628897,UTR1005374183,4110,SUCCESS,TXN00019459,USR35713,MCH2355,UTR 1005374183,0,0,0,0,0,0,0
TXN00015496,2026-01-07 20:24:43,USR31453,MCH7754,20245.75,UTR7713592331,4110,FAILED,TXN00015496,USR31453,MCH7754,UTR7713592331,0,0,0,0,0,1,0
TXN00011813,2026-01-02 22:23:26,USR16640,MCH9044,4856.26,UTR1942474325,9120,SUCCESS,TXN00011813,USR16640,MCH9044,UTR 1942474325,0,0,0,0,0,0,0
TXN00007098,2026-02-02 02:56:18,USR20345,MCH3920,1101.0,UTR3323219164,0110,SUCCESS,TXN00007098,USR20345,MCH3920,UTR3323219164,0,0,0,0,0,0,0
TXN00002564,2026-02-02 13:16:59,USR12518,MCH8471,1831.82,UTR6122754931,8120,SUCCESS,TXN00002564,USR12518,MCH8471,UTR6122754931,0,0,0,0,0,0,0
TXN00003353,2026-02-16 00:00:00,USR11385,MCH9400,22696.88,UTR6256209929,,SUCCESS,TXN00003353,USR11385,MCH9400,UTR6256209929,0,0,1,0,0,0,0
TXN00011705,2026-02-22 10:10:08,USR15716,MCH8367,3718.15,UTR1996135891,,SUCCESS,TXN00011705,USR15716,MCH8367,UTR1996135891,0,0,1,0,0,0,0
TXN00006742,2026-04-01 03:16:45,USR77414,MCH8617,2839.95,UTR6173891700,1310,SUCCESS,TXN00006742,USR77414,MCH8617,UTR6173891700,0,0,0,0,0,0,0
TXN00019080,2026-03-22 08:57:46,USR25468,MCH9841,21322.0,UTR4334775624,9120,FAILED,TXN00019080,USR25468,MCH9841,UTR4334775624,0,0,0,0,0,1,0
TXN00012843,2026-03-01 21:21:09,USR55095,MCH7008,11380.73,UTR6026934261,0110,SUCCESS,TXN00012843,USR55095,MCH7008,UTR6026934261,0,0,0,0,0,0,0
TXN00006915,2026-02-13 06:13:22,USR60773,MCH2125,7303.76,UTR6489971950,8120,SUCCESS,TXN00006915,USR60773,MCH2125,UTR6489971950,0,0,0,0,0,0,0
TXN00013258,2026-07-02 20:37:31,USR66173,MCH1289,8677.96,UTR2779454846,0110,SUCCESS,TXN00013258,USR66173,MCH1289,UTR2779454846,0,0,0,0,0,0,0
TXN00003181,2026-02-26 16:07:28,USR45398,MCH5168,2769.69,UTR8760657763,4110,SUCCESS,TXN00003181,USR45398,MCH5168,UTR8760657763,0,0,0,0,0,0,0
TXN00012357,2026-02-08 17:32:40,USR38519,MCH6973,20281.0,UTR2580579645,,SUCCESS,TXN00012357,USR38519,MCH6973,UTR2580579645,0,0,1,0,0,0,0
TXN00000809,2026-01-25 04:40:26,USR11581,MCH5006,11276.48,UTR5673840315,,SUCCESS,TXN00000809,USR11581,MCH5006,UTR 5673840315,0,0,1,0,0,0,0
TXN00013448,2026-01-13 02:43:15,USR72308,MCH1472,14409.97,UTR0892130588,8120,SUCCESS,TXN00013448,USR72308,MCH1472,UTR0892130588,0,0,0,0,0,0,0
TXN00012616,2026-03-12 08:28:24,USR41619,MCH9253,16234.58,UTR7487935985,1310,SUCCESS,TXN00012616,USR41619,MCH9253,UTR7487935985,0,0,0,0,0,0,0
TXN00004096,2026-02-06 21:27:50,USR18880,MCH2466,11638.77,UTR2939174673,9120,SUCCESS,TXN00004096,USR18880,MCH2466,UTR2939174673,0,0,0,0,0,0,0
TXN00017494,2026-01-05 19:42:56,USR16298,MCH7611,1369.13,UTR3597033265,0110,SUCCESS,TXN00017494,USR16298,MCH7611,UTR3597033265,0,0,0,0,0,0,0
TXN00007158,2026-01-28 05:52:57,USR88372,MCH6114,11550.54,UTR1802286044,9120,FAILED,TXN00007158,USR88372,MCH6114,UTR1802286044,0,0,0,0,0,1,0
TXN00019199,2026-02-01 00:00:00,USR67170,MCH3469,13551.61,UTR6687939927,9120,SUCCESS,TXN00019199,USR67170,MCH3469,UTR6687939927,0,0,0,0,0,0,0
TXN00000354,2026-02-22 01:38:10,USR23291,MCH5964,4082.0,UTR1054852793,8120,SUCCESS,TXN00000354,USR23291,MCH5964,UTR1054852793,0,0,0,0,0,0,0
TXN00012506,2026-03-26 15:00:43,USR49546,MCH2525,24562.24,UTR7427723838,1310,SUCCESS,TXN00012506,USR49546,MCH2525,UTR 7427723838,0,0,0,0,0,0,0
TXN00004007,2026-01-27 07:41:50,USR47644,MCH1533,9033.26,UTR0955290711,,SUCCESS,TXN00004007,USR47644,MCH1533,UTR 0955290711,0,0,1,0,0,0,0
TXN00000832,2026-03-30 01:07:28,USR32988,MCH1933,0.1131646,,4110,SUCCESS,TXN00000832,USR32988,MCH1933,,0,1,0,0,0,0,0
TXN00000574,2026-01-04 20:57:42,USR13875,MCH7800,15555.95,,0110,SUCCESS,TXN00000574,USR13875,MCH7800,,0,1,0,0,0,0,0
TXN00018680,2026-02-16 00:00:00,USR61246,MCH6337,19947.0,UTR5390936475,0110,SUCCESS,TXN00018680,USR61246,MCH6337,UTR5390936475,0,0,0,0,0,0,0
TXN00003749,2026-02-24 02:34:20,USR51044,MCH9960,10066.13,UTR4804777509,8120,FAILED,TXN00003749,USR51044,MCH9960,UTR 4804777509,0,0,0,0,0,1,0
TXN00016817,2026-03-24 00:36:35,USR40228,MCH8965,8308.56,UTR2488580697,0110,SUCCESS,TXN00016817,USR40228,MCH8965,UTR2488580697,0,0,0,0,0,0,0
TXN00003194,2026-03-18 00:17:54,USR75198,MCH6721,0.81753,UTR9598335197,4110,SUCCESS,TXN00003194,USR75198,MCH6721,UTR9598335197,0,0,0,0,0,0,0
TXN00008484,2026-03-27 17:07:44,USR95809,MCH5515,23304.03,UTR9170923547,0110,SUCCESS,TXN00008484,USR95809,MCH5515,UTR9170923547,0,0,0,0,0,0,0
TXN00004879,2026-03-16 19:05:07,USR45900,MCH2335,9068.92,UTR9297445855,4110,SUCCESS,TXN00004879,USR45900,MCH2335,UTR9297445855,0,0,0,0,0,0,0
TXN00006984,2026-03-07 08:53:59,USR68040,MCH9237,20875.57,UTR8581166292,0110,SUCCESS,TXN00006984,USR68040,MCH9237,UTR8581166292,0,0,0,0,0,0,0
TXN00004555,2026-01-04 03:06:08,USR48314,MCH9620,0.1146838,UTR4426008728,,SUCCESS,TXN00004555,USR48314,MCH9620,UTR4426008728,0,0,1,0,0,0,0
TXN00003261,2026-03-08 02:15:10,USR28040,MCH9488,5115.87,UTR6978200696,0110,PENDING,TXN00003261,USR28040,MCH9488,UTR6978200696,0,0,0,0,0,0,1
TXN00015478,2026-01-08 05:16:14,USR96841,MCH7670,13667.08,UTR6364842442,4110,FAILED,TXN00015478,USR96841,MCH7670,UTR6364842442,0,0,0,0,0,1,0
TXN00004047,2026-01-14 14:06:30,USR36044,MCH9402,8263.81,UTR5237693609,4110,SUCCESS,TXN00004047,USR36044,MCH9402,UTR5237693609,0,0,0,0,0,0,0
TXN00018344,2026-01-18 12:18:11,USR41135,MCH7517,19192.0,UTR2949085294,,SUCCESS,TXN00018344,USR41135,MCH7517,UTR 2949085294,0,0,1,0,0,0,0
TXN00004715,2026-01-30 07:23:51,USR53749,MCH4496,12826.74,UTR9052978739,9120,SUCCESS,TXN00004715,USR53749,MCH4496,UTR9052978739,0,0,0,0,0,0,0
TXN00001250,2026-01-30 15:35:15,USR59861,MCH6666,15420.09,UTR0987704594,1310,SUCCESS,TXN00001250,USR59861,MCH6666,UTR 0987704594,0,0,0,0,0,0,0
TXN00010485,2026-02-18 07:17:36,USR68273,MCH6693,1245.69,UTR6997978620,1310,SUCCESS,TXN00010485,USR68273,MCH6693,UTR6997978620,0,0,0,0,0,0,0
TXN00009809,2026-03-04 22:51:23,USR82423,MCH6318,24659.69,,8120,FAILED,TXN00009809,USR82423,MCH6318,,0,1,0,0,0,1,0
TXN00018421,2026-01-20 09:24:53,USR30543,MCH1278,14285.83,UTR1685540658,8120,FAILED,TXN00018421,USR30543,MCH1278,UTR 1685540658,0,0,0,0,0,1,0
TXN00011636,2026-02-25 09:01:12,USR83032,MCH7528,9533.92,UTR0792280560,8120,PENDING,TXN00011636,USR83032,MCH7528,UTR0792280560,0,0,0,0,0,0,1
TXN00008253,2026-03-03 10:47:05,USR41505,MCH9338,276.65,UTR1554218586,0110,SUCCESS,TXN00008253,USR41505,MCH9338,UTR1554218586,0,0,0,0,0,0,0
TXN00018828,2026-03-16 15:55:43,USR23370,MCH6524,20722.27,UTR0482393691,,SUCCESS,TXN00018828,USR23370,MCH6524,UTR0482393691,0,0,1,0,0,0,0
TXN00003679,2026-01-06 11:31:26,USR65554,MCH8370,20038.13,UTR0493531197,4110,FAILED,TXN00003679,USR65554,MCH8370,UTR 0493531197,0,0,0,0,0,1,0
TXN00000286,2026-02-13 20:02:20,USR70749,MCH6258,908.2,UTR6171337061,4110,FAILED,TXN00000286,USR70749,MCH6258,UTR6171337061,0,0,0,0,0,1,0
TXN00011333,2026-01-17 16:15:40,USR84667,MCH6140,22165.24,UTR2632505933,,SUCCESS,TXN00011333,USR84667,MCH6140,UTR 2632505933,0,0,1,0,0,0,0
TXN00013457,2026-03-15 15:14:56,USR76595,MCH3577,490.6,UTR6694461152,4110,SUCCESS,TXN00013457,USR76595,MCH3577,UTR6694461152,0,0,0,0,0,0,0
TXN00017826,2026-03-24 18:37:04,USR97136,MCH9861,17859.44,UTR8827956758,8120,SUCCESS,TXN00017826,USR97136,MCH9861,UTR8827956758,0,0,0,0,0,0,0
TXN00015250,2026-01-30 12:32:37,USR56234,MCH7989,6795.62,UTR8439826433,0110,SUCCESS,TXN00015250,USR56234,MCH7989,UTR8439826433,0,0,0,0,0,0,0
TXN00016615,2026-03-21 06:43:11,USR42844,MCH3732,14318.41,UTR1678204745,9120,SUCCESS,TXN00016615,USR42844,MCH3732,UTR1678204745,0,0,0,0,0,0,0
TXN00010890,2026-01-15 21:38:43,USR44073,MCH8154,2006.54,,4110,SUCCESS,TXN00010890,USR44073,MCH8154,,0,1,0,0,0,0,0
TXN00017089,2026-03-01 19:59:26,USR91982,MCH2692,13234.07,UTR0983189722,1310,SUCCESS,TXN00017089,USR91982,MCH2692,UTR0983189722,0,0,0,0,0,0,0
TXN00004813,2026-02-27 05:48:24,USR94978,MCH2897,340.59,UTR8773242459,1310,SUCCESS,TXN00004813,USR94978,MCH2897,UTR8773242459,0,0,0,0,0,0,0
TXN00008627,2026-01-06 06:07:38,USR80416,MCH7963,6932.87,UTR6446942935,4110,SUCCESS,TXN00008627,USR80416,MCH7963,UTR6446942935,0,0,0,0,0,0,0
TXN00002935,2026-01-13 01:18:58,USR89500,MCH6583,17735.93,UTR9293117246,0110,SUCCESS,TXN00002935,USR89500,MCH6583,UTR9293117246,0,0,0,0,0,0,0
TXN00008340,2026-02-23 20:07:33,USR20832,MCH7349,19628.95,UTR6005550831,8120,SUCCESS,TXN00008340,USR20832,MCH7349,UTR6005550831,0,0,0,0,0,0,0
TXN00009242,2026-03-15 15:17:52,USR62166,MCH1257,17390.26,UTR4720932120,1310,SUCCESS,TXN00009242,USR62166,MCH1257,UTR4720932120,0,0,0,0,0,0,0
TXN00003190,2026-02-27 22:54:00,USR98869,MCH2366,19734.43,UTR7018308899,8120,SUCCESS,TXN00003190,USR98869,MCH2366,UTR7018308899,0,0,0,0,0,0,0
TXN00000516,2026-01-28 08:32:22,USR70613,MCH4934,668.91,UTR4923584250,0110,SUCCESS,TXN00000516,USR70613,MCH4934,UTR4923584250,0,0,0,0,0,0,0
TXN00019152,2026-02-02 16:49:12,USR80419,MCH6454,17892.0,UTR8462507976,8120,SUCCESS,TXN00019152,USR80419,MCH6454,UTR8462507976,0,0,0,0,0,0,0
TXN00013690,2026-03-18 15:28:24,USR80757,MCH2744,19860.86,UTR1473385239,8120,SUCCESS,TXN00013690,USR80757,MCH2744,UTR1473385239,0,0,0,0,0,0,0
TXN00014318,2026-01-25 12:59:20,USR49479,MCH4108,1230.55,UTR6038766118,9120,SUCCESS,TXN00014318,USR49479,MCH4108,UTR6038766118,0,0,0,0,0,0,0
TXN00019026,2026-03-13 04:07:12,USR25862,MCH2690,16932.0,UTR5873379238,4110,SUCCESS,TXN00019026,USR25862,MCH2690,UTR5873379238,0,0,0,0,0,0,0
TXN00008482,2026-03-06 14:07:37,USR33998,MCH9621,6206.0,UTR1499112514,,PENDING,TXN00008482,USR33998,MCH9621,UTR1499112514,0,0,1,0,0,0,1
TXN00017848,2026-03-27 13:28:43,USR84694,MCH9595,-8854.65,UTR8218487098,,SUCCESS,TXN00017848,USR84694,MCH9595,UTR8218487098,1,0,1,0,0,0,0
TXN00010404,2026-03-24 06:30:27,USR67166,MCH4108,4899.7,UTR3663311544,0110,SUCCESS,TXN00010404,USR67166,MCH4108,UTR3663311544,0,0,0,0,0,0,0
TXN00009052,2026-03-27 20:47:44,USR53975,MCH6308,13682.72,UTR2653866849,0110,SUCCESS,TXN00009052,USR53975,MCH6308,UTR2653866849,0,0,0,0,0,0,0
TXN00006325,2026-02-19 16:21:35,USR61277,MCH5421,2046.03,UTR2558585704,8120,FAILED,TXN00006325,USR61277,MCH5421,UTR2558585704,0,0,0,0,0,1,0
TXN00005609,2026-01-05 19:39:32,USR61838,MCH1075,11231.45,UTR2122435976,0110,SUCCESS,TXN00005609,USR61838,MCH1075,UTR2122435976,0,0,0,0,0,0,0
TXN00017693,2026-03-30 18:03:58,USR35971,MCH8846,0.2265143,UTR3279569822,1310,SUCCESS,TXN00017693,USR35971,MCH8846,UTR3279569822,0,0,0,0,0,0,0
TXN00005888,2026-02-19 01:01:47,USR46601,MCH8012,0.2291973,,4110,SUCCESS,TXN00005888,USR46601,MCH8012,,0,1,0,0,0,0,0
TXN00015219,2026-02-02 18:13:21,USR68723,MCH7333,6018.73,UTR1414205991,,SUCCESS,TXN00015219,USR68723,MCH7333,UTR1414205991,0,0,1,0,0,0,0
TXN00002064,2026-03-24 01:51:46,USR85377,MCH6475,11486.4,UTR5611910849,0110,SUCCESS,TXN00002064,USR85377,MCH6475,UTR5611910849,0,0,0,0,0,0,0
TXN00009825,2026-03-28 18:11:53,USR48879,MCH4671,12354.74,UTR9035088389,4110,SUCCESS,TXN00009825,USR48879,MCH4671,UTR9035088389,0,0,0,0,0,0,0
TXN00012795,2026-03-21 12:46:58,USR10365,MCH1195,10346.98,UTR3982107144,1310,SUCCESS,TXN00012795,USR10365,MCH1195,UTR3982107144,0,0,0,0,0,0,0
TXN00015313,2026-02-06 10:40:45,USR13480,MCH9250,0.40654,UTR2409472358,,SUCCESS,TXN00015313,USR13480,MCH9250,UTR2409472358,0,0,1,0,0,0,0
TXN00003315,2026-01-20 14:51:09,USR39597,MCH5828,5449.51,UTR4003351021,4110,SUCCESS,TXN00003315,USR39597,MCH5828,UTR4003351021,0,0,0,0,0,0,0
TXN00007649,2026-01-19 21:16:35,USR64884,MCH3440,7996.54,UTR7260435768,,SUCCESS,TXN00007649,USR64884,MCH3440,UTR7260435768,0,0,1,0,0,0,0
TXN00018649,2026-03-15 01:36:46,USR62532,MCH8779,3554.83,UTR1872641545,1310,SUCCESS,TXN00018649,USR62532,MCH8779,UTR 1872641545,0,0,0,0,0,0,0
TXN00016475,2026-01-09 11:18:27,USR73682,MCH9671,0.2039239,UTR9621833537,1310,SUCCESS,TXN00016475,USR73682,MCH9671,UTR9621833537,0,0,0,0,0,0,0
TXN00002547,2026-01-03 14:08:45,USR44486,MCH7810,1950.46,UTR3217617081,8120,FAILED,TXN00002547,USR44486,MCH7810,UTR 3217617081,0,0,0,0,0,1,0
TXN00004696,2026-01-10 16:01:33,USR75311,MCH1380,21999.07,UTR0113113371,1310,SUCCESS,TXN00004696,USR75311,MCH1380,UTR0113113371,0,0,0,0,0,0,0
TXN00007909,2026-02-03 09:54:17,USR51222,MCH8214,9875.44,UTR0765243100,8120,SUCCESS,TXN00007909,USR51222,MCH8214,UTR0765243100,0,0,0,0,0,0,0
TXN00002700,2026-08-02 15:55:45,USR91244,MCH9390,0.1932531,UTR5613436591,1310,FAILED,TXN00002700,USR91244,MCH9390,UTR5613436591,0,0,0,0,0,1,0
TXN00002133,2026-01-05 19:57:18,USR19563,MCH2659,13998.29,UTR6841670290,,SUCCESS,TXN00002133,USR19563,MCH2659,UTR6841670290,0,0,1,0,0,0,0
TXN00019081,2026-03-22 06:32:46,USR97596,MCH5799,12664.85,UTR0520311035,8120,SUCCESS,TXN00019081,USR97596,MCH5799,UTR0520311035,0,0,0,0,0,0,0
TXN00018249,2026-03-14 00:12:14,USR64490,MCH8021,3005.95,UTR1495146020,8120,FAILED,TXN00018249,USR64490,MCH8021,UTR1495146020,0,0,0,0,0,1,0
TXN00002716,2026-02-02 05:26:26,USR44398,MCH5662,7502.02,UTR9476681497,4110,SUCCESS,TXN00002716,USR44398,MCH5662,UTR9476681497,0,0,0,0,0,0,0
TXN00014431,2026-03-06 22:45:54,USR47144,MCH7522,24896.45,UTR6244752330,0110,SUCCESS,TXN00014431,USR47144,MCH7522,UTR6244752330,0,0,0,0,0,0,0
TXN00017180,2026-02-26 02:29:47,USR62455,MCH2122,0.2081384,UTR2114944985,0110,SUCCESS,TXN00017180,USR62455,MCH2122,UTR2114944985,0,0,0,0,0,0,0
TXN00006418,2026-03-27 10:25:57,USR72654,MCH7935,22886.25,UTR5335386741,9120,SUCCESS,TXN00006418,USR72654,MCH7935,UTR5335386741,0,0,0,0,0,0,0
TXN00006807,2026-03-08 06:42:37,USR25146,MCH4911,18489.47,UTR6776314784,,SUCCESS,TXN00006807,USR25146,MCH4911,UTR6776314784,0,0,1,0,0,0,0
TXN00006875,2026-02-21 12:09:07,USR85553,MCH7035,21399.57,UTR0271526065,8120,SUCCESS,TXN00006875,USR85553,MCH7035,UTR0271526065,0,0,0,0,0,0,0
TXN00006825,2026-01-01 13:09:14,USR23697,MCH7225,5389.57,UTR0686268674,,SUCCESS,TXN00006825,USR23697,MCH7225,UTR0686268674,0,0,1,0,0,0,0
TXN00015257,2026-03-09 13:41:38,USR83115,MCH8954,0.1957688,UTR1844816531,4110,SUCCESS,TXN00015257,USR83115,MCH8954,UTR1844816531,0,0,0,0,0,0,0
TXN00013313,2026-01-09 03:31:14,USR15434,MCH9753,4672.08,UTR4549795493,1310,SUCCESS,TXN00013313,USR15434,MCH9753,UTR4549795493,0,0,0,0,0,0,0
TXN00003284,2026-02-03 20:46:13,USR20714,MCH1136,22065.17,UTR4674777324,1310,SUCCESS,TXN00003284,USR20714,MCH1136,UTR4674777324,0,0,0,0,0,0,0
TXN00008288,2026-02-04 00:00:00,USR16978,MCH6577,458.77,UTR1075390882,0110,SUCCESS,TXN00008288,USR16978,MCH6577,UTR1075390882,0,0,0,0,0,0,0
TXN00015361,2026-01-13 03:49:19,USR68470,MCH7922,22179.68,UTR1057610650,9120,SUCCESS,TXN00015361,USR68470,MCH7922,UTR1057610650,0,0,0,0,0,0,0
TXN00018144,2026-03-26 00:00:00,USR18314,MCH4208,0.762436,UTR4666857271,4110,SUCCESS,TXN00018144,USR18314,MCH4208,UTR4666857271,0,0,0,0,0,0,0
TXN00019076,2026-03-18 08:13:17,USR67569,MCH6031,16115.51,UTR9763798933,,SUCCESS,TXN00019076,USR67569,MCH6031,UTR9763798933,0,0,1,0,0,0,0
TXN00000669,2026-02-28 20:34:08,USR99700,MCH1026,4672.31,UTR1929683163,4110,SUCCESS,TXN00000669,USR99700,MCH1026,UTR1929683163,0,0,0,0,0,0,0
TXN00011432,2026-01-20 07:54:17,USR74847,MCH1661,15688.11,UTR9166387368,,SUCCESS,TXN00011432,USR74847,MCH1661,UTR9166387368,0,0,1,0,0,0,0
TXN00017249,2026-01-24 19:29:03,USR91478,MCH9764,20498.85,UTR2963132969,8120,FAILED,TXN00017249,USR91478,MCH9764,UTR2963132969,0,0,0,0,0,1,0
TXN00008088,2026-03-31 12:37:18,USR84003,MCH1303,18244.66,,,FAILED,TXN00008088,USR84003,MCH1303,,0,1,1,0,0,1,0
TXN00010035,2026-02-13 13:49:40,USR69161,MCH2352,16484.52,UTR8835733726,4110,PENDING,TXN00010035,USR69161,MCH2352,UTR8835733726,0,0,0,0,0,0,1
TXN00003960,2026-02-24 20:33:01,USR45264,MCH9757,994.4,UTR4095785756,4110,SUCCESS,TXN00003960,USR45264,MCH9757,UTR4095785756,0,0,0,0,0,0,0
TXN00005448,2026-02-02 16:14:38,USR75663,MCH6758,15509.67,UTR2120544059,,SUCCESS,TXN00005448,USR75663,MCH6758,UTR2120544059,0,0,1,0,0,0,0
TXN00015835,2026-02-16 00:00:00,USR35590,MCH3718,20065.68,UTR4069190748,4110,FAILED,TXN00015835,USR35590,MCH3718,UTR4069190748,0,0,0,0,0,1,0
TXN00016359,2026-01-22 19:10:30,USR20800,MCH1682,8739.68,UTR4248003605,4110,SUCCESS,TXN00016359,USR20800,MCH1682,UTR4248003605,0,0,0,0,0,0,0
TXN00017060,2026-02-06 05:26:09,USR55275,MCH1702,1945.0,UTR6828765211,,SUCCESS,TXN00017060,USR55275,MCH1702,UTR6828765211,0,0,1,0,0,0,0
TXN00015711,2026-01-08 07:02:52,USR82001,MCH9663,1961.83,UTR4714775201,,SUCCESS,TXN00015711,USR82001,MCH9663,UTR4714775201,0,0,1,0,0,0,0
TXN00002992,2026-03-02 00:17:49,USR18146,MCH2018,20002.0,,0110,SUCCESS,TXN00002992,USR18146,MCH2018,,0,1,0,0,0,0,0
TXN00010221,2026-03-18 06:04:19,USR91723,MCH9231,16976.85,UTR8726252821,,SUCCESS,TXN00010221,USR91723,MCH9231,UTR8726252821,0,0,1,0,0,0,0
TXN00015038,2026-02-16 19:32:02,USR24354,MCH1945,11801.36,UTR8951068029,4110,SUCCESS,TXN00015038,USR24354,MCH1945,UTR8951068029,0,0,0,0,0,0,0
TXN00005245,2026-03-04 14:13:29,USR58698,MCH4058,17934.0,UTR4017275995,,SUCCESS,TXN00005245,USR58698,MCH4058,UTR4017275995,0,0,1,0,0,0,0
TXN00003251,2026-02-14 15:05:37,USR98166,MCH7125,13317.0,UTR6570415301,,PENDING,TXN00003251,USR98166,MCH7125,UTR6570415301,0,0,1,0,0,0,1
TXN00014916,2026-01-01 16:55:17,USR22970,MCH2675,2966.92,UTR9158161240,9120,SUCCESS,TXN00014916,USR22970,MCH2675,UTR9158161240,0,0,0,0,0,0,0
TXN00009533,2026-03-20 01:27:44,USR85599,MCH5919,-9084.68,,4110,SUCCESS,TXN00009533,USR85599,MCH5919,,1,1,0,0,0,0,0
TXN00000653,2026-01-03 16:18:50,USR28162,MCH4994,14675.0,UTR0955770187,0110,SUCCESS,TXN00000653,USR28162,MCH4994,UTR0955770187,0,0,0,0,0,0,0
TXN00017542,2026-01-27 16:02:08,USR12107,MCH2497,19479.59,,0110,SUCCESS,TXN00017542,USR12107,MCH2497,,0,1,0,0,0,0,0
TXN00013773,2026-01-16 18:08:23,USR27283,MCH3010,19208.51,UTR3544793511,4110,SUCCESS,TXN00013773,USR27283,MCH3010,UTR3544793511,0,0,0,0,0,0,0
TXN00011322,2026-01-07 00:00:00,USR63970,MCH8702,14481.02,UTR0056675388,4110,SUCCESS,TXN00011322,USR63970,MCH8702,UTR0056675388,0,0,0,0,0,0,0
TXN00014892,2026-01-27 20:54:09,USR84366,MCH3610,11702.63,UTR7194659541,9120,SUCCESS,TXN00014892,USR84366,MCH3610,UTR7194659541,0,0,0,0,0,0,0
TXN00009662,2026-01-07 09:55:50,USR65910,MCH7093,6382.54,UTR7907653861,8120,SUCCESS,TXN00009662,USR65910,MCH7093,UTR7907653861,0,0,0,0,0,0,0
TXN00005715,2026-01-17 18:50:13,USR65146,MCH1021,16923.73,UTR9230105255,8120,SUCCESS,TXN00005715,USR65146,MCH1021,UTR9230105255,0,0,0,0,0,0,0
TXN00009912,2026-10-02 21:02:19,USR53278,MCH3961,22705.66,UTR6219470848,,SUCCESS,TXN00009912,USR53278,MCH3961,UTR6219470848,0,0,1,0,0,0,0
TXN00008373,2026-07-02 14:55:08,USR67071,MCH6923,9928.27,UTR1290867478,8120,SUCCESS,TXN00008373,USR67071,MCH6923,UTR1290867478,0,0,0,0,0,0,0
TXN00010124,2026-01-18 22:32:31,USR86036,MCH2479,17966.0,UTR7139303566,4110,SUCCESS,TXN00010124,USR86036,MCH2479,UTR7139303566,0,0,0,0,0,0,0
TXN00014288,2026-01-27 13:56:41,USR68168,MCH5172,21497.69,,4110,SUCCESS,TXN00014288,USR68168,MCH5172,,0,1,0,0,0,0,0
TXN00007368,2026-01-22 00:41:57,USR89265,MCH7878,14482.45,UTR5246514494,1310,FAILED,TXN00007368,USR89265,MCH7878,UTR5246514494,0,0,0,0,0,1,0
TXN00014746,2026-03-08 20:17:47,USR11807,MCH6190,10849.0,UTR8578273060,4110,SUCCESS,TXN00014746,USR11807,MCH6190,UTR8578273060,0,0,0,0,0,0,0
TXN00017820,2026-03-30 03:17:11,USR38409,MCH3161,5754.44,UTR0571377593,0110,SUCCESS,TXN00017820,USR38409,MCH3161,UTR0571377593,0,0,0,0,0,0,0
TXN00000181,2026-01-07 04:01:49,USR58795,MCH4670,8533.25,UTR9546596407,1310,FAILED,TXN00000181,USR58795,MCH4670,UTR9546596407,0,0,0,0,0,1,0
TXN00001263,2026-01-08 21:10:49,USR85799,MCH8864,7765.95,,0110,FAILED,TXN00001263,USR85799,MCH8864,,0,1,0,0,0,1,0
TXN00007874,2026-03-03 05:31:32,USR91204,MCH8117,22302.94,UTR8302711753,,PENDING,TXN00007874,USR91204,MCH8117,UTR8302711753,0,0,1,0,0,0,1
TXN00010206,2026-03-29 19:54:41,USR30207,MCH3181,5137.52,UTR0248600470,0110,SUCCESS,TXN00010206,USR30207,MCH3181,UTR0248600470,0,0,0,0,0,0,0
TXN00019842,2026-03-03 01:15:39,USR94032,MCH9989,14218.87,UTR0615589196,4110,SUCCESS,TXN00019842,USR94032,MCH9989,UTR0615589196,0,0,0,0,0,0,0
TXN00001233,2026-03-16 05:16:56,USR37368,MCH5627,5335.49,UTR2392300355,4110,SUCCESS,TXN00001233,USR37368,MCH5627,UTR2392300355,0,0,0,0,0,0,0
TXN00000697,2026-03-02 12:03:26,USR89069,MCH3413,7222.88,UTR4973914796,0110,SUCCESS,TXN00000697,USR89069,MCH3413,UTR4973914796,0,0,0,0,0,0,0
TXN00000927,2026-03-23 14:31:12,USR66328,MCH4442,6724.25,UTR4220120268,,SUCCESS,TXN00000927,USR66328,MCH4442,UTR4220120268,0,0,1,0,0,0,0
TXN00017126,2026-03-04 14:37:52,USR85435,MCH3794,14350.83,UTR4339179395,4110,SUCCESS,TXN00017126,USR85435,MCH3794,UTR4339179395,0,0,0,0,0,0,0
TXN00005798,2026-01-04 18:22:11,USR55178,MCH4042,24436.18,UTR6161497123,0110,SUCCESS,TXN00005798,USR55178,MCH4042,UTR6161497123,0,0,0,0,0,0,0
TXN00006740,2026-03-15 04:00:04,USR58784,MCH9583,23461.81,UTR5249711727,,SUCCESS,TXN00006740,USR58784,MCH9583,UTR 5249711727,0,0,1,0,0,0,0
TXN00008207,2026-03-22 09:58:01,USR51806,MCH5435,3184.57,UTR1299322774,1310,SUCCESS,TXN00008207,USR51806,MCH5435,UTR1299322774,0,0,0,0,0,0,0
TXN00007574,2026-01-22 12:45:43,USR51207,MCH3993,18660.38,,0110,SUCCESS,TXN00007574,USR51207,MCH3993,,0,1,0,0,0,0,0
TXN00007326,2026-02-16 18:00:54,USR97108,MCH3668,4852.79,UTR2194296660,0110,SUCCESS,TXN00007326,USR97108,MCH3668,UTR2194296660,0,0,0,0,0,0,0
TXN00002282,2026-03-31 17:26:07,USR24596,MCH8554,9052.71,UTR9631182021,1310,SUCCESS,TXN00002282,USR24596,MCH8554,UTR9631182021,0,0,0,0,0,0,0
TXN00002236,2026-01-31 02:59:31,USR67936,MCH1343,14834.61,UTR9159088996,4110,SUCCESS,TXN00002236,USR67936,MCH1343,UTR9159088996,0,0,0,0,0,0,0
TXN00005679,2026-02-27 06:09:43,USR27890,MCH1442,17808.0,UTR0285814439,,SUCCESS,TXN00005679,USR27890,MCH1442,UTR0285814439,0,0,1,0,0,0,0
TXN00007085,2026-02-14 18:49:32,USR53746,MCH8063,16206.07,UTR6381944723,4110,SUCCESS,TXN00007085,USR53746,MCH8063,UTR6381944723,0,0,0,0,0,0,0
TXN00017305,2026-03-20 12:03:21,USR50670,MCH2579,20737.34,UTR6049020586,0110,SUCCESS,TXN00017305,USR50670,MCH2579,UTR6049020586,0,0,0,0,0,0,0
TXN00019733,2026-03-13 19:35:27,USR50644,MCH3155,12440.31,UTR9172670179,4110,PENDING,TXN00019733,USR50644,MCH3155,UTR9172670179,0,0,0,0,0,0,1
TXN00003756,2026-02-02 01:34:06,USR15378,MCH3823,4773.34,UTR9693068911,9120,SUCCESS,TXN00003756,USR15378,MCH3823,UTR9693068911,0,0,0,0,0,0,0
TXN00004254,2026-01-25 12:47:27,USR30191,MCH8476,12653.23,UTR1267592907,4110,FAILED,TXN00004254,USR30191,MCH8476,UTR 1267592907,0,0,0,0,0,1,0
TXN00007005,2026-01-30 06:11:52,USR25533,MCH6297,8772.56,UTR9519238192,4110,SUCCESS,TXN00007005,USR25533,MCH6297,UTR9519238192,0,0,0,0,0,0,0
TXN00010658,2026-01-29 17:14:29,USR72092,MCH2727,13475.1,UTR5771863434,,SUCCESS,TXN00010658,USR72092,MCH2727,UTR5771863434,0,0,1,0,0,0,0
TXN00015657,2026-01-28 18:04:50,USR70020,MCH8021,9888.36,UTR1026562010,0110,SUCCESS,TXN00015657,USR70020,MCH8021,UTR1026562010,0,0,0,0,0,0,0
TXN00001237,2026-03-18 18:33:34,USR65611,MCH6476,21610.31,UTR4369772703,1310,SUCCESS,TXN00001237,USR65611,MCH6476,UTR4369772703,0,0,0,0,0,0,0
TXN00016847,2026-02-25 08:30:28,USR89128,MCH1302,20161.82,UTR3591066677,1310,SUCCESS,TXN00016847,USR89128,MCH1302,UTR3591066677,0,0,0,0,0,0,0
TXN00004927,2026-01-07 10:03:33,USR38688,MCH7544,11631.26,UTR5939358906,4110,SUCCESS,TXN00004927,USR38688,MCH7544,UTR5939358906,0,0,0,0,0,0,0
TXN00008238,2026-02-20 13:50:46,USR83399,MCH5238,19819.66,UTR5199305660,4110,SUCCESS,TXN00008238,USR83399,MCH5238,UTR5199305660,0,0,0,0,0,0,0
TXN00001819,2026-01-14 04:07:12,USR73343,MCH7595,15620.34,UTR1667700369,0110,PENDING,TXN00001819,USR73343,MCH7595,UTR 1667700369,0,0,0,0,0,0,1
TXN00010824,2026-02-13 02:16:07,USR81509,MCH6644,0.322315,UTR9450383389,0110,SUCCESS,TXN00010824,USR81509,MCH6644,UTR9450383389,0,0,0,0,0,0,0
TXN00015604,2026-06-02 18:40:10,USR64245,MCH6834,20030.88,UTR0448258335,9120,PENDING,TXN00015604,USR64245,MCH6834,UTR0448258335,0,0,0,0,0,0,1
TXN00010061,2026-02-26 17:13:50,USR14725,MCH6987,6461.37,UTR3752569893,,SUCCESS,TXN00010061,USR14725,MCH6987,UTR3752569893,0,0,1,0,0,0,0
TXN00014345,2026-03-07 01:54:06,USR94026,MCH5546,24670.4,UTR7204564433,1310,SUCCESS,TXN00014345,USR94026,MCH5546,UTR7204564433,0,0,0,0,0,0,0
TXN00019989,2026-01-20 00:19:52,USR15858,MCH8835,5923.72,UTR9428842987,0110,PENDING,TXN00019989,USR15858,MCH8835,UTR9428842987,0,0,0,0,0,0,1
TXN00016701,2026-03-19 06:58:33,USR75391,MCH2646,21290.26,UTR1466156646,4110,SUCCESS,TXN00016701,USR75391,MCH2646,UTR1466156646,0,0,0,0,0,0,0
TXN00006538,2026-01-06 06:28:13,USR78921,MCH6836,22207.92,UTR8932407457,9120,FAILED,TXN00006538,USR78921,MCH6836,UTR 8932407457,0,0,0,0,0,1,0
TXN00000194,2026-03-08 04:30:01,USR72324,MCH7992,15831.21,UTR0256691168,4110,SUCCESS,TXN00000194,USR72324,MCH7992,UTR0256691168,0,0,0,0,0,0,0
TXN00016776,2026-01-31 11:01:03,USR67027,MCH2555,0.961687,UTR1766858645,0110,SUCCESS,TXN00016776,USR67027,MCH2555,UTR 1766858645,0,0,0,0,0,0,0
TXN00006201,2026-02-02 19:12:46,USR69245,MCH7052,17584.97,UTR7443276921,4110,SUCCESS,TXN00006201,USR69245,MCH7052,UTR7443276921,0,0,0,0,0,0,0
TXN00015783,2026-01-15 00:00:00,USR22071,MCH3937,6328.38,UTR0849658386,1310,PENDING,TXN00015783,USR22071,MCH3937,UTR0849658386,0,0,0,0,0,0,1
TXN00003146,2026-02-15 23:54:13,USR22744,MCH1573,9217.54,UTR6655295482,,SUCCESS,TXN00003146,USR22744,MCH1573,UTR6655295482,0,0,1,0,0,0,0
TXN00008912,2026-01-16 08:16:42,USR65023,MCH4765,19425.89,UTR4682655809,,SUCCESS,TXN00008912,USR65023,MCH4765,UTR4682655809,0,0,1,0,0,0,0
TXN00012678,2026-03-05 08:26:08,USR11823,MCH2284,19085.07,UTR3978590459,,SUCCESS,TXN00012678,USR11823,MCH2284,UTR3978590459,0,0,1,0,0,0,0
TXN00001700,2026-03-02 06:46:52,USR84308,MCH8898,13742.74,UTR4981384734,9120,FAILED,TXN00001700,USR84308,MCH8898,UTR4981384734,0,0,0,0,0,1,0
TXN00018426,2026-03-07 21:49:58,USR62044,MCH6753,9858.89,UTR0249854251,4110,SUCCESS,TXN00018426,USR62044,MCH6753,UTR0249854251,0,0,0,0,0,0,0
TXN00010647,2026-01-24 08:25:56,USR97257,MCH3733,22287.43,UTR8301623958,8120,SUCCESS,TXN00010647,USR97257,MCH3733,UTR 8301623958,0,0,0,0,0,0,0
TXN00011364,2026-03-15 22:12:45,USR45519,MCH7874,9301.36,UTR0297848435,,SUCCESS,TXN00011364,USR45519,MCH7874,UTR0297848435,0,0,1,0,0,0,0
TXN00016577,2026-02-01 01:19:23,USR71542,MCH5575,18276.73,UTR6582390225,4110,SUCCESS,TXN00016577,USR71542,MCH5575,UTR6582390225,0,0,0,0,0,0,0
TXN00001368,2026-02-17 17:48:14,USR65034,MCH5082,22726.72,UTR9247609071,,SUCCESS,TXN00001368,USR65034,MCH5082,UTR9247609071,0,0,1,0,0,0,0
TXN00001049,2026-03-21 20:10:11,USR52184,MCH7720,21753.77,UTR1801970313,1310,PENDING,TXN00001049,USR52184,MCH7720,UTR1801970313,0,0,0,0,0,0,1
TXN00005553,2026-03-08 17:11:59,USR55323,MCH1303,23575.14,UTR3636552828,4110,FAILED,TXN00005553,USR55323,MCH1303,UTR3636552828,0,0,0,0,0,1,0
TXN00017594,2026-01-26 05:06:58,USR14285,MCH3262,3979.35,UTR4548053254,9120,PENDING,TXN00017594,USR14285,MCH3262,UTR4548053254,0,0,0,0,0,0,1
TXN00007709,2026-03-10 01:01:32,USR83246,MCH1969,13439.11,UTR6407885892,8120,SUCCESS,TXN00007709,USR83246,MCH1969,UTR6407885892,0,0,0,0,0,0,0
TXN00017714,2026-02-26 00:00:00,USR82488,MCH8417,13413.38,UTR5659196052,1310,SUCCESS,TXN00017714,USR82488,MCH8417,UTR5659196052,0,0,0,0,0,0,0
TXN00002942,2026-03-10 20:51:49,USR12222,MCH5142,15042.83,UTR7385750449,9120,SUCCESS,TXN00002942,USR12222,MCH5142,UTR7385750449,0,0,0,0,0,0,0
TXN00005659,2026-02-12 16:40:10,USR37637,MCH8263,24068.69,UTR1665029635,8120,SUCCESS,TXN00005659,USR37637,MCH8263,UTR1665029635,0,0,0,0,0,0,0
TXN00007569,2026-02-28 06:40:23,USR80492,MCH6926,20517.83,UTR3460460256,9120,SUCCESS,TXN00007569,USR80492,MCH6926,UTR3460460256,0,0,0,0,0,0,0
TXN00012670,2026-03-27 17:56:35,USR86613,MCH3594,2584.45,UTR7776685954,0110,SUCCESS,TXN00012670,USR86613,MCH3594,UTR7776685954,0,0,0,0,0,0,0
TXN00001853,2026-02-22 20:41:50,USR72355,MCH9916,0.2153564,UTR2620400923,8120,SUCCESS,TXN00001853,USR72355,MCH9916,UTR2620400923,0,0,0,0,0,0,0
TXN00018384,2026-01-11 05:40:26,USR86710,MCH7867,13363.77,UTR3401537137,,SUCCESS,TXN00018384,USR86710,MCH7867,UTR3401537137,0,0,1,0,0,0,0
TXN00015995,2026-01-13 15:38:23,USR71961,MCH7064,23445.31,UTR2446425229,0110,SUCCESS,TXN00015995,USR71961,MCH7064,UTR2446425229,0,0,0,0,0,0,0
TXN00014029,2026-01-25 06:35:50,USR22705,MCH1935,0.161873,UTR7366241887,1310,SUCCESS,TXN00014029,USR22705,MCH1935,UTR7366241887,0,0,0,0,0,0,0
TXN00017500,2026-02-10 21:33:14,USR98491,MCH8778,23360.05,UTR1528937671,9120,SUCCESS,TXN00017500,USR98491,MCH8778,UTR1528937671,0,0,0,0,0,0,0
TXN00016525,2026-01-11 07:01:14,USR23340,MCH8543,0.1386584,UTR7513156450,8120,SUCCESS,TXN00016525,USR23340,MCH8543,UTR7513156450,0,0,0,0,0,0,0
TXN00019952,2026-03-23 13:03:11,USR93118,MCH6105,23821.0,UTR0676043769,4110,SUCCESS,TXN00019952,USR93118,MCH6105,UTR0676043769,0,0,0,0,0,0,0
TXN00002626,2026-01-24 08:33:19,USR28181,MCH7664,24102.32,UTR6681029441,8120,SUCCESS,TXN00002626,USR28181,MCH7664,UTR6681029441,0,0,0,0,0,0,0
TXN00007972,2026-03-25 18:29:05,USR18261,MCH2677,15930.0,UTR9796356273,,SUCCESS,TXN00007972,USR18261,MCH2677,UTR 9796356273,0,0,1,0,0,0,0
TXN00017538,2026-03-19 21:59:29,USR40740,MCH5782,21253.6,UTR6013461336,1310,SUCCESS,TXN00017538,USR40740,MCH5782,UTR6013461336,0,0,0,0,0,0,0
TXN00012784,2026-02-12 20:48:40,USR91714,MCH8354,6266.82,UTR9785709452,4110,SUCCESS,TXN00012784,USR91714,MCH8354,UTR9785709452,0,0,0,0,0,0,0
TXN00019348,2026-01-19 11:39:39,USR63603,MCH5416,0.1458718,UTR2811277768,4110,SUCCESS,TXN00019348,USR63603,MCH5416,UTR2811277768,0,0,0,0,0,0,0
TXN00005822,2026-03-09 14:13:24,USR85092,MCH8564,11152.71,UTR2140254245,8120,SUCCESS,TXN00005822,USR85092,MCH8564,UTR2140254245,0,0,0,0,0,0,0
TXN00009376,2026-01-06 10:32:28,USR33414,MCH7666,6175.0,UTR7066932088,0110,SUCCESS,TXN00009376,USR33414,MCH7666,UTR7066932088,0,0,0,0,0,0,0
TXN00012268,2026-01-20 18:44:02,USR90683,MCH4290,9087.52,UTR1600052751,4110,SUCCESS,TXN00012268,USR90683,MCH4290,UTR1600052751,0,0,0,0,0,0,0
TXN00003402,2026-03-04 06:21:58,USR54221,MCH5134,2382.0,UTR3188364114,1310,SUCCESS,TXN00003402,USR54221,MCH5134,UTR3188364114,0,0,0,0,0,0,0
TXN00005754,2026-02-03 11:49:48,USR39232,MCH5647,19519.68,UTR2474789518,9120,SUCCESS,TXN00005754,USR39232,MCH5647,UTR2474789518,0,0,0,0,0,0,0
TXN00005492,2026-03-31 10:10:28,USR21982,MCH9067,18797.44,UTR5087627840,,SUCCESS,TXN00005492,USR21982,MCH9067,UTR5087627840,0,0,1,0,0,0,0
TXN00008531,2026-02-27 20:13:40,USR14119,MCH6629,22739.79,UTR6203307581,0110,SUCCESS,TXN00008531,USR14119,MCH6629,UTR6203307581,0,0,0,0,0,0,0
TXN00017947,2026-03-29 07:20:15,USR40528,MCH8041,0.101812,UTR5388151581,,SUCCESS,TXN00017947,USR40528,MCH8041,UTR5388151581,0,0,1,0,0,0,0
TXN00000065,2026-01-13 02:51:57,USR18513,MCH9338,7030.55,UTR5166658707,4110,FAILED,TXN00000065,USR18513,MCH9338,UTR5166658707,0,0,0,0,0,1,0
TXN00007832,2026-02-18 10:13:06,USR52598,MCH6506,10342.51,UTR0536955283,8120,SUCCESS,TXN00007832,USR52598,MCH6506,UTR0536955283,0,0,0,0,0,0,0
TXN00001755,2026-01-08 07:27:36,USR54171,MCH1450,24397.09,UTR7516307452,1310,SUCCESS,TXN00001755,USR54171,MCH1450,UTR7516307452,0,0,0,0,0,0,0
TXN00009043,2026-02-07 14:42:08,USR98491,MCH5453,24402.0,UTR2862994341,4110,SUCCESS,TXN00009043,USR98491,MCH5453,UTR2862994341,0,0,0,0,0,0,0
TXN00017566,2026-01-10 23:24:35,USR11741,MCH9599,15055.22,UTR7590511448,,SUCCESS,TXN00017566,USR11741,MCH9599,UTR7590511448,0,0,1,0,0,0,0
TXN00017686,2026-03-10 18:57:12,USR74947,MCH9944,0.2422822,UTR6287180629,4110,SUCCESS,TXN00017686,USR74947,MCH9944,UTR6287180629,0,0,0,0,0,0,0
TXN00010228,2026-03-21 10:01:25,USR22726,MCH6667,19762.28,UTR1081599446,0110,SUCCESS,TXN00010228,USR22726,MCH6667,UTR 1081599446,0,0,0,0,0,0,0
TXN00012130,2026-03-08 10:27:28,USR54218,MCH4004,11593.15,UTR1211697182,4110,SUCCESS,TXN00012130,USR54218,MCH4004,UTR1211697182,0,0,0,0,0,0,0
TXN00001012,2026-07-03 18:20:00,USR95654,MCH7419,24691.82,UTR4208975316,8120,SUCCESS,TXN00001012,USR95654,MCH7419,UTR4208975316,0,0,0,0,0,0,0
TXN00004133,2026-03-25 20:36:33,USR77367,MCH1906,0.1654925,UTR6439546806,0110,SUCCESS,TXN00004133,USR77367,MCH1906,UTR6439546806,0,0,0,0,0,0,0
TXN00015491,2026-02-11 07:07:18,USR83296,MCH5143,12469.67,UTR5008963230,,FAILED,TXN00015491,USR83296,MCH5143,UTR5008963230,0,0,1,0,0,1,0
TXN00002790,2026-03-07 00:00:00,USR52373,MCH9209,24871.0,UTR5150135219,8120,FAILED,TXN00002790,USR52373,MCH9209,UTR5150135219,0,0,0,0,0,1,0
TXN00001407,2026-01-06 06:18:16,USR90611,MCH9072,21105.82,UTR3786812480,,FAILED,TXN00001407,USR90611,MCH9072,UTR3786812480,0,0,1,0,0,1,0
TXN00003587,2026-01-28 20:58:11,USR15624,MCH2708,0.1135521,UTR8173035515,9120,SUCCESS,TXN00003587,USR15624,MCH2708,UTR8173035515,0,0,0,0,0,0,0
TXN00012234,2026-03-19 11:59:16,USR25791,MCH9562,5311.01,UTR9239643426,,SUCCESS,TXN00012234,USR25791,MCH9562,UTR9239643426,0,0,1,0,0,0,0
TXN00009537,2026-01-17 15:05:58,USR72279,MCH2796,0.1585973,UTR7559301519,0110,SUCCESS,TXN00009537,USR72279,MCH2796,UTR7559301519,0,0,0,0,0,0,0
TXN00002654,2026-03-18 00:00:00,USR68001,MCH2786,0.131835,UTR7602699361,8120,FAILED,TXN00002654,USR68001,MCH2786,UTR7602699361,0,0,0,0,0,1,0
TXN00005861,2026-02-09 03:57:19,USR10853,MCH4735,11390.32,UTR8627891814,0110,SUCCESS,TXN00005861,USR10853,MCH4735,UTR8627891814,0,0,0,0,0,0,0
TXN00015204,2026-03-17 08:18:04,USR13535,MCH4739,4807.47,UTR9996103663,9120,SUCCESS,TXN00015204,USR13535,MCH4739,UTR 9996103663,0,0,0,0,0,0,0
TXN00019957,2026-03-09 11:41:59,USR26974,MCH5280,19323.4,UTR3063242434,4110,FAILED,TXN00019957,USR26974,MCH5280,UTR3063242434,0,0,0,0,0,1,0
TXN00000620,2026-01-04 18:14:05,USR75838,MCH9721,18709.01,UTR9563069022,9120,SUCCESS,TXN00000620,USR75838,MCH9721,UTR9563069022,0,0,0,0,0,0,0
TXN00011163,2026-01-10 04:13:16,USR55817,MCH2931,20871.61,UTR9083222479,0110,FAILED,TXN00011163,USR55817,MCH2931,UTR9083222479,0,0,0,0,0,1,0
TXN00005415,2026-03-31 02:51:11,USR58977,MCH7990,1242.0,UTR4837447584,0110,SUCCESS,TXN00005415,USR58977,MCH7990,UTR4837447584,0,0,0,0,0,0,0
TXN00005800,2026-03-28 08:51:29,USR96977,MCH1475,4101.59,UTR5335775534,9120,SUCCESS,TXN00005800,USR96977,MCH1475,UTR5335775534,0,0,0,0,0,0,0
TXN00003879,2026-03-11 22:27:07,USR83834,MCH4374,13930.44,UTR5254797540,4110,SUCCESS,TXN00003879,USR83834,MCH4374,UTR5254797540,0,0,0,0,0,0,0
TXN00012225,2026-03-13 13:01:47,USR94936,MCH9021,19621.51,UTR7471739253,4110,SUCCESS,TXN00012225,USR94936,MCH9021,UTR7471739253,0,0,0,0,0,0,0
TXN00006712,2026-03-27 04:40:12,USR27126,MCH1427,5809.64,UTR7909926349,1310,FAILED,TXN00006712,USR27126,MCH1427,UTR7909926349,0,0,0,0,0,1,0
TXN00002418,2026-03-22 11:36:51,USR45824,MCH4760,984.51,UTR5422130060,0110,SUCCESS,TXN00002418,USR45824,MCH4760,UTR 5422130060,0,0,0,0,0,0,0
TXN00010755,2026-03-15 20:59:33,USR33364,MCH9717,0.386035,UTR1854070633,4110,SUCCESS,TXN00010755,USR33364,MCH9717,UTR1854070633,0,0,0,0,0,0,0
TXN00004468,2026-02-17 06:01:25,USR69631,MCH9513,-3976.83,UTR1547136417,,SUCCESS,TXN00004468,USR69631,MCH9513,UTR1547136417,1,0,1,0,0,0,0
TXN00001720,2026-02-26 06:30:17,USR70057,MCH5302,5987.0,UTR1973688423,9120,SUCCESS,TXN00001720,USR70057,MCH5302,UTR1973688423,0,0,0,0,0,0,0
TXN00012923,2026-02-22 04:18:38,USR68738,MCH1834,10665.48,,8120,SUCCESS,TXN00012923,USR68738,MCH1834,,0,1,0,0,0,0,0
TXN00015785,2026-01-13 00:34:27,USR42790,MCH4312,16151.9,UTR8119650033,0110,SUCCESS,TXN00015785,USR42790,MCH4312,UTR8119650033,0,0,0,0,0,0,0
TXN00012324,2026-02-01 23:37:13,USR82284,MCH4475,14688.3,UTR1300043860,8120,SUCCESS,TXN00012324,USR82284,MCH4475,UTR1300043860,0,0,0,0,0,0,0
TXN00006647,2026-03-01 03:03:29,USR82500,MCH8357,22465.94,UTR6617788418,0110,SUCCESS,TXN00006647,USR82500,MCH8357,UTR 6617788418,0,0,0,0,0,0,0
TXN00015972,2026-01-02 05:28:28,USR53857,MCH2264,140.26,UTR1416627707,,PENDING,TXN00015972,USR53857,MCH2264,UTR1416627707,0,0,1,0,0,0,1
TXN00004036,2026-02-25 00:29:49,USR49117,MCH3763,24710.64,UTR4740226548,4110,SUCCESS,TXN00004036,USR49117,MCH3763,UTR4740226548,0,0,0,0,0,0,0
TXN00001068,2026-03-31 06:51:52,USR71587,MCH5081,2770.75,UTR8121054212,0110,SUCCESS,TXN00001068,USR71587,MCH5081,UTR8121054212,0,0,0,0,0,0,0
TXN00003827,2026-03-12 03:20:44,USR68479,MCH2511,11673.0,UTR6403094718,4110,SUCCESS,TXN00003827,USR68479,MCH2511,UTR6403094718,0,0,0,0,0,0,0
TXN00016708,2026-01-29 04:01:37,USR34141,MCH4326,0.2434046,UTR2613596415,4110,SUCCESS,TXN00016708,USR34141,MCH4326,UTR2613596415,0,0,0,0,0,0,0
TXN00012648,2026-01-16 15:56:02,USR17498,MCH1182,5110.0,UTR4924200242,8120,SUCCESS,TXN00012648,USR17498,MCH1182,UTR4924200242,0,0,0,0,0,0,0
TXN00007747,2026-01-25 05:49:57,USR55921,MCH3262,4290.12,,0110,SUCCESS,TXN00007747,USR55921,MCH3262,,0,1,0,0,0,0,0
TXN00010075,2026-07-03 19:11:51,USR51725,MCH8396,24573.79,UTR6106438518,8120,SUCCESS,TXN00010075,USR51725,MCH8396,UTR6106438518,0,0,0,0,0,0,0
TXN00003296,2026-02-08 07:19:38,USR97115,MCH6437,1673.45,UTR7982342294,8120,SUCCESS,TXN00003296,USR97115,MCH6437,UTR7982342294,0,0,0,0,0,0,0
TXN00009442,2026-03-30 16:16:07,USR51736,MCH7568,2621.02,UTR1830252702,4110,SUCCESS,TXN00009442,USR51736,MCH7568,UTR1830252702,0,0,0,0,0,0,0
TXN00009505,2026-01-20 11:19:41,USR70654,MCH1526,9455.43,UTR6237782201,4110,SUCCESS,TXN00009505,USR70654,MCH1526,UTR 6237782201,0,0,0,0,0,0,0
TXN00006341,2026-01-17 23:05:04,USR47657,MCH6401,6194.1,UTR9319440720,4110,SUCCESS,TXN00006341,USR47657,MCH6401,UTR9319440720,0,0,0,0,0,0,0
TXN00013610,2026-01-23 23:39:09,USR45530,MCH2142,10581.13,UTR1244884885,9120,SUCCESS,TXN00013610,USR45530,MCH2142,UTR 1244884885,0,0,0,0,0,0,0
TXN00015416,2026-01-09 12:38:15,USR62506,MCH4703,18826.19,UTR7388127386,1310,SUCCESS,TXN00015416,USR62506,MCH4703,UTR7388127386,0,0,0,0,0,0,0
TXN00005973,2026-01-10 22:24:16,USR98871,MCH6880,0.2012993,UTR3679871622,4110,SUCCESS,TXN00005973,USR98871,MCH6880,UTR3679871622,0,0,0,0,0,0,0
TXN00003817,2026-02-04 21:08:07,USR46630,MCH2908,8986.63,UTR4753853241,1310,SUCCESS,TXN00003817,USR46630,MCH2908,UTR4753853241,0,0,0,0,0,0,0
TXN00013100,2026-02-27 05:55:26,USR63180,MCH4082,11547.0,UTR8182313287,9120,SUCCESS,TXN00013100,USR63180,MCH4082,UTR8182313287,0,0,0,0,0,0,0
TXN00009189,2026-03-03 00:49:36,USR69371,MCH2246,23848.48,UTR0626978329,8120,SUCCESS,TXN00009189,USR69371,MCH2246,UTR0626978329,0,0,0,0,0,0,0
TXN00017648,2026-03-11 01:38:19,USR77953,MCH4305,0.1799748,UTR0068258269,4110,FAILED,TXN00017648,USR77953,MCH4305,UTR0068258269,0,0,0,0,0,1,0
TXN00016613,2026-03-23 17:20:00,USR91338,MCH9733,5810.89,UTR4661596602,,SUCCESS,TXN00016613,USR91338,MCH9733,UTR4661596602,0,0,1,0,0,0,0
TXN00014385,2026-01-22 00:53:00,USR95100,MCH4965,20739.78,UTR7237484656,,SUCCESS,TXN00014385,USR95100,MCH4965,UTR7237484656,0,0,1,0,0,0,0
TXN00001775,2026-02-14 03:43:41,USR19952,MCH9388,19674.72,UTR0310842751,4110,SUCCESS,TXN00001775,USR19952,MCH9388,UTR0310842751,0,0,0,0,0,0,0
TXN00002748,2026-01-29 12:31:31,USR59998,MCH1887,3683.0,UTR9074349549,,SUCCESS,TXN00002748,USR59998,MCH1887,UTR9074349549,0,0,1,0,0,0,0
TXN00014852,2026-01-17 13:36:23,USR26877,MCH1776,0.1824955,UTR2159694328,4110,SUCCESS,TXN00014852,USR26877,MCH1776,UTR2159694328,0,0,0,0,0,0,0
TXN00011823,2026-03-29 10:29:29,USR25563,MCH9213,10914.42,UTR9963709972,1310,SUCCESS,TXN00011823,USR25563,MCH9213,UTR9963709972,0,0,0,0,0,0,0
TXN00000934,2026-03-30 01:17:50,USR90532,MCH1170,13147.0,UTR3484732469,4110,SUCCESS,TXN00000934,USR90532,MCH1170,UTR3484732469,0,0,0,0,0,0,0
TXN00016139,2026-01-04 19:05:16,USR70294,MCH3611,23618.28,UTR0124235960,0110,SUCCESS,TXN00016139,USR70294,MCH3611,UTR0124235960,0,0,0,0,0,0,0
TXN00019504,2026-01-21 00:28:57,USR47389,MCH6603,9641.22,UTR2957340810,0110,SUCCESS,TXN00019504,USR47389,MCH6603,UTR2957340810,0,0,0,0,0,0,0
TXN00019855,2026-03-02 15:11:33,USR11345,MCH7980,6840.25,UTR7046728738,9120,SUCCESS,TXN00019855,USR11345,MCH7980,UTR7046728738,0,0,0,0,0,0,0
TXN00002562,2026-03-11 09:22:53,USR11399,MCH9982,17680.09,UTR9950400326,,SUCCESS,TXN00002562,USR11399,MCH9982,UTR9950400326,0,0,1,0,0,0,0
TXN00017030,2026-05-02 22:45:35,USR54891,MCH2906,8128.62,UTR7481582549,1310,SUCCESS,TXN00017030,USR54891,MCH2906,UTR7481582549,0,0,0,0,0,0,0
TXN00014044,2026-03-13 19:54:28,USR21293,MCH1833,-1849.72,UTR6245113783,8120,SUCCESS,TXN00014044,USR21293,MCH1833,UTR6245113783,1,0,0,0,0,0,0
TXN00017463,2026-01-23 14:06:39,USR26392,MCH8160,15456.08,UTR6621506479,8120,FAILED,TXN00017463,USR26392,MCH8160,UTR6621506479,0,0,0,0,0,1,0
TXN00010159,2026-01-26 16:42:49,USR45128,MCH4589,22535.98,UTR4373244086,1310,SUCCESS,TXN00010159,USR45128,MCH4589,UTR 4373244086,0,0,0,0,0,0,0
TXN00015222,2026-02-15 23:09:08,USR82376,MCH6314,23472.69,UTR1000140208,4110,SUCCESS,TXN00015222,USR82376,MCH6314,UTR1000140208,0,0,0,0,0,0,0
TXN00000867,2026-01-23 10:52:41,USR45582,MCH8740,3889.0,UTR2058752347,4110,FAILED,TXN00000867,USR45582,MCH8740,UTR2058752347,0,0,0,0,0,1,0
TXN00016270,2026-01-10 00:00:00,USR51844,MCH4477,8443.49,UTR4831464060,4110,SUCCESS,TXN00016270,USR51844,MCH4477,UTR4831464060,0,0,0,0,0,0,0
TXN00011587,2026-01-03 14:40:52,USR28966,MCH3928,10360.87,UTR7129090239,1310,SUCCESS,TXN00011587,USR28966,MCH3928,UTR7129090239,0,0,0,0,0,0,0
TXN00004046,2026-03-13 19:43:52,USR73861,MCH1079,10692.89,UTR2369706466,1310,SUCCESS,TXN00004046,USR73861,MCH1079,UTR2369706466,0,0,0,0,0,0,0
TXN00018536,2026-01-26 12:57:29,USR81683,MCH7444,12783.9,UTR9178474661,1310,FAILED,TXN00018536,USR81683,MCH7444,UTR9178474661,0,0,0,0,0,1,0
TXN00017583,2026-03-12 07:17:37,USR53090,MCH5737,2649.37,UTR8970851342,,SUCCESS,TXN00017583,USR53090,MCH5737,UTR8970851342,0,0,1,0,0,0,0
TXN00013849,2026-03-05 13:57:20,USR60309,MCH5839,0.132833,,9120,SUCCESS,TXN00013849,USR60309,MCH5839,,0,1,0,0,0,0,0
TXN00004493,2026-02-07 06:39:17,USR49358,MCH1182,14189.1,,4110,SUCCESS,TXN00004493,USR49358,MCH1182,,0,1,0,0,0,0,0
TXN00001059,2026-01-15 20:29:42,USR67685,MCH9918,12002.09,UTR8014950262,0110,SUCCESS,TXN00001059,USR67685,MCH9918,UTR8014950262,0,0,0,0,0,0,0
TXN00006911,2026-02-06 09:42:56,USR82049,MCH6730,10407.61,UTR1845307035,4110,SUCCESS,TXN00006911,USR82049,MCH6730,UTR1845307035,0,0,0,0,0,0,0
TXN00017864,2026-01-11 14:53:16,USR10088,MCH6132,3809.97,UTR8547285882,8120,SUCCESS,TXN00017864,USR10088,MCH6132,UTR 8547285882,0,0,0,0,0,0,0
TXN00003398,2026-01-11 10:01:43,USR92745,MCH8624,21123.33,UTR0365539473,4110,SUCCESS,TXN00003398,USR92745,MCH8624,UTR0365539473,0,0,0,0,0,0,0
TXN00002310,2026-06-01 12:33:48,USR81510,MCH9515,8637.13,UTR5353447450,1310,SUCCESS,TXN00002310,USR81510,MCH9515,UTR5353447450,0,0,0,0,0,0,0
TXN00015297,2026-01-15 10:11:21,USR53743,MCH7199,22510.0,UTR6644325704,,FAILED,TXN00015297,USR53743,MCH7199,UTR6644325704,0,0,1,0,0,1,0
TXN00006051,2026-01-17 12:05:51,USR65032,MCH9328,12842.81,UTR3082330148,4110,SUCCESS,TXN00006051,USR65032,MCH9328,UTR3082330148,0,0,0,0,0,0,0
TXN00011704,2026-03-06 09:57:58,USR49423,MCH5287,8646.07,UTR3482189612,,SUCCESS,TXN00011704,USR49423,MCH5287,UTR3482189612,0,0,1,0,0,0,0
TXN00004902,2026-01-09 00:04:14,USR72027,MCH2216,12102.0,UTR1792864353,0110,SUCCESS,TXN00004902,USR72027,MCH2216,UTR1792864353,0,0,0,0,0,0,0
TXN00006539,2026-03-21 06:47:22,USR38631,MCH8153,11503.95,UTR0104633078,4110,SUCCESS,TXN00006539,USR38631,MCH8153,UTR0104633078,0,0,0,0,0,0,0
TXN00011287,2026-07-01 10:22:03,USR26310,MCH5755,23682.64,UTR4528994658,4110,SUCCESS,TXN00011287,USR26310,MCH5755,UTR4528994658,0,0,0,0,0,0,0
TXN00008323,2026-02-22 16:39:43,USR64018,MCH1407,5160.0,UTR9056702481,,SUCCESS,TXN00008323,USR64018,MCH1407,UTR9056702481,0,0,1,0,0,0,0
TXN00013618,2026-03-02 17:10:05,USR86008,MCH3367,10622.84,UTR2165299900,9120,SUCCESS,TXN00013618,USR86008,MCH3367,UTR2165299900,0,0,0,0,0,0,0
TXN00007725,2026-02-04 00:00:00,USR93701,MCH3720,22577.0,UTR2636261860,9120,SUCCESS,TXN00007725,USR93701,MCH3720,UTR 2636261860,0,0,0,0,0,0,0
TXN00006338,2026-01-05 20:41:43,USR52000,MCH5007,4756.47,UTR3480421044,,SUCCESS,TXN00006338,USR52000,MCH5007,UTR3480421044,0,0,1,0,0,0,0
TXN00002949,2026-01-08 15:45:24,USR28579,MCH2876,0.923833,UTR0731153522,8120,SUCCESS,TXN00002949,USR28579,MCH2876,UTR0731153522,0,0,0,0,0,0,0
TXN00018232,2026-12-02 15:14:48,USR20275,MCH1982,14754.41,UTR7328898811,9120,SUCCESS,TXN00018232,USR20275,MCH1982,UTR7328898811,0,0,0,0,0,0,0
TXN00011754,2026-03-16 07:48:51,USR12702,MCH6555,0.539807,UTR4579967566,,SUCCESS,TXN00011754,USR12702,MCH6555,UTR4579967566,0,0,1,0,0,0,0
TXN00004925,2026-03-08 02:58:29,USR73688,MCH1113,1249.65,UTR9141642778,1310,SUCCESS,TXN00004925,USR73688,MCH1113,UTR9141642778,0,0,0,0,0,0,0
TXN00014571,2026-01-31 19:55:07,USR23141,MCH5031,0.46043,UTR3683846696,4110,FAILED,TXN00014571,USR23141,MCH5031,UTR3683846696,0,0,0,0,0,1,0
TXN00004799,2026-01-15 16:43:38,USR48365,MCH4472,3071.0,UTR1932035452,8120,SUCCESS,TXN00004799,USR48365,MCH4472,UTR1932035452,0,0,0,0,0,0,0
TXN00016794,2026-03-16 02:15:35,USR63381,MCH8560,17649.49,UTR5493295810,4110,SUCCESS,TXN00016794,USR63381,MCH8560,UTR5493295810,0,0,0,0,0,0,0
TXN00019106,2026-02-17 23:34:12,USR50769,MCH7018,7182.13,UTR1108298359,4110,SUCCESS,TXN00019106,USR50769,MCH7018,UTR1108298359,0,0,0,0,0,0,0
TXN00011491,2026-03-02 09:17:15,USR60144,MCH5808,23508.5,UTR4778619045,4110,SUCCESS,TXN00011491,USR60144,MCH5808,UTR4778619045,0,0,0,0,0,0,0
TXN00013316,2026-02-18 14:05:31,USR32669,MCH2034,0.259148,UTR7711066241,8120,SUCCESS,TXN00013316,USR32669,MCH2034,UTR7711066241,0,0,0,0,0,0,0
TXN00014016,2026-03-31 23:08:53,USR43767,MCH8057,5226.48,UTR6742640483,,SUCCESS,TXN00014016,USR43767,MCH8057,UTR6742640483,0,0,1,0,0,0,0
TXN00016648,2026-01-21 13:47:09,USR81201,MCH2231,8969.73,UTR5247084617,0110,SUCCESS,TXN00016648,USR81201,MCH2231,UTR5247084617,0,0,0,0,0,0,0
TXN00007079,2026-02-25 01:53:15,USR75034,MCH1202,0.1392216,,0110,SUCCESS,TXN00007079,USR75034,MCH1202,,0,1,0,0,0,0,0
TXN00004048,2026-03-18 17:59:38,USR12102,MCH2694,14110.0,UTR6172914873,4110,SUCCESS,TXN00004048,USR12102,MCH2694,UTR6172914873,0,0,0,0,0,0,0
TXN00012922,2026-01-04 14:08:48,USR36627,MCH8168,5344.4,UTR7746199246,4110,SUCCESS,TXN00012922,USR36627,MCH8168,UTR7746199246,0,0,0,0,0,0,0
TXN00017998,2026-01-07 06:34:02,USR32644,MCH6170,18145.04,UTR2199038070,9120,SUCCESS,TXN00017998,USR32644,MCH6170,UTR2199038070,0,0,0,0,0,0,0
TXN00009928,2026-06-01 23:06:49,USR26102,MCH8498,24987.63,UTR9057201928,0110,FAILED,TXN00009928,USR26102,MCH8498,UTR 9057201928,0,0,0,0,0,1,0
TXN00016440,2026-03-09 07:47:15,USR43946,MCH7372,9826.26,UTR1278313621,1310,SUCCESS,TXN00016440,USR43946,MCH7372,UTR1278313621,0,0,0,0,0,0,0
TXN00003298,2026-02-03 12:13:19,USR39724,MCH9956,1861.89,UTR2344218704,1310,SUCCESS,TXN00003298,USR39724,MCH9956,UTR 2344218704,0,0,0,0,0,0,0
TXN00015886,2026-01-09 00:30:23,USR33081,MCH4166,5119.24,UTR4706337036,1310,SUCCESS,TXN00015886,USR33081,MCH4166,UTR4706337036,0,0,0,0,0,0,0
TXN00014201,2026-03-14 03:38:53,USR36225,MCH6405,0.1171098,UTR1429097862,9120,SUCCESS,TXN00014201,USR36225,MCH6405,UTR1429097862,0,0,0,0,0,0,0
TXN00009682,2026-03-11 02:52:04,USR49129,MCH8793,609.15,UTR8763711269,8120,SUCCESS,TXN00009682,USR49129,MCH8793,UTR8763711269,0,0,0,0,0,0,0
TXN00015380,2026-03-20 20:33:16,USR14290,MCH2751,5020.73,UTR5549475945,9120,SUCCESS,TXN00015380,USR14290,MCH2751,UTR5549475945,0,0,0,0,0,0,0
TXN00014417,2026-01-25 05:50:33,USR26299,MCH1509,18355.33,UTR7581885930,1310,SUCCESS,TXN00014417,USR26299,MCH1509,UTR 7581885930,0,0,0,0,0,0,0
TXN00001843,2026-02-05 23:23:50,USR56802,MCH5960,10990.73,UTR1396304992,,SUCCESS,TXN00001843,USR56802,MCH5960,UTR1396304992,0,0,1,0,0,0,0
TXN00004500,2026-02-17 17:48:15,USR61748,MCH9804,10483.3,UTR4072557151,1310,SUCCESS,TXN00004500,USR61748,MCH9804,UTR4072557151,0,0,0,0,0,0,0
TXN00003320,2026-03-09 14:11:48,USR34684,MCH8893,19322.51,UTR4601922868,0110,SUCCESS,TXN00003320,USR34684,MCH8893,UTR4601922868,0,0,0,0,0,0,0
TXN00007444,2026-03-26 22:29:18,USR36813,MCH5289,16122.47,UTR9099680422,0110,SUCCESS,TXN00007444,USR36813,MCH5289,UTR 9099680422,0,0,0,0,0,0,0
TXN00008314,2026-01-14 01:56:55,USR28461,MCH9783,15131.49,UTR5337690441,4110,SUCCESS,TXN00008314,USR28461,MCH9783,UTR5337690441,0,0,0,0,0,0,0
TXN00014937,2026-03-06 13:44:41,USR32563,MCH2573,19336.09,UTR2454988088,9120,PENDING,TXN00014937,USR32563,MCH2573,UTR2454988088,0,0,0,0,0,0,1
TXN00014253,2026-02-14 07:16:17,USR96263,MCH2442,12004.78,UTR6886371291,,SUCCESS,TXN00014253,USR96263,MCH2442,UTR6886371291,0,0,1,0,0,0,0
TXN00015520,2026-01-03 12:22:27,USR71727,MCH1515,15231.92,UTR8997371265,8120,SUCCESS,TXN00015520,USR71727,MCH1515,UTR8997371265,0,0,0,0,0,0,0
TXN00010032,2026-01-02 03:38:34,USR42650,MCH2386,24621.94,UTR4034404210,4110,SUCCESS,TXN00010032,USR42650,MCH2386,UTR4034404210,0,0,0,0,0,0,0
TXN00015448,2026-03-30 10:16:42,USR85301,MCH6178,7792.0,UTR5908878710,9120,SUCCESS,TXN00015448,USR85301,MCH6178,UTR5908878710,0,0,0,0,0,0,0
TXN00006882,2026-01-12 03:19:17,USR59227,MCH4621,5155.12,UTR6439016455,9120,SUCCESS,TXN00006882,USR59227,MCH4621,UTR6439016455,0,0,0,0,0,0,0
TXN00002251,2026-03-17 08:44:34,USR55890,MCH7774,2355.49,UTR5048781567,1310,FAILED,TXN00002251,USR55890,MCH7774,UTR5048781567,0,0,0,0,0,1,0
TXN00019302,2026-03-24 00:23:47,USR38166,MCH6295,18024.87,UTR0241553843,,SUCCESS,TXN00019302,USR38166,MCH6295,UTR0241553843,0,0,1,0,0,0,0
TXN00001118,2026-02-09 11:02:46,USR38155,MCH2299,21938.0,UTR2396973617,8120,SUCCESS,TXN00001118,USR38155,MCH2299,UTR2396973617,0,0,0,0,0,0,0
TXN00006923,2026-02-19 21:27:41,USR13361,MCH1821,5264.8,UTR7969379106,,SUCCESS,TXN00006923,USR13361,MCH1821,UTR7969379106,0,0,1,0,0,0,0
TXN00006268,2026-03-06 05:47:24,USR78627,MCH6361,2443.44,UTR7179167472,4110,SUCCESS,TXN00006268,USR78627,MCH6361,UTR7179167472,0,0,0,0,0,0,0
TXN00016082,2026-02-24 23:16:58,USR77537,MCH3436,-6204.41,UTR5054479068,1310,SUCCESS,TXN00016082,USR77537,MCH3436,UTR5054479068,1,0,0,0,0,0,0
TXN00005401,2026-01-31 00:08:45,USR66477,MCH2968,6107.44,UTR4973694365,8120,SUCCESS,TXN00005401,USR66477,MCH2968,UTR4973694365,0,0,0,0,0,0,0
TXN00017758,2026-02-11 00:42:08,USR93255,MCH6869,15303.98,,4110,SUCCESS,TXN00017758,USR93255,MCH6869,,0,1,0,0,0,0,0
TXN00002691,2026-01-20 13:44:27,USR42986,MCH4461,13278.13,UTR8539026932,8120,SUCCESS,TXN00002691,USR42986,MCH4461,UTR8539026932,0,0,0,0,0,0,0
TXN00001320,2026-02-15 12:08:43,USR88145,MCH4617,1518.2,UTR3977912761,9120,SUCCESS,TXN00001320,USR88145,MCH4617,UTR3977912761,0,0,0,0,0,0,0
TXN00015261,2026-01-15 01:27:42,USR76837,MCH9615,16727.1,UTR7386593735,,PENDING,TXN00015261,USR76837,MCH9615,UTR7386593735,0,0,1,0,0,0,1
TXN00017570,2026-03-22 03:27:11,USR47291,MCH8130,19525.0,UTR2203750376,4110,FAILED,TXN00017570,USR47291,MCH8130,UTR2203750376,0,0,0,0,0,1,0
TXN00001839,2026-02-09 14:58:44,USR57777,MCH8760,23202.81,UTR2328581369,4110,SUCCESS,TXN00001839,USR57777,MCH8760,UTR2328581369,0,0,0,0,0,0,0
TXN00015125,2026-01-07 00:12:08,USR78417,MCH9070,4790.42,UTR3050172366,4110,SUCCESS,TXN00015125,USR78417,MCH9070,UTR3050172366,0,0,0,0,0,0,0
TXN00019094,2026-01-26 06:29:38,USR50491,MCH3198,5567.0,UTR7348560164,9120,SUCCESS,TXN00019094,USR50491,MCH3198,UTR 7348560164,0,0,0,0,0,0,0
TXN00000200,2026-03-04 05:32:57,USR56924,MCH9262,19499.09,UTR1410344424,0110,PENDING,TXN00000200,USR56924,MCH9262,UTR 1410344424,0,0,0,0,0,0,1
TXN00010931,2026-03-04 20:11:15,USR47387,MCH4999,21591.94,UTR1212145224,0110,SUCCESS,TXN00010931,USR47387,MCH4999,UTR1212145224,0,0,0,0,0,0,0
TXN00002161,2026-01-22 09:50:42,USR97625,MCH1080,16282.18,UTR7790157879,8120,SUCCESS,TXN00002161,USR97625,MCH1080,UTR7790157879,0,0,0,0,0,0,0
TXN00011959,2026-01-27 14:33:04,USR26749,MCH2007,12780.01,UTR2127715575,4110,SUCCESS,TXN00011959,USR26749,MCH2007,UTR2127715575,0,0,0,0,0,0,0
TXN00013259,2026-01-10 14:05:26,USR19104,MCH7466,923.88,UTR7755232109,8120,SUCCESS,TXN00013259,USR19104,MCH7466,UTR7755232109,0,0,0,0,0,0,0
TXN00000225,2026-01-20 07:29:47,USR40710,MCH9518,6637.41,UTR5930859173,4110,SUCCESS,TXN00000225,USR40710,MCH9518,UTR5930859173,0,0,0,0,0,0,0
TXN00015896,2026-01-28 07:06:03,USR16076,MCH3748,9948.05,UTR9759373690,4110,SUCCESS,TXN00015896,USR16076,MCH3748,UTR9759373690,0,0,0,0,0,0,0
TXN00019482,2026-02-12 21:49:18,USR60872,MCH4039,3101.06,UTR6594749435,8120,SUCCESS,TXN00019482,USR60872,MCH4039,UTR6594749435,0,0,0,0,0,0,0
TXN00001267,2026-02-23 14:14:06,USR37477,MCH4133,9818.41,UTR3281817655,9120,SUCCESS,TXN00001267,USR37477,MCH4133,UTR3281817655,0,0,0,0,0,0,0
TXN00011970,2026-02-02 07:17:56,USR26666,MCH2391,18797.0,UTR2736287262,4110,SUCCESS,TXN00011970,USR26666,MCH2391,UTR2736287262,0,0,0,0,0,0,0
TXN00011359,2026-01-21 19:17:40,USR82456,MCH1525,18781.2,UTR3664376542,4110,SUCCESS,TXN00011359,USR82456,MCH1525,UTR3664376542,0,0,0,0,0,0,0
TXN00008890,2026-01-14 10:54:24,USR89707,MCH3514,0.25006,UTR6067045652,9120,SUCCESS,TXN00008890,USR89707,MCH3514,UTR6067045652,0,0,0,0,0,0,0
TXN00005717,2026-01-21 13:44:23,USR85066,MCH4578,4715.68,UTR1695540408,8120,SUCCESS,TXN00005717,USR85066,MCH4578,UTR1695540408,0,0,0,0,0,0,0
TXN00008453,2026-01-21 23:05:00,USR13118,MCH2156,17373.57,UTR4411111939,4110,SUCCESS,TXN00008453,USR13118,MCH2156,UTR4411111939,0,0,0,0,0,0,0
TXN00018962,2026-07-01 22:21:29,USR56924,MCH7299,0.353476,UTR5991706552,4110,SUCCESS,TXN00018962,USR56924,MCH7299,UTR5991706552,0,0,0,0,0,0,0
TXN00009832,2026-02-14 02:48:56,USR14389,MCH1964,22386.0,UTR7548041681,9120,FAILED,TXN00009832,USR14389,MCH1964,UTR7548041681,0,0,0,0,0,1,0
TXN00011977,2026-03-22 00:59:35,USR26396,MCH4086,11194.08,UTR8927407690,4110,SUCCESS,TXN00011977,USR26396,MCH4086,UTR8927407690,0,0,0,0,0,0,0
TXN00001225,2026-01-15 11:39:20,USR26688,MCH7094,10499.0,UTR1426659835,4110,SUCCESS,TXN00001225,USR26688,MCH7094,UTR1426659835,0,0,0,0,0,0,0
TXN00003629,2026-03-07 09:22:06,USR49779,MCH6124,19816.94,UTR8904456761,0110,SUCCESS,TXN00003629,USR49779,MCH6124,UTR8904456761,0,0,0,0,0,0,0
TXN00001971,2026-03-03 11:10:32,USR89450,MCH5733,0.61455,UTR8630575055,,SUCCESS,TXN00001971,USR89450,MCH5733,UTR8630575055,0,0,1,0,0,0,0
TXN00013398,2026-03-30 17:49:00,USR29549,MCH5335,12032.0,UTR0903179200,4110,SUCCESS,TXN00013398,USR29549,MCH5335,UTR 0903179200,0,0,0,0,0,0,0
TXN00001086,2026-01-24 16:14:34,USR67425,MCH2249,11690.36,UTR9299814523,1310,SUCCESS,TXN00001086,USR67425,MCH2249,UTR9299814523,0,0,0,0,0,0,0
TXN00013578,2026-03-31 00:45:13,USR54561,MCH9558,12052.87,UTR8297435823,0110,SUCCESS,TXN00013578,USR54561,MCH9558,UTR 8297435823,0,0,0,0,0,0,0
TXN00018290,2026-01-05 03:20:21,USR41522,MCH1528,3298.54,UTR1735903940,0110,PENDING,TXN00018290,USR41522,MCH1528,UTR1735903940,0,0,0,0,0,0,1
TXN00010962,2026-03-23 15:23:06,USR46597,MCH2604,13096.57,UTR1773057194,1310,SUCCESS,TXN00010962,USR46597,MCH2604,UTR1773057194,0,0,0,0,0,0,0
TXN00006666,2026-01-30 00:31:05,USR94489,MCH6687,18922.16,UTR1995387821,,SUCCESS,TXN00006666,USR94489,MCH6687,UTR1995387821,0,0,1,0,0,0,0
TXN00018102,2026-02-15 11:24:06,USR14151,MCH8405,14509.0,UTR9759919120,1310,SUCCESS,TXN00018102,USR14151,MCH8405,UTR9759919120,0,0,0,0,0,0,0
TXN00006091,2026-02-15 16:25:46,USR63095,MCH7816,10479.14,UTR7540281921,,SUCCESS,TXN00006091,USR63095,MCH7816,UTR7540281921,0,0,1,0,0,0,0
TXN00000686,2026-11-03 20:23:36,USR52300,MCH3365,0.139235,UTR7702654228,9120,SUCCESS,TXN00000686,USR52300,MCH3365,UTR7702654228,0,0,0,0,0,0,0
TXN00010945,2026-03-31 13:05:46,USR96624,MCH7639,8493.95,UTR7211876333,9120,SUCCESS,TXN00010945,USR96624,MCH7639,UTR7211876333,0,0,0,0,0,0,0
TXN00011890,2026-01-24 22:01:45,USR77284,MCH3327,9954.95,UTR4168082384,8120,SUCCESS,TXN00011890,USR77284,MCH3327,UTR4168082384,0,0,0,0,0,0,0
TXN00010747,2026-03-13 14:13:12,USR55114,MCH8009,0.219301,UTR5752976541,1310,SUCCESS,TXN00010747,USR55114,MCH8009,UTR5752976541,0,0,0,0,0,0,0
TXN00017643,2026-01-22 22:13:23,USR96166,MCH8461,0.86306,UTR0518806409,4110,SUCCESS,TXN00017643,USR96166,MCH8461,UTR 0518806409,0,0,0,0,0,0,0
TXN00010559,2026-01-14 05:50:44,USR73495,MCH4797,7751.02,UTR3126402606,1310,SUCCESS,TXN00010559,USR73495,MCH4797,UTR3126402606,0,0,0,0,0,0,0
TXN00015105,2026-01-29 06:01:27,USR71756,MCH9358,21656.06,UTR8998312357,4110,FAILED,TXN00015105,USR71756,MCH9358,UTR 8998312357,0,0,0,0,0,1,0
TXN00005128,2026-02-20 11:07:36,USR40049,MCH8415,6251.11,UTR9059153963,1310,SUCCESS,TXN00005128,USR40049,MCH8415,UTR9059153963,0,0,0,0,0,0,0
TXN00005073,2026-03-18 04:02:03,USR31534,MCH8307,-12130.6,UTR3025037431,9120,PENDING,TXN00005073,USR31534,MCH8307,UTR3025037431,1,0,0,0,0,0,1
TXN00008357,2026-03-13 05:32:47,USR71377,MCH7138,0.705542,UTR5263011131,,SUCCESS,TXN00008357,USR71377,MCH7138,UTR5263011131,0,0,1,0,0,0,0
TXN00010397,2026-01-24 15:43:59,USR17817,MCH6370,12638.25,UTR8303556222,0110,SUCCESS,TXN00010397,USR17817,MCH6370,UTR8303556222,0,0,0,0,0,0,0
TXN00003621,2026-03-12 00:00:00,USR15236,MCH8622,16822.39,UTR3577060088,9120,SUCCESS,TXN00003621,USR15236,MCH8622,UTR3577060088,0,0,0,0,0,0,0
TXN00015905,2026-02-11 16:00:46,USR85481,MCH6197,4903.67,UTR2275524520,4110,FAILED,TXN00015905,USR85481,MCH6197,UTR2275524520,0,0,0,0,0,1,0
TXN00013697,2026-02-19 09:49:05,USR60446,MCH4939,23672.22,UTR6872743049,0110,SUCCESS,TXN00013697,USR60446,MCH4939,UTR6872743049,0,0,0,0,0,0,0
TXN00017477,2026-03-27 18:22:41,USR48337,MCH9126,9006.92,UTR2905354383,4110,SUCCESS,TXN00017477,USR48337,MCH9126,UTR 2905354383,0,0,0,0,0,0,0
TXN00012185,2026-02-18 21:48:53,USR36429,MCH2229,1826.33,UTR4155450217,4110,SUCCESS,TXN00012185,USR36429,MCH2229,UTR4155450217,0,0,0,0,0,0,0
TXN00018635,2026-02-04 03:43:40,USR40975,MCH8577,7374.0,UTR5372674662,4110,SUCCESS,TXN00018635,USR40975,MCH8577,UTR5372674662,0,0,0,0,0,0,0
TXN00008319,2026-03-10 14:33:28,USR87738,MCH9164,-21445.56,UTR3982174594,,SUCCESS,TXN00008319,USR87738,MCH9164,UTR3982174594,1,0,1,0,0,0,0
TXN00016418,2026-03-19 00:00:00,USR96954,MCH4872,0.1528716,UTR3070270828,0110,FAILED,TXN00016418,USR96954,MCH4872,UTR3070270828,0,0,0,0,0,1,0
TXN00011983,2026-02-04 03:53:04,USR11511,MCH4702,13308.62,UTR2362465585,4110,PENDING,TXN00011983,USR11511,MCH4702,UTR2362465585,0,0,0,0,0,0,1
TXN00015747,2026-01-30 14:16:53,USR87286,MCH9569,16027.87,UTR8338209624,4110,SUCCESS,TXN00015747,USR87286,MCH9569,UTR 8338209624,0,0,0,0,0,0,0
TXN00015777,2026-02-17 18:33:02,USR21242,MCH3132,22921.41,UTR4288725130,,SUCCESS,TXN00015777,USR21242,MCH3132,UTR 4288725130,0,0,1,0,0,0,0
TXN00013645,2026-03-07 18:50:22,USR16281,MCH6219,16102.12,UTR2062188027,9120,SUCCESS,TXN00013645,USR16281,MCH6219,UTR2062188027,0,0,0,0,0,0,0
TXN00001872,2026-01-05 21:51:23,USR67171,MCH7236,5346.0,UTR6769929077,9120,SUCCESS,TXN00001872,USR67171,MCH7236,UTR6769929077,0,0,0,0,0,0,0
TXN00001876,2026-01-13 05:25:26,USR83394,MCH5072,13560.51,UTR5466470481,9120,SUCCESS,TXN00001876,USR83394,MCH5072,UTR5466470481,0,0,0,0,0,0,0
TXN00018991,2026-01-03 03:09:42,USR57495,MCH5350,9745.99,UTR6143686981,8120,SUCCESS,TXN00018991,USR57495,MCH5350,UTR6143686981,0,0,0,0,0,0,0
TXN00007881,2026-01-30 03:07:49,USR99946,MCH8579,1360.65,UTR0327996761,,SUCCESS,TXN00007881,USR99946,MCH8579,UTR 0327996761,0,0,1,0,0,0,0
TXN00003696,2026-01-30 07:09:43,USR32729,MCH7076,762.3,UTR4076924274,4110,SUCCESS,TXN00003696,USR32729,MCH7076,UTR4076924274,0,0,0,0,0,0,0
TXN00010686,2026-02-15 01:53:15,USR56849,MCH4903,7453.21,UTR9282115812,0110,PENDING,TXN00010686,USR56849,MCH4903,UTR9282115812,0,0,0,0,0,0,1
TXN00005783,2026-05-03 13:45:57,USR38887,MCH5122,14905.13,UTR8393728049,8120,SUCCESS,TXN00005783,USR38887,MCH5122,UTR8393728049,0,0,0,0,0,0,0
TXN00015596,2026-01-01 22:07:50,USR64475,MCH5214,7284.06,UTR2824713850,1310,SUCCESS,TXN00015596,USR64475,MCH5214,UTR2824713850,0,0,0,0,0,0,0
TXN00017807,2026-03-18 06:52:41,USR63154,MCH8970,5215.36,UTR3847901832,4110,SUCCESS,TXN00017807,USR63154,MCH8970,UTR3847901832,0,0,0,0,0,0,0
TXN00000147,2026-03-30 19:03:01,USR86706,MCH8781,15243.01,UTR3859347463,,FAILED,TXN00000147,USR86706,MCH8781,UTR3859347463,0,0,1,0,0,1,0
TXN00014894,2026-02-03 05:16:18,USR35270,MCH4810,19771.0,UTR6156065161,9120,SUCCESS,TXN00014894,USR35270,MCH4810,UTR6156065161,0,0,0,0,0,0,0
TXN00003072,2026-02-08 04:19:14,USR52868,MCH2221,15254.09,UTR6394637684,0110,SUCCESS,TXN00003072,USR52868,MCH2221,UTR6394637684,0,0,0,0,0,0,0
TXN00010132,2026-03-06 03:01:29,USR59045,MCH6693,5816.07,UTR3461761247,,SUCCESS,TXN00010132,USR59045,MCH6693,UTR3461761247,0,0,1,0,0,0,0
TXN00004518,2026-01-29 00:00:00,USR12142,MCH9581,0.224154,UTR2909385114,4110,PENDING,TXN00004518,USR12142,MCH9581,UTR2909385114,0,0,0,0,0,0,1
TXN00005467,2026-02-04 15:27:49,USR37385,MCH2362,19445.42,UTR5578732406,0110,SUCCESS,TXN00005467,USR37385,MCH2362,UTR 5578732406,0,0,0,0,0,0,0
TXN00010064,2026-03-17 01:34:20,USR88415,MCH9088,5756.74,UTR0611147892,,SUCCESS,TXN00010064,USR88415,MCH9088,UTR0611147892,0,0,1,0,0,0,0
TXN00011633,2026-01-03 03:48:52,USR71029,MCH3563,17895.0,UTR2632663117,4110,SUCCESS,TXN00011633,USR71029,MCH3563,UTR2632663117,0,0,0,0,0,0,0
TXN00018742,2026-01-23 19:50:05,USR62633,MCH7415,8228.23,UTR7225878411,4110,SUCCESS,TXN00018742,USR62633,MCH7415,UTR7225878411,0,0,0,0,0,0,0
TXN00003794,2026-01-19 10:47:14,USR32523,MCH4341,18474.28,UTR2071597132,0110,SUCCESS,TXN00003794,USR32523,MCH4341,UTR2071597132,0,0,0,0,0,0,0
TXN00009842,2026-02-11 05:47:24,USR95986,MCH8696,24789.94,UTR0647213019,4110,SUCCESS,TXN00009842,USR95986,MCH8696,UTR0647213019,0,0,0,0,0,0,0
TXN00013188,2026-03-15 13:22:16,USR99795,MCH9856,23379.7,UTR9622717630,4110,SUCCESS,TXN00013188,USR99795,MCH9856,UTR9622717630,0,0,0,0,0,0,0
TXN00000526,2026-02-19 01:41:18,USR18352,MCH3176,11723.0,UTR8727356250,8120,SUCCESS,TXN00000526,USR18352,MCH3176,UTR8727356250,0,0,0,0,0,0,0
TXN00006586,2026-01-12 17:21:29,USR57603,MCH9656,10263.49,UTR4692508000,4110,SUCCESS,TXN00006586,USR57603,MCH9656,UTR4692508000,0,0,0,0,0,0,0
TXN00002183,2026-02-21 17:00:24,USR61834,MCH2314,0.8394,UTR7004061519,0110,SUCCESS,TXN00002183,USR61834,MCH2314,UTR7004061519,0,0,0,0,0,0,0
TXN00010523,2026-02-26 06:56:34,USR90837,MCH3238,21840.25,UTR2041173712,4110,SUCCESS,TXN00010523,USR90837,MCH3238,UTR2041173712,0,0,0,0,0,0,0
TXN00010925,2026-01-16 03:37:49,USR32818,MCH4497,18756.26,UTR1467314849,8120,SUCCESS,TXN00010925,USR32818,MCH4497,UTR1467314849,0,0,0,0,0,0,0
TXN00003967,2026-03-24 07:40:24,USR33451,MCH3803,7667.76,UTR5210520621,0110,SUCCESS,TXN00003967,USR33451,MCH3803,UTR5210520621,0,0,0,0,0,0,0
TXN00008751,2026-02-15 17:57:10,USR82120,MCH4526,15246.61,UTR0900034399,1310,SUCCESS,TXN00008751,USR82120,MCH4526,UTR 0900034399,0,0,0,0,0,0,0
TXN00009466,2026-03-21 19:43:17,USR85527,MCH3548,23866.39,UTR6497871005,1310,SUCCESS,TXN00009466,USR85527,MCH3548,UTR6497871005,0,0,0,0,0,0,0
TXN00016942,2026-03-28 21:23:59,USR30431,MCH7160,0.90242,UTR6663535769,4110,PENDING,TXN00016942,USR30431,MCH7160,UTR6663535769,0,0,0,0,0,0,1
TXN00013637,2026-12-02 21:44:40,USR17130,MCH6696,18798.14,UTR1489594073,4110,SUCCESS,TXN00013637,USR17130,MCH6696,UTR1489594073,0,0,0,0,0,0,0
TXN00005732,2026-01-26 00:55:07,USR80158,MCH4374,8858.07,UTR0750987097,4110,SUCCESS,TXN00005732,USR80158,MCH4374,UTR0750987097,0,0,0,0,0,0,0
TXN00002081,2026-03-04 09:35:51,USR59422,MCH4458,688.91,,,FAILED,TXN00002081,USR59422,MCH4458,,0,1,1,0,0,1,0
TXN00010833,2026-03-19 20:46:12,USR52562,MCH3012,9091.18,UTR6677420978,0110,PENDING,TXN00010833,USR52562,MCH3012,UTR6677420978,0,0,0,0,0,0,1
TXN00015713,2026-03-23 11:57:52,USR73060,MCH4745,2493.58,UTR6538403449,8120,SUCCESS,TXN00015713,USR73060,MCH4745,UTR6538403449,0,0,0,0,0,0,0
TXN00017928,2026-01-24 17:25:05,USR57324,MCH8454,1232.31,UTR2332752595,4110,SUCCESS,TXN00017928,USR57324,MCH8454,UTR2332752595,0,0,0,0,0,0,0
TXN00013689,2026-02-27 13:31:32,USR64912,MCH5493,7281.05,UTR4176667267,4110,SUCCESS,TXN00013689,USR64912,MCH5493,UTR4176667267,0,0,0,0,0,0,0
TXN00015461,2026-01-19 06:14:36,USR51851,MCH3654,4247.25,UTR7546174576,1310,SUCCESS,TXN00015461,USR51851,MCH3654,UTR7546174576,0,0,0,0,0,0,0
TXN00015199,2026-03-10 00:04:03,USR25603,MCH2766,5063.36,UTR2515924419,4110,SUCCESS,TXN00015199,USR25603,MCH2766,UTR 2515924419,0,0,0,0,0,0,0
TXN00011681,2026-03-23 23:05:52,USR78880,MCH9682,4114.38,UTR5269383038,4110,SUCCESS,TXN00011681,USR78880,MCH9682,UTR 5269383038,0,0,0,0,0,0,0
TXN00013427,2026-04-01 00:06:46,USR87612,MCH7211,8668.91,UTR5664136271,0110,SUCCESS,TXN00013427,USR87612,MCH7211,UTR5664136271,0,0,0,0,0,0,0
TXN00007871,2026-01-14 01:20:30,USR18645,MCH7392,20982.0,UTR7844526706,4110,SUCCESS,TXN00007871,USR18645,MCH7392,UTR7844526706,0,0,0,0,0,0,0
TXN00006842,2026-03-18 16:37:10,USR14852,MCH5019,4182.08,UTR8954558807,,SUCCESS,TXN00006842,USR14852,MCH5019,UTR8954558807,0,0,1,0,0,0,0
TXN00017410,2026-02-04 06:21:09,USR83342,MCH9275,11795.0,UTR1424458757,0110,SUCCESS,TXN00017410,USR83342,MCH9275,UTR1424458757,0,0,0,0,0,0,0
TXN00007157,2026-03-23 17:31:11,USR94749,MCH7821,12962.91,UTR5824761335,1310,SUCCESS,TXN00007157,USR94749,MCH7821,UTR5824761335,0,0,0,0,0,0,0
TXN00002529,2026-01-28 16:14:41,USR91508,MCH2556,231.49,UTR7035890493,4110,SUCCESS,TXN00002529,USR91508,MCH2556,UTR7035890493,0,0,0,0,0,0,0
TXN00017251,2026-03-17 17:35:57,USR22265,MCH1559,4524.0,UTR6346250175,,SUCCESS,TXN00017251,USR22265,MCH1559,UTR6346250175,0,0,1,0,0,0,0
TXN00018637,2026-02-03 07:32:26,USR68477,MCH2302,15689.1,UTR3699583505,9120,SUCCESS,TXN00018637,USR68477,MCH2302,UTR3699583505,0,0,0,0,0,0,0
TXN00009883,2026-01-09 14:05:41,USR17660,MCH3941,9142.63,UTR8801612190,9120,SUCCESS,TXN00009883,USR17660,MCH3941,UTR8801612190,0,0,0,0,0,0,0
TXN00019940,2026-02-21 12:35:12,USR92762,MCH4573,4200.89,UTR1623267438,1310,FAILED,TXN00019940,USR92762,MCH4573,UTR1623267438,0,0,0,0,0,1,0
TXN00011236,2026-03-21 07:50:17,USR48034,MCH7588,12760.0,UTR7206000964,8120,SUCCESS,TXN00011236,USR48034,MCH7588,UTR7206000964,0,0,0,0,0,0,0
TXN00014776,2026-01-25 00:31:05,USR85276,MCH7047,18467.0,UTR6364411819,,PENDING,TXN00014776,USR85276,MCH7047,UTR6364411819,0,0,1,0,0,0,1
TXN00018617,2026-01-06 01:29:45,USR44018,MCH4096,12368.0,UTR0514319410,1310,SUCCESS,TXN00018617,USR44018,MCH4096,UTR0514319410,0,0,0,0,0,0,0
TXN00010820,2026-01-13 19:38:45,USR65784,MCH4532,10749.34,UTR1604015954,4110,SUCCESS,TXN00010820,USR65784,MCH4532,UTR1604015954,0,0,0,0,0,0,0
TXN00017534,2026-01-07 17:50:23,USR89875,MCH7649,22657.58,UTR1901293343,0110,SUCCESS,TXN00017534,USR89875,MCH7649,UTR1901293343,0,0,0,0,0,0,0
TXN00006790,2026-03-03 12:50:03,USR10643,MCH9600,13768.13,UTR7404099180,,SUCCESS,TXN00006790,USR10643,MCH9600,UTR7404099180,0,0,1,0,0,0,0
TXN00016506,2026-01-24 13:03:35,USR78945,MCH5916,9232.0,UTR3990544880,,SUCCESS,TXN00016506,USR78945,MCH5916,UTR3990544880,0,0,1,0,0,0,0
TXN00001382,2026-02-18 02:31:35,USR71536,MCH3347,9783.13,UTR3143672608,9120,SUCCESS,TXN00001382,USR71536,MCH3347,UTR3143672608,0,0,0,0,0,0,0
TXN00000108,2026-03-03 15:36:23,USR70338,MCH3445,18891.22,UTR8664089118,4110,SUCCESS,TXN00000108,USR70338,MCH3445,UTR8664089118,0,0,0,0,0,0,0
TXN00002970,2026-03-11 23:11:45,USR17321,MCH1690,12411.51,UTR9412461478,4110,SUCCESS,TXN00002970,USR17321,MCH1690,UTR9412461478,0,0,0,0,0,0,0
TXN00002921,2026-03-22 11:50:06,USR29348,MCH3452,8139.13,UTR2586149793,0110,SUCCESS,TXN00002921,USR29348,MCH3452,UTR2586149793,0,0,0,0,0,0,0
TXN00015444,2026-02-17 14:48:52,USR48262,MCH6187,-14932.8,UTR5713845828,9120,SUCCESS,TXN00015444,USR48262,MCH6187,UTR5713845828,1,0,0,0,0,0,0
TXN00014269,2026-03-29 09:04:10,USR88724,MCH1081,22458.01,UTR1063024869,9120,FAILED,TXN00014269,USR88724,MCH1081,UTR1063024869,0,0,0,0,0,1,0
TXN00014596,2026-01-25 00:00:00,USR83488,MCH5826,20877.4,UTR5998422086,8120,PENDING,TXN00014596,USR83488,MCH5826,UTR5998422086,0,0,0,0,0,0,1
TXN00013037,2026-02-24 06:29:27,USR83163,MCH6119,13438.0,UTR6882015221,9120,SUCCESS,TXN00013037,USR83163,MCH6119,UTR6882015221,0,0,0,0,0,0,0
TXN00010704,2026-01-03 11:13:52,USR12556,MCH8624,24551.3,UTR1662381336,4110,SUCCESS,TXN00010704,USR12556,MCH8624,UTR1662381336,0,0,0,0,0,0,0
TXN00014829,2026-01-27 02:51:54,USR69038,MCH3455,15758.34,UTR0301982313,1310,FAILED,TXN00014829,USR69038,MCH3455,UTR0301982313,0,0,0,0,0,1,0
TXN00007266,2026-01-27 13:17:24,USR44083,MCH3726,1990.45,UTR8282363069,,SUCCESS,TXN00007266,USR44083,MCH3726,UTR8282363069,0,0,1,0,0,0,0
TXN00016356,2026-02-17 18:01:30,USR16276,MCH9495,24575.58,UTR9950645486,0110,SUCCESS,TXN00016356,USR16276,MCH9495,UTR9950645486,0,0,0,0,0,0,0
TXN00006541,2026-03-23 23:24:08,USR81219,MCH1682,4720.61,UTR4054924191,1310,SUCCESS,TXN00006541,USR81219,MCH1682,UTR4054924191,0,0,0,0,0,0,0
TXN00004954,2026-03-10 02:36:45,USR85289,MCH4631,16847.0,UTR7971914980,1310,SUCCESS,TXN00004954,USR85289,MCH4631,UTR 7971914980,0,0,0,0,0,0,0
TXN00014765,2026-01-03 17:50:29,USR73661,MCH2734,23156.42,UTR6668344658,4110,SUCCESS,TXN00014765,USR73661,MCH2734,UTR6668344658,0,0,0,0,0,0,0
TXN00010756,2026-01-22 21:18:24,USR34148,MCH1151,16166.91,UTR2385139976,1310,FAILED,TXN00010756,USR34148,MCH1151,UTR 2385139976,0,0,0,0,0,1,0
TXN00005788,2026-01-04 15:18:04,USR57422,MCH5416,20493.73,UTR1613900852,,SUCCESS,TXN00005788,USR57422,MCH5416,UTR1613900852,0,0,1,0,0,0,0
TXN00015857,2026-03-23 20:28:44,USR14806,MCH7930,21274.15,,4110,PENDING,TXN00015857,USR14806,MCH7930,,0,1,0,0,0,0,1
TXN00005977,2026-03-23 20:59:38,USR31414,MCH4351,1256.01,UTR4233322820,0110,SUCCESS,TXN00005977,USR31414,MCH4351,UTR4233322820,0,0,0,0,0,0,0
TXN00009203,2026-01-04 03:34:20,USR18119,MCH4608,14986.35,UTR5540503257,4110,SUCCESS,TXN00009203,USR18119,MCH4608,UTR5540503257,0,0,0,0,0,0,0
TXN00018490,2026-01-13 08:22:47,USR11115,MCH7351,11349.19,UTR2857763956,1310,PENDING,TXN00018490,USR11115,MCH7351,UTR2857763956,0,0,0,0,0,0,1
TXN00001472,2026-03-25 21:19:43,USR96933,MCH3163,18463.85,UTR2011465163,4110,SUCCESS,TXN00001472,USR96933,MCH3163,UTR 2011465163,0,0,0,0,0,0,0
TXN00006649,2026-03-09 05:40:41,USR28857,MCH7129,17145.96,UTR5898443835,4110,SUCCESS,TXN00006649,USR28857,MCH7129,UTR5898443835,0,0,0,0,0,0,0
TXN00009278,2026-03-24 07:30:44,USR32148,MCH4812,13534.29,UTR1035320260,4110,SUCCESS,TXN00009278,USR32148,MCH4812,UTR1035320260,0,0,0,0,0,0,0
TXN00016084,2026-03-19 03:03:49,USR35786,MCH9376,24768.22,UTR4177134185,8120,SUCCESS,TXN00016084,USR35786,MCH9376,UTR4177134185,0,0,0,0,0,0,0
TXN00003530,2026-02-23 04:06:54,USR29318,MCH4710,10999.11,UTR6553736850,4110,SUCCESS,TXN00003530,USR29318,MCH4710,UTR6553736850,0,0,0,0,0,0,0
TXN00014742,2026-02-19 11:28:24,USR84602,MCH9231,14845.94,UTR5644873491,9120,FAILED,TXN00014742,USR84602,MCH9231,UTR5644873491,0,0,0,0,0,1,0
TXN00010312,2026-03-26 11:42:46,USR67162,MCH2206,7038.69,UTR8314706868,9120,SUCCESS,TXN00010312,USR67162,MCH2206,UTR8314706868,0,0,0,0,0,0,0
TXN00007509,2026-02-24 19:46:37,USR45503,MCH9046,15171.17,,4110,SUCCESS,TXN00007509,USR45503,MCH9046,,0,1,0,0,0,0,0
TXN00010636,2026-11-02 07:56:50,USR43117,MCH7675,23986.0,UTR5998264228,,FAILED,TXN00010636,USR43117,MCH7675,UTR5998264228,0,0,1,0,0,1,0
TXN00008972,2026-01-18 20:41:46,USR43518,MCH7541,14915.9,UTR3868399271,9120,SUCCESS,TXN00008972,USR43518,MCH7541,UTR3868399271,0,0,0,0,0,0,0
TXN00013880,2026-02-06 17:15:34,USR90073,MCH3918,23776.31,UTR1426604781,0110,SUCCESS,TXN00013880,USR90073,MCH3918,UTR1426604781,0,0,0,0,0,0,0
TXN00014816,2026-03-27 02:09:39,USR23674,MCH7729,11087.72,UTR7260338792,0110,SUCCESS,TXN00014816,USR23674,MCH7729,UTR7260338792,0,0,0,0,0,0,0
TXN00015106,2026-01-09 12:18:36,USR47447,MCH8765,22071.31,UTR6439937238,4110,SUCCESS,TXN00015106,USR47447,MCH8765,UTR6439937238,0,0,0,0,0,0,0
TXN00016680,2026-01-31 12:46:26,USR17679,MCH4388,9883.0,UTR3816537753,4110,SUCCESS,TXN00016680,USR17679,MCH4388,UTR3816537753,0,0,0,0,0,0,0
TXN00015083,2026-02-28 07:41:04,USR40574,MCH6643,9599.22,UTR5925189045,9120,SUCCESS,TXN00015083,USR40574,MCH6643,UTR5925189045,0,0,0,0,0,0,0
TXN00018561,2026-02-17 22:04:00,USR21266,MCH7073,19507.29,UTR1328945799,4110,SUCCESS,TXN00018561,USR21266,MCH7073,UTR1328945799,0,0,0,0,0,0,0
TXN00016627,2026-03-19 23:54:58,USR58769,MCH7492,12299.93,UTR7966501865,4110,SUCCESS,TXN00016627,USR58769,MCH7492,UTR 7966501865,0,0,0,0,0,0,0
TXN00002360,2026-03-01 04:56:58,USR65199,MCH9009,3562.01,,4110,SUCCESS,TXN00002360,USR65199,MCH9009,,0,1,0,0,0,0,0
TXN00008667,2026-02-08 16:38:07,USR68205,MCH7046,17678.71,UTR8074937116,9120,SUCCESS,TXN00008667,USR68205,MCH7046,UTR8074937116,0,0,0,0,0,0,0
TXN00011888,2026-02-16 02:29:25,USR95539,MCH7069,7453.93,UTR5183022202,4110,SUCCESS,TXN00011888,USR95539,MCH7069,UTR5183022202,0,0,0,0,0,0,0
TXN00004888,2026-03-31 13:45:56,USR17810,MCH6098,17099.91,UTR3366312933,4110,SUCCESS,TXN00004888,USR17810,MCH6098,UTR3366312933,0,0,0,0,0,0,0
TXN00017265,2026-02-26 05:59:38,USR55217,MCH8758,22469.0,UTR9478088247,1310,SUCCESS,TXN00017265,USR55217,MCH8758,UTR9478088247,0,0,0,0,0,0,0
TXN00014317,2026-01-17 00:06:10,USR80073,MCH2974,3172.0,UTR5011960534,4110,SUCCESS,TXN00014317,USR80073,MCH2974,UTR 5011960534,0,0,0,0,0,0,0
TXN00001466,2026-03-31 12:06:30,USR34421,MCH6311,1214.82,UTR3256202458,4110,FAILED,TXN00001466,USR34421,MCH6311,UTR3256202458,0,0,0,0,0,1,0
TXN00013609,2026-03-19 02:24:46,USR94003,MCH5963,5718.18,UTR1316579065,8120,SUCCESS,TXN00013609,USR94003,MCH5963,UTR 1316579065,0,0,0,0,0,0,0
TXN00004933,2026-01-24 04:03:55,USR45084,MCH1537,24039.15,UTR2902930464,1310,SUCCESS,TXN00004933,USR45084,MCH1537,UTR2902930464,0,0,0,0,0,0,0
TXN00015667,2026-01-14 05:54:04,USR82035,MCH5488,0.136108,UTR6871016943,4110,SUCCESS,TXN00015667,USR82035,MCH5488,UTR6871016943,0,0,0,0,0,0,0
TXN00012466,2026-01-08 22:32:12,USR46724,MCH2216,6128.0,UTR5412200619,4110,SUCCESS,TXN00012466,USR46724,MCH2216,UTR5412200619,0,0,0,0,0,0,0
TXN00003319,2026-02-24 13:35:48,USR30408,MCH2698,20114.32,UTR0204854952,,SUCCESS,TXN00003319,USR30408,MCH2698,UTR0204854952,0,0,1,0,0,0,0
TXN00009994,2026-03-06 03:27:58,USR64253,MCH8823,20470.26,UTR2603863835,4110,SUCCESS,TXN00009994,USR64253,MCH8823,UTR2603863835,0,0,0,0,0,0,0
TXN00015937,2026-01-05 22:44:04,USR10652,MCH9079,9279.38,UTR5113444213,1310,SUCCESS,TXN00015937,USR10652,MCH9079,UTR5113444213,0,0,0,0,0,0,0
TXN00010877,2026-03-31 17:22:58,USR49002,MCH4125,11249.0,UTR7071179781,0110,SUCCESS,TXN00010877,USR49002,MCH4125,UTR7071179781,0,0,0,0,0,0,0
TXN00003307,2026-02-03 00:00:00,USR78566,MCH8708,9319.61,UTR5392388987,9120,PENDING,TXN00003307,USR78566,MCH8708,UTR5392388987,0,0,0,0,0,0,1
TXN00007554,2026-03-01 14:46:58,USR72620,MCH5062,0.1162672,UTR2849969040,4110,SUCCESS,TXN00007554,USR72620,MCH5062,UTR2849969040,0,0,0,0,0,0,0
TXN00018453,2026-02-25 04:13:24,USR58910,MCH9970,16596.0,UTR8058880278,4110,SUCCESS,TXN00018453,USR58910,MCH9970,UTR8058880278,0,0,0,0,0,0,0
TXN00005121,2026-01-28 04:02:24,USR30648,MCH1011,7958.0,UTR4089519493,4110,SUCCESS,TXN00005121,USR30648,MCH1011,UTR 4089519493,0,0,0,0,0,0,0
TXN00019488,2026-01-27 01:13:28,USR15392,MCH1430,4477.62,,4110,SUCCESS,TXN00019488,USR15392,MCH1430,,0,1,0,0,0,0,0
TXN00012503,2026-03-14 00:00:00,USR67973,MCH9726,4678.0,UTR1386536282,8120,SUCCESS,TXN00012503,USR67973,MCH9726,UTR 1386536282,0,0,0,0,0,0,0
TXN00008325,2026-02-17 13:59:49,USR27236,MCH5462,1634.37,UTR2798531725,,PENDING,TXN00008325,USR27236,MCH5462,UTR2798531725,0,0,1,0,0,0,1
TXN00000590,2026-01-16 00:00:00,USR80463,MCH2237,3806.0,UTR1394606750,9120,SUCCESS,TXN00000590,USR80463,MCH2237,UTR1394606750,0,0,0,0,0,0,0
TXN00019818,2026-01-07 00:00:00,USR58493,MCH8331,23258.98,UTR0007888021,4110,SUCCESS,TXN00019818,USR58493,MCH8331,UTR0007888021,0,0,0,0,0,0,0
TXN00016834,2026-03-13 22:45:15,USR23925,MCH8173,20964.18,UTR2955666539,1310,SUCCESS,TXN00016834,USR23925,MCH8173,UTR2955666539,0,0,0,0,0,0,0
TXN00005353,2026-02-26 16:47:34,USR79281,MCH4597,7194.9,UTR5958002551,8120,SUCCESS,TXN00005353,USR79281,MCH4597,UTR5958002551,0,0,0,0,0,0,0
TXN00000210,2026-03-11 20:58:39,USR87801,MCH3543,4028.59,UTR4824891394,4110,SUCCESS,TXN00000210,USR87801,MCH3543,UTR4824891394,0,0,0,0,0,0,0
TXN00011618,2026-02-01 15:54:26,USR37294,MCH6443,946.82,UTR2230360111,8120,SUCCESS,TXN00011618,USR37294,MCH6443,UTR2230360111,0,0,0,0,0,0,0
TXN00012919,2026-03-27 12:49:11,USR94006,MCH1167,1408.58,,0110,SUCCESS,TXN00012919,USR94006,MCH1167,,0,1,0,0,0,0,0
TXN00004447,2026-01-09 05:29:11,USR10358,MCH8900,0.453049,UTR7446104580,1310,SUCCESS,TXN00004447,USR10358,MCH8900,UTR7446104580,0,0,0,0,0,0,0
TXN00004214,2026-03-17 22:07:56,USR45676,MCH8290,5851.18,UTR4323635490,1310,SUCCESS,TXN00004214,USR45676,MCH8290,UTR4323635490,0,0,0,0,0,0,0
TXN00011418,2026-01-09 06:04:41,USR21140,MCH1078,0.939889,UTR1178930400,,SUCCESS,TXN00011418,USR21140,MCH1078,UTR1178930400,0,0,1,0,0,0,0
TXN00002385,2026-03-12 06:25:17,USR63504,MCH2694,7978.48,UTR6704342825,4110,SUCCESS,TXN00002385,USR63504,MCH2694,UTR6704342825,0,0,0,0,0,0,0
TXN00016452,2026-02-10 15:32:51,USR39161,MCH9874,0.395995,UTR5622766634,0110,SUCCESS,TXN00016452,USR39161,MCH9874,UTR5622766634,0,0,0,0,0,0,0
TXN00010759,2026-03-29 04:20:08,USR89821,MCH9257,8483.8,UTR1056156801,,SUCCESS,TXN00010759,USR89821,MCH9257,UTR1056156801,0,0,1,0,0,0,0
TXN00012791,2026-01-15 23:32:06,USR76278,MCH8240,7325.18,UTR0270642640,,SUCCESS,TXN00012791,USR76278,MCH8240,UTR0270642640,0,0,1,0,0,0,0
TXN00016657,2026-03-03 23:33:14,USR70253,MCH2224,14135.01,UTR9314187296,4110,SUCCESS,TXN00016657,USR70253,MCH2224,UTR9314187296,0,0,0,0,0,0,0
TXN00002231,2026-02-08 21:06:56,USR67140,MCH2176,-18582.4,UTR0297385829,4110,SUCCESS,TXN00002231,USR67140,MCH2176,UTR0297385829,1,0,0,0,0,0,0
TXN00017629,2026-03-06 21:06:03,USR41780,MCH6709,15855.86,UTR4994931773,4110,SUCCESS,TXN00017629,USR41780,MCH6709,UTR4994931773,0,0,0,0,0,0,0
TXN00019782,2026-03-28 08:47:25,USR53292,MCH6274,15531.85,UTR3498430509,0110,SUCCESS,TXN00019782,USR53292,MCH6274,UTR3498430509,0,0,0,0,0,0,0
TXN00005689,2026-03-08 16:59:03,USR23431,MCH4761,3673.9,UTR7987081402,1310,SUCCESS,TXN00005689,USR23431,MCH4761,UTR7987081402,0,0,0,0,0,0,0
TXN00017013,2026-01-22 05:25:40,USR75824,MCH2067,0.1523634,UTR3605429102,4110,SUCCESS,TXN00017013,USR75824,MCH2067,UTR3605429102,0,0,0,0,0,0,0
TXN00009267,2026-02-21 08:32:05,USR42260,MCH9644,7418.05,UTR6760210021,0110,SUCCESS,TXN00009267,USR42260,MCH9644,UTR6760210021,0,0,0,0,0,0,0
TXN00000288,2026-01-25 01:39:43,USR22559,MCH5028,13570.69,UTR4086437769,0110,SUCCESS,TXN00000288,USR22559,MCH5028,UTR4086437769,0,0,0,0,0,0,0
TXN00017351,2026-01-09 02:26:08,USR77811,MCH3099,19528.27,UTR4118161102,0110,SUCCESS,TXN00017351,USR77811,MCH3099,UTR4118161102,0,0,0,0,0,0,0
TXN00005869,2026-01-17 20:50:14,USR17228,MCH5665,20330.0,UTR9700380542,4110,SUCCESS,TXN00005869,USR17228,MCH5665,UTR9700380542,0,0,0,0,0,0,0
TXN00005799,2026-02-08 10:15:50,USR63408,MCH8656,24109.19,UTR0164750333,4110,SUCCESS,TXN00005799,USR63408,MCH8656,UTR0164750333,0,0,0,0,0,0,0
TXN00012285,2026-02-21 01:42:17,USR54413,MCH2481,7302.66,UTR2883161814,9120,SUCCESS,TXN00012285,USR54413,MCH2481,UTR2883161814,0,0,0,0,0,0,0
TXN00006332,2026-03-04 13:24:48,USR44452,MCH9059,0.1793236,UTR3535071653,4110,SUCCESS,TXN00006332,USR44452,MCH9059,UTR3535071653,0,0,0,0,0,0,0
TXN00013132,2026-03-22 22:37:23,USR15211,MCH9805,4570.0,UTR1177951013,1310,SUCCESS,TXN00013132,USR15211,MCH9805,UTR1177951013,0,0,0,0,0,0,0
TXN00007946,2026-02-02 18:10:18,USR96446,MCH6800,0.353031,UTR3746928938,,FAILED,TXN00007946,USR96446,MCH6800,UTR3746928938,0,0,1,0,0,1,0
TXN00003648,2026-03-20 14:13:15,USR21925,MCH2922,10755.33,UTR9992140389,0110,SUCCESS,TXN00003648,USR21925,MCH2922,UTR9992140389,0,0,0,0,0,0,0
TXN00001826,2026-02-22 10:44:23,USR64044,MCH3082,13262.25,UTR5228524305,1310,SUCCESS,TXN00001826,USR64044,MCH3082,UTR5228524305,0,0,0,0,0,0,0
TXN00011968,2026-03-31 22:53:41,USR33039,MCH7459,0.250979,UTR3650337424,4110,FAILED,TXN00011968,USR33039,MCH7459,UTR3650337424,0,0,0,0,0,1,0
TXN00005304,2026-02-16 12:13:22,USR29655,MCH6109,22333.68,UTR3325768156,1310,SUCCESS,TXN00005304,USR29655,MCH6109,UTR3325768156,0,0,0,0,0,0,0
TXN00017515,2026-03-18 01:14:03,USR25769,MCH8845,16746.95,UTR2912334326,9120,SUCCESS,TXN00017515,USR25769,MCH8845,UTR2912334326,0,0,0,0,0,0,0
TXN00003329,2026-01-05 22:17:31,USR63230,MCH8504,3516.71,UTR4814631406,4110,SUCCESS,TXN00003329,USR63230,MCH8504,UTR4814631406,0,0,0,0,0,0,0
TXN00011609,2026-03-08 19:08:09,USR86459,MCH4675,0.8445,UTR6769638516,0110,SUCCESS,TXN00011609,USR86459,MCH4675,UTR6769638516,0,0,0,0,0,0,0
TXN00012114,2026-01-19 09:14:53,USR90276,MCH6297,20503.28,UTR1920177608,4110,SUCCESS,TXN00012114,USR90276,MCH6297,UTR1920177608,0,0,0,0,0,0,0
TXN00002575,2026-01-14 11:24:37,USR53992,MCH6568,5658.46,UTR4499714629,9120,SUCCESS,TXN00002575,USR53992,MCH6568,UTR4499714629,0,0,0,0,0,0,0
TXN00009409,2026-02-07 19:45:18,USR40030,MCH8407,0.497872,UTR2011810231,4110,SUCCESS,TXN00009409,USR40030,MCH8407,UTR 2011810231,0,0,0,0,0,0,0
TXN00005056,2026-07-01 16:36:36,USR74166,MCH2568,16461.1,UTR1842152884,0110,SUCCESS,TXN00005056,USR74166,MCH2568,UTR1842152884,0,0,0,0,0,0,0
TXN00013543,2026-02-09 12:05:22,USR50365,MCH5320,1326.31,UTR3297765996,8120,SUCCESS,TXN00013543,USR50365,MCH5320,UTR3297765996,0,0,0,0,0,0,0
TXN00012858,2026-02-12 03:27:42,USR83434,MCH5929,15616.71,UTR8897503482,4110,SUCCESS,TXN00012858,USR83434,MCH5929,UTR8897503482,0,0,0,0,0,0,0
TXN00012773,2026-01-17 05:14:45,USR32497,MCH7466,4471.54,,0110,SUCCESS,TXN00012773,USR32497,MCH7466,,0,1,0,0,0,0,0
TXN00000283,2026-02-12 12:50:49,USR71906,MCH3796,9395.82,UTR4299986467,0110,SUCCESS,TXN00000283,USR71906,MCH3796,UTR4299986467,0,0,0,0,0,0,0
TXN00003339,2026-02-02 01:38:23,USR48769,MCH7943,14932.91,UTR3792520693,0110,SUCCESS,TXN00003339,USR48769,MCH7943,UTR3792520693,0,0,0,0,0,0,0
TXN00012609,2026-01-29 05:33:13,USR55123,MCH7036,21657.18,UTR9824718979,0110,SUCCESS,TXN00012609,USR55123,MCH7036,UTR9824718979,0,0,0,0,0,0,0
TXN00005937,2026-03-16 12:34:26,USR72146,MCH8584,17121.28,UTR4493741362,,SUCCESS,TXN00005937,USR72146,MCH8584,UTR4493741362,0,0,1,0,0,0,0
TXN00006822,2026-02-26 16:47:10,USR24773,MCH2314,13013.0,UTR8366471862,0110,SUCCESS,TXN00006822,USR24773,MCH2314,UTR8366471862,0,0,0,0,0,0,0
TXN00000717,2026-03-06 13:23:52,USR71631,MCH5205,20767.0,UTR7888568044,4110,SUCCESS,TXN00000717,USR71631,MCH5205,UTR7888568044,0,0,0,0,0,0,0
TXN00005036,2026-10-02 09:56:53,USR68961,MCH5997,9500.0,UTR6926654245,9120,SUCCESS,TXN00005036,USR68961,MCH5997,UTR6926654245,0,0,0,0,0,0,0
TXN00008510,2026-12-03 11:23:39,USR94399,MCH2835,7205.47,UTR4641757996,1310,SUCCESS,TXN00008510,USR94399,MCH2835,UTR4641757996,0,0,0,0,0,0,0
TXN00004883,2026-01-07 13:21:44,USR10400,MCH2258,20025.46,UTR2497677446,8120,SUCCESS,TXN00004883,USR10400,MCH2258,UTR2497677446,0,0,0,0,0,0,0
TXN00013651,2026-02-07 00:00:00,USR14121,MCH5212,11242.55,UTR5332318621,0110,SUCCESS,TXN00013651,USR14121,MCH5212,UTR 5332318621,0,0,0,0,0,0,0
TXN00000248,2026-01-24 09:16:17,USR21848,MCH2709,-24166.7,UTR2889291108,1310,SUCCESS,TXN00000248,USR21848,MCH2709,UTR 2889291108,1,0,0,0,0,0,0
TXN00012408,2026-03-03 05:36:19,USR82083,MCH3013,5439.26,UTR9678978522,0110,SUCCESS,TXN00012408,USR82083,MCH3013,UTR9678978522,0,0,0,0,0,0,0
TXN00011187,2026-01-02 06:03:13,USR54990,MCH5197,2275.65,UTR4265768530,4110,SUCCESS,TXN00011187,USR54990,MCH5197,UTR 4265768530,0,0,0,0,0,0,0
TXN00018451,2026-03-17 04:26:57,USR91100,MCH8117,3938.0,UTR9000748218,4110,SUCCESS,TXN00018451,USR91100,MCH8117,UTR9000748218,0,0,0,0,0,0,0
TXN00006431,2026-07-01 03:35:01,USR53370,MCH7589,18039.01,,8120,SUCCESS,TXN00006431,USR53370,MCH7589,,0,1,0,0,0,0,0
TXN00000430,2026-08-01 18:40:23,USR49017,MCH8962,2935.5,UTR0742833488,1310,SUCCESS,TXN00000430,USR49017,MCH8962,UTR0742833488,0,0,0,0,0,0,0
TXN00013588,2026-01-03 16:56:53,USR45593,MCH7912,4251.14,UTR9767190631,4110,PENDING,TXN00013588,USR45593,MCH7912,UTR9767190631,0,0,0,0,0,0,1
TXN00008435,2026-03-14 00:00:00,USR20922,MCH8094,24037.88,UTR8970715735,1310,SUCCESS,TXN00008435,USR20922,MCH8094,UTR8970715735,0,0,0,0,0,0,0
TXN00003361,2026-03-04 17:03:04,USR66167,MCH2893,19908.07,UTR5956939053,,SUCCESS,TXN00003361,USR66167,MCH2893,UTR5956939053,0,0,1,0,0,0,0
TXN00013201,2026-01-18 10:49:56,USR85031,MCH4177,130.0,UTR6015172658,,SUCCESS,TXN00013201,USR85031,MCH4177,UTR 6015172658,0,0,1,0,0,0,0
TXN00011340,2026-03-31 17:37:00,USR76734,MCH2705,10094.0,UTR7676856988,4110,SUCCESS,TXN00011340,USR76734,MCH2705,UTR7676856988,0,0,0,0,0,0,0
TXN00014128,2026-01-03 06:09:09,USR61432,MCH2172,2857.91,UTR7371072963,1310,SUCCESS,TXN00014128,USR61432,MCH2172,UTR7371072963,0,0,0,0,0,0,0
TXN00018011,2026-01-30 16:36:56,USR13261,MCH1276,16595.74,UTR6759463664,4110,SUCCESS,TXN00018011,USR13261,MCH1276,UTR 6759463664,0,0,0,0,0,0,0
TXN00016368,2026-03-31 15:29:26,USR96755,MCH9545,6366.0,UTR4143106221,9120,SUCCESS,TXN00016368,USR96755,MCH9545,UTR 4143106221,0,0,0,0,0,0,0
TXN00016207,2026-01-22 10:07:34,USR45865,MCH8027,23411.8,UTR2250281026,,SUCCESS,TXN00016207,USR45865,MCH8027,UTR2250281026,0,0,1,0,0,0,0
TXN00002120,2026-01-31 06:10:03,USR76633,MCH2281,0.2206159,UTR9493347474,,SUCCESS,TXN00002120,USR76633,MCH2281,UTR9493347474,0,0,1,0,0,0,0
TXN00004116,2026-01-19 04:39:16,USR68767,MCH3493,8530.55,UTR2673206244,4110,SUCCESS,TXN00004116,USR68767,MCH3493,UTR2673206244,0,0,0,0,0,0,0
TXN00014057,2026-03-21 19:04:32,USR77585,MCH8352,12303.59,UTR5798212134,8120,SUCCESS,TXN00014057,USR77585,MCH8352,UTR5798212134,0,0,0,0,0,0,0
TXN00008036,2026-02-16 05:31:15,USR87113,MCH3705,2483.23,UTR2965925377,9120,SUCCESS,TXN00008036,USR87113,MCH3705,UTR2965925377,0,0,0,0,0,0,0
TXN00002644,2026-03-26 19:00:35,USR72396,MCH5097,16107.29,,4110,SUCCESS,TXN00002644,USR72396,MCH5097,,0,1,0,0,0,0,0
TXN00004302,2026-02-02 04:40:34,USR99871,MCH1077,23490.0,UTR5262538418,0110,SUCCESS,TXN00004302,USR99871,MCH1077,UTR5262538418,0,0,0,0,0,0,0
TXN00002679,2026-03-09 12:22:27,USR76408,MCH7396,2796.69,UTR9483147988,0110,SUCCESS,TXN00002679,USR76408,MCH7396,UTR9483147988,0,0,0,0,0,0,0
TXN00011642,2026-02-17 09:57:29,USR57066,MCH3075,20529.88,UTR1056172013,1310,SUCCESS,TXN00011642,USR57066,MCH3075,UTR1056172013,0,0,0,0,0,0,0
TXN00010507,2026-01-06 02:13:57,USR61221,MCH7974,11330.42,UTR1948236412,0110,SUCCESS,TXN00010507,USR61221,MCH7974,UTR1948236412,0,0,0,0,0,0,0
TXN00015329,2026-02-13 05:12:02,USR87264,MCH2020,24406.02,,1310,SUCCESS,TXN00015329,USR87264,MCH2020,,0,1,0,0,0,0,0
TXN00019635,2026-01-10 00:51:03,USR46787,MCH9995,10180.24,UTR8661209544,1310,SUCCESS,TXN00019635,USR46787,MCH9995,UTR8661209544,0,0,0,0,0,0,0
TXN00016010,2026-01-21 09:24:47,USR40582,MCH9513,9505.0,UTR5531081030,8120,SUCCESS,TXN00016010,USR40582,MCH9513,UTR5531081030,0,0,0,0,0,0,0
TXN00007292,2026-03-26 05:55:58,USR51969,MCH6119,1959.07,UTR9358650105,9120,SUCCESS,TXN00007292,USR51969,MCH6119,UTR9358650105,0,0,0,0,0,0,0
TXN00003553,2026-01-06 09:38:26,USR97036,MCH1916,14521.67,UTR6853474756,8120,SUCCESS,TXN00003553,USR97036,MCH1916,UTR6853474756,0,0,0,0,0,0,0
TXN00001201,2026-03-26 17:35:03,USR43928,MCH1453,18959.0,UTR5019090795,4110,SUCCESS,TXN00001201,USR43928,MCH1453,UTR5019090795,0,0,0,0,0,0,0
TXN00000909,2026-03-19 15:49:40,USR19575,MCH1839,6492.99,UTR3731001983,9120,SUCCESS,TXN00000909,USR19575,MCH1839,UTR3731001983,0,0,0,0,0,0,0
TXN00012343,2026-03-19 11:49:02,USR57798,MCH8897,8536.64,UTR6885276157,4110,SUCCESS,TXN00012343,USR57798,MCH8897,UTR6885276157,0,0,0,0,0,0,0
TXN00001714,2026-03-04 18:04:58,USR56186,MCH9970,11500.41,,0110,SUCCESS,TXN00001714,USR56186,MCH9970,,0,1,0,0,0,0,0
TXN00004821,2026-01-25 01:23:02,USR43152,MCH9236,7111.77,UTR0947757430,4110,SUCCESS,TXN00004821,USR43152,MCH9236,UTR 0947757430,0,0,0,0,0,0,0
TXN00001973,2026-02-23 05:45:47,USR83023,MCH4044,0.683404,UTR5539165748,1310,PENDING,TXN00001973,USR83023,MCH4044,UTR5539165748,0,0,0,0,0,0,1
TXN00017707,2026-01-07 15:56:28,USR87245,MCH5768,-18396.15,,0110,SUCCESS,TXN00017707,USR87245,MCH5768,,1,1,0,0,0,0,0
TXN00003290,2026-01-12 19:59:14,USR78100,MCH3537,5094.78,,,SUCCESS,TXN00003290,USR78100,MCH3537,,0,1,1,0,0,0,0
TXN00012529,2026-02-03 01:12:28,USR15989,MCH9769,15406.3,UTR4718017259,9120,SUCCESS,TXN00012529,USR15989,MCH9769,UTR4718017259,0,0,0,0,0,0,0
TXN00007223,2026-01-14 15:05:14,USR32482,MCH3196,3297.82,UTR4853423262,9120,SUCCESS,TXN00007223,USR32482,MCH3196,UTR4853423262,0,0,0,0,0,0,0
TXN00000793,2026-03-28 16:02:53,USR48650,MCH8864,12652.16,UTR0651558078,4110,SUCCESS,TXN00000793,USR48650,MCH8864,UTR0651558078,0,0,0,0,0,0,0
TXN00018724,2026-01-08 14:47:33,USR76914,MCH9583,20166.0,UTR0134793025,4110,SUCCESS,TXN00018724,USR76914,MCH9583,UTR0134793025,0,0,0,0,0,0,0
TXN00018989,2026-01-03 11:30:05,USR96717,MCH6720,10754.19,UTR0759686258,4110,FAILED,TXN00018989,USR96717,MCH6720,UTR0759686258,0,0,0,0,0,1,0
TXN00004971,2026-01-27 02:15:59,USR34559,MCH9272,0.1188276,UTR8014412091,1310,SUCCESS,TXN00004971,USR34559,MCH9272,UTR 8014412091,0,0,0,0,0,0,0
TXN00002682,2026-01-18 16:44:18,USR38607,MCH5037,20888.65,UTR4997660069,,SUCCESS,TXN00002682,USR38607,MCH5037,UTR4997660069,0,0,1,0,0,0,0
TXN00014602,2026-03-01 00:53:23,USR70317,MCH7240,6346.21,UTR5905064227,9120,SUCCESS,TXN00014602,USR70317,MCH7240,UTR5905064227,0,0,0,0,0,0,0
TXN00015922,2026-01-15 10:33:24,USR63965,MCH6086,23204.02,UTR8693949193,9120,SUCCESS,TXN00015922,USR63965,MCH6086,UTR8693949193,0,0,0,0,0,0,0
TXN00019748,2026-12-01 19:03:48,USR56575,MCH2298,17731.33,UTR2923526545,8120,SUCCESS,TXN00019748,USR56575,MCH2298,UTR2923526545,0,0,0,0,0,0,0
TXN00018135,2026-03-24 01:14:34,USR93222,MCH2658,9178.72,UTR7157827635,1310,SUCCESS,TXN00018135,USR93222,MCH2658,UTR7157827635,0,0,0,0,0,0,0
TXN00006313,2026-01-02 05:42:29,USR39052,MCH3234,16771.48,UTR0591840062,4110,PENDING,TXN00006313,USR39052,MCH3234,UTR0591840062,0,0,0,0,0,0,1
TXN00002258,2026-01-15 08:08:32,USR30066,MCH4101,10766.38,UTR4986343501,9120,SUCCESS,TXN00002258,USR30066,MCH4101,UTR4986343501,0,0,0,0,0,0,0
TXN00003772,2026-02-28 17:40:51,USR24605,MCH1635,0.225613,UTR3227338951,1310,SUCCESS,TXN00003772,USR24605,MCH1635,UTR 3227338951,0,0,0,0,0,0,0
TXN00002703,2026-02-15 23:06:05,USR98347,MCH2718,3147.5,UTR1552622500,8120,SUCCESS,TXN00002703,USR98347,MCH2718,UTR1552622500,0,0,0,0,0,0,0
TXN00003826,2026-03-19 22:41:53,USR60685,MCH1646,2126.36,UTR2255979881,4110,SUCCESS,TXN00003826,USR60685,MCH1646,UTR2255979881,0,0,0,0,0,0,0
TXN00017440,2026-02-04 17:36:18,USR43429,MCH3835,23352.58,UTR6232847152,8120,SUCCESS,TXN00017440,USR43429,MCH3835,UTR6232847152,0,0,0,0,0,0,0
TXN00005713,2026-03-15 12:22:39,USR91759,MCH2431,11328.0,UTR2366991893,8120,SUCCESS,TXN00005713,USR91759,MCH2431,UTR 2366991893,0,0,0,0,0,0,0
TXN00010059,2026-01-25 18:59:40,USR73534,MCH9118,13173.95,UTR7304833963,4110,SUCCESS,TXN00010059,USR73534,MCH9118,UTR7304833963,0,0,0,0,0,0,0
TXN00004188,2026-02-01 23:53:16,USR54923,MCH2839,14466.53,UTR7503701384,0110,SUCCESS,TXN00004188,USR54923,MCH2839,UTR7503701384,0,0,0,0,0,0,0
TXN00012434,2026-01-30 03:58:01,USR20008,MCH5155,14061.44,UTR6120807899,1310,SUCCESS,TXN00012434,USR20008,MCH5155,UTR6120807899,0,0,0,0,0,0,0
TXN00009114,2026-02-05 05:43:09,USR97516,MCH3002,11531.23,UTR5550388597,8120,SUCCESS,TXN00009114,USR97516,MCH3002,UTR5550388597,0,0,0,0,0,0,0
TXN00010651,2026-01-02 00:00:00,USR49992,MCH6705,23417.83,UTR3754945198,9120,SUCCESS,TXN00010651,USR49992,MCH6705,UTR3754945198,0,0,0,0,0,0,0
TXN00000339,2026-01-06 06:13:40,USR98509,MCH9476,11859.6,UTR9962025324,4110,SUCCESS,TXN00000339,USR98509,MCH9476,UTR9962025324,0,0,0,0,0,0,0
TXN00012282,2026-01-21 14:55:08,USR80185,MCH5922,0.2474679,UTR5419227324,8120,SUCCESS,TXN00012282,USR80185,MCH5922,UTR5419227324,0,0,0,0,0,0,0
TXN00015006,2026-03-29 21:16:31,USR15927,MCH7381,5491.01,UTR7174847131,0110,SUCCESS,TXN00015006,USR15927,MCH7381,UTR7174847131,0,0,0,0,0,0,0
TXN00010234,2026-02-04 20:20:25,USR80557,MCH3847,11849.27,UTR3356781892,1310,SUCCESS,TXN00010234,USR80557,MCH3847,UTR3356781892,0,0,0,0,0,0,0
TXN00011649,2026-02-18 19:32:08,USR27224,MCH7506,423.26,UTR0843629714,4110,SUCCESS,TXN00011649,USR27224,MCH7506,UTR0843629714,0,0,0,0,0,0,0
TXN00008598,2026-03-12 22:51:45,USR59147,MCH9101,8700.77,UTR8949242892,4110,SUCCESS,TXN00008598,USR59147,MCH9101,UTR8949242892,0,0,0,0,0,0,0
TXN00013481,2026-02-28 20:08:42,USR62403,MCH6349,17370.0,UTR5735316288,9120,SUCCESS,TXN00013481,USR62403,MCH6349,UTR5735316288,0,0,0,0,0,0,0
TXN00003709,2026-03-13 09:10:06,USR42195,MCH6972,7047.58,,9120,SUCCESS,TXN00003709,USR42195,MCH6972,,0,1,0,0,0,0,0
TXN00009433,2026-02-20 23:34:21,USR96094,MCH4521,17531.52,UTR4039731692,9120,SUCCESS,TXN00009433,USR96094,MCH4521,UTR4039731692,0,0,0,0,0,0,0
TXN00010531,2026-01-23 08:05:10,USR88950,MCH9329,0.1871242,,,SUCCESS,TXN00010531,USR88950,MCH9329,,0,1,1,0,0,0,0
TXN00004455,2026-01-18 18:31:28,USR99175,MCH4180,21661.92,UTR8826235853,4110,SUCCESS,TXN00004455,USR99175,MCH4180,UTR8826235853,0,0,0,0,0,0,0
TXN00019979,2026-03-01 21:39:14,USR82941,MCH5317,2259.3,UTR9933623865,0110,PENDING,TXN00019979,USR82941,MCH5317,UTR9933623865,0,0,0,0,0,0,1
TXN00016113,2026-02-27 11:43:21,USR25443,MCH1200,8454.16,UTR2168559249,8120,SUCCESS,TXN00016113,USR25443,MCH1200,UTR2168559249,0,0,0,0,0,0,0
TXN00000171,2026-01-05 13:47:20,USR25112,MCH3563,16942.33,UTR8394817827,1310,PENDING,TXN00000171,USR25112,MCH3563,UTR8394817827,0,0,0,0,0,0,1
TXN00019360,2026-01-14 06:56:27,USR66968,MCH4929,2212.98,UTR3785839359,9120,SUCCESS,TXN00019360,USR66968,MCH4929,UTR 3785839359,0,0,0,0,0,0,0
TXN00011674,2026-02-09 00:00:00,USR26633,MCH2096,22638.18,UTR8300716958,4110,SUCCESS,TXN00011674,USR26633,MCH2096,UTR8300716958,0,0,0,0,0,0,0
TXN00016186,2026-02-22 04:12:23,USR62606,MCH2609,17097.0,UTR6303182914,1310,SUCCESS,TXN00016186,USR62606,MCH2609,UTR 6303182914,0,0,0,0,0,0,0
TXN00018369,2026-01-10 08:57:19,USR78332,MCH7852,8355.5,UTR4381342640,0110,SUCCESS,TXN00018369,USR78332,MCH7852,UTR4381342640,0,0,0,0,0,0,0
TXN00017343,2026-05-02 10:15:24,USR23478,MCH5183,19810.85,UTR4258761588,8120,SUCCESS,TXN00017343,USR23478,MCH5183,UTR4258761588,0,0,0,0,0,0,0
TXN00009712,2026-09-01 18:57:25,USR98607,MCH4423,0.2149304,UTR2582334588,,SUCCESS,TXN00009712,USR98607,MCH4423,UTR2582334588,0,0,1,0,0,0,0
TXN00001830,2026-03-12 13:05:55,USR62378,MCH5512,0.732762,UTR4704607710,9120,SUCCESS,TXN00001830,USR62378,MCH5512,UTR4704607710,0,0,0,0,0,0,0
TXN00011101,2026-03-30 00:00:00,USR42212,MCH1745,6820.97,UTR9567716043,4110,SUCCESS,TXN00011101,USR42212,MCH1745,UTR9567716043,0,0,0,0,0,0,0
TXN00005395,2026-01-19 06:36:58,USR12714,MCH1061,17953.17,UTR0707381982,0110,SUCCESS,TXN00005395,USR12714,MCH1061,UTR0707381982,0,0,0,0,0,0,0
TXN00006125,2026-03-11 11:37:42,USR78529,MCH4233,20058.82,UTR7588389290,4110,SUCCESS,TXN00006125,USR78529,MCH4233,UTR7588389290,0,0,0,0,0,0,0
TXN00019296,2026-01-29 15:15:49,USR44191,MCH6154,3786.84,UTR8551193844,,SUCCESS,TXN00019296,USR44191,MCH6154,UTR8551193844,0,0,1,0,0,0,0
TXN00017353,2026-03-09 03:32:55,USR24787,MCH9986,16399.3,UTR5202456307,9120,SUCCESS,TXN00017353,USR24787,MCH9986,UTR5202456307,0,0,0,0,0,0,0
TXN00009495,2026-03-14 09:16:06,USR21770,MCH4469,16180.28,UTR3625634120,,SUCCESS,TXN00009495,USR21770,MCH4469,UTR3625634120,0,0,1,0,0,0,0
TXN00016342,2026-04-02 07:16:18,USR90565,MCH1106,18296.98,UTR1614263950,0110,SUCCESS,TXN00016342,USR90565,MCH1106,UTR1614263950,0,0,0,0,0,0,0
TXN00016709,2026-01-16 15:40:36,USR41508,MCH1902,15152.69,UTR6092353043,,SUCCESS,TXN00016709,USR41508,MCH1902,UTR6092353043,0,0,1,0,0,0,0
TXN00002346,2026-03-23 07:13:48,USR66588,MCH9334,16717.63,UTR8002444246,,SUCCESS,TXN00002346,USR66588,MCH9334,UTR8002444246,0,0,1,0,0,0,0
TXN00011715,2026-03-16 02:56:57,USR35871,MCH8253,5161.59,UTR0457707154,1310,SUCCESS,TXN00011715,USR35871,MCH8253,UTR0457707154,0,0,0,0,0,0,0
TXN00005152,2026-01-26 08:09:10,USR44108,MCH4968,5052.86,UTR2487439234,,SUCCESS,TXN00005152,USR44108,MCH4968,UTR2487439234,0,0,1,0,0,0,0
TXN00011691,2026-02-16 03:27:20,USR83071,MCH2461,6997.06,UTR2153599227,1310,SUCCESS,TXN00011691,USR83071,MCH2461,UTR2153599227,0,0,0,0,0,0,0
TXN00012895,2026-03-01 06:20:15,USR88793,MCH2058,0.938227,UTR9644538126,4110,SUCCESS,TXN00012895,USR88793,MCH2058,UTR9644538126,0,0,0,0,0,0,0
TXN00009921,2026-02-28 00:35:38,USR38765,MCH2094,6953.04,UTR4459871445,,SUCCESS,TXN00009921,USR38765,MCH2094,UTR4459871445,0,0,1,0,0,0,0
TXN00013350,2026-03-23 19:01:27,USR98075,MCH9946,12547.56,UTR2311978996,8120,SUCCESS,TXN00013350,USR98075,MCH9946,UTR2311978996,0,0,0,0,0,0,0
TXN00002704,2026-01-25 14:15:49,USR68449,MCH9947,433.52,UTR3102054578,0110,PENDING,TXN00002704,USR68449,MCH9947,UTR3102054578,0,0,0,0,0,0,1
TXN00003853,2026-02-02 00:38:30,USR60842,MCH4389,15323.77,UTR1693912293,,SUCCESS,TXN00003853,USR60842,MCH4389,UTR1693912293,0,0,1,0,0,0,0
TXN00007807,2026-02-14 16:02:31,USR82756,MCH9682,17989.3,UTR7518725624,8120,SUCCESS,TXN00007807,USR82756,MCH9682,UTR7518725624,0,0,0,0,0,0,0
TXN00010405,2026-03-03 09:07:12,USR41990,MCH5194,0.243247,UTR7368324991,0110,FAILED,TXN00010405,USR41990,MCH5194,UTR7368324991,0,0,0,0,0,1,0
TXN00003974,2026-10-01 01:52:19,USR32517,MCH3328,17738.88,UTR1782471885,1310,SUCCESS,TXN00003974,USR32517,MCH3328,UTR1782471885,0,0,0,0,0,0,0
TXN00011435,2026-02-27 18:21:33,USR23068,MCH3603,20439.28,UTR3221809524,9120,SUCCESS,TXN00011435,USR23068,MCH3603,UTR3221809524,0,0,0,0,0,0,0
TXN00012226,2026-02-17 16:45:11,USR47341,MCH4389,12142.54,UTR6097626936,1310,SUCCESS,TXN00012226,USR47341,MCH4389,UTR6097626936,0,0,0,0,0,0,0
TXN00014980,2026-03-20 00:00:00,USR63285,MCH4080,0.1853026,UTR2288412888,4110,PENDING,TXN00014980,USR63285,MCH4080,UTR2288412888,0,0,0,0,0,0,1
TXN00017815,2026-03-13 06:04:10,USR62183,MCH5070,15177.57,UTR0908096146,4110,SUCCESS,TXN00017815,USR62183,MCH5070,UTR0908096146,0,0,0,0,0,0,0
TXN00001422,2026-01-28 23:09:23,USR44960,MCH4473,12685.8,UTR1849643468,8120,SUCCESS,TXN00001422,USR44960,MCH4473,UTR1849643468,0,0,0,0,0,0,0
TXN00002597,2026-01-24 01:44:30,USR13015,MCH2350,6792.52,UTR0513411280,8120,FAILED,TXN00002597,USR13015,MCH2350,UTR0513411280,0,0,0,0,0,1,0
TXN00016844,2026-01-29 05:17:17,USR89193,MCH1834,18626.68,UTR0415491444,8120,SUCCESS,TXN00016844,USR89193,MCH1834,UTR0415491444,0,0,0,0,0,0,0
TXN00008705,2026-02-01 03:22:28,USR20189,MCH3085,6573.21,UTR2880592614,0110,SUCCESS,TXN00008705,USR20189,MCH3085,UTR2880592614,0,0,0,0,0,0,0
TXN00009031,2026-02-14 08:39:18,USR57951,MCH1789,8712.28,UTR0894686988,0110,SUCCESS,TXN00009031,USR57951,MCH1789,UTR 0894686988,0,0,0,0,0,0,0
TXN00019927,2026-01-24 09:02:29,USR56640,MCH9081,0.2382097,UTR7967742731,4110,SUCCESS,TXN00019927,USR56640,MCH9081,UTR7967742731,0,0,0,0,0,0,0
TXN00012353,2026-01-18 06:47:42,USR19528,MCH7777,6324.46,UTR5102538073,1310,SUCCESS,TXN00012353,USR19528,MCH7777,UTR5102538073,0,0,0,0,0,0,0
TXN00011881,2026-02-21 19:04:30,USR12101,MCH1248,12270.34,UTR2643414807,8120,SUCCESS,TXN00011881,USR12101,MCH1248,UTR2643414807,0,0,0,0,0,0,0
TXN00018657,2026-01-02 10:42:58,USR13310,MCH9223,20981.0,,1310,SUCCESS,TXN00018657,USR13310,MCH9223,,0,1,0,0,0,0,0
TXN00018001,2026-01-02 12:19:58,USR65505,MCH7202,16145.81,UTR7998604431,8120,SUCCESS,TXN00018001,USR65505,MCH7202,UTR7998604431,0,0,0,0,0,0,0
TXN00004073,2026-02-13 17:51:28,USR64499,MCH2247,14860.1,,4110,SUCCESS,TXN00004073,USR64499,MCH2247,,0,1,0,0,0,0,0
TXN00014696,2026-01-07 23:37:53,USR62222,MCH2267,0.756957,UTR5661683546,,SUCCESS,TXN00014696,USR62222,MCH2267,UTR 5661683546,0,0,1,0,0,0,0
TXN00000041,2026-03-20 05:41:41,USR93555,MCH7240,3059.74,UTR0467867918,,SUCCESS,TXN00000041,USR93555,MCH7240,UTR0467867918,0,0,1,0,0,0,0
TXN00009136,2026-01-15 13:44:03,USR23664,MCH7163,13810.03,UTR2130891070,,SUCCESS,TXN00009136,USR23664,MCH7163,UTR 2130891070,0,0,1,0,0,0,0
TXN00010580,2026-01-17 14:55:40,USR76723,MCH4295,20595.0,UTR9627755689,9120,SUCCESS,TXN00010580,USR76723,MCH4295,UTR9627755689,0,0,0,0,0,0,0
TXN00009944,2026-01-13 07:30:54,USR32748,MCH9261,16536.84,UTR3460983293,0110,SUCCESS,TXN00009944,USR32748,MCH9261,UTR3460983293,0,0,0,0,0,0,0
TXN00007776,2026-03-26 08:22:41,USR54373,MCH5338,653.3,UTR3666280517,1310,SUCCESS,TXN00007776,USR54373,MCH5338,UTR3666280517,0,0,0,0,0,0,0
TXN00008550,2026-02-23 18:07:43,USR32840,MCH4957,2401.3,UTR4181041424,0110,SUCCESS,TXN00008550,USR32840,MCH4957,UTR4181041424,0,0,0,0,0,0,0
TXN00015407,2026-03-19 17:19:49,USR16737,MCH5514,18349.69,UTR9348726171,,SUCCESS,TXN00015407,USR16737,MCH5514,UTR9348726171,0,0,1,0,0,0,0
TXN00008037,2026-02-15 08:38:22,USR59701,MCH2109,6791.82,UTR4505709569,8120,SUCCESS,TXN00008037,USR59701,MCH2109,UTR4505709569,0,0,0,0,0,0,0
TXN00000999,2026-02-28 22:59:21,USR30263,MCH7572,23756.43,UTR8298139491,4110,SUCCESS,TXN00000999,USR30263,MCH7572,UTR8298139491,0,0,0,0,0,0,0
TXN00001860,2026-01-19 10:17:09,USR94536,MCH8569,18214.98,UTR9389696716,1310,SUCCESS,TXN00001860,USR94536,MCH8569,UTR9389696716,0,0,0,0,0,0,0
TXN00017510,2026-02-25 23:08:29,USR68593,MCH6584,21317.28,UTR6680913172,8120,SUCCESS,TXN00017510,USR68593,MCH6584,UTR6680913172,0,0,0,0,0,0,0
TXN00019228,2026-01-05 01:42:51,USR93047,MCH5202,12371.76,UTR0388390092,4110,SUCCESS,TXN00019228,USR93047,MCH5202,UTR0388390092,0,0,0,0,0,0,0
TXN00009101,2026-03-04 23:17:33,USR69401,MCH4970,14414.37,UTR5843689676,1310,SUCCESS,TXN00009101,USR69401,MCH4970,UTR5843689676,0,0,0,0,0,0,0
TXN00011237,2026-02-12 21:47:23,USR42256,MCH1298,13232.29,UTR1024685112,0110,SUCCESS,TXN00011237,USR42256,MCH1298,UTR1024685112,0,0,0,0,0,0,0
TXN00003081,2026-01-28 07:36:28,USR89084,MCH1173,18416.02,UTR3475435974,,SUCCESS,TXN00003081,USR89084,MCH1173,UTR3475435974,0,0,1,0,0,0,0
TXN00011504,2026-01-29 12:03:04,USR95563,MCH2810,8529.5,UTR1251288815,9120,SUCCESS,TXN00011504,USR95563,MCH2810,UTR1251288815,0,0,0,0,0,0,0
TXN00000886,2026-03-16 17:45:14,USR89840,MCH1707,4471.83,UTR1185761789,,SUCCESS,TXN00000886,USR89840,MCH1707,UTR1185761789,0,0,1,0,0,0,0
TXN00016123,2026-02-20 23:30:33,USR34109,MCH2894,5911.94,UTR9202438062,4110,PENDING,TXN00016123,USR34109,MCH2894,UTR9202438062,0,0,0,0,0,0,1
TXN00000800,2026-02-11 06:39:44,USR43725,MCH3000,23063.26,UTR8616603439,4110,SUCCESS,TXN00000800,USR43725,MCH3000,UTR8616603439,0,0,0,0,0,0,0
TXN00007942,2026-03-26 07:11:13,USR23527,MCH5301,16028.74,UTR3510849873,8120,SUCCESS,TXN00007942,USR23527,MCH5301,UTR 3510849873,0,0,0,0,0,0,0
TXN00013743,2026-02-24 07:36:46,USR28691,MCH5372,16423.99,UTR1613978741,9120,SUCCESS,TXN00013743,USR28691,MCH5372,UTR1613978741,0,0,0,0,0,0,0
TXN00009816,2026-02-12 00:00:00,USR39004,MCH6369,17422.92,UTR3980395127,0110,SUCCESS,TXN00009816,USR39004,MCH6369,UTR 3980395127,0,0,0,0,0,0,0
TXN00003643,2026-03-26 23:22:58,USR96639,MCH1773,0.1170705,UTR4757239541,4110,SUCCESS,TXN00003643,USR96639,MCH1773,UTR4757239541,0,0,0,0,0,0,0
TXN00000933,2026-01-03 14:50:10,USR93221,MCH4329,24610.21,UTR5869354775,0110,SUCCESS,TXN00000933,USR93221,MCH4329,UTR5869354775,0,0,0,0,0,0,0
TXN00005087,2026-02-23 01:34:31,USR35671,MCH3088,19220.99,UTR0381717196,4110,FAILED,TXN00005087,USR35671,MCH3088,UTR0381717196,0,0,0,0,0,1,0
TXN00015741,2026-03-13 15:43:28,USR44172,MCH6343,10097.8,UTR7533764363,4110,SUCCESS,TXN00015741,USR44172,MCH6343,UTR7533764363,0,0,0,0,0,0,0
TXN00003450,2026-01-25 01:59:29,USR36099,MCH9366,1343.17,UTR0080699948,,SUCCESS,TXN00003450,USR36099,MCH9366,UTR0080699948,0,0,1,0,0,0,0
TXN00019032,2026-01-05 00:00:00,USR33626,MCH8540,13876.81,UTR7093038026,4110,SUCCESS,TXN00019032,USR33626,MCH8540,UTR7093038026,0,0,0,0,0,0,0
TXN00014674,2026-03-24 22:03:45,USR10495,MCH2698,19795.4,UTR5684868993,9120,SUCCESS,TXN00014674,USR10495,MCH2698,UTR5684868993,0,0,0,0,0,0,0
TXN00010069,2026-03-07 05:37:00,USR91189,MCH8996,12594.39,UTR3806233745,8120,SUCCESS,TXN00010069,USR91189,MCH8996,UTR3806233745,0,0,0,0,0,0,0
TXN00001680,2026-03-17 00:00:00,USR57277,MCH5975,17376.83,UTR3991666407,9120,SUCCESS,TXN00001680,USR57277,MCH5975,UTR3991666407,0,0,0,0,0,0,0
TXN00003683,2026-01-23 17:38:09,USR90354,MCH8549,0.1932156,UTR4239239879,,SUCCESS,TXN00003683,USR90354,MCH8549,UTR4239239879,0,0,1,0,0,0,0
TXN00006928,2026-02-22 05:34:19,USR26136,MCH7234,16232.36,UTR8773577693,8120,SUCCESS,TXN00006928,USR26136,MCH7234,UTR8773577693,0,0,0,0,0,0,0
TXN00012551,2026-01-03 14:29:03,USR28135,MCH4641,12165.78,UTR4994027333,4110,SUCCESS,TXN00012551,USR28135,MCH4641,UTR4994027333,0,0,0,0,0,0,0
TXN00000331,2026-03-05 23:32:27,USR60340,MCH4375,8905.76,UTR9214823764,1310,SUCCESS,TXN00000331,USR60340,MCH4375,UTR 9214823764,0,0,0,0,0,0,0
TXN00001779,2026-03-07 06:40:03,USR88377,MCH2634,6374.22,UTR0515960602,4110,SUCCESS,TXN00001779,USR88377,MCH2634,UTR0515960602,0,0,0,0,0,0,0
TXN00014350,2026-01-07 15:00:14,USR44862,MCH5451,9103.37,UTR0525463524,,SUCCESS,TXN00014350,USR44862,MCH5451,UTR0525463524,0,0,1,0,0,0,0
TXN00009425,2026-02-18 06:13:14,USR17514,MCH4862,23727.5,,8120,SUCCESS,TXN00009425,USR17514,MCH4862,,0,1,0,0,0,0,0
TXN00000787,2026-02-08 00:00:00,USR84401,MCH7688,0.1458896,UTR7299916711,4110,SUCCESS,TXN00000787,USR84401,MCH7688,UTR7299916711,0,0,0,0,0,0,0
TXN00003422,2026-01-19 01:52:31,USR68252,MCH9796,-15597.34,UTR8543657914,,SUCCESS,TXN00003422,USR68252,MCH9796,UTR8543657914,1,0,1,0,0,0,0
TXN00010858,2026-03-29 05:08:54,USR79349,MCH6214,3369.0,UTR8631085489,4110,SUCCESS,TXN00010858,USR79349,MCH6214,UTR8631085489,0,0,0,0,0,0,0
TXN00013324,2026-01-24 19:16:03,USR10421,MCH3852,11190.02,UTR6731273807,4110,SUCCESS,TXN00013324,USR10421,MCH3852,UTR6731273807,0,0,0,0,0,0,0
TXN00000003,2026-01-03 10:16:45,USR11703,MCH1469,18302.53,UTR4382085366,4110,SUCCESS,TXN00000003,USR11703,MCH1469,UTR4382085366,0,0,0,0,0,0,0
TXN00003594,2026-03-12 19:22:03,USR61219,MCH7903,14487.07,UTR9334788884,1310,SUCCESS,TXN00003594,USR61219,MCH7903,UTR 9334788884,0,0,0,0,0,0,0
TXN00006943,2026-01-20 23:02:06,USR21190,MCH9533,16828.47,UTR0876631459,0110,SUCCESS,TXN00006943,USR21190,MCH9533,UTR0876631459,0,0,0,0,0,0,0
TXN00008195,2026-03-17 07:24:08,USR44646,MCH7975,0.945114,UTR8308850573,0110,SUCCESS,TXN00008195,USR44646,MCH7975,UTR8308850573,0,0,0,0,0,0,0
TXN00018104,2026-02-11 12:32:29,USR13116,MCH1875,1052.7,UTR0667177771,4110,SUCCESS,TXN00018104,USR13116,MCH1875,UTR0667177771,0,0,0,0,0,0,0
TXN00011953,2026-03-20 20:40:28,USR44668,MCH8711,1241.81,UTR7715052271,0110,SUCCESS,TXN00011953,USR44668,MCH8711,UTR7715052271,0,0,0,0,0,0,0
TXN00006239,2026-02-21 22:01:09,USR99435,MCH3213,21671.87,UTR4656241715,,SUCCESS,TXN00006239,USR99435,MCH3213,UTR4656241715,0,0,1,0,0,0,0
TXN00018678,2026-02-28 20:22:15,USR49574,MCH2587,23676.0,UTR9494630567,9120,SUCCESS,TXN00018678,USR49574,MCH2587,UTR9494630567,0,0,0,0,0,0,0
TXN00000068,2026-01-08 00:00:00,USR29334,MCH6394,20056.9,UTR9824229775,0110,SUCCESS,TXN00000068,USR29334,MCH6394,UTR9824229775,0,0,0,0,0,0,0
TXN00002744,2026-02-28 11:49:04,USR64997,MCH9444,3528.67,UTR3607073015,4110,SUCCESS,TXN00002744,USR64997,MCH9444,UTR3607073015,0,0,0,0,0,0,0
TXN00013979,2026-01-23 08:21:09,USR62517,MCH9478,240.05,UTR1041659014,1310,SUCCESS,TXN00013979,USR62517,MCH9478,UTR1041659014,0,0,0,0,0,0,0
TXN00004621,2026-01-15 04:46:18,USR62751,MCH4733,21432.2,UTR1413795440,4110,SUCCESS,TXN00004621,USR62751,MCH4733,UTR1413795440,0,0,0,0,0,0,0
TXN00006593,2026-01-19 12:04:50,USR30284,MCH5990,9606.64,UTR8174889239,4110,SUCCESS,TXN00006593,USR30284,MCH5990,UTR8174889239,0,0,0,0,0,0,0
TXN00017402,2026-01-31 22:44:17,USR60842,MCH8420,18836.9,UTR4264608717,,SUCCESS,TXN00017402,USR60842,MCH8420,UTR4264608717,0,0,1,0,0,0,0
TXN00007902,2026-01-26 05:18:21,USR86850,MCH8112,5536.48,UTR8258319327,1310,SUCCESS,TXN00007902,USR86850,MCH8112,UTR8258319327,0,0,0,0,0,0,0
TXN00016328,2026-01-10 22:59:46,USR74337,MCH4610,172.14,UTR1818973389,1310,PENDING,TXN00016328,USR74337,MCH4610,UTR1818973389,0,0,0,0,0,0,1
TXN00003854,2026-01-23 07:58:56,USR67958,MCH2541,23462.67,UTR6638279139,4110,PENDING,TXN00003854,USR67958,MCH2541,UTR6638279139,0,0,0,0,0,0,1
TXN00015110,2026-03-13 21:40:45,USR57523,MCH3000,3685.28,UTR9887409001,9120,SUCCESS,TXN00015110,USR57523,MCH3000,UTR9887409001,0,0,0,0,0,0,0
TXN00017866,2026-03-21 12:14:12,USR48198,MCH6358,1560.51,UTR1180567726,8120,SUCCESS,TXN00017866,USR48198,MCH6358,UTR1180567726,0,0,0,0,0,0,0
TXN00008112,2026-03-11 09:55:34,USR90526,MCH9455,7637.31,UTR7392421002,,SUCCESS,TXN00008112,USR90526,MCH9455,UTR7392421002,0,0,1,0,0,0,0
TXN00014025,2026-02-02 09:42:43,USR96569,MCH4367,14642.0,UTR5291983373,4110,SUCCESS,TXN00014025,USR96569,MCH4367,UTR5291983373,0,0,0,0,0,0,0
TXN00007301,2026-03-27 15:17:19,USR49263,MCH7143,3234.62,UTR8394721394,8120,SUCCESS,TXN00007301,USR49263,MCH7143,UTR8394721394,0,0,0,0,0,0,0
TXN00009769,2026-02-04 21:06:02,USR66732,MCH5545,24650.84,UTR2032145225,0110,SUCCESS,TXN00009769,USR66732,MCH5545,UTR2032145225,0,0,0,0,0,0,0
TXN00018944,2026-01-23 18:52:59,USR18751,MCH9212,0.2355424,UTR5441845433,,FAILED,TXN00018944,USR18751,MCH9212,UTR5441845433,0,0,1,0,0,1,0
TXN00001639,2026-03-20 02:55:51,USR46158,MCH4636,24812.16,UTR3226898433,1310,FAILED,TXN00001639,USR46158,MCH4636,UTR3226898433,0,0,0,0,0,1,0
TXN00019266,2026-02-23 14:38:02,USR76670,MCH3520,22052.44,UTR8837378621,8120,SUCCESS,TXN00019266,USR76670,MCH3520,UTR8837378621,0,0,0,0,0,0,0
TXN00003026,2026-03-13 06:48:33,USR93142,MCH4563,9354.29,UTR5676365661,4110,SUCCESS,TXN00003026,USR93142,MCH4563,UTR5676365661,0,0,0,0,0,0,0
TXN00014482,2026-01-07 12:53:35,USR18893,MCH3317,14049.33,UTR7593200346,8120,SUCCESS,TXN00014482,USR18893,MCH3317,UTR7593200346,0,0,0,0,0,0,0
TXN00005675,2026-03-20 11:11:46,USR72506,MCH6158,23949.7,UTR6685194267,4110,SUCCESS,TXN00005675,USR72506,MCH6158,UTR6685194267,0,0,0,0,0,0,0
TXN00006121,2026-02-14 10:13:07,USR63075,MCH3417,1310.07,UTR3021222916,0110,SUCCESS,TXN00006121,USR63075,MCH3417,UTR3021222916,0,0,0,0,0,0,0
TXN00007545,2026-01-16 17:00:35,USR16461,MCH4659,4179.0,UTR5542703648,4110,SUCCESS,TXN00007545,USR16461,MCH4659,UTR5542703648,0,0,0,0,0,0,0
TXN00018366,2026-03-13 03:43:42,USR43916,MCH2396,4231.91,UTR6575071467,9120,SUCCESS,TXN00018366,USR43916,MCH2396,UTR 6575071467,0,0,0,0,0,0,0
TXN00004842,2026-02-28 22:14:31,USR85310,MCH6171,23841.28,UTR8715363772,4110,SUCCESS,TXN00004842,USR85310,MCH6171,UTR8715363772,0,0,0,0,0,0,0
TXN00012738,2026-05-01 12:45:49,USR90711,MCH6465,14720.21,UTR0983543601,4110,SUCCESS,TXN00012738,USR90711,MCH6465,UTR0983543601,0,0,0,0,0,0,0
TXN00008070,2026-02-05 12:20:12,USR71529,MCH2727,14270.91,UTR3623109018,0110,SUCCESS,TXN00008070,USR71529,MCH2727,UTR3623109018,0,0,0,0,0,0,0
TXN00002464,2026-01-18 13:24:05,USR49746,MCH8033,14238.74,UTR1819568406,1310,SUCCESS,TXN00002464,USR49746,MCH8033,UTR1819568406,0,0,0,0,0,0,0
TXN00019020,2026-02-25 18:32:25,USR35180,MCH6705,3044.18,UTR8114182872,,SUCCESS,TXN00019020,USR35180,MCH6705,UTR8114182872,0,0,1,0,0,0,0
TXN00002753,2026-03-06 00:00:00,USR11828,MCH6148,0.650503,UTR8050748211,1310,SUCCESS,TXN00002753,USR11828,MCH6148,UTR8050748211,0,0,0,0,0,0,0
TXN00013151,2026-03-06 12:24:09,USR40356,MCH1074,0.657773,UTR8383167679,4110,SUCCESS,TXN00013151,USR40356,MCH1074,UTR8383167679,0,0,0,0,0,0,0
TXN00014509,2026-01-13 21:45:09,USR50316,MCH8571,23311.94,UTR7931433589,,SUCCESS,TXN00014509,USR50316,MCH8571,UTR7931433589,0,0,1,0,0,0,0
TXN00019785,2026-05-03 03:07:26,USR24496,MCH6016,13822.12,UTR2750949062,8120,SUCCESS,TXN00019785,USR24496,MCH6016,UTR2750949062,0,0,0,0,0,0,0
TXN00018483,2026-02-11 12:10:28,USR69321,MCH8982,0.2204846,UTR2768943686,1310,SUCCESS,TXN00018483,USR69321,MCH8982,UTR2768943686,0,0,0,0,0,0,0
TXN00005711,2026-01-15 07:34:40,USR88361,MCH1907,4227.05,UTR5036625693,,SUCCESS,TXN00005711,USR88361,MCH1907,UTR5036625693,0,0,1,0,0,0,0
TXN00014907,2026-01-01 16:50:21,USR17779,MCH8950,11318.82,UTR3164398360,4110,SUCCESS,TXN00014907,USR17779,MCH8950,UTR3164398360,0,0,0,0,0,0,0
TXN00005119,2026-01-14 19:45:15,USR24224,MCH7394,18946.84,UTR4492453703,4110,SUCCESS,TXN00005119,USR24224,MCH7394,UTR4492453703,0,0,0,0,0,0,0
TXN00005694,2026-01-23 21:05:08,USR89387,MCH7092,14846.18,UTR3148330863,0110,SUCCESS,TXN00005694,USR89387,MCH7092,UTR 3148330863,0,0,0,0,0,0,0
TXN00003529,2026-03-22 11:11:00,USR36535,MCH8353,24194.36,UTR9515689450,4110,SUCCESS,TXN00003529,USR36535,MCH8353,UTR9515689450,0,0,0,0,0,0,0
TXN00011547,2026-02-17 07:51:08,USR95766,MCH3066,12735.2,UTR2099493146,1310,SUCCESS,TXN00011547,USR95766,MCH3066,UTR2099493146,0,0,0,0,0,0,0
TXN00004583,2026-01-21 01:27:31,USR75596,MCH9585,19549.0,UTR0883625540,1310,SUCCESS,TXN00004583,USR75596,MCH9585,UTR0883625540,0,0,0,0,0,0,0
TXN00010803,2026-01-11 14:50:19,USR17386,MCH3722,1679.26,UTR2203381842,4110,SUCCESS,TXN00010803,USR17386,MCH3722,UTR2203381842,0,0,0,0,0,0,0
TXN00008720,2026-02-12 18:21:15,USR10802,MCH8012,12397.97,UTR6681615145,4110,SUCCESS,TXN00008720,USR10802,MCH8012,UTR6681615145,0,0,0,0,0,0,0
TXN00016602,2026-01-21 00:00:00,USR98301,MCH1277,18066.63,UTR5562849197,0110,SUCCESS,TXN00016602,USR98301,MCH1277,UTR5562849197,0,0,0,0,0,0,0
TXN00001403,2026-03-26 09:46:23,USR20772,MCH3884,926.42,UTR1672291922,1310,SUCCESS,TXN00001403,USR20772,MCH3884,UTR1672291922,0,0,0,0,0,0,0
TXN00013915,2026-03-18 04:24:08,USR96274,MCH4689,0.1184376,UTR0778121843,9120,SUCCESS,TXN00013915,USR96274,MCH4689,UTR0778121843,0,0,0,0,0,0,0
TXN00019906,2026-01-14 21:59:27,USR22226,MCH5437,10805.79,UTR6299326558,4110,SUCCESS,TXN00019906,USR22226,MCH5437,UTR6299326558,0,0,0,0,0,0,0
TXN00013850,2026-03-18 10:48:28,USR64650,MCH3984,3667.93,UTR2884038412,,PENDING,TXN00013850,USR64650,MCH3984,UTR2884038412,0,0,1,0,0,0,1
TXN00004317,2026-01-22 11:02:28,USR10027,MCH7654,18054.43,UTR7672686035,0110,SUCCESS,TXN00004317,USR10027,MCH7654,UTR7672686035,0,0,0,0,0,0,0
TXN00000106,2026-01-07 22:22:47,USR93616,MCH6435,6239.81,UTR0504144857,0110,SUCCESS,TXN00000106,USR93616,MCH6435,UTR0504144857,0,0,0,0,0,0,0
TXN00016480,2026-03-24 14:01:48,USR71828,MCH2156,13571.06,UTR6453847996,4110,SUCCESS,TXN00016480,USR71828,MCH2156,UTR6453847996,0,0,0,0,0,0,0
TXN00018694,2026-03-29 03:39:11,USR22682,MCH9596,-12892.84,UTR2703596568,8120,SUCCESS,TXN00018694,USR22682,MCH9596,UTR 2703596568,1,0,0,0,0,0,0
TXN00004086,2026-03-16 23:16:49,USR66804,MCH3874,1507.98,UTR3320483975,1310,SUCCESS,TXN00004086,USR66804,MCH3874,UTR 3320483975,0,0,0,0,0,0,0
TXN00016712,2026-02-14 23:06:56,USR32820,MCH1001,8216.0,UTR2568726451,4110,SUCCESS,TXN00016712,USR32820,MCH1001,UTR2568726451,0,0,0,0,0,0,0
TXN00002430,2026-02-05 04:54:49,USR42204,MCH2049,0.2221121,UTR7101638906,9120,SUCCESS,TXN00002430,USR42204,MCH2049,UTR7101638906,0,0,0,0,0,0,0
TXN00018027,2026-03-06 14:19:18,USR59863,MCH5449,11331.07,UTR4086313260,0110,SUCCESS,TXN00018027,USR59863,MCH5449,UTR 4086313260,0,0,0,0,0,0,0
TXN00017310,2026-03-29 17:37:46,USR16545,MCH6188,7067.28,UTR9983835604,8120,SUCCESS,TXN00017310,USR16545,MCH6188,UTR 9983835604,0,0,0,0,0,0,0
TXN00012490,2026-03-07 01:49:07,USR40130,MCH1432,19825.0,,0110,SUCCESS,TXN00012490,USR40130,MCH1432,,0,1,0,0,0,0,0
TXN00016050,2026-03-11 02:09:19,USR53060,MCH2827,19113.0,UTR0960813757,,SUCCESS,TXN00016050,USR53060,MCH2827,UTR0960813757,0,0,1,0,0,0,0
TXN00010280,2026-03-11 21:06:48,USR10125,MCH1210,10766.24,UTR5287259931,9120,SUCCESS,TXN00010280,USR10125,MCH1210,UTR5287259931,0,0,0,0,0,0,0
TXN00017517,2026-02-25 21:36:54,USR85972,MCH9574,18486.01,UTR6335042435,9120,SUCCESS,TXN00017517,USR85972,MCH9574,UTR6335042435,0,0,0,0,0,0,0
TXN00018510,2026-03-10 06:44:44,USR19898,MCH8913,10275.44,UTR3158738055,4110,SUCCESS,TXN00018510,USR19898,MCH8913,UTR3158738055,0,0,0,0,0,0,0
TXN00018425,2026-12-02 11:29:00,USR42268,MCH2256,0.551582,UTR7307154343,9120,SUCCESS,TXN00018425,USR42268,MCH2256,UTR7307154343,0,0,0,0,0,0,0
TXN00015147,2026-02-22 06:18:48,USR59380,MCH3471,17756.45,UTR2447172105,4110,FAILED,TXN00015147,USR59380,MCH3471,UTR2447172105,0,0,0,0,0,1,0
TXN00010593,2026-01-17 11:58:42,USR55005,MCH4216,10234.5,UTR5778924224,4110,SUCCESS,TXN00010593,USR55005,MCH4216,UTR5778924224,0,0,0,0,0,0,0
TXN00015555,2026-02-21 02:46:38,USR47575,MCH3560,8728.18,UTR1831376316,,SUCCESS,TXN00015555,USR47575,MCH3560,UTR1831376316,0,0,1,0,0,0,0
TXN00004222,2026-02-05 10:32:52,USR49366,MCH7636,15344.81,UTR2199532579,8120,FAILED,TXN00004222,USR49366,MCH7636,UTR2199532579,0,0,0,0,0,1,0
TXN00015586,2026-02-21 14:54:33,USR55597,MCH3405,7228.39,UTR8931099929,9120,SUCCESS,TXN00015586,USR55597,MCH3405,UTR8931099929,0,0,0,0,0,0,0
TXN00017562,2026-01-12 18:54:45,USR19953,MCH1350,15430.74,UTR0702257592,4110,SUCCESS,TXN00017562,USR19953,MCH1350,UTR0702257592,0,0,0,0,0,0,0
TXN00004439,2026-03-21 00:08:51,USR15039,MCH8618,-24812.94,UTR1112291398,0110,SUCCESS,TXN00004439,USR15039,MCH8618,UTR 1112291398,1,0,0,0,0,0,0
TXN00009922,2026-03-14 18:17:14,USR35856,MCH1514,21748.95,UTR2363850853,4110,SUCCESS,TXN00009922,USR35856,MCH1514,UTR2363850853,0,0,0,0,0,0,0
TXN00002707,2026-03-04 19:23:14,USR21564,MCH8658,3013.98,UTR1817439996,4110,SUCCESS,TXN00002707,USR21564,MCH8658,UTR1817439996,0,0,0,0,0,0,0
TXN00006913,2026-03-19 22:41:54,USR80731,MCH9239,5022.11,UTR1469158244,4110,SUCCESS,TXN00006913,USR80731,MCH9239,UTR1469158244,0,0,0,0,0,0,0
TXN00010226,2026-02-07 07:46:21,USR82250,MCH9587,13644.76,UTR9354389279,,SUCCESS,TXN00010226,USR82250,MCH9587,UTR9354389279,0,0,1,0,0,0,0
TXN00011185,2026-03-21 22:27:45,USR62489,MCH1484,0.1678587,UTR5210207829,4110,SUCCESS,TXN00011185,USR62489,MCH1484,UTR5210207829,0,0,0,0,0,0,0
TXN00008289,2026-03-04 13:58:06,USR84647,MCH7362,1872.02,UTR2552280512,9120,SUCCESS,TXN00008289,USR84647,MCH7362,UTR2552280512,0,0,0,0,0,0,0
TXN00000524,2026-03-24 19:25:51,USR52547,MCH8445,21054.55,UTR3024478466,0110,SUCCESS,TXN00000524,USR52547,MCH8445,UTR3024478466,0,0,0,0,0,0,0
TXN00019134,2026-08-01 02:08:11,USR14618,MCH3825,15662.87,UTR4937960160,8120,SUCCESS,TXN00019134,USR14618,MCH3825,UTR4937960160,0,0,0,0,0,0,0
TXN00004393,2026-03-27 17:45:57,USR37495,MCH9227,16142.85,UTR4998005144,4110,SUCCESS,TXN00004393,USR37495,MCH9227,UTR4998005144,0,0,0,0,0,0,0
TXN00014618,2026-01-14 00:00:00,USR95420,MCH2269,9534.88,UTR2071820551,0110,SUCCESS,TXN00014618,USR95420,MCH2269,UTR2071820551,0,0,0,0,0,0,0
TXN00001405,2026-02-14 20:28:58,USR62931,MCH3047,16598.48,UTR8738110935,8120,SUCCESS,TXN00001405,USR62931,MCH3047,UTR8738110935,0,0,0,0,0,0,0
TXN00008044,2026-03-09 17:34:44,USR66734,MCH6624,17629.53,UTR0670930174,1310,SUCCESS,TXN00008044,USR66734,MCH6624,UTR0670930174,0,0,0,0,0,0,0
TXN00010177,2026-03-04 11:05:11,USR28580,MCH3380,19068.69,UTR4801572371,8120,SUCCESS,TXN00010177,USR28580,MCH3380,UTR4801572371,0,0,0,0,0,0,0
TXN00019747,2026-03-14 15:18:46,USR28527,MCH2924,0.2246742,UTR2231575887,0110,FAILED,TXN00019747,USR28527,MCH2924,UTR2231575887,0,0,0,0,0,1,0
TXN00000396,2026-03-18 03:01:00,USR87352,MCH9790,23270.0,UTR7325922611,4110,SUCCESS,TXN00000396,USR87352,MCH9790,UTR7325922611,0,0,0,0,0,0,0
TXN00005241,2026-02-08 21:25:23,USR22879,MCH6511,24476.01,UTR4025544672,9120,SUCCESS,TXN00005241,USR22879,MCH6511,UTR4025544672,0,0,0,0,0,0,0
TXN00016760,2026-10-01 10:58:21,USR57033,MCH7064,12651.62,UTR2402452563,4110,SUCCESS,TXN00016760,USR57033,MCH7064,UTR2402452563,0,0,0,0,0,0,0
TXN00002841,2026-03-30 23:33:02,USR26663,MCH7735,9817.53,UTR1523986916,,PENDING,TXN00002841,USR26663,MCH7735,UTR1523986916,0,0,1,0,0,0,1
TXN00000164,2026-02-05 03:30:46,USR77275,MCH8493,13399.01,UTR7560681388,4110,SUCCESS,TXN00000164,USR77275,MCH8493,UTR7560681388,0,0,0,0,0,0,0
TXN00016910,2026-01-06 06:00:35,USR20522,MCH5356,958.36,UTR1051825778,0110,SUCCESS,TXN00016910,USR20522,MCH5356,UTR1051825778,0,0,0,0,0,0,0
TXN00014830,2026-03-14 16:40:03,USR67270,MCH1091,20095.84,UTR2085069993,4110,FAILED,TXN00014830,USR67270,MCH1091,UTR2085069993,0,0,0,0,0,1,0
TXN00012214,2026-01-03 12:14:02,USR92620,MCH3517,24580.57,UTR2461645370,1310,SUCCESS,TXN00012214,USR92620,MCH3517,UTR2461645370,0,0,0,0,0,0,0
TXN00006615,2026-01-01 10:06:26,USR71442,MCH6172,2555.16,UTR3212971693,,SUCCESS,TXN00006615,USR71442,MCH6172,UTR3212971693,0,0,1,0,0,0,0
TXN00016116,2026-03-27 08:34:46,USR47417,MCH2061,22098.71,UTR8874040347,,SUCCESS,TXN00016116,USR47417,MCH2061,UTR8874040347,0,0,1,0,0,0,0
TXN00000746,2026-03-19 01:32:15,USR24651,MCH9926,22490.37,UTR9688387658,4110,PENDING,TXN00000746,USR24651,MCH9926,UTR9688387658,0,0,0,0,0,0,1
TXN00017680,2026-02-21 00:00:00,USR13157,MCH2983,7026.0,UTR8799743506,0110,FAILED,TXN00017680,USR13157,MCH2983,UTR8799743506,0,0,0,0,0,1,0
TXN00017626,2026-02-10 03:02:40,USR21965,MCH7251,11707.0,UTR0987918882,1310,PENDING,TXN00017626,USR21965,MCH7251,UTR0987918882,0,0,0,0,0,0,1
TXN00008968,2026-02-15 12:17:53,USR25397,MCH9286,18409.63,UTR8521387482,8120,PENDING,TXN00008968,USR25397,MCH9286,UTR 8521387482,0,0,0,0,0,0,1
TXN00009597,2026-03-10 22:55:22,USR67050,MCH7290,12448.94,UTR3441111146,0110,SUCCESS,TXN00009597,USR67050,MCH7290,UTR3441111146,0,0,0,0,0,0,0
TXN00018337,2026-03-23 11:46:12,USR49030,MCH7018,0.1920457,UTR8074450715,9120,PENDING,TXN00018337,USR49030,MCH7018,UTR8074450715,0,0,0,0,0,0,1
TXN00018867,2026-02-25 04:33:49,USR94970,MCH1401,5895.51,UTR8060600011,8120,PENDING,TXN00018867,USR94970,MCH1401,UTR8060600011,0,0,0,0,0,0,1
TXN00015750,2026-03-22 04:05:03,USR18326,MCH2650,957.54,UTR5539925229,,SUCCESS,TXN00015750,USR18326,MCH2650,UTR5539925229,0,0,1,0,0,0,0
TXN00001443,2026-03-30 15:16:50,USR52274,MCH4411,16818.33,UTR8544410094,9120,SUCCESS,TXN00001443,USR52274,MCH4411,UTR8544410094,0,0,0,0,0,0,0
TXN00016799,2026-01-14 15:15:56,USR57078,MCH7573,1148.86,UTR4345171554,9120,SUCCESS,TXN00016799,USR57078,MCH7573,UTR4345171554,0,0,0,0,0,0,0
TXN00011001,2026-03-11 12:18:59,USR72874,MCH5852,13330.43,UTR2609306405,8120,SUCCESS,TXN00011001,USR72874,MCH5852,UTR2609306405,0,0,0,0,0,0,0
TXN00007108,2026-03-29 09:25:42,USR17547,MCH5754,6126.18,UTR3271527952,9120,SUCCESS,TXN00007108,USR17547,MCH5754,UTR3271527952,0,0,0,0,0,0,0
TXN00000584,2026-02-24 08:37:23,USR13068,MCH2698,8225.5,,4110,SUCCESS,TXN00000584,USR13068,MCH2698,,0,1,0,0,0,0,0
TXN00014287,2026-01-16 08:00:31,USR20476,MCH7849,1752.0,UTR4257435305,4110,SUCCESS,TXN00014287,USR20476,MCH7849,UTR4257435305,0,0,0,0,0,0,0
TXN00018438,2026-09-01 08:26:13,USR57052,MCH7857,15172.62,UTR1653345656,8120,SUCCESS,TXN00018438,USR57052,MCH7857,UTR1653345656,0,0,0,0,0,0,0
TXN00016493,2026-03-24 11:04:49,USR82379,MCH1937,9884.17,UTR3824403287,4110,FAILED,TXN00016493,USR82379,MCH1937,UTR3824403287,0,0,0,0,0,1,0
TXN00005873,2026-01-20 11:43:38,USR36484,MCH3118,15704.48,UTR1876975656,1310,PENDING,TXN00005873,USR36484,MCH3118,UTR 1876975656,0,0,0,0,0,0,1
TXN00001232,2026-02-24 04:24:15,USR96267,MCH2364,5756.57,UTR9095734313,8120,SUCCESS,TXN00001232,USR96267,MCH2364,UTR9095734313,0,0,0,0,0,0,0
TXN00005420,2026-02-03 02:01:34,USR40025,MCH1181,0.802513,UTR8317315965,1310,FAILED,TXN00005420,USR40025,MCH1181,UTR8317315965,0,0,0,0,0,1,0
TXN00013365,2026-02-08 09:07:37,USR46150,MCH6988,7963.73,UTR8762156514,1310,SUCCESS,TXN00013365,USR46150,MCH6988,UTR8762156514,0,0,0,0,0,0,0
TXN00017934,2026-01-21 00:43:52,USR45359,MCH2247,3256.02,UTR0657687044,4110,SUCCESS,TXN00017934,USR45359,MCH2247,UTR0657687044,0,0,0,0,0,0,0
TXN00004451,2026-01-12 10:38:15,USR36438,MCH4439,10506.0,UTR4899616916,4110,SUCCESS,TXN00004451,USR36438,MCH4439,UTR4899616916,0,0,0,0,0,0,0
TXN00011431,2026-02-05 00:00:00,USR17418,MCH6117,4828.12,UTR8783225631,4110,SUCCESS,TXN00011431,USR17418,MCH6117,UTR8783225631,0,0,0,0,0,0,0
TXN00001567,2026-02-21 19:25:48,USR30898,MCH1392,16692.07,UTR9586122510,8120,SUCCESS,TXN00001567,USR30898,MCH1392,UTR9586122510,0,0,0,0,0,0,0
TXN00000139,2026-03-27 02:05:04,USR57659,MCH7540,9097.1,UTR9846908727,8120,SUCCESS,TXN00000139,USR57659,MCH7540,UTR9846908727,0,0,0,0,0,0,0
TXN00001665,2026-02-25 12:40:35,USR59259,MCH7104,24804.03,UTR3694291909,9120,SUCCESS,TXN00001665,USR59259,MCH7104,UTR3694291909,0,0,0,0,0,0,0
TXN00010731,2026-01-18 00:24:09,USR73432,MCH2843,9110.18,,0110,SUCCESS,TXN00010731,USR73432,MCH2843,,0,1,0,0,0,0,0
TXN00010041,2026-04-01 23:34:40,USR21080,MCH7448,23049.67,UTR4951443779,4110,SUCCESS,TXN00010041,USR21080,MCH7448,UTR4951443779,0,0,0,0,0,0,0
TXN00014523,2026-03-01 01:59:07,USR17132,MCH7304,21925.95,UTR8389106920,4110,SUCCESS,TXN00014523,USR17132,MCH7304,UTR8389106920,0,0,0,0,0,0,0
TXN00007655,2026-01-17 23:51:38,USR92919,MCH1971,18812.71,UTR2224865134,,SUCCESS,TXN00007655,USR92919,MCH1971,UTR2224865134,0,0,1,0,0,0,0
TXN00001807,2026-02-09 15:23:53,USR38701,MCH7045,16537.65,UTR8703003363,8120,SUCCESS,TXN00001807,USR38701,MCH7045,UTR8703003363,0,0,0,0,0,0,0
TXN00001562,2026-03-24 16:45:25,USR28847,MCH2267,5929.4,UTR8578523609,1310,SUCCESS,TXN00001562,USR28847,MCH2267,UTR8578523609,0,0,0,0,0,0,0
TXN00012377,2026-03-20 06:56:20,USR18645,MCH4859,1607.44,UTR1224935123,9120,SUCCESS,TXN00012377,USR18645,MCH4859,UTR1224935123,0,0,0,0,0,0,0
TXN00009800,2026-02-10 12:13:45,USR82794,MCH3792,23259.0,UTR9455926188,4110,SUCCESS,TXN00009800,USR82794,MCH3792,UTR9455926188,0,0,0,0,0,0,0
TXN00014246,2026-01-04 19:04:26,USR83515,MCH6051,2448.5,UTR3559237494,0110,SUCCESS,TXN00014246,USR83515,MCH6051,UTR3559237494,0,0,0,0,0,0,0
TXN00005356,2026-01-10 17:19:47,USR79375,MCH9045,10147.08,UTR7334776853,0110,SUCCESS,TXN00005356,USR79375,MCH9045,UTR7334776853,0,0,0,0,0,0,0
TXN00001222,2026-03-08 15:32:48,USR79916,MCH2689,3784.94,,8120,SUCCESS,TXN00001222,USR79916,MCH2689,,0,1,0,0,0,0,0
TXN00012579,2026-02-13 05:32:41,USR55462,MCH2856,0.970225,UTR9509726537,8120,SUCCESS,TXN00012579,USR55462,MCH2856,UTR 9509726537,0,0,0,0,0,0,0
TXN00010544,2026-01-22 10:10:53,USR68333,MCH8648,0.1918428,UTR8384983114,0110,SUCCESS,TXN00010544,USR68333,MCH8648,UTR8384983114,0,0,0,0,0,0,0
TXN00004147,2026-02-20 14:15:41,USR28868,MCH4096,2594.82,UTR4719106885,1310,SUCCESS,TXN00004147,USR28868,MCH4096,UTR4719106885,0,0,0,0,0,0,0
TXN00018389,2026-03-28 15:36:44,USR94215,MCH4853,18408.58,UTR6935749546,8120,SUCCESS,TXN00018389,USR94215,MCH4853,UTR6935749546,0,0,0,0,0,0,0
TXN00006017,2026-03-08 02:16:33,USR46096,MCH7934,3320.44,,9120,SUCCESS,TXN00006017,USR46096,MCH7934,,0,1,0,0,0,0,0
TXN00000698,2026-01-31 11:28:35,USR68150,MCH1684,14535.14,UTR9095013333,4110,SUCCESS,TXN00000698,USR68150,MCH1684,UTR9095013333,0,0,0,0,0,0,0
TXN00009990,2026-02-10 02:14:17,USR93369,MCH3020,20397.36,UTR5712912125,1310,SUCCESS,TXN00009990,USR93369,MCH3020,UTR5712912125,0,0,0,0,0,0,0
TXN00008386,2026-01-02 06:22:13,USR81717,MCH2346,12292.94,UTR9212250743,,SUCCESS,TXN00008386,USR81717,MCH2346,UTR9212250743,0,0,1,0,0,0,0
TXN00007022,2026-03-14 12:03:45,USR77669,MCH2365,20421.67,UTR0288363908,4110,SUCCESS,TXN00007022,USR77669,MCH2365,UTR0288363908,0,0,0,0,0,0,0
TXN00013594,2026-03-19 09:39:33,USR42159,MCH6196,21981.0,UTR9283783067,4110,SUCCESS,TXN00013594,USR42159,MCH6196,UTR9283783067,0,0,0,0,0,0,0
TXN00017090,2026-02-09 22:21:03,USR28099,MCH8713,24012.39,UTR0832447269,4110,SUCCESS,TXN00017090,USR28099,MCH8713,UTR0832447269,0,0,0,0,0,0,0
TXN00013091,2026-06-02 08:33:16,USR34060,MCH9611,4822.48,UTR7898369744,4110,PENDING,TXN00013091,USR34060,MCH9611,UTR7898369744,0,0,0,0,0,0,1
TXN00008166,2026-01-13 03:21:44,USR60475,MCH3096,9086.1,UTR4876121632,4110,SUCCESS,TXN00008166,USR60475,MCH3096,UTR 4876121632,0,0,0,0,0,0,0
TXN00002342,2026-02-13 17:47:41,USR43713,MCH4544,1784.0,UTR3207503817,0110,SUCCESS,TXN00002342,USR43713,MCH4544,UTR3207503817,0,0,0,0,0,0,0
TXN00005488,2026-01-04 03:27:26,USR89489,MCH7549,16561.32,UTR1128729379,,SUCCESS,TXN00005488,USR89489,MCH7549,UTR1128729379,0,0,1,0,0,0,0
TXN00008247,2026-01-06 01:22:21,USR95452,MCH1643,5411.23,UTR1502266275,4110,SUCCESS,TXN00008247,USR95452,MCH1643,UTR1502266275,0,0,0,0,0,0,0
TXN00002110,2026-01-09 21:48:39,USR13665,MCH9618,24588.2,UTR7128785087,4110,SUCCESS,TXN00002110,USR13665,MCH9618,UTR7128785087,0,0,0,0,0,0,0
TXN00019353,2026-03-27 04:53:40,USR54978,MCH5881,1934.9,UTR0506436300,0110,SUCCESS,TXN00019353,USR54978,MCH5881,UTR0506436300,0,0,0,0,0,0,0
TXN00001757,2026-03-15 05:18:01,USR57377,MCH2302,23989.82,UTR9728477762,4110,SUCCESS,TXN00001757,USR57377,MCH2302,UTR9728477762,0,0,0,0,0,0,0
TXN00000058,2026-02-28 14:47:01,USR11857,MCH5578,4907.61,UTR0264202454,8120,SUCCESS,TXN00000058,USR11857,MCH5578,UTR0264202454,0,0,0,0,0,0,0
TXN00001718,2026-02-12 19:11:32,USR16265,MCH2695,17378.93,UTR0699204502,9120,SUCCESS,TXN00001718,USR16265,MCH2695,UTR0699204502,0,0,0,0,0,0,0
TXN00007727,2026-03-28 19:54:28,USR19979,MCH7016,2412.19,UTR4794451032,0110,SUCCESS,TXN00007727,USR19979,MCH7016,UTR4794451032,0,0,0,0,0,0,0
TXN00002124,2026-02-25 02:35:19,USR58604,MCH3037,10449.85,UTR5029264775,9120,SUCCESS,TXN00002124,USR58604,MCH3037,UTR5029264775,0,0,0,0,0,0,0
TXN00004368,2026-03-19 16:15:06,USR20414,MCH9056,11051.42,UTR0731675814,0110,SUCCESS,TXN00004368,USR20414,MCH9056,UTR0731675814,0,0,0,0,0,0,0
TXN00016953,2026-02-16 03:59:38,USR67907,MCH2273,16094.6,UTR3040425745,4110,SUCCESS,TXN00016953,USR67907,MCH2273,UTR 3040425745,0,0,0,0,0,0,0
TXN00018808,2026-02-11 12:15:42,USR17455,MCH8022,6415.98,UTR1124749858,1310,FAILED,TXN00018808,USR17455,MCH8022,UTR 1124749858,0,0,0,0,0,1,0
TXN00008185,2026-09-03 15:58:32,USR31327,MCH3395,7227.36,UTR7374893171,9120,SUCCESS,TXN00008185,USR31327,MCH3395,UTR 7374893171,0,0,0,0,0,0,0
TXN00001060,2026-02-12 06:45:30,USR45908,MCH7502,15691.36,UTR7817299601,,SUCCESS,TXN00001060,USR45908,MCH7502,UTR7817299601,0,0,1,0,0,0,0
TXN00010020,2026-02-21 16:51:48,USR15256,MCH9310,6512.68,UTR3474775928,,SUCCESS,TXN00010020,USR15256,MCH9310,UTR3474775928,0,0,1,0,0,0,0
TXN00010209,2026-01-01 08:37:49,USR32591,MCH2974,721.15,UTR9408774364,8120,SUCCESS,TXN00010209,USR32591,MCH2974,UTR9408774364,0,0,0,0,0,0,0
TXN00006425,2026-02-17 09:24:30,USR79046,MCH3111,10907.4,UTR2526707745,0110,SUCCESS,TXN00006425,USR79046,MCH3111,UTR2526707745,0,0,0,0,0,0,0
TXN00019376,2026-01-13 19:05:50,USR80636,MCH5337,0.1337432,UTR2337545357,4110,SUCCESS,TXN00019376,USR80636,MCH5337,UTR2337545357,0,0,0,0,0,0,0
TXN00018537,2026-03-05 10:08:27,USR32158,MCH7593,0.401737,UTR4177333355,,SUCCESS,TXN00018537,USR32158,MCH7593,UTR4177333355,0,0,1,0,0,0,0
TXN00004537,2026-02-22 15:03:09,USR33230,MCH4644,10668.23,UTR6496140719,8120,SUCCESS,TXN00004537,USR33230,MCH4644,UTR6496140719,0,0,0,0,0,0,0
TXN00009624,2026-02-16 03:36:33,USR14932,MCH1146,18542.66,UTR1854476988,0110,SUCCESS,TXN00009624,USR14932,MCH1146,UTR1854476988,0,0,0,0,0,0,0
TXN00001495,2026-02-13 08:31:51,USR69318,MCH3560,15090.18,UTR4557037891,8120,SUCCESS,TXN00001495,USR69318,MCH3560,UTR4557037891,0,0,0,0,0,0,0
TXN00015603,2026-01-14 20:26:43,USR64458,MCH8062,0.1485804,UTR1862947042,,SUCCESS,TXN00015603,USR64458,MCH8062,UTR1862947042,0,0,1,0,0,0,0
TXN00010998,2026-02-05 01:20:31,USR88063,MCH3992,17469.44,,1310,SUCCESS,TXN00010998,USR88063,MCH3992,,0,1,0,0,0,0,0
TXN00001074,2026-03-22 04:06:03,USR46718,MCH7574,456.67,UTR4312243317,8120,SUCCESS,TXN00001074,USR46718,MCH7574,UTR4312243317,0,0,0,0,0,0,0
TXN00002555,2026-01-08 22:09:16,USR96430,MCH3618,1817.19,UTR4535226008,,SUCCESS,TXN00002555,USR96430,MCH3618,UTR4535226008,0,0,1,0,0,0,0
TXN00015487,2026-02-14 06:42:53,USR27918,MCH7394,0.2134022,UTR1927773994,8120,SUCCESS,TXN00015487,USR27918,MCH7394,UTR1927773994,0,0,0,0,0,0,0
TXN00016454,2026-02-18 06:19:56,USR59554,MCH5597,19624.44,UTR8244211017,1310,SUCCESS,TXN00016454,USR59554,MCH5597,UTR8244211017,0,0,0,0,0,0,0
TXN00015864,2026-01-03 01:17:17,USR84237,MCH2844,0.642075,UTR6819228960,0110,SUCCESS,TXN00015864,USR84237,MCH2844,UTR6819228960,0,0,0,0,0,0,0
TXN00005265,2026-03-20 12:50:37,USR88688,MCH9201,24296.41,UTR2350306174,0110,SUCCESS,TXN00005265,USR88688,MCH9201,UTR2350306174,0,0,0,0,0,0,0
TXN00005440,2026-02-05 10:15:17,USR79514,MCH6571,21096.88,UTR4921114369,4110,SUCCESS,TXN00005440,USR79514,MCH6571,UTR4921114369,0,0,0,0,0,0,0
TXN00014655,2026-02-08 15:58:36,USR21023,MCH4690,11900.09,UTR1538103194,4110,SUCCESS,TXN00014655,USR21023,MCH4690,UTR1538103194,0,0,0,0,0,0,0
TXN00011873,2026-01-27 15:44:29,USR29434,MCH8763,8304.34,UTR9117462347,1310,SUCCESS,TXN00011873,USR29434,MCH8763,UTR9117462347,0,0,0,0,0,0,0
TXN00004192,2026-03-21 04:11:44,USR43827,MCH4353,21822.76,UTR0354554576,9120,SUCCESS,TXN00004192,USR43827,MCH4353,UTR0354554576,0,0,0,0,0,0,0
TXN00009415,2026-03-14 23:12:56,USR52461,MCH6285,0.1170038,UTR9852358584,,SUCCESS,TXN00009415,USR52461,MCH6285,UTR9852358584,0,0,1,0,0,0,0
TXN00014960,2026-03-26 08:55:44,USR56255,MCH7413,9715.95,,0110,SUCCESS,TXN00014960,USR56255,MCH7413,,0,1,0,0,0,0,0
TXN00010500,2026-03-20 04:08:38,USR55867,MCH4997,886.0,UTR6420621958,,SUCCESS,TXN00010500,USR55867,MCH4997,UTR6420621958,0,0,1,0,0,0,0
TXN00008759,2026-02-23 01:15:38,USR31951,MCH3425,5255.22,UTR6559000076,9120,SUCCESS,TXN00008759,USR31951,MCH3425,UTR 6559000076,0,0,0,0,0,0,0
TXN00000061,2026-05-01 05:14:48,USR64575,MCH8327,9723.05,UTR5145278499,1310,SUCCESS,TXN00000061,USR64575,MCH8327,UTR5145278499,0,0,0,0,0,0,0
TXN00019751,2026-02-12 11:41:05,USR35637,MCH8714,24089.12,UTR1372706225,,SUCCESS,TXN00019751,USR35637,MCH8714,UTR1372706225,0,0,1,0,0,0,0
TXN00002366,2026-02-07 14:44:45,USR70754,MCH8396,1103.04,UTR4240559153,0110,SUCCESS,TXN00002366,USR70754,MCH8396,UTR4240559153,0,0,0,0,0,0,0
TXN00017774,2026-03-04 18:05:33,USR55724,MCH2098,4635.87,UTR4470074709,4110,SUCCESS,TXN00017774,USR55724,MCH2098,UTR4470074709,0,0,0,0,0,0,0
TXN00011747,2026-02-05 08:49:17,USR57091,MCH4549,149.8,UTR8305729183,1310,SUCCESS,TXN00011747,USR57091,MCH4549,UTR8305729183,0,0,0,0,0,0,0
TXN00017677,2026-03-21 00:44:48,USR51894,MCH8321,17064.44,UTR4654204064,,PENDING,TXN00017677,USR51894,MCH8321,UTR4654204064,0,0,1,0,0,0,1
TXN00009109,2026-09-01 20:29:27,USR33801,MCH3751,5574.0,UTR3620548893,8120,SUCCESS,TXN00009109,USR33801,MCH3751,UTR3620548893,0,0,0,0,0,0,0
TXN00007954,2026-01-07 22:14:37,USR32597,MCH9077,1437.75,UTR6699570686,8120,SUCCESS,TXN00007954,USR32597,MCH9077,UTR6699570686,0,0,0,0,0,0,0
TXN00014418,2026-02-06 08:59:07,USR83064,MCH4070,15525.65,UTR8307738283,4110,SUCCESS,TXN00014418,USR83064,MCH4070,UTR8307738283,0,0,0,0,0,0,0
TXN00018616,2026-02-16 19:32:43,USR57422,MCH1253,15151.66,UTR4587473347,1310,SUCCESS,TXN00018616,USR57422,MCH1253,UTR 4587473347,0,0,0,0,0,0,0
TXN00000874,2026-02-10 06:42:44,USR84278,MCH7884,10224.27,UTR4719280017,0110,SUCCESS,TXN00000874,USR84278,MCH7884,UTR4719280017,0,0,0,0,0,0,0
TXN00014929,2026-02-05 23:59:31,USR78516,MCH3706,3198.51,UTR8944741667,8120,SUCCESS,TXN00014929,USR78516,MCH3706,UTR8944741667,0,0,0,0,0,0,0
TXN00016410,2026-03-17 12:22:05,USR58397,MCH6529,22507.92,UTR9546874920,0110,SUCCESS,TXN00016410,USR58397,MCH6529,UTR9546874920,0,0,0,0,0,0,0
TXN00008084,2026-02-15 13:18:37,USR28458,MCH9609,2646.79,UTR0999395381,9120,SUCCESS,TXN00008084,USR28458,MCH9609,UTR0999395381,0,0,0,0,0,0,0
TXN00002912,2026-04-03 08:45:26,USR48810,MCH3915,0.4683,UTR6154595671,0110,SUCCESS,TXN00002912,USR48810,MCH3915,UTR6154595671,0,0,0,0,0,0,0
TXN00000072,2026-03-03 00:50:12,USR68117,MCH6286,4975.9,,4110,SUCCESS,TXN00000072,USR68117,MCH6286,,0,1,0,0,0,0,0
TXN00010080,2026-01-02 00:38:54,USR33003,MCH3347,24462.58,UTR5257809456,8120,SUCCESS,TXN00010080,USR33003,MCH3347,UTR5257809456,0,0,0,0,0,0,0
TXN00006885,2026-02-13 06:28:47,USR87516,MCH8538,0.2358046,,,SUCCESS,TXN00006885,USR87516,MCH8538,,0,1,1,0,0,0,0
TXN00011952,2026-03-27 09:18:25,USR17258,MCH5210,3297.95,UTR2528243728,9120,SUCCESS,TXN00011952,USR17258,MCH5210,UTR2528243728,0,0,0,0,0,0,0
TXN00002618,2026-01-24 11:45:24,USR70393,MCH7028,6767.13,UTR5604771737,0110,SUCCESS,TXN00002618,USR70393,MCH7028,UTR5604771737,0,0,0,0,0,0,0
TXN00018303,2026-02-18 14:34:19,USR53244,MCH5761,4276.59,UTR9352585010,4110,SUCCESS,TXN00018303,USR53244,MCH5761,UTR 9352585010,0,0,0,0,0,0,0
TXN00002610,2026-03-29 21:08:42,USR11264,MCH2928,1576.61,UTR6728418099,8120,SUCCESS,TXN00002610,USR11264,MCH2928,UTR6728418099,0,0,0,0,0,0,0
TXN00019786,2026-01-17 02:40:53,USR59386,MCH6257,0.1446541,UTR7906376832,9120,SUCCESS,TXN00019786,USR59386,MCH6257,UTR 7906376832,0,0,0,0,0,0,0
TXN00019393,2026-03-10 00:00:00,USR63373,MCH9510,3171.88,,,SUCCESS,TXN00019393,USR63373,MCH9510,,0,1,1,0,0,0,0
TXN00014616,2026-01-06 01:25:04,USR80112,MCH1330,0.2213187,UTR1300377094,9120,SUCCESS,TXN00014616,USR80112,MCH1330,UTR 1300377094,0,0,0,0,0,0,0
TXN00019558,2026-03-15 07:33:40,USR56801,MCH1011,1741.62,UTR9196342097,1310,SUCCESS,TXN00019558,USR56801,MCH1011,UTR9196342097,0,0,0,0,0,0,0
TXN00008558,2026-01-04 15:55:55,USR54625,MCH9890,14846.71,UTR0507544265,,SUCCESS,TXN00008558,USR54625,MCH9890,UTR 0507544265,0,0,1,0,0,0,0
TXN00004078,2026-02-06 10:48:29,USR23275,MCH1362,6905.31,UTR7911375866,0110,SUCCESS,TXN00004078,USR23275,MCH1362,UTR7911375866,0,0,0,0,0,0,0
TXN00002771,2026-02-12 05:29:05,USR61410,MCH8255,1915.22,UTR7622510519,8120,SUCCESS,TXN00002771,USR61410,MCH8255,UTR7622510519,0,0,0,0,0,0,0
TXN00006997,2026-03-24 08:34:07,USR42912,MCH2515,16679.25,UTR7878338832,,SUCCESS,TXN00006997,USR42912,MCH2515,UTR 7878338832,0,0,1,0,0,0,0
TXN00012590,2026-03-22 12:45:37,USR88142,MCH5542,17923.76,UTR2608624411,0110,SUCCESS,TXN00012590,USR88142,MCH5542,UTR2608624411,0,0,0,0,0,0,0
TXN00008854,2026-03-28 00:00:00,USR16164,MCH5702,17248.63,UTR4820208398,8120,SUCCESS,TXN00008854,USR16164,MCH5702,UTR4820208398,0,0,0,0,0,0,0
TXN00004303,2026-03-19 00:00:00,USR56825,MCH1925,18880.79,UTR6310386276,8120,FAILED,TXN00004303,USR56825,MCH1925,UTR6310386276,0,0,0,0,0,1,0
TXN00006023,2026-01-29 16:48:31,USR99397,MCH7351,21405.28,UTR7171782232,4110,SUCCESS,TXN00006023,USR99397,MCH7351,UTR7171782232,0,0,0,0,0,0,0
TXN00011440,2026-03-23 08:56:08,USR58658,MCH9246,19647.15,UTR1382774938,0110,SUCCESS,TXN00011440,USR58658,MCH9246,UTR1382774938,0,0,0,0,0,0,0
TXN00007694,2026-01-07 13:24:46,USR79914,MCH8602,14828.69,UTR3279439532,8120,SUCCESS,TXN00007694,USR79914,MCH8602,UTR3279439532,0,0,0,0,0,0,0
TXN00005233,2026-02-01 03:51:41,USR52270,MCH8633,17530.43,UTR8468853725,9120,SUCCESS,TXN00005233,USR52270,MCH8633,UTR8468853725,0,0,0,0,0,0,0
TXN00018003,2026-04-01 23:25:39,USR44021,MCH4733,11803.01,,4110,SUCCESS,TXN00018003,USR44021,MCH4733,,0,1,0,0,0,0,0
TXN00002758,2026-03-11 16:16:32,USR87717,MCH6404,22254.63,UTR6580158315,1310,PENDING,TXN00002758,USR87717,MCH6404,UTR6580158315,0,0,0,0,0,0,1
TXN00018929,2026-01-23 03:10:03,USR38551,MCH5327,725.86,UTR4667544578,9120,SUCCESS,TXN00018929,USR38551,MCH5327,UTR4667544578,0,0,0,0,0,0,0
TXN00011781,2026-01-19 15:11:48,USR22103,MCH2880,7409.0,UTR7727325330,8120,SUCCESS,TXN00011781,USR22103,MCH2880,UTR7727325330,0,0,0,0,0,0,0
TXN00016471,2026-03-20 18:26:51,USR17732,MCH6568,8568.39,UTR9983893324,0110,SUCCESS,TXN00016471,USR17732,MCH6568,UTR9983893324,0,0,0,0,0,0,0
TXN00011338,2026-03-12 10:11:11,USR46466,MCH8762,4464.05,UTR2448062867,1310,SUCCESS,TXN00011338,USR46466,MCH8762,UTR 2448062867,0,0,0,0,0,0,0
TXN00008917,2026-03-11 20:25:04,USR58089,MCH5473,12856.88,UTR5547999603,,SUCCESS,TXN00008917,USR58089,MCH5473,UTR5547999603,0,0,1,0,0,0,0
TXN00003564,2026-03-20 00:00:00,USR80962,MCH8574,10471.0,UTR1025719847,9120,FAILED,TXN00003564,USR80962,MCH8574,UTR1025719847,0,0,0,0,0,1,0
TXN00018500,2026-02-22 11:32:41,USR91976,MCH9188,3266.8,UTR6472709231,4110,SUCCESS,TXN00018500,USR91976,MCH9188,UTR 6472709231,0,0,0,0,0,0,0
TXN00006107,2026-02-21 10:36:47,USR52977,MCH6628,12331.0,UTR8814259569,,SUCCESS,TXN00006107,USR52977,MCH6628,UTR8814259569,0,0,1,0,0,0,0
TXN00009351,2026-03-22 22:57:13,USR44426,MCH6761,2818.45,UTR4938535410,9120,SUCCESS,TXN00009351,USR44426,MCH6761,UTR4938535410,0,0,0,0,0,0,0
TXN00013257,2026-01-29 22:26:49,USR46365,MCH9133,2379.81,UTR5273310189,9120,PENDING,TXN00013257,USR46365,MCH9133,UTR5273310189,0,0,0,0,0,0,1
TXN00011032,2026-02-10 05:08:29,USR58589,MCH5486,71.34,UTR2146398784,8120,FAILED,TXN00011032,USR58589,MCH5486,UTR2146398784,0,0,0,0,0,1,0
TXN00009619,2026-02-01 12:44:53,USR56268,MCH9501,18060.56,UTR9851854817,8120,SUCCESS,TXN00009619,USR56268,MCH9501,UTR9851854817,0,0,0,0,0,0,0
TXN00011651,2026-03-16 06:21:18,USR23933,MCH7539,8986.24,UTR1499197715,8120,FAILED,TXN00011651,USR23933,MCH7539,UTR1499197715,0,0,0,0,0,1,0
TXN00000789,2026-01-15 07:51:58,USR49943,MCH8350,11555.53,UTR3229890430,8120,SUCCESS,TXN00000789,USR49943,MCH8350,UTR3229890430,0,0,0,0,0,0,0
TXN00019339,2026-03-28 15:08:44,USR85429,MCH9971,14412.0,UTR0635735129,8120,SUCCESS,TXN00019339,USR85429,MCH9971,UTR0635735129,0,0,0,0,0,0,0
TXN00008366,2026-01-24 04:24:46,USR29842,MCH9183,0.1909263,UTR1380798159,8120,SUCCESS,TXN00008366,USR29842,MCH9183,UTR1380798159,0,0,0,0,0,0,0
TXN00008895,2026-01-20 15:25:01,USR38595,MCH5199,252.41,UTR9493839539,9120,SUCCESS,TXN00008895,USR38595,MCH5199,UTR 9493839539,0,0,0,0,0,0,0
TXN00016150,2026-01-25 04:13:51,USR76273,MCH6342,22186.31,UTR2519652066,9120,SUCCESS,TXN00016150,USR76273,MCH6342,UTR2519652066,0,0,0,0,0,0,0
TXN00008330,2026-02-03 18:07:02,USR25147,MCH5055,11619.92,UTR6140351538,4110,SUCCESS,TXN00008330,USR25147,MCH5055,UTR6140351538,0,0,0,0,0,0,0
TXN00014413,2026-03-16 23:50:42,USR53172,MCH4846,15266.55,UTR8006469552,,SUCCESS,TXN00014413,USR53172,MCH4846,UTR8006469552,0,0,1,0,0,0,0
TXN00009283,2026-03-02 12:15:50,USR90733,MCH8406,18040.58,UTR2178714584,8120,FAILED,TXN00009283,USR90733,MCH8406,UTR2178714584,0,0,0,0,0,1,0
TXN00006686,2026-01-13 21:08:51,USR86318,MCH5849,0.41295,UTR1323386193,4110,SUCCESS,TXN00006686,USR86318,MCH5849,UTR1323386193,0,0,0,0,0,0,0
TXN00003140,2026-01-05 09:33:52,USR10001,MCH7754,0.172078,UTR9582999977,8120,FAILED,TXN00003140,USR10001,MCH7754,UTR 9582999977,0,0,0,0,0,1,0
TXN00009146,2026-01-31 01:13:47,USR56696,MCH9360,10282.07,,4110,PENDING,TXN00009146,USR56696,MCH9360,,0,1,0,0,0,0,1
TXN00016240,2026-03-04 20:56:02,USR96003,MCH2368,0.1836384,UTR3031715653,4110,SUCCESS,TXN00016240,USR96003,MCH2368,UTR3031715653,0,0,0,0,0,0,0
TXN00009176,2026-02-16 04:29:21,USR35427,MCH5637,5004.83,UTR6442552342,8120,SUCCESS,TXN00009176,USR35427,MCH5637,UTR6442552342,0,0,0,0,0,0,0
TXN00005298,2026-03-04 20:16:04,USR54759,MCH6824,15151.36,UTR7966030339,4110,SUCCESS,TXN00005298,USR54759,MCH6824,UTR7966030339,0,0,0,0,0,0,0
TXN00004540,2026-01-05 00:57:34,USR36248,MCH8128,2203.83,UTR3983389082,4110,SUCCESS,TXN00004540,USR36248,MCH8128,UTR3983389082,0,0,0,0,0,0,0
TXN00006466,2026-03-23 00:00:00,USR90528,MCH1102,1393.44,UTR5533584604,8120,SUCCESS,TXN00006466,USR90528,MCH1102,UTR5533584604,0,0,0,0,0,0,0
TXN00000091,2026-02-06 21:45:29,USR84211,MCH8769,2998.66,UTR9965333098,1310,SUCCESS,TXN00000091,USR84211,MCH8769,UTR9965333098,0,0,0,0,0,0,0
TXN00004873,2026-02-05 11:28:21,USR34641,MCH2979,4925.24,UTR8559669678,8120,SUCCESS,TXN00004873,USR34641,MCH2979,UTR 8559669678,0,0,0,0,0,0,0
TXN00014000,2026-01-23 00:00:00,USR63613,MCH4847,18762.22,UTR2915766483,,SUCCESS,TXN00014000,USR63613,MCH4847,UTR2915766483,0,0,1,0,0,0,0
TXN00005436,2026-01-11 18:27:49,USR46672,MCH4315,18492.13,UTR7811241831,8120,SUCCESS,TXN00005436,USR46672,MCH4315,UTR7811241831,0,0,0,0,0,0,0
TXN00019578,2026-01-13 00:06:31,USR63951,MCH9313,1874.73,UTR2349861171,4110,FAILED,TXN00019578,USR63951,MCH9313,UTR2349861171,0,0,0,0,0,1,0
TXN00014171,2026-01-03 14:32:17,USR58725,MCH1310,19356.55,UTR5916680912,,SUCCESS,TXN00014171,USR58725,MCH1310,UTR5916680912,0,0,1,0,0,0,0
TXN00002471,2026-01-17 01:44:03,USR25524,MCH1175,5701.47,UTR8502716421,9120,SUCCESS,TXN00002471,USR25524,MCH1175,UTR8502716421,0,0,0,0,0,0,0
TXN00000828,2026-03-28 14:33:28,USR94984,MCH6659,8680.36,UTR5777821650,1310,SUCCESS,TXN00000828,USR94984,MCH6659,UTR5777821650,0,0,0,0,0,0,0
TXN00000965,2026-02-15 15:53:39,USR10854,MCH4650,7224.46,UTR6727825844,4110,FAILED,TXN00000965,USR10854,MCH4650,UTR6727825844,0,0,0,0,0,1,0
TXN00013144,2026-01-15 11:09:16,USR34262,MCH6678,2300.04,UTR4068738459,,SUCCESS,TXN00013144,USR34262,MCH6678,UTR4068738459,0,0,1,0,0,0,0
TXN00001289,2026-01-26 16:27:25,USR23115,MCH5427,839.75,UTR7972141604,,SUCCESS,TXN00001289,USR23115,MCH5427,UTR7972141604,0,0,1,0,0,0,0
TXN00007846,2026-01-13 17:34:35,USR77463,MCH6867,-15367.38,UTR7131627198,1310,SUCCESS,TXN00007846,USR77463,MCH6867,UTR7131627198,1,0,0,0,0,0,0
TXN00008633,2026-02-24 20:20:32,USR34480,MCH1597,879.63,UTR3466150257,1310,SUCCESS,TXN00008633,USR34480,MCH1597,UTR3466150257,0,0,0,0,0,0,0
TXN00008934,2026-03-21 18:41:46,USR57404,MCH3338,16693.37,UTR9991608679,4110,SUCCESS,TXN00008934,USR57404,MCH3338,UTR 9991608679,0,0,0,0,0,0,0
TXN00013098,2026-01-14 19:12:35,USR96990,MCH3478,0.137252,UTR0499310692,4110,SUCCESS,TXN00013098,USR96990,MCH3478,UTR0499310692,0,0,0,0,0,0,0
TXN00010902,2026-01-20 22:02:47,USR35589,MCH9785,14723.1,UTR6815495337,,SUCCESS,TXN00010902,USR35589,MCH9785,UTR6815495337,0,0,1,0,0,0,0
TXN00004316,2026-02-25 00:00:00,USR90525,MCH3719,4437.07,UTR6972442206,8120,SUCCESS,TXN00004316,USR90525,MCH3719,UTR6972442206,0,0,0,0,0,0,0
TXN00017125,2026-03-21 15:42:44,USR27169,MCH7254,12114.36,UTR9972728372,,SUCCESS,TXN00017125,USR27169,MCH7254,UTR9972728372,0,0,1,0,0,0,0
TXN00000690,2026-01-20 03:07:30,USR14048,MCH7898,4684.22,UTR7687315552,1310,SUCCESS,TXN00000690,USR14048,MCH7898,UTR7687315552,0,0,0,0,0,0,0
TXN00002446,2026-02-19 07:00:09,USR53451,MCH2084,-7565.31,UTR2751345794,9120,SUCCESS,TXN00002446,USR53451,MCH2084,UTR2751345794,1,0,0,0,0,0,0
TXN00002946,2026-03-28 21:19:42,USR82427,MCH8150,2571.87,UTR6802119084,4110,FAILED,TXN00002946,USR82427,MCH8150,UTR6802119084,0,0,0,0,0,1,0
TXN00016706,2026-03-24 17:22:01,USR46960,MCH7484,1915.53,UTR3593695247,8120,SUCCESS,TXN00016706,USR46960,MCH7484,UTR3593695247,0,0,0,0,0,0,0
TXN00015576,2026-01-17 13:52:13,USR63093,MCH1968,14393.67,UTR2500670168,0110,SUCCESS,TXN00015576,USR63093,MCH1968,UTR 2500670168,0,0,0,0,0,0,0
TXN00006404,2026-02-16 20:42:50,USR56381,MCH4857,21835.29,UTR2988538455,4110,SUCCESS,TXN00006404,USR56381,MCH4857,UTR2988538455,0,0,0,0,0,0,0
TXN00016482,2026-02-05 04:26:58,USR32085,MCH3387,19749.89,UTR0241254059,0110,SUCCESS,TXN00016482,USR32085,MCH3387,UTR0241254059,0,0,0,0,0,0,0
TXN00015641,2026-02-09 11:14:53,USR52912,MCH4784,0.1151812,,1310,SUCCESS,TXN00015641,USR52912,MCH4784,,0,1,0,0,0,0,0
TXN00013095,2026-03-01 17:11:34,USR79898,MCH3561,22669.49,UTR0688477873,9120,SUCCESS,TXN00013095,USR79898,MCH3561,UTR0688477873,0,0,0,0,0,0,0
TXN00007117,2026-03-09 07:52:28,USR87242,MCH4105,20111.0,UTR3658508726,4110,FAILED,TXN00007117,USR87242,MCH4105,UTR3658508726,0,0,0,0,0,1,0
TXN00000567,2026-01-13 08:58:10,USR58390,MCH3512,9812.18,UTR1087914252,1310,SUCCESS,TXN00000567,USR58390,MCH3512,UTR1087914252,0,0,0,0,0,0,0
TXN00000759,2026-01-10 01:36:28,USR94152,MCH7520,22348.38,UTR0652412129,,SUCCESS,TXN00000759,USR94152,MCH7520,UTR0652412129,0,0,1,0,0,0,0
TXN00014407,2026-01-30 22:26:51,USR51814,MCH1986,1022.11,UTR3456091704,1310,SUCCESS,TXN00014407,USR51814,MCH1986,UTR3456091704,0,0,0,0,0,0,0
TXN00018645,2026-01-01 23:25:02,USR65791,MCH1134,20786.09,UTR6666396631,1310,SUCCESS,TXN00018645,USR65791,MCH1134,UTR6666396631,0,0,0,0,0,0,0
TXN00002143,2026-02-10 05:07:05,USR37004,MCH6554,0.1775897,,4110,SUCCESS,TXN00002143,USR37004,MCH6554,,0,1,0,0,0,0,0
TXN00005922,2026-03-17 17:08:09,USR17626,MCH3705,24146.26,UTR2341672911,4110,FAILED,TXN00005922,USR17626,MCH3705,UTR2341672911,0,0,0,0,0,1,0
TXN00006343,2026-01-04 19:54:44,USR39387,MCH7308,-16277.78,UTR7145664495,8120,FAILED,TXN00006343,USR39387,MCH7308,UTR7145664495,1,0,0,0,0,1,0
TXN00012573,2026-12-01 07:22:07,USR17541,MCH1978,0.2752,UTR0861350657,8120,SUCCESS,TXN00012573,USR17541,MCH1978,UTR0861350657,0,0,0,0,0,0,0
TXN00010767,2026-06-02 04:43:08,USR48652,MCH3907,14693.17,UTR6266975281,4110,SUCCESS,TXN00010767,USR48652,MCH3907,UTR6266975281,0,0,0,0,0,0,0
TXN00010186,2026-01-07 20:04:21,USR87663,MCH9314,12374.91,,4110,SUCCESS,TXN00010186,USR87663,MCH9314,,0,1,0,0,0,0,0
TXN00006625,2026-02-19 08:30:05,USR86356,MCH2958,20460.83,UTR5462516758,9120,SUCCESS,TXN00006625,USR86356,MCH2958,UTR5462516758,0,0,0,0,0,0,0
TXN00006455,2026-02-12 00:36:31,USR54503,MCH6756,22667.27,UTR9501367605,4110,SUCCESS,TXN00006455,USR54503,MCH6756,UTR 9501367605,0,0,0,0,0,0,0
TXN00005511,2026-03-21 18:36:38,USR52918,MCH5878,3340.77,UTR8938569835,4110,SUCCESS,TXN00005511,USR52918,MCH5878,UTR8938569835,0,0,0,0,0,0,0
TXN00018725,2026-01-20 18:19:02,USR73312,MCH8848,265.0,UTR4108524381,4110,SUCCESS,TXN00018725,USR73312,MCH8848,UTR4108524381,0,0,0,0,0,0,0
TXN00010644,2026-10-01 12:21:16,USR85121,MCH7256,23628.49,UTR8567839110,,SUCCESS,TXN00010644,USR85121,MCH7256,UTR8567839110,0,0,1,0,0,0,0
TXN00018866,2026-01-30 19:07:03,USR87329,MCH9195,4670.65,UTR1115944295,1310,FAILED,TXN00018866,USR87329,MCH9195,UTR1115944295,0,0,0,0,0,1,0
TXN00011276,2026-04-01 04:24:45,USR52379,MCH7007,7507.76,UTR5144960248,9120,PENDING,TXN00011276,USR52379,MCH7007,UTR 5144960248,0,0,0,0,0,0,1
TXN00014355,2026-03-11 06:45:55,USR25818,MCH1907,0.236687,UTR3128859843,9120,SUCCESS,TXN00014355,USR25818,MCH1907,UTR3128859843,0,0,0,0,0,0,0
TXN00006446,2026-03-07 00:51:01,USR28116,MCH5841,13484.45,UTR3808976181,1310,PENDING,TXN00006446,USR28116,MCH5841,UTR 3808976181,0,0,0,0,0,0,1
TXN00008378,2026-03-16 08:17:23,USR87107,MCH9243,0.567866,UTR6413651623,8120,FAILED,TXN00008378,USR87107,MCH9243,UTR6413651623,0,0,0,0,0,1,0
TXN00018810,2026-03-12 19:13:12,USR31132,MCH6369,20390.41,UTR3583477807,4110,SUCCESS,TXN00018810,USR31132,MCH6369,UTR3583477807,0,0,0,0,0,0,0
TXN00018788,2026-03-01 02:27:55,USR62491,MCH7553,23373.0,UTR1865849787,4110,PENDING,TXN00018788,USR62491,MCH7553,UTR1865849787,0,0,0,0,0,0,1
TXN00007198,2026-01-22 16:20:31,USR37647,MCH5045,19156.27,UTR2715122735,4110,SUCCESS,TXN00007198,USR37647,MCH5045,UTR2715122735,0,0,0,0,0,0,0
TXN00010911,2026-02-13 00:00:00,USR94450,MCH9582,152.97,UTR2157522440,4110,SUCCESS,TXN00010911,USR94450,MCH9582,UTR2157522440,0,0,0,0,0,0,0
TXN00015036,2026-02-13 07:55:24,USR82776,MCH6159,20184.78,UTR0532392639,9120,SUCCESS,TXN00015036,USR82776,MCH6159,UTR0532392639,0,0,0,0,0,0,0
TXN00007859,2026-02-06 23:31:21,USR43305,MCH1555,3418.0,UTR0628399237,4110,SUCCESS,TXN00007859,USR43305,MCH1555,UTR0628399237,0,0,0,0,0,0,0
TXN00001419,2026-01-26 22:17:10,USR78146,MCH1314,0.1131045,UTR9911275344,,SUCCESS,TXN00001419,USR78146,MCH1314,UTR9911275344,0,0,1,0,0,0,0
TXN00017052,2026-02-20 19:04:26,USR38878,MCH4712,-2292.28,UTR1404693360,4110,SUCCESS,TXN00017052,USR38878,MCH4712,UTR1404693360,1,0,0,0,0,0,0
TXN00004220,2026-03-18 07:12:06,USR16722,MCH6535,0.631528,UTR7905175582,1310,FAILED,TXN00004220,USR16722,MCH6535,UTR7905175582,0,0,0,0,0,1,0
TXN00014841,2026-01-10 09:43:30,USR31183,MCH5336,5612.07,UTR9804239368,0110,SUCCESS,TXN00014841,USR31183,MCH5336,UTR9804239368,0,0,0,0,0,0,0
TXN00016130,2026-01-27 01:41:04,USR31554,MCH2075,11039.78,UTR7242895666,0110,SUCCESS,TXN00016130,USR31554,MCH2075,UTR7242895666,0,0,0,0,0,0,0
TXN00011500,2026-02-17 18:52:48,USR29570,MCH3419,24983.38,UTR3319387045,4110,SUCCESS,TXN00011500,USR29570,MCH3419,UTR3319387045,0,0,0,0,0,0,0
TXN00016347,2026-03-27 08:11:43,USR85706,MCH1311,9005.74,UTR9472112526,,SUCCESS,TXN00016347,USR85706,MCH1311,UTR9472112526,0,0,1,0,0,0,0
TXN00003608,2026-03-06 06:05:18,USR78322,MCH8065,7149.83,UTR3770162334,0110,SUCCESS,TXN00003608,USR78322,MCH8065,UTR 3770162334,0,0,0,0,0,0,0
TXN00005532,2026-07-02 11:17:55,USR88275,MCH9612,3344.07,UTR2727285093,4110,SUCCESS,TXN00005532,USR88275,MCH9612,UTR 2727285093,0,0,0,0,0,0,0
TXN00002964,2026-02-27 11:00:49,USR47081,MCH1407,24463.0,UTR6942151405,,SUCCESS,TXN00002964,USR47081,MCH1407,UTR6942151405,0,0,1,0,0,0,0
TXN00006163,2026-01-20 08:40:07,USR48255,MCH9236,6231.93,UTR8197748428,4110,SUCCESS,TXN00006163,USR48255,MCH9236,UTR8197748428,0,0,0,0,0,0,0
TXN00004247,2026-02-09 17:22:08,USR96885,MCH4409,6279.47,UTR9821587812,,SUCCESS,TXN00004247,USR96885,MCH4409,UTR9821587812,0,0,1,0,0,0,0
TXN00003076,2026-01-21 21:19:22,USR95257,MCH6483,21653.73,UTR1312810607,4110,SUCCESS,TXN00003076,USR95257,MCH6483,UTR1312810607,0,0,0,0,0,0,0
TXN00018676,2026-01-29 09:22:15,USR59909,MCH7592,12650.77,UTR8499977226,9120,SUCCESS,TXN00018676,USR59909,MCH7592,UTR8499977226,0,0,0,0,0,0,0
TXN00008293,2026-03-18 20:15:00,USR14302,MCH9841,1782.2,UTR7973704818,1310,SUCCESS,TXN00008293,USR14302,MCH9841,UTR 7973704818,0,0,0,0,0,0,0
TXN00018234,2026-03-05 21:37:20,USR97236,MCH3636,7985.3,UTR0176524158,4110,PENDING,TXN00018234,USR97236,MCH3636,UTR 0176524158,0,0,0,0,0,0,1
TXN00000100,2026-01-21 08:11:12,USR87483,MCH5191,2706.21,UTR3503200761,1310,SUCCESS,TXN00000100,USR87483,MCH5191,UTR 3503200761,0,0,0,0,0,0,0
TXN00010250,2026-03-15 19:59:02,USR58773,MCH9533,507.34,UTR4012825519,4110,SUCCESS,TXN00010250,USR58773,MCH9533,UTR4012825519,0,0,0,0,0,0,0
TXN00001240,2026-03-17 07:29:49,USR38473,MCH2813,4646.28,UTR5609513122,4110,SUCCESS,TXN00001240,USR38473,MCH2813,UTR5609513122,0,0,0,0,0,0,0
TXN00009877,2026-02-15 03:22:48,USR44536,MCH9611,1464.0,UTR0644414992,1310,SUCCESS,TXN00009877,USR44536,MCH9611,UTR0644414992,0,0,0,0,0,0,0
TXN00005158,2026-03-10 00:48:32,USR48736,MCH3406,18913.71,UTR7000146694,8120,SUCCESS,TXN00005158,USR48736,MCH3406,UTR 7000146694,0,0,0,0,0,0,0
TXN00016165,2026-02-23 07:54:13,USR69178,MCH6973,0.1053653,UTR6179782378,,SUCCESS,TXN00016165,USR69178,MCH6973,UTR6179782378,0,0,1,0,0,0,0
TXN00014812,2026-01-30 21:38:33,USR79948,MCH8180,12149.75,UTR8117374041,8120,SUCCESS,TXN00014812,USR79948,MCH8180,UTR 8117374041,0,0,0,0,0,0,0
TXN00011059,2026-03-10 22:59:43,USR19696,MCH5138,4184.37,UTR1517726681,9120,SUCCESS,TXN00011059,USR19696,MCH5138,UTR1517726681,0,0,0,0,0,0,0
TXN00006691,2026-02-22 16:05:48,USR32849,MCH7039,19755.38,UTR8851884737,1310,SUCCESS,TXN00006691,USR32849,MCH7039,UTR8851884737,0,0,0,0,0,0,0
TXN00015302,2026-01-04 07:12:32,USR30275,MCH3615,11976.03,UTR9159570054,4110,SUCCESS,TXN00015302,USR30275,MCH3615,UTR9159570054,0,0,0,0,0,0,0
TXN00018252,2026-01-20 10:51:06,USR42433,MCH7068,1690.04,UTR2297971031,8120,FAILED,TXN00018252,USR42433,MCH7068,UTR2297971031,0,0,0,0,0,1,0
TXN00000996,2026-02-05 19:35:17,USR37563,MCH5586,2298.64,UTR7492217074,0110,SUCCESS,TXN00000996,USR37563,MCH5586,UTR7492217074,0,0,0,0,0,0,0
TXN00005538,2026-02-10 04:44:04,USR71901,MCH7761,21929.42,UTR7881811212,4110,SUCCESS,TXN00005538,USR71901,MCH7761,UTR7881811212,0,0,0,0,0,0,0
TXN00019366,2026-01-19 23:57:48,USR53402,MCH1247,9503.83,UTR9055970653,8120,SUCCESS,TXN00019366,USR53402,MCH1247,UTR9055970653,0,0,0,0,0,0,0
TXN00002180,2026-01-18 01:23:54,USR88660,MCH1878,12821.24,UTR0227191317,4110,SUCCESS,TXN00002180,USR88660,MCH1878,UTR0227191317,0,0,0,0,0,0,0
TXN00010297,2026-02-02 22:35:29,USR62655,MCH2287,21853.85,UTR6146637690,9120,SUCCESS,TXN00010297,USR62655,MCH2287,UTR 6146637690,0,0,0,0,0,0,0
TXN00002156,2026-02-17 05:56:11,USR30437,MCH2665,6004.45,UTR2741671591,9120,SUCCESS,TXN00002156,USR30437,MCH2665,UTR2741671591,0,0,0,0,0,0,0
TXN00004561,2026-01-09 10:41:06,USR36750,MCH9484,18006.73,UTR3201841606,,SUCCESS,TXN00004561,USR36750,MCH9484,UTR3201841606,0,0,1,0,0,0,0
TXN00012757,2026-02-14 09:12:11,USR60805,MCH7094,9339.15,UTR1687864757,0110,FAILED,TXN00012757,USR60805,MCH7094,UTR1687864757,0,0,0,0,0,1,0
TXN00013929,2026-02-06 08:06:11,USR38537,MCH4799,20791.0,UTR4825942019,1310,PENDING,TXN00013929,USR38537,MCH4799,UTR4825942019,0,0,0,0,0,0,1
TXN00010165,2026-03-01 06:06:23,USR32347,MCH3157,22887.77,UTR6531905694,1310,SUCCESS,TXN00010165,USR32347,MCH3157,UTR6531905694,0,0,0,0,0,0,0
TXN00015616,2026-03-07 20:21:21,USR26777,MCH3571,7729.0,UTR9672326272,8120,FAILED,TXN00015616,USR26777,MCH3571,UTR9672326272,0,0,0,0,0,1,0
TXN00016778,2026-01-29 16:49:01,USR34093,MCH6702,22708.13,UTR5657956869,0110,SUCCESS,TXN00016778,USR34093,MCH6702,UTR5657956869,0,0,0,0,0,0,0
TXN00004218,2026-01-28 05:08:48,USR75388,MCH3055,12458.27,UTR3079878538,9120,SUCCESS,TXN00004218,USR75388,MCH3055,UTR3079878538,0,0,0,0,0,0,0
TXN00002141,2026-02-28 22:35:22,USR15928,MCH7366,20478.0,UTR3215816579,8120,SUCCESS,TXN00002141,USR15928,MCH7366,UTR3215816579,0,0,0,0,0,0,0
TXN00009428,2026-06-02 01:51:08,USR97027,MCH9173,21106.8,UTR5072239750,0110,SUCCESS,TXN00009428,USR97027,MCH9173,UTR5072239750,0,0,0,0,0,0,0
TXN00018559,2026-01-07 01:14:09,USR97499,MCH2090,17045.22,UTR7128802745,4110,SUCCESS,TXN00018559,USR97499,MCH2090,UTR7128802745,0,0,0,0,0,0,0
TXN00007211,2026-02-05 07:52:05,USR44617,MCH3205,11413.36,UTR0232360097,,SUCCESS,TXN00007211,USR44617,MCH3205,UTR0232360097,0,0,1,0,0,0,0
TXN00009929,2026-03-03 02:22:31,USR97861,MCH8598,20882.38,UTR3455500190,1310,SUCCESS,TXN00009929,USR97861,MCH8598,UTR3455500190,0,0,0,0,0,0,0
TXN00010091,2026-02-13 07:07:14,USR12813,MCH1531,5540.0,UTR6300664163,4110,SUCCESS,TXN00010091,USR12813,MCH1531,UTR6300664163,0,0,0,0,0,0,0
TXN00005026,2026-02-23 16:16:05,USR22695,MCH8081,0.1319442,UTR3643324307,8120,SUCCESS,TXN00005026,USR22695,MCH8081,UTR3643324307,0,0,0,0,0,0,0
TXN00006327,2026-03-12 06:01:31,USR57946,MCH7337,23769.11,UTR9733191036,9120,SUCCESS,TXN00006327,USR57946,MCH7337,UTR9733191036,0,0,0,0,0,0,0
TXN00019705,2026-01-15 14:57:04,USR54509,MCH4555,24446.4,UTR4255893643,8120,FAILED,TXN00019705,USR54509,MCH4555,UTR4255893643,0,0,0,0,0,1,0
TXN00000532,2026-01-05 22:22:12,USR65150,MCH4500,24992.94,,,SUCCESS,TXN00000532,USR65150,MCH4500,,0,1,1,0,0,0,0
TXN00011821,2026-03-26 04:39:24,USR42642,MCH5967,23054.06,UTR9928299450,9120,SUCCESS,TXN00011821,USR42642,MCH5967,UTR9928299450,0,0,0,0,0,0,0
TXN00017175,2026-03-04 13:38:27,USR45353,MCH1160,111.47,UTR8998386114,1310,FAILED,TXN00017175,USR45353,MCH1160,UTR8998386114,0,0,0,0,0,1,0
TXN00012070,2026-02-08 22:28:44,USR24267,MCH6493,8082.86,UTR4873155917,,SUCCESS,TXN00012070,USR24267,MCH6493,UTR4873155917,0,0,1,0,0,0,0
TXN00009224,2026-02-25 13:30:54,USR33354,MCH8094,6666.78,UTR6851471455,0110,SUCCESS,TXN00009224,USR33354,MCH8094,UTR6851471455,0,0,0,0,0,0,0
TXN00016865,2026-01-11 14:15:56,USR46801,MCH9531,9475.0,,4110,SUCCESS,TXN00016865,USR46801,MCH9531,,0,1,0,0,0,0,0
TXN00014454,2026-01-21 02:37:22,USR65050,MCH8712,0.2428269,UTR6253082059,4110,SUCCESS,TXN00014454,USR65050,MCH8712,UTR6253082059,0,0,0,0,0,0,0
TXN00012861,2026-03-15 00:00:00,USR91760,MCH3131,8362.82,UTR1889592881,0110,FAILED,TXN00012861,USR91760,MCH3131,UTR1889592881,0,0,0,0,0,1,0
TXN00013232,2026-02-07 02:09:00,USR60998,MCH7723,10814.37,UTR8767619560,4110,SUCCESS,TXN00013232,USR60998,MCH7723,UTR8767619560,0,0,0,0,0,0,0
TXN00015834,2026-01-20 07:41:05,USR34207,MCH6138,3200.39,UTR2902040427,9120,SUCCESS,TXN00015834,USR34207,MCH6138,UTR 2902040427,0,0,0,0,0,0,0
TXN00008239,2026-12-01 20:36:37,USR90088,MCH5044,15731.65,UTR4888747126,8120,SUCCESS,TXN00008239,USR90088,MCH5044,UTR4888747126,0,0,0,0,0,0,0
TXN00003367,2026-02-25 17:49:39,USR87769,MCH8126,8119.55,UTR5242680806,9120,SUCCESS,TXN00003367,USR87769,MCH8126,UTR5242680806,0,0,0,0,0,0,0
TXN00010991,2026-01-31 20:25:45,USR85381,MCH7995,16516.71,UTR4119750625,8120,SUCCESS,TXN00010991,USR85381,MCH7995,UTR4119750625,0,0,0,0,0,0,0
TXN00004346,2026-02-20 14:17:08,USR54388,MCH8323,8834.04,UTR7546282860,4110,SUCCESS,TXN00004346,USR54388,MCH8323,UTR7546282860,0,0,0,0,0,0,0
TXN00009360,2026-03-04 16:28:43,USR12213,MCH1917,17172.33,UTR5784571008,4110,SUCCESS,TXN00009360,USR12213,MCH1917,UTR5784571008,0,0,0,0,0,0,0
TXN00009186,2026-02-23 03:23:54,USR39171,MCH4517,18025.12,UTR7099873226,0110,SUCCESS,TXN00009186,USR39171,MCH4517,UTR7099873226,0,0,0,0,0,0,0
TXN00011368,2026-01-11 17:03:19,USR37297,MCH7308,24534.61,UTR0521092350,9120,SUCCESS,TXN00011368,USR37297,MCH7308,UTR0521092350,0,0,0,0,0,0,0
TXN00002515,2026-03-26 18:14:30,USR98784,MCH2631,15668.55,UTR7980482450,9120,SUCCESS,TXN00002515,USR98784,MCH2631,UTR7980482450,0,0,0,0,0,0,0
TXN00010042,2026-01-10 10:52:31,USR21265,MCH5803,3527.85,UTR6390238242,4110,SUCCESS,TXN00010042,USR21265,MCH5803,UTR6390238242,0,0,0,0,0,0,0
TXN00000859,2026-01-27 09:08:31,USR97063,MCH7353,14125.38,UTR3605665560,4110,FAILED,TXN00000859,USR97063,MCH7353,UTR3605665560,0,0,0,0,0,1,0
TXN00002672,2026-03-20 23:36:46,USR31289,MCH3128,9884.32,UTR4292999196,4110,SUCCESS,TXN00002672,USR31289,MCH3128,UTR4292999196,0,0,0,0,0,0,0
TXN00014437,2026-03-23 02:35:17,USR32003,MCH9122,17990.35,UTR2445406581,9120,SUCCESS,TXN00014437,USR32003,MCH9122,UTR2445406581,0,0,0,0,0,0,0
TXN00007220,2026-01-17 02:26:36,USR77576,MCH9832,0.2280724,UTR0226822799,4110,PENDING,TXN00007220,USR77576,MCH9832,UTR0226822799,0,0,0,0,0,0,1
TXN00019219,2026-03-23 22:48:53,USR68951,MCH7364,15654.85,UTR3440785665,1310,SUCCESS,TXN00019219,USR68951,MCH7364,UTR3440785665,0,0,0,0,0,0,0
TXN00005059,2026-03-26 02:00:04,USR53351,MCH9116,13958.7,UTR5056584798,9120,SUCCESS,TXN00005059,USR53351,MCH9116,UTR 5056584798,0,0,0,0,0,0,0
TXN00016547,2026-03-16 00:00:00,USR57105,MCH3847,24796.94,UTR0966235116,4110,FAILED,TXN00016547,USR57105,MCH3847,UTR0966235116,0,0,0,0,0,1,0
TXN00013321,2026-02-22 11:18:57,USR18286,MCH9731,17041.56,UTR0497513538,9120,SUCCESS,TXN00013321,USR18286,MCH9731,UTR0497513538,0,0,0,0,0,0,0
TXN00000844,2026-03-23 13:01:20,USR46479,MCH4798,24027.15,UTR2317918520,1310,PENDING,TXN00000844,USR46479,MCH4798,UTR 2317918520,0,0,0,0,0,0,1
TXN00007539,2026-01-12 13:29:23,USR52903,MCH6596,0.101223,UTR1429739404,9120,SUCCESS,TXN00007539,USR52903,MCH6596,UTR1429739404,0,0,0,0,0,0,0
TXN00014464,2026-01-17 20:34:03,USR93931,MCH7997,1012.51,UTR2559781924,1310,SUCCESS,TXN00014464,USR93931,MCH7997,UTR2559781924,0,0,0,0,0,0,0
TXN00005165,2026-01-23 16:21:13,USR26617,MCH5604,3707.48,UTR5877638027,,SUCCESS,TXN00005165,USR26617,MCH5604,UTR5877638027,0,0,1,0,0,0,0
TXN00012544,2026-01-19 12:36:03,USR37069,MCH8919,5451.05,UTR7255151380,4110,SUCCESS,TXN00012544,USR37069,MCH8919,UTR7255151380,0,0,0,0,0,0,0
TXN00011208,2026-02-24 05:45:39,USR10932,MCH7451,5715.99,UTR6785889132,8120,SUCCESS,TXN00011208,USR10932,MCH7451,UTR6785889132,0,0,0,0,0,0,0
TXN00007538,2026-03-06 00:14:25,USR21835,MCH6227,8780.88,UTR4527081786,1310,SUCCESS,TXN00007538,USR21835,MCH6227,UTR4527081786,0,0,0,0,0,0,0
TXN00015041,2026-01-24 00:00:00,USR61018,MCH1241,13371.0,UTR8856630821,4110,SUCCESS,TXN00015041,USR61018,MCH1241,UTR8856630821,0,0,0,0,0,0,0
TXN00000696,2026-02-02 01:25:18,USR99610,MCH9175,15269.39,UTR9012199005,1310,SUCCESS,TXN00000696,USR99610,MCH9175,UTR9012199005,0,0,0,0,0,0,0
TXN00004450,2026-01-31 09:46:32,USR75677,MCH6868,18274.0,UTR0864449677,8120,SUCCESS,TXN00004450,USR75677,MCH6868,UTR 0864449677,0,0,0,0,0,0,0
TXN00019527,2026-02-23 16:20:12,USR72916,MCH4686,15180.0,UTR9128277809,9120,FAILED,TXN00019527,USR72916,MCH4686,UTR9128277809,0,0,0,0,0,1,0
TXN00015796,2026-02-06 08:12:15,USR81893,MCH9045,0.526945,UTR7447604078,,SUCCESS,TXN00015796,USR81893,MCH9045,UTR7447604078,0,0,1,0,0,0,0
TXN00015671,2026-08-03 12:26:58,USR26808,MCH4458,0.1541274,UTR5617864610,8120,SUCCESS,TXN00015671,USR26808,MCH4458,UTR5617864610,0,0,0,0,0,0,0
TXN00009627,2026-02-16 11:20:24,USR45703,MCH5362,14887.94,UTR1895254516,8120,SUCCESS,TXN00009627,USR45703,MCH5362,UTR1895254516,0,0,0,0,0,0,0
TXN00012634,2026-03-28 16:33:16,USR23538,MCH8681,13452.7,UTR4149144116,0110,SUCCESS,TXN00012634,USR23538,MCH8681,UTR4149144116,0,0,0,0,0,0,0
TXN00009075,2026-01-11 23:42:32,USR58488,MCH4333,9256.27,UTR3899439678,8120,SUCCESS,TXN00009075,USR58488,MCH4333,UTR3899439678,0,0,0,0,0,0,0
TXN00009187,2026-01-28 00:03:00,USR68288,MCH3915,18214.49,UTR6619917867,1310,SUCCESS,TXN00009187,USR68288,MCH3915,UTR6619917867,0,0,0,0,0,0,0
TXN00015927,2026-01-04 17:24:00,USR38387,MCH7153,3872.76,UTR3730615099,4110,SUCCESS,TXN00015927,USR38387,MCH7153,UTR3730615099,0,0,0,0,0,0,0
TXN00011899,2026-03-21 17:55:12,USR79583,MCH2358,17298.55,UTR7623283699,4110,SUCCESS,TXN00011899,USR79583,MCH2358,UTR7623283699,0,0,0,0,0,0,0
TXN00011085,2026-01-01 05:42:04,USR78599,MCH3965,17963.85,UTR8105415962,4110,SUCCESS,TXN00011085,USR78599,MCH3965,UTR8105415962,0,0,0,0,0,0,0
TXN00019730,2026-02-19 22:42:40,USR99385,MCH6753,16652.0,UTR6545574768,4110,SUCCESS,TXN00019730,USR99385,MCH6753,UTR6545574768,0,0,0,0,0,0,0
TXN00009543,2026-02-22 11:38:09,USR93545,MCH7682,8705.74,UTR3802410673,4110,FAILED,TXN00009543,USR93545,MCH7682,UTR3802410673,0,0,0,0,0,1,0
TXN00013971,2026-01-09 05:30:09,USR65918,MCH4349,5114.65,UTR2538929944,,SUCCESS,TXN00013971,USR65918,MCH4349,UTR2538929944,0,0,1,0,0,0,0
TXN00016383,2026-02-11 06:53:29,USR19837,MCH1991,13167.0,UTR1998022812,8120,SUCCESS,TXN00016383,USR19837,MCH1991,UTR1998022812,0,0,0,0,0,0,0
TXN00002692,2026-01-05 06:04:33,USR46890,MCH9533,14882.34,,4110,PENDING,TXN00002692,USR46890,MCH9533,,0,1,0,0,0,0,1
TXN00017097,2026-01-10 16:19:21,USR64893,MCH4937,18679.68,,0110,SUCCESS,TXN00017097,USR64893,MCH4937,,0,1,0,0,0,0,0
TXN00013020,2026-03-22 10:23:58,USR10973,MCH4591,24429.8,UTR6488124463,8120,SUCCESS,TXN00013020,USR10973,MCH4591,UTR6488124463,0,0,0,0,0,0,0
TXN00008821,2026-01-20 07:24:46,USR57173,MCH7097,2106.0,UTR2820583002,1310,SUCCESS,TXN00008821,USR57173,MCH7097,UTR2820583002,0,0,0,0,0,0,0
TXN00001576,2026-02-22 12:39:31,USR39662,MCH2573,2401.91,UTR5649563814,,SUCCESS,TXN00001576,USR39662,MCH2573,UTR5649563814,0,0,1,0,0,0,0
TXN00004040,2026-03-07 17:36:20,USR60144,MCH1611,14449.4,UTR3577689282,9120,PENDING,TXN00004040,USR60144,MCH1611,UTR3577689282,0,0,0,0,0,0,1
TXN00016670,2026-01-31 13:01:30,USR64312,MCH1595,8720.18,UTR4831124003,1310,SUCCESS,TXN00016670,USR64312,MCH1595,UTR4831124003,0,0,0,0,0,0,0
TXN00003009,2026-02-14 00:50:03,USR99590,MCH6309,16853.76,UTR3352383702,8120,SUCCESS,TXN00003009,USR99590,MCH6309,UTR 3352383702,0,0,0,0,0,0,0
TXN00017942,2026-01-27 14:17:20,USR55820,MCH4473,9301.31,UTR2081306362,9120,SUCCESS,TXN00017942,USR55820,MCH4473,UTR2081306362,0,0,0,0,0,0,0
TXN00010106,2026-03-23 02:45:39,USR60135,MCH2438,5572.86,UTR8722624513,,SUCCESS,TXN00010106,USR60135,MCH2438,UTR8722624513,0,0,1,0,0,0,0
TXN00006506,2026-02-18 09:29:13,USR23155,MCH3875,20192.57,UTR8132096650,4110,SUCCESS,TXN00006506,USR23155,MCH3875,UTR8132096650,0,0,0,0,0,0,0
TXN00000988,2026-03-06 23:57:07,USR50027,MCH4798,10876.34,UTR4512516085,1310,SUCCESS,TXN00000988,USR50027,MCH4798,UTR4512516085,0,0,0,0,0,0,0
TXN00014590,2026-01-20 23:35:21,USR84124,MCH5212,2251.59,UTR7864186277,,SUCCESS,TXN00014590,USR84124,MCH5212,UTR7864186277,0,0,1,0,0,0,0
TXN00007779,2026-01-18 00:00:00,USR20053,MCH8171,22433.49,UTR4634539005,4110,SUCCESS,TXN00007779,USR20053,MCH8171,UTR4634539005,0,0,0,0,0,0,0
TXN00016819,2026-01-31 10:50:48,USR30564,MCH1489,13051.61,UTR0032775326,8120,SUCCESS,TXN00016819,USR30564,MCH1489,UTR0032775326,0,0,0,0,0,0,0
TXN00007145,2026-02-14 22:30:53,USR97518,MCH9908,23340.49,UTR2881104068,0110,SUCCESS,TXN00007145,USR97518,MCH9908,UTR2881104068,0,0,0,0,0,0,0
TXN00007363,2026-12-03 16:18:11,USR62187,MCH3332,13519.87,UTR9562751410,9120,SUCCESS,TXN00007363,USR62187,MCH3332,UTR9562751410,0,0,0,0,0,0,0
TXN00008540,2026-01-21 20:34:24,USR81140,MCH9573,21954.1,UTR0333911219,1310,SUCCESS,TXN00008540,USR81140,MCH9573,UTR0333911219,0,0,0,0,0,0,0
TXN00017782,2026-02-25 20:23:03,USR66708,MCH7736,14187.82,UTR8518197304,4110,SUCCESS,TXN00017782,USR66708,MCH7736,UTR8518197304,0,0,0,0,0,0,0
TXN00003147,2026-02-20 10:07:58,USR17017,MCH1008,0.223847,UTR0203038753,4110,SUCCESS,TXN00003147,USR17017,MCH1008,UTR 0203038753,0,0,0,0,0,0,0
TXN00003496,2026-02-14 04:10:37,USR21435,MCH8541,5289.0,,0110,SUCCESS,TXN00003496,USR21435,MCH8541,,0,1,0,0,0,0,0
TXN00005932,2026-02-09 18:13:15,USR12550,MCH2922,8279.56,UTR3420981940,8120,SUCCESS,TXN00005932,USR12550,MCH2922,UTR3420981940,0,0,0,0,0,0,0
TXN00009587,2026-03-20 22:04:48,USR10156,MCH1421,4524.57,UTR4554286330,9120,SUCCESS,TXN00009587,USR10156,MCH1421,UTR4554286330,0,0,0,0,0,0,0
TXN00008383,2026-02-01 07:42:45,USR81033,MCH4395,16576.03,UTR3836197430,9120,SUCCESS,TXN00008383,USR81033,MCH4395,UTR3836197430,0,0,0,0,0,0,0
TXN00003405,2026-02-17 22:53:57,USR71509,MCH6178,-18707.12,UTR9708271903,,SUCCESS,TXN00003405,USR71509,MCH6178,UTR9708271903,1,0,1,0,0,0,0
TXN00019175,2026-01-29 02:05:49,USR59616,MCH7354,4620.35,UTR4709463044,0110,SUCCESS,TXN00019175,USR59616,MCH7354,UTR4709463044,0,0,0,0,0,0,0
TXN00014522,2026-01-02 17:07:28,USR86483,MCH7020,0.2354834,UTR2817877307,0110,SUCCESS,TXN00014522,USR86483,MCH7020,UTR2817877307,0,0,0,0,0,0,0
TXN00011962,2026-03-21 22:11:23,USR78468,MCH4775,21180.46,UTR3819717744,4110,SUCCESS,TXN00011962,USR78468,MCH4775,UTR3819717744,0,0,0,0,0,0,0
TXN00000913,2026-02-17 09:39:25,USR67920,MCH6024,15607.48,,8120,SUCCESS,TXN00000913,USR67920,MCH6024,,0,1,0,0,0,0,0
TXN00006881,2026-01-01 20:30:50,USR47580,MCH3251,19183.16,UTR7171882394,0110,SUCCESS,TXN00006881,USR47580,MCH3251,UTR7171882394,0,0,0,0,0,0,0
TXN00007374,2026-01-17 13:26:57,USR60296,MCH3826,15108.0,UTR8321780374,9120,SUCCESS,TXN00007374,USR60296,MCH3826,UTR8321780374,0,0,0,0,0,0,0
TXN00004376,2026-02-02 03:15:42,USR29572,MCH1971,12087.52,UTR6699511027,8120,SUCCESS,TXN00004376,USR29572,MCH1971,UTR6699511027,0,0,0,0,0,0,0
TXN00005250,2026-03-31 01:45:48,USR29631,MCH5292,11882.96,UTR0949171996,0110,SUCCESS,TXN00005250,USR29631,MCH5292,UTR0949171996,0,0,0,0,0,0,0
TXN00005257,2026-03-04 00:00:00,USR94621,MCH1725,1728.16,UTR0881537679,0110,SUCCESS,TXN00005257,USR94621,MCH1725,UTR0881537679,0,0,0,0,0,0,0
TXN00008033,2026-03-30 20:44:21,USR58504,MCH1023,0.614833,UTR6810881309,9120,SUCCESS,TXN00008033,USR58504,MCH1023,UTR6810881309,0,0,0,0,0,0,0
TXN00015011,2026-02-28 22:49:03,USR80080,MCH5705,1698.2,,1310,SUCCESS,TXN00015011,USR80080,MCH5705,,0,1,0,0,0,0,0
TXN00003548,2026-01-09 19:54:33,USR51881,MCH4160,12119.0,UTR5953099524,9120,PENDING,TXN00003548,USR51881,MCH4160,UTR5953099524,0,0,0,0,0,0,1
TXN00004525,2026-03-16 08:43:18,USR75095,MCH1271,20255.93,UTR3395704563,,FAILED,TXN00004525,USR75095,MCH1271,UTR3395704563,0,0,1,0,0,1,0
TXN00010908,2026-02-03 09:13:17,USR18997,MCH8180,10368.88,UTR2992731625,9120,SUCCESS,TXN00010908,USR18997,MCH8180,UTR2992731625,0,0,0,0,0,0,0
TXN00018986,2026-01-15 13:40:21,USR95277,MCH5681,16306.25,UTR6554333050,4110,PENDING,TXN00018986,USR95277,MCH5681,UTR6554333050,0,0,0,0,0,0,1
TXN00003252,2026-03-30 13:24:12,USR74816,MCH4989,2893.71,UTR1311062115,0110,SUCCESS,TXN00003252,USR74816,MCH4989,UTR1311062115,0,0,0,0,0,0,0
TXN00015515,2026-01-15 21:39:39,USR71153,MCH8881,11634.69,UTR0249246573,0110,SUCCESS,TXN00015515,USR71153,MCH8881,UTR0249246573,0,0,0,0,0,0,0
TXN00011138,2026-02-14 18:18:37,USR70906,MCH1313,22500.58,UTR0580575947,4110,FAILED,TXN00011138,USR70906,MCH1313,UTR0580575947,0,0,0,0,0,1,0
TXN00008898,2026-01-31 00:01:06,USR44559,MCH1142,14469.0,UTR3834676437,8120,SUCCESS,TXN00008898,USR44559,MCH1142,UTR3834676437,0,0,0,0,0,0,0
TXN00017278,2026-01-10 00:11:11,USR43460,MCH5110,18655.41,UTR4446523867,8120,SUCCESS,TXN00017278,USR43460,MCH5110,UTR4446523867,0,0,0,0,0,0,0
TXN00008539,2026-01-22 13:02:00,USR19438,MCH8451,11774.35,UTR2587152297,4110,SUCCESS,TXN00008539,USR19438,MCH8451,UTR2587152297,0,0,0,0,0,0,0
TXN00012581,2026-02-15 18:38:58,USR78790,MCH4770,20049.99,UTR0887911081,9120,SUCCESS,TXN00012581,USR78790,MCH4770,UTR0887911081,0,0,0,0,0,0,0
TXN00011226,2026-03-21 12:02:47,USR41379,MCH6825,10595.0,,9120,SUCCESS,TXN00011226,USR41379,MCH6825,,0,1,0,0,0,0,0
TXN00001630,2026-01-23 13:02:17,USR41626,MCH6762,11264.77,UTR3201034498,4110,FAILED,TXN00001630,USR41626,MCH6762,UTR3201034498,0,0,0,0,0,1,0
TXN00007973,2026-02-05 06:14:07,USR78422,MCH8563,4049.33,,1310,SUCCESS,TXN00007973,USR78422,MCH8563,,0,1,0,0,0,0,0
TXN00009711,2026-01-06 23:15:50,USR78920,MCH9759,4709.15,UTR8116456874,1310,SUCCESS,TXN00009711,USR78920,MCH9759,UTR8116456874,0,0,0,0,0,0,0
TXN00009741,2026-03-19 02:57:42,USR26919,MCH1247,243.53,UTR2084251642,8120,SUCCESS,TXN00009741,USR26919,MCH1247,UTR2084251642,0,0,0,0,0,0,0
TXN00000464,2026-03-07 05:09:05,USR93599,MCH3039,14588.0,UTR5069198722,4110,SUCCESS,TXN00000464,USR93599,MCH3039,UTR5069198722,0,0,0,0,0,0,0
TXN00017414,2026-03-21 13:12:16,USR53286,MCH9777,0.575906,UTR3432580645,1310,PENDING,TXN00017414,USR53286,MCH9777,UTR3432580645,0,0,0,0,0,0,1
TXN00010413,2026-01-08 20:05:50,USR98234,MCH9885,0.594057,UTR1931183225,8120,SUCCESS,TXN00010413,USR98234,MCH9885,UTR1931183225,0,0,0,0,0,0,0
TXN00006878,2026-03-21 23:19:59,USR27646,MCH4780,4785.73,UTR1352728677,0110,SUCCESS,TXN00006878,USR27646,MCH4780,UTR1352728677,0,0,0,0,0,0,0
TXN00013568,2026-01-08 22:37:42,USR84131,MCH4379,11402.51,UTR5049263974,9120,SUCCESS,TXN00013568,USR84131,MCH4379,UTR5049263974,0,0,0,0,0,0,0
TXN00015806,2026-02-12 13:56:49,USR78747,MCH3671,-2808.2,UTR4729334644,0110,SUCCESS,TXN00015806,USR78747,MCH3671,UTR4729334644,1,0,0,0,0,0,0
TXN00016575,2026-02-18 00:00:00,USR44424,MCH9611,2650.01,UTR5536988147,8120,SUCCESS,TXN00016575,USR44424,MCH9611,UTR 5536988147,0,0,0,0,0,0,0
TXN00017540,2026-03-12 05:18:11,USR47692,MCH7170,9037.63,UTR5278788387,0110,SUCCESS,TXN00017540,USR47692,MCH7170,UTR5278788387,0,0,0,0,0,0,0
TXN00006422,2026-01-13 16:26:56,USR27009,MCH9027,0.1163729,UTR3227600670,0110,SUCCESS,TXN00006422,USR27009,MCH9027,UTR3227600670,0,0,0,0,0,0,0
TXN00008273,2026-01-16 00:00:00,USR10134,MCH2185,1750.45,UTR2668786102,9120,SUCCESS,TXN00008273,USR10134,MCH2185,UTR2668786102,0,0,0,0,0,0,0
TXN00001183,2026-01-18 10:07:44,USR85395,MCH7575,15819.22,,4110,SUCCESS,TXN00001183,USR85395,MCH7575,,0,1,0,0,0,0,0
TXN00019550,2026-01-21 22:25:10,USR94325,MCH7008,18881.66,UTR9089003054,9120,SUCCESS,TXN00019550,USR94325,MCH7008,UTR9089003054,0,0,0,0,0,0,0
TXN00002983,2026-03-04 06:41:43,USR56803,MCH5687,17624.73,UTR7097565286,,FAILED,TXN00002983,USR56803,MCH5687,UTR7097565286,0,0,1,0,0,1,0
TXN00001170,2026-01-27 20:17:26,USR35020,MCH4541,7183.08,UTR4124414773,4110,SUCCESS,TXN00001170,USR35020,MCH4541,UTR4124414773,0,0,0,0,0,0,0
TXN00010089,2026-01-11 00:00:00,USR33827,MCH8560,18935.0,UTR5116451172,1310,FAILED,TXN00010089,USR33827,MCH8560,UTR5116451172,0,0,0,0,0,1,0
TXN00005921,2026-02-25 13:27:28,USR31274,MCH1349,2746.0,UTR9020909406,1310,SUCCESS,TXN00005921,USR31274,MCH1349,UTR9020909406,0,0,0,0,0,0,0
TXN00019898,2026-01-01 06:13:24,USR23497,MCH7248,15719.49,UTR5564241575,4110,SUCCESS,TXN00019898,USR23497,MCH7248,UTR5564241575,0,0,0,0,0,0,0
TXN00006624,2026-03-31 17:56:24,USR95904,MCH5617,13525.27,,4110,SUCCESS,TXN00006624,USR95904,MCH5617,,0,1,0,0,0,0,0
TXN00019689,2026-02-15 23:22:08,USR79721,MCH5737,20891.36,UTR9907727431,8120,SUCCESS,TXN00019689,USR79721,MCH5737,UTR 9907727431,0,0,0,0,0,0,0
TXN00005282,2026-02-11 10:11:57,USR71456,MCH3103,-12135.91,UTR1764321774,4110,SUCCESS,TXN00005282,USR71456,MCH3103,UTR1764321774,1,0,0,0,0,0,0
TXN00008575,2026-02-25 06:01:02,USR66160,MCH7956,21527.96,UTR5493526957,0110,SUCCESS,TXN00008575,USR66160,MCH7956,UTR5493526957,0,0,0,0,0,0,0
TXN00015130,2026-02-07 16:26:40,USR78157,MCH2109,8566.12,UTR0112482059,,SUCCESS,TXN00015130,USR78157,MCH2109,UTR 0112482059,0,0,1,0,0,0,0
TXN00005524,2026-01-07 13:58:23,USR13853,MCH1543,11464.5,UTR1138244788,,SUCCESS,TXN00005524,USR13853,MCH1543,UTR 1138244788,0,0,1,0,0,0,0
TXN00007015,2026-06-03 03:35:47,USR68894,MCH7379,12611.54,UTR8425979286,4110,FAILED,TXN00007015,USR68894,MCH7379,UTR8425979286,0,0,0,0,0,1,0
TXN00010851,2026-03-23 17:47:15,USR90602,MCH5498,12529.22,,4110,SUCCESS,TXN00010851,USR90602,MCH5498,,0,1,0,0,0,0,0
TXN00007623,2026-02-04 06:50:49,USR65520,MCH1354,3939.32,UTR3241879676,9120,SUCCESS,TXN00007623,USR65520,MCH1354,UTR3241879676,0,0,0,0,0,0,0
TXN00018979,2026-01-29 13:12:59,USR88356,MCH6772,0.694072,UTR9966135191,,FAILED,TXN00018979,USR88356,MCH6772,UTR9966135191,0,0,1,0,0,1,0
TXN00008022,2026-03-02 19:48:20,USR51470,MCH9520,21046.8,UTR0279638219,1310,FAILED,TXN00008022,USR51470,MCH9520,UTR0279638219,0,0,0,0,0,1,0
TXN00010876,2026-03-02 01:30:46,USR28500,MCH8779,7609.71,UTR9964113424,8120,SUCCESS,TXN00010876,USR28500,MCH8779,UTR9964113424,0,0,0,0,0,0,0
TXN00015030,2026-03-07 08:20:54,USR85478,MCH7110,9163.92,UTR8277010896,4110,PENDING,TXN00015030,USR85478,MCH7110,UTR8277010896,0,0,0,0,0,0,1
TXN00018087,2026-02-06 12:03:50,USR30849,MCH7873,9700.7,UTR5135724742,8120,FAILED,TXN00018087,USR30849,MCH7873,UTR5135724742,0,0,0,0,0,1,0
TXN00004742,2026-01-10 05:47:38,USR22185,MCH5480,2773.98,UTR7040646462,0110,SUCCESS,TXN00004742,USR22185,MCH5480,UTR 7040646462,0,0,0,0,0,0,0
TXN00001226,2026-03-20 18:05:52,USR80788,MCH6287,15966.76,UTR4845157954,0110,PENDING,TXN00001226,USR80788,MCH6287,UTR4845157954,0,0,0,0,0,0,1
TXN00005127,2026-03-24 02:10:03,USR66966,MCH2024,13664.71,UTR6332816507,,FAILED,TXN00005127,USR66966,MCH2024,UTR6332816507,0,0,1,0,0,1,0
TXN00010452,2026-03-17 23:33:02,USR34488,MCH1011,23812.76,UTR2164439601,8120,SUCCESS,TXN00010452,USR34488,MCH1011,UTR2164439601,0,0,0,0,0,0,0
TXN00014964,2026-03-14 22:58:53,USR30172,MCH8136,2603.51,UTR9490781010,9120,PENDING,TXN00014964,USR30172,MCH8136,UTR 9490781010,0,0,0,0,0,0,1
TXN00000683,2026-03-20 00:00:00,USR32965,MCH4886,0.428048,UTR7201873539,,SUCCESS,TXN00000683,USR32965,MCH4886,UTR7201873539,0,0,1,0,0,0,0
TXN00017521,2026-01-28 14:37:13,USR24199,MCH7631,14034.53,UTR0428872028,0110,SUCCESS,TXN00017521,USR24199,MCH7631,UTR 0428872028,0,0,0,0,0,0,0
TXN00014499,2026-01-10 04:46:15,USR58944,MCH3859,8657.0,UTR4204134098,8120,SUCCESS,TXN00014499,USR58944,MCH3859,UTR4204134098,0,0,0,0,0,0,0
TXN00015182,2026-03-22 10:58:52,USR54549,MCH6733,0.440469,UTR7139490960,1310,SUCCESS,TXN00015182,USR54549,MCH6733,UTR7139490960,0,0,0,0,0,0,0
TXN00013174,2026-03-19 07:11:03,USR16131,MCH4397,0.2104388,UTR6179498455,8120,SUCCESS,TXN00013174,USR16131,MCH4397,UTR6179498455,0,0,0,0,0,0,0
TXN00017395,2026-03-27 17:12:24,USR85825,MCH2402,10206.27,UTR4989846932,,SUCCESS,TXN00017395,USR85825,MCH2402,UTR4989846932,0,0,1,0,0,0,0
TXN00006280,2026-01-11 04:28:04,USR42325,MCH2446,4881.62,UTR1369957881,0110,SUCCESS,TXN00006280,USR42325,MCH2446,UTR1369957881,0,0,0,0,0,0,0
TXN00017487,2026-03-15 10:04:35,USR88976,MCH8716,0.1135736,UTR8188791053,4110,SUCCESS,TXN00017487,USR88976,MCH8716,UTR8188791053,0,0,0,0,0,0,0
TXN00003883,2026-03-31 00:31:49,USR69276,MCH5463,23953.37,UTR4814614356,1310,SUCCESS,TXN00003883,USR69276,MCH5463,UTR4814614356,0,0,0,0,0,0,0
TXN00011105,2026-01-03 18:16:33,USR20457,MCH4735,18355.77,UTR0042502354,4110,SUCCESS,TXN00011105,USR20457,MCH4735,UTR0042502354,0,0,0,0,0,0,0
TXN00007557,2026-03-10 14:56:23,USR60002,MCH8937,4724.0,UTR9775371689,8120,SUCCESS,TXN00007557,USR60002,MCH8937,UTR9775371689,0,0,0,0,0,0,0
TXN00004312,2026-02-20 08:53:11,USR15104,MCH3569,0.235226,UTR8704651669,4110,SUCCESS,TXN00004312,USR15104,MCH3569,UTR8704651669,0,0,0,0,0,0,0
TXN00014173,2026-01-20 07:42:02,USR82703,MCH3326,16827.03,UTR0709392023,4110,SUCCESS,TXN00014173,USR82703,MCH3326,UTR0709392023,0,0,0,0,0,0,0
TXN00017350,2026-01-22 08:04:49,USR65612,MCH7878,2875.05,UTR8094654815,9120,SUCCESS,TXN00017350,USR65612,MCH7878,UTR8094654815,0,0,0,0,0,0,0
TXN00014504,2026-02-07 17:25:23,USR19837,MCH5051,13107.55,UTR5603834438,8120,SUCCESS,TXN00014504,USR19837,MCH5051,UTR5603834438,0,0,0,0,0,0,0
TXN00018644,2026-02-27 03:34:41,USR28529,MCH5615,0.954214,UTR9646115318,0110,SUCCESS,TXN00018644,USR28529,MCH5615,UTR9646115318,0,0,0,0,0,0,0
TXN00011353,2026-01-11 10:05:03,USR69442,MCH4794,6854.06,UTR2750086327,,SUCCESS,TXN00011353,USR69442,MCH4794,UTR2750086327,0,0,1,0,0,0,0
TXN00017593,2026-01-06 02:18:46,USR76049,MCH2725,5740.68,UTR0230771075,0110,SUCCESS,TXN00017593,USR76049,MCH2725,UTR0230771075,0,0,0,0,0,0,0
TXN00003476,2026-03-08 14:40:02,USR13103,MCH5464,20072.25,UTR7986148801,1310,FAILED,TXN00003476,USR13103,MCH5464,UTR7986148801,0,0,0,0,0,1,0
TXN00017360,2026-02-03 20:11:17,USR56694,MCH4507,0.1595942,UTR8279949550,1310,SUCCESS,TXN00017360,USR56694,MCH4507,UTR8279949550,0,0,0,0,0,0,0
TXN00003599,2026-02-07 03:14:31,USR72831,MCH9644,9310.61,UTR8944257267,8120,SUCCESS,TXN00003599,USR72831,MCH9644,UTR8944257267,0,0,0,0,0,0,0
TXN00005184,2026-01-21 03:49:38,USR76639,MCH3412,23385.51,UTR3538840374,4110,SUCCESS,TXN00005184,USR76639,MCH3412,UTR3538840374,0,0,0,0,0,0,0
TXN00002561,2026-03-23 00:00:00,USR91811,MCH9244,19864.94,UTR1642724813,8120,SUCCESS,TXN00002561,USR91811,MCH9244,UTR1642724813,0,0,0,0,0,0,0
TXN00015473,2026-01-27 22:22:43,USR69376,MCH4730,15346.52,UTR1423291562,4110,SUCCESS,TXN00015473,USR69376,MCH4730,UTR1423291562,0,0,0,0,0,0,0
TXN00016075,2026-01-17 04:59:13,USR56463,MCH1528,21900.0,UTR8686896232,8120,SUCCESS,TXN00016075,USR56463,MCH1528,UTR8686896232,0,0,0,0,0,0,0
TXN00001357,2026-02-15 16:20:46,USR80710,MCH3680,22519.0,UTR7606076364,4110,SUCCESS,TXN00001357,USR80710,MCH3680,UTR7606076364,0,0,0,0,0,0,0
TXN00004429,2026-01-03 08:27:06,USR15508,MCH7243,4484.0,UTR4978476776,1310,SUCCESS,TXN00004429,USR15508,MCH7243,UTR4978476776,0,0,0,0,0,0,0
TXN00006456,2026-03-06 00:00:00,USR87112,MCH8032,4789.0,UTR8318314728,0110,SUCCESS,TXN00006456,USR87112,MCH8032,UTR8318314728,0,0,0,0,0,0,0
TXN00005641,2026-02-15 17:22:48,USR54634,MCH9073,14323.53,UTR0400794843,4110,SUCCESS,TXN00005641,USR54634,MCH9073,UTR0400794843,0,0,0,0,0,0,0
TXN00010187,2026-02-25 11:19:45,USR47465,MCH7690,21229.81,UTR0615269165,,SUCCESS,TXN00010187,USR47465,MCH7690,UTR0615269165,0,0,1,0,0,0,0
TXN00006366,2026-03-28 20:24:01,USR14940,MCH3713,0.145578,UTR3822560005,4110,SUCCESS,TXN00006366,USR14940,MCH3713,UTR 3822560005,0,0,0,0,0,0,0
TXN00003893,2026-03-21 10:04:07,USR68369,MCH7403,16939.18,UTR0009486797,4110,SUCCESS,TXN00003893,USR68369,MCH7403,UTR0009486797,0,0,0,0,0,0,0
TXN00008637,2026-03-09 17:55:07,USR38683,MCH4090,20011.1,UTR9823627689,9120,SUCCESS,TXN00008637,USR38683,MCH4090,UTR9823627689,0,0,0,0,0,0,0
TXN00013966,2026-01-16 06:19:27,USR54149,MCH6833,18070.95,UTR4469840753,1310,FAILED,TXN00013966,USR54149,MCH6833,UTR4469840753,0,0,0,0,0,1,0
TXN00007147,2026-02-04 19:55:42,USR51506,MCH9887,18847.8,UTR8365315198,1310,PENDING,TXN00007147,USR51506,MCH9887,UTR8365315198,0,0,0,0,0,0,1
TXN00005893,2026-03-08 03:15:04,USR19589,MCH5374,12314.25,,9120,SUCCESS,TXN00005893,USR19589,MCH5374,,0,1,0,0,0,0,0
TXN00013537,2026-03-05 02:40:47,USR70771,MCH4552,0.937756,UTR0436244489,1310,SUCCESS,TXN00013537,USR70771,MCH4552,UTR0436244489,0,0,0,0,0,0,0
TXN00001789,2026-02-15 18:37:14,USR60494,MCH1912,1675.63,UTR7399659722,4110,SUCCESS,TXN00001789,USR60494,MCH1912,UTR7399659722,0,0,0,0,0,0,0
TXN00019466,2026-02-19 06:31:52,USR72492,MCH6535,7058.87,UTR4891100930,0110,PENDING,TXN00019466,USR72492,MCH6535,UTR4891100930,0,0,0,0,0,0,1
TXN00001163,2026-03-16 00:01:49,USR30738,MCH4304,8384.62,UTR0312159098,9120,SUCCESS,TXN00001163,USR30738,MCH4304,UTR0312159098,0,0,0,0,0,0,0
TXN00003003,2026-01-24 18:36:24,USR25105,MCH5769,0.626919,UTR2467812230,1310,SUCCESS,TXN00003003,USR25105,MCH5769,UTR2467812230,0,0,0,0,0,0,0
TXN00017627,2026-03-03 20:05:35,USR43049,MCH4436,16127.64,UTR5810156742,1310,SUCCESS,TXN00017627,USR43049,MCH4436,UTR5810156742,0,0,0,0,0,0,0
TXN00008282,2026-02-03 01:32:49,USR66020,MCH2886,24400.74,UTR3745710069,4110,SUCCESS,TXN00008282,USR66020,MCH2886,UTR3745710069,0,0,0,0,0,0,0
TXN00009502,2026-03-28 14:49:35,USR66360,MCH4194,18403.07,UTR6293403215,4110,SUCCESS,TXN00009502,USR66360,MCH4194,UTR6293403215,0,0,0,0,0,0,0
TXN00016838,2026-03-21 17:36:58,USR41918,MCH2055,16809.59,UTR9808524428,,SUCCESS,TXN00016838,USR41918,MCH2055,UTR9808524428,0,0,1,0,0,0,0
TXN00005229,2026-03-20 01:12:54,USR97147,MCH4319,3802.06,UTR9462302256,4110,SUCCESS,TXN00005229,USR97147,MCH4319,UTR9462302256,0,0,0,0,0,0,0
TXN00015519,2026-02-06 18:59:55,USR60371,MCH7533,11600.9,UTR2598985771,4110,SUCCESS,TXN00015519,USR60371,MCH7533,UTR2598985771,0,0,0,0,0,0,0
TXN00019581,2026-02-06 16:28:12,USR92745,MCH1808,17975.56,UTR2473108641,4110,SUCCESS,TXN00019581,USR92745,MCH1808,UTR2473108641,0,0,0,0,0,0,0
TXN00010320,2026-01-07 23:51:00,USR18383,MCH1166,4778.33,UTR5614544623,,FAILED,TXN00010320,USR18383,MCH1166,UTR 5614544623,0,0,1,0,0,1,0
TXN00009569,2026-02-04 12:39:52,USR30780,MCH2953,12409.44,UTR1256403816,8120,SUCCESS,TXN00009569,USR30780,MCH2953,UTR1256403816,0,0,0,0,0,0,0
TXN00003792,2026-01-02 11:43:48,USR51512,MCH2424,1690.18,UTR1367105632,1310,SUCCESS,TXN00003792,USR51512,MCH2424,UTR1367105632,0,0,0,0,0,0,0
TXN00017485,2026-02-10 22:44:56,USR36007,MCH1528,21697.13,UTR1007654305,8120,SUCCESS,TXN00017485,USR36007,MCH1528,UTR1007654305,0,0,0,0,0,0,0
TXN00003212,2026-03-21 18:36:34,USR34650,MCH7172,16844.4,UTR9899836865,4110,SUCCESS,TXN00003212,USR34650,MCH7172,UTR9899836865,0,0,0,0,0,0,0
TXN00007024,2026-03-19 08:36:34,USR81352,MCH5032,19818.64,UTR7743510226,4110,SUCCESS,TXN00007024,USR81352,MCH5032,UTR7743510226,0,0,0,0,0,0,0
TXN00017993,2026-03-06 11:58:42,USR93746,MCH6377,467.97,UTR0515520759,0110,SUCCESS,TXN00017993,USR93746,MCH6377,UTR 0515520759,0,0,0,0,0,0,0
TXN00008478,2026-02-04 18:06:54,USR51878,MCH3788,16255.81,UTR9107659004,,SUCCESS,TXN00008478,USR51878,MCH3788,UTR9107659004,0,0,1,0,0,0,0
TXN00000488,2026-01-28 16:04:07,USR41949,MCH2718,7031.27,,,SUCCESS,TXN00000488,USR41949,MCH2718,,0,1,1,0,0,0,0
TXN00017625,2026-03-28 22:36:46,USR84728,MCH1940,12109.26,UTR6497147676,9120,SUCCESS,TXN00017625,USR84728,MCH1940,UTR6497147676,0,0,0,0,0,0,0
TXN00016324,2026-01-05 07:45:09,USR67165,MCH6236,0.193338,UTR2982182007,8120,SUCCESS,TXN00016324,USR67165,MCH6236,UTR2982182007,0,0,0,0,0,0,0
TXN00008869,2026-02-20 13:21:37,USR62151,MCH9111,0.1623052,UTR5960247490,8120,SUCCESS,TXN00008869,USR62151,MCH9111,UTR5960247490,0,0,0,0,0,0,0
TXN00008719,2026-01-15 03:46:54,USR82185,MCH7656,0.2208491,UTR8570782815,4110,SUCCESS,TXN00008719,USR82185,MCH7656,UTR8570782815,0,0,0,0,0,0,0
TXN00017066,2026-02-12 07:39:54,USR61413,MCH7643,14049.73,UTR0923708899,,FAILED,TXN00017066,USR61413,MCH7643,UTR0923708899,0,0,1,0,0,1,0
TXN00016394,2026-01-11 02:09:25,USR88277,MCH8539,4322.92,UTR9430081327,4110,SUCCESS,TXN00016394,USR88277,MCH8539,UTR9430081327,0,0,0,0,0,0,0
TXN00003992,2026-02-24 22:32:29,USR46605,MCH3704,5286.04,UTR6410410024,,SUCCESS,TXN00003992,USR46605,MCH3704,UTR6410410024,0,0,1,0,0,0,0
TXN00018109,2026-01-03 16:28:57,USR14178,MCH6593,0.1044984,UTR4659158997,4110,SUCCESS,TXN00018109,USR14178,MCH6593,UTR4659158997,0,0,0,0,0,0,0
TXN00009713,2026-01-22 03:04:19,USR96164,MCH7388,6451.3,UTR3374356507,0110,SUCCESS,TXN00009713,USR96164,MCH7388,UTR3374356507,0,0,0,0,0,0,0
TXN00017581,2026-01-09 00:00:00,USR24980,MCH5725,12534.15,UTR3492759333,1310,SUCCESS,TXN00017581,USR24980,MCH5725,UTR3492759333,0,0,0,0,0,0,0
TXN00008549,2026-03-31 05:41:10,USR90818,MCH2458,9709.16,UTR8592852755,8120,SUCCESS,TXN00008549,USR90818,MCH2458,UTR8592852755,0,0,0,0,0,0,0
TXN00013343,2026-01-27 12:50:31,USR14260,MCH9288,7717.44,UTR1405965358,1310,SUCCESS,TXN00013343,USR14260,MCH9288,UTR1405965358,0,0,0,0,0,0,0
TXN00005080,2026-02-27 10:44:23,USR46078,MCH9849,10734.45,UTR2554598766,,SUCCESS,TXN00005080,USR46078,MCH9849,UTR2554598766,0,0,1,0,0,0,0
TXN00014737,2026-03-16 21:11:24,USR66102,MCH8160,1559.0,UTR9246911583,,SUCCESS,TXN00014737,USR66102,MCH8160,UTR9246911583,0,0,1,0,0,0,0
TXN00007627,2026-02-26 21:39:56,USR54553,MCH3044,22243.29,UTR3248372810,,SUCCESS,TXN00007627,USR54553,MCH3044,UTR3248372810,0,0,1,0,0,0,0
TXN00006684,2026-03-31 10:31:56,USR68566,MCH7319,7741.12,UTR8597630301,9120,SUCCESS,TXN00006684,USR68566,MCH7319,UTR8597630301,0,0,0,0,0,0,0
TXN00004180,2026-01-01 15:46:08,USR71381,MCH8129,7650.54,UTR1410188000,4110,SUCCESS,TXN00004180,USR71381,MCH8129,UTR1410188000,0,0,0,0,0,0,0
TXN00011392,2026-01-22 22:19:23,USR40480,MCH4167,4253.12,UTR6830298842,4110,SUCCESS,TXN00011392,USR40480,MCH4167,UTR6830298842,0,0,0,0,0,0,0
TXN00019201,2026-01-18 03:47:33,USR43344,MCH6898,565.29,UTR7821974294,0110,PENDING,TXN00019201,USR43344,MCH6898,UTR7821974294,0,0,0,0,0,0,1
TXN00012872,2026-03-19 13:58:11,USR27335,MCH6706,22050.87,UTR8406793819,0110,FAILED,TXN00012872,USR27335,MCH6706,UTR8406793819,0,0,0,0,0,1,0
TXN00011205,2026-01-19 07:02:34,USR41718,MCH8249,22542.32,UTR6888097613,9120,SUCCESS,TXN00011205,USR41718,MCH8249,UTR6888097613,0,0,0,0,0,0,0
TXN00001292,2026-03-02 16:29:26,USR50629,MCH5863,3327.0,UTR9985015169,4110,SUCCESS,TXN00001292,USR50629,MCH5863,UTR9985015169,0,0,0,0,0,0,0
TXN00019880,2026-03-16 09:02:09,USR83185,MCH6823,1584.0,UTR0548591723,0110,FAILED,TXN00019880,USR83185,MCH6823,UTR 0548591723,0,0,0,0,0,1,0
TXN00003825,2026-10-01 13:46:25,USR88606,MCH4666,5234.39,UTR0111350075,4110,SUCCESS,TXN00003825,USR88606,MCH4666,UTR0111350075,0,0,0,0,0,0,0
TXN00018937,2026-03-25 06:05:50,USR67402,MCH8810,18026.67,UTR9080293790,9120,SUCCESS,TXN00018937,USR67402,MCH8810,UTR9080293790,0,0,0,0,0,0,0
TXN00009104,2026-03-19 07:56:50,USR41404,MCH2090,17906.95,UTR7110598671,4110,SUCCESS,TXN00009104,USR41404,MCH2090,UTR7110598671,0,0,0,0,0,0,0
TXN00016674,2026-02-04 15:03:09,USR97016,MCH1117,18723.49,UTR4445124178,1310,FAILED,TXN00016674,USR97016,MCH1117,UTR4445124178,0,0,0,0,0,1,0
TXN00019874,2026-10-01 22:25:40,USR66643,MCH4655,10855.66,UTR9419800232,8120,FAILED,TXN00019874,USR66643,MCH4655,UTR9419800232,0,0,0,0,0,1,0
TXN00012198,2026-01-12 08:15:42,USR11730,MCH5472,4048.79,UTR1147222718,1310,SUCCESS,TXN00012198,USR11730,MCH5472,UTR1147222718,0,0,0,0,0,0,0
TXN00005143,2026-01-08 06:22:03,USR84356,MCH9438,14547.22,,0110,SUCCESS,TXN00005143,USR84356,MCH9438,,0,1,0,0,0,0,0
TXN00012671,2026-01-29 11:39:27,USR33484,MCH6662,1804.47,UTR5410327132,0110,SUCCESS,TXN00012671,USR33484,MCH6662,UTR5410327132,0,0,0,0,0,0,0
TXN00008156,2026-02-01 03:09:14,USR25437,MCH6492,4539.0,UTR3409338205,0110,SUCCESS,TXN00008156,USR25437,MCH6492,UTR3409338205,0,0,0,0,0,0,0
TXN00005462,2026-02-24 13:30:07,USR17539,MCH4694,6049.06,UTR2275057603,4110,SUCCESS,TXN00005462,USR17539,MCH4694,UTR2275057603,0,0,0,0,0,0,0
TXN00008002,2026-01-03 13:26:04,USR47927,MCH6841,17185.2,UTR4014169500,8120,SUCCESS,TXN00008002,USR47927,MCH6841,UTR 4014169500,0,0,0,0,0,0,0
TXN00002294,2026-01-07 15:07:06,USR28807,MCH5561,12919.15,UTR8246577708,8120,SUCCESS,TXN00002294,USR28807,MCH5561,UTR8246577708,0,0,0,0,0,0,0
TXN00013031,2026-01-08 13:55:21,USR35988,MCH4151,7630.32,UTR6963768026,1310,SUCCESS,TXN00013031,USR35988,MCH4151,UTR6963768026,0,0,0,0,0,0,0
TXN00009403,2026-02-03 19:52:33,USR23702,MCH4369,14001.73,UTR8162689721,8120,PENDING,TXN00009403,USR23702,MCH4369,UTR8162689721,0,0,0,0,0,0,1
TXN00016646,2026-11-01 08:04:49,USR78134,MCH9900,24414.92,UTR5901115726,9120,SUCCESS,TXN00016646,USR78134,MCH9900,UTR5901115726,0,0,0,0,0,0,0
TXN00019277,2026-02-22 05:26:05,USR66837,MCH9000,23034.97,UTR9350854306,9120,SUCCESS,TXN00019277,USR66837,MCH9000,UTR9350854306,0,0,0,0,0,0,0
TXN00004828,2026-02-28 06:07:10,USR97952,MCH9538,4197.49,,,SUCCESS,TXN00004828,USR97952,MCH9538,,0,1,1,0,0,0,0
TXN00019217,2026-02-26 07:05:51,USR55026,MCH6958,21791.21,UTR1548121913,4110,SUCCESS,TXN00019217,USR55026,MCH6958,UTR1548121913,0,0,0,0,0,0,0
TXN00013762,2026-02-28 05:32:50,USR44899,MCH3908,12047.24,UTR8414716457,4110,SUCCESS,TXN00013762,USR44899,MCH3908,UTR8414716457,0,0,0,0,0,0,0
TXN00004689,2026-03-18 12:52:50,USR46787,MCH6855,13610.99,UTR8898932291,4110,SUCCESS,TXN00004689,USR46787,MCH6855,UTR8898932291,0,0,0,0,0,0,0
TXN00003576,2026-05-01 09:31:58,USR31591,MCH6424,9293.0,UTR4659970427,,FAILED,TXN00003576,USR31591,MCH6424,UTR4659970427,0,0,1,0,0,1,0
TXN00009090,2026-02-27 07:32:05,USR52348,MCH3955,15307.84,UTR9325298737,9120,SUCCESS,TXN00009090,USR52348,MCH3955,UTR9325298737,0,0,0,0,0,0,0
TXN00003786,2026-01-21 06:44:48,USR56340,MCH3520,2620.32,UTR3137645689,,PENDING,TXN00003786,USR56340,MCH3520,UTR3137645689,0,0,1,0,0,0,1
TXN00015097,2026-02-24 13:19:18,USR30128,MCH4088,7594.07,UTR4247553522,4110,SUCCESS,TXN00015097,USR30128,MCH4088,UTR 4247553522,0,0,0,0,0,0,0
TXN00003590,2026-03-16 15:50:05,USR13626,MCH8809,4918.52,UTR0330525167,4110,SUCCESS,TXN00003590,USR13626,MCH8809,UTR 0330525167,0,0,0,0,0,0,0
TXN00019830,2026-01-06 22:23:29,USR71889,MCH3435,16966.46,UTR9144768013,4110,SUCCESS,TXN00019830,USR71889,MCH3435,UTR9144768013,0,0,0,0,0,0,0
TXN00001886,2026-01-21 23:12:11,USR56453,MCH3033,0.1154432,UTR4315865449,,SUCCESS,TXN00001886,USR56453,MCH3033,UTR4315865449,0,0,1,0,0,0,0
TXN00002244,2026-02-19 13:30:44,USR15735,MCH8875,24885.98,UTR5902801681,4110,SUCCESS,TXN00002244,USR15735,MCH8875,UTR5902801681,0,0,0,0,0,0,0
TXN00016225,2026-03-29 14:12:14,USR81356,MCH3516,1152.71,UTR6124960525,0110,SUCCESS,TXN00016225,USR81356,MCH3516,UTR6124960525,0,0,0,0,0,0,0
TXN00017420,2026-02-19 15:32:51,USR73553,MCH9869,15711.05,UTR5562248039,9120,SUCCESS,TXN00017420,USR73553,MCH9869,UTR5562248039,0,0,0,0,0,0,0
TXN00010494,2026-01-28 16:14:54,USR85963,MCH1556,3451.83,UTR4205931096,1310,SUCCESS,TXN00010494,USR85963,MCH1556,UTR4205931096,0,0,0,0,0,0,0
TXN00013409,2026-03-07 07:31:10,USR69562,MCH6355,4611.41,UTR0720627115,4110,FAILED,TXN00013409,USR69562,MCH6355,UTR0720627115,0,0,0,0,0,1,0
TXN00012887,2026-01-31 10:57:46,USR85993,MCH9355,8495.73,UTR3720236338,0110,SUCCESS,TXN00012887,USR85993,MCH9355,UTR3720236338,0,0,0,0,0,0,0
TXN00019453,2026-03-27 15:36:30,USR40491,MCH4048,11006.0,UTR9001330448,8120,SUCCESS,TXN00019453,USR40491,MCH4048,UTR9001330448,0,0,0,0,0,0,0
TXN00009626,2026-02-04 02:54:59,USR60609,MCH2270,8264.05,UTR6469840769,9120,SUCCESS,TXN00009626,USR60609,MCH2270,UTR6469840769,0,0,0,0,0,0,0
TXN00017644,2026-01-09 21:54:28,USR63433,MCH8917,2629.05,UTR1932670164,8120,SUCCESS,TXN00017644,USR63433,MCH8917,UTR1932670164,0,0,0,0,0,0,0
TXN00018014,2026-02-04 04:48:53,USR22061,MCH4452,18646.07,UTR9443661640,4110,SUCCESS,TXN00018014,USR22061,MCH4452,UTR9443661640,0,0,0,0,0,0,0
TXN00005792,2026-01-14 23:12:03,USR28156,MCH6593,16574.87,UTR4841567299,8120,SUCCESS,TXN00005792,USR28156,MCH6593,UTR4841567299,0,0,0,0,0,0,0
TXN00003256,2026-02-04 09:32:54,USR57229,MCH2790,3579.62,UTR7577849597,0110,FAILED,TXN00003256,USR57229,MCH2790,UTR7577849597,0,0,0,0,0,1,0
TXN00008434,2026-02-24 04:16:50,USR23071,MCH8763,21562.23,UTR0573895392,4110,FAILED,TXN00008434,USR23071,MCH8763,UTR0573895392,0,0,0,0,0,1,0
TXN00017005,2026-03-25 05:34:37,USR37155,MCH5743,22348.0,UTR8515726677,,SUCCESS,TXN00017005,USR37155,MCH5743,UTR8515726677,0,0,1,0,0,0,0
TXN00018169,2026-03-07 11:29:46,USR28254,MCH3214,0.50772,UTR6521042920,9120,SUCCESS,TXN00018169,USR28254,MCH3214,UTR6521042920,0,0,0,0,0,0,0
TXN00014137,2026-03-03 03:37:55,USR94752,MCH7350,0.788886,UTR7174528046,9120,SUCCESS,TXN00014137,USR94752,MCH7350,UTR7174528046,0,0,0,0,0,0,0
TXN00002461,2026-02-06 13:49:15,USR54383,MCH5193,24846.27,,4110,SUCCESS,TXN00002461,USR54383,MCH5193,,0,1,0,0,0,0,0
TXN00014984,2026-02-04 23:20:23,USR77182,MCH3912,9362.87,UTR3810270240,4110,SUCCESS,TXN00014984,USR77182,MCH3912,UTR3810270240,0,0,0,0,0,0,0
TXN00006721,2026-01-15 02:38:08,USR81824,MCH1432,19308.97,UTR7280583117,1310,FAILED,TXN00006721,USR81824,MCH1432,UTR7280583117,0,0,0,0,0,1,0
TXN00001373,2026-02-02 08:39:53,USR64404,MCH3679,21361.0,UTR2644512122,4110,SUCCESS,TXN00001373,USR64404,MCH3679,UTR2644512122,0,0,0,0,0,0,0
TXN00017721,2026-03-14 08:02:11,USR15879,MCH8871,22511.13,UTR7987399109,4110,SUCCESS,TXN00017721,USR15879,MCH8871,UTR7987399109,0,0,0,0,0,0,0
TXN00015819,2026-03-10 20:36:03,USR28715,MCH4678,1631.19,UTR5233785686,4110,SUCCESS,TXN00015819,USR28715,MCH4678,UTR5233785686,0,0,0,0,0,0,0
TXN00007794,2026-02-22 12:04:50,USR62185,MCH3321,16310.08,UTR8180393802,0110,SUCCESS,TXN00007794,USR62185,MCH3321,UTR8180393802,0,0,0,0,0,0,0
TXN00005656,2026-02-13 06:43:54,USR94430,MCH6793,3255.13,UTR6953857120,8120,FAILED,TXN00005656,USR94430,MCH6793,UTR 6953857120,0,0,0,0,0,1,0
TXN00008691,2026-03-17 10:00:34,USR61805,MCH4957,10706.2,UTR8100195223,1310,SUCCESS,TXN00008691,USR61805,MCH4957,UTR8100195223,0,0,0,0,0,0,0
TXN00004377,2026-02-24 00:00:00,USR19626,MCH8778,9575.77,UTR8016985848,8120,SUCCESS,TXN00004377,USR19626,MCH8778,UTR8016985848,0,0,0,0,0,0,0
TXN00004359,2026-03-20 15:52:12,USR50543,MCH9170,14294.48,,,SUCCESS,TXN00004359,USR50543,MCH9170,,0,1,1,0,0,0,0
TXN00011447,2026-03-16 08:50:40,USR73271,MCH5237,22401.75,UTR5419258366,4110,SUCCESS,TXN00011447,USR73271,MCH5237,UTR5419258366,0,0,0,0,0,0,0
TXN00010808,2026-01-15 08:45:28,USR96299,MCH7185,9316.29,UTR6327706604,,SUCCESS,TXN00010808,USR96299,MCH7185,UTR6327706604,0,0,1,0,0,0,0
TXN00014856,2026-03-10 08:32:55,USR94274,MCH8520,21547.08,UTR8476053944,9120,SUCCESS,TXN00014856,USR94274,MCH8520,UTR8476053944,0,0,0,0,0,0,0
TXN00012118,2026-03-18 22:34:25,USR82146,MCH1700,20053.54,UTR1018391150,,SUCCESS,TXN00012118,USR82146,MCH1700,UTR 1018391150,0,0,1,0,0,0,0
TXN00010112,2026-01-12 15:34:00,USR36523,MCH3907,903.35,UTR2284740640,1310,SUCCESS,TXN00010112,USR36523,MCH3907,UTR 2284740640,0,0,0,0,0,0,0
TXN00011375,2026-01-28 23:43:14,USR36941,MCH2927,22938.94,UTR1231957787,8120,SUCCESS,TXN00011375,USR36941,MCH2927,UTR1231957787,0,0,0,0,0,0,0
TXN00008948,2026-03-01 00:00:00,USR50130,MCH7457,0.2327088,UTR4027257219,4110,SUCCESS,TXN00008948,USR50130,MCH7457,UTR4027257219,0,0,0,0,0,0,0
TXN00009860,2026-02-25 03:53:04,USR51129,MCH3745,3882.0,UTR5319401634,8120,SUCCESS,TXN00009860,USR51129,MCH3745,UTR5319401634,0,0,0,0,0,0,0
TXN00016071,2026-02-20 20:27:20,USR96150,MCH2702,6701.11,UTR6466511092,8120,SUCCESS,TXN00016071,USR96150,MCH2702,UTR6466511092,0,0,0,0,0,0,0
TXN00016758,2026-03-02 22:51:21,USR88614,MCH4688,22485.17,UTR4023754140,0110,SUCCESS,TXN00016758,USR88614,MCH4688,UTR4023754140,0,0,0,0,0,0,0
TXN00012115,2026-02-10 14:46:54,USR74626,MCH6573,24890.26,UTR8658558719,4110,FAILED,TXN00012115,USR74626,MCH6573,UTR8658558719,0,0,0,0,0,1,0
TXN00009561,2026-03-28 00:00:00,USR85788,MCH7138,20821.15,UTR9731078417,8120,SUCCESS,TXN00009561,USR85788,MCH7138,UTR9731078417,0,0,0,0,0,0,0
TXN00005159,2026-03-22 18:28:01,USR59220,MCH5437,11859.21,UTR7696897398,,FAILED,TXN00005159,USR59220,MCH5437,UTR7696897398,0,0,1,0,0,1,0
TXN00002963,2026-01-17 08:57:00,USR94360,MCH4675,8396.91,UTR8154357813,4110,SUCCESS,TXN00002963,USR94360,MCH4675,UTR8154357813,0,0,0,0,0,0,0
TXN00012565,2026-01-09 08:36:45,USR44504,MCH7116,9649.45,UTR5044780691,1310,PENDING,TXN00012565,USR44504,MCH7116,UTR5044780691,0,0,0,0,0,0,1
TXN00000632,2026-03-26 14:19:47,USR62435,MCH4376,0.2238122,UTR5569902716,,SUCCESS,TXN00000632,USR62435,MCH4376,UTR5569902716,0,0,1,0,0,0,0
TXN00000970,2026-02-03 23:28:00,USR31381,MCH2142,11906.5,UTR5760867168,4110,SUCCESS,TXN00000970,USR31381,MCH2142,UTR 5760867168,0,0,0,0,0,0,0
TXN00018268,2026-01-11 10:06:38,USR32780,MCH9671,0.1286121,UTR8809555469,8120,FAILED,TXN00018268,USR32780,MCH9671,UTR8809555469,0,0,0,0,0,1,0
TXN00008866,2026-01-09 12:34:37,USR69889,MCH2983,17384.0,UTR8743319067,,SUCCESS,TXN00008866,USR69889,MCH2983,UTR8743319067,0,0,1,0,0,0,0
TXN00002375,2026-03-04 20:19:50,USR42244,MCH1194,16827.0,UTR5046643528,4110,FAILED,TXN00002375,USR42244,MCH1194,UTR5046643528,0,0,0,0,0,1,0
TXN00003909,2026-02-14 06:34:46,USR77786,MCH1427,14330.32,UTR6033175020,,SUCCESS,TXN00003909,USR77786,MCH1427,UTR6033175020,0,0,1,0,0,0,0
TXN00010362,2026-01-20 16:11:17,USR10279,MCH9877,22194.96,UTR3910188958,4110,SUCCESS,TXN00010362,USR10279,MCH9877,UTR3910188958,0,0,0,0,0,0,0
TXN00014636,2026-03-12 00:00:00,USR77667,MCH7482,4621.53,UTR0734451288,8120,SUCCESS,TXN00014636,USR77667,MCH7482,UTR0734451288,0,0,0,0,0,0,0
TXN00017574,2026-02-01 08:18:57,USR65225,MCH9957,2730.95,UTR3845022779,4110,SUCCESS,TXN00017574,USR65225,MCH9957,UTR3845022779,0,0,0,0,0,0,0
TXN00014310,2026-01-11 05:11:27,USR10363,MCH8130,5975.13,UTR3503962218,4110,SUCCESS,TXN00014310,USR10363,MCH8130,UTR3503962218,0,0,0,0,0,0,0
TXN00012141,2026-03-08 16:28:55,USR86898,MCH9458,15038.18,UTR9077998824,8120,SUCCESS,TXN00012141,USR86898,MCH9458,UTR9077998824,0,0,0,0,0,0,0
TXN00009760,2026-01-07 01:25:37,USR27289,MCH3706,14392.25,UTR6155124735,9120,SUCCESS,TXN00009760,USR27289,MCH3706,UTR6155124735,0,0,0,0,0,0,0
TXN00008170,2026-01-01 19:07:00,USR22657,MCH8032,4877.9,UTR0595423500,4110,SUCCESS,TXN00008170,USR22657,MCH8032,UTR0595423500,0,0,0,0,0,0,0
TXN00019982,2026-03-31 09:10:04,USR28972,MCH3194,11694.0,UTR8322727281,4110,SUCCESS,TXN00019982,USR28972,MCH3194,UTR8322727281,0,0,0,0,0,0,0
TXN00003579,2026-03-10 00:00:54,USR64199,MCH5757,0.1854362,UTR7617144372,,SUCCESS,TXN00003579,USR64199,MCH5757,UTR7617144372,0,0,1,0,0,0,0
TXN00001663,2026-01-24 00:43:45,USR89513,MCH7846,22985.61,UTR5494191209,0110,SUCCESS,TXN00001663,USR89513,MCH7846,UTR5494191209,0,0,0,0,0,0,0
TXN00005821,2026-03-25 07:49:55,USR60126,MCH9060,21075.21,UTR7438235936,4110,SUCCESS,TXN00005821,USR60126,MCH9060,UTR7438235936,0,0,0,0,0,0,0
TXN00015331,2026-01-02 03:02:08,USR28871,MCH4475,1450.49,UTR5634994681,9120,SUCCESS,TXN00015331,USR28871,MCH4475,UTR5634994681,0,0,0,0,0,0,0
TXN00018801,2026-01-03 15:43:07,USR72529,MCH3450,12806.84,UTR6040374370,1310,FAILED,TXN00018801,USR72529,MCH3450,UTR6040374370,0,0,0,0,0,1,0
TXN00001896,2026-01-01 06:36:26,USR61936,MCH5742,18329.45,UTR7109501631,9120,SUCCESS,TXN00001896,USR61936,MCH5742,UTR7109501631,0,0,0,0,0,0,0
TXN00010946,2026-02-12 22:10:50,USR37879,MCH6105,17007.16,UTR6729880541,0110,SUCCESS,TXN00010946,USR37879,MCH6105,UTR6729880541,0,0,0,0,0,0,0
TXN00017458,2026-02-15 04:24:22,USR34961,MCH4504,9786.79,UTR7520777613,9120,SUCCESS,TXN00017458,USR34961,MCH4504,UTR7520777613,0,0,0,0,0,0,0
TXN00019861,2026-03-04 07:02:05,USR23082,MCH7314,18343.77,UTR3344761483,9120,SUCCESS,TXN00019861,USR23082,MCH7314,UTR3344761483,0,0,0,0,0,0,0
TXN00001061,2026-01-18 02:25:43,USR24003,MCH1449,21843.19,UTR5830902106,0110,SUCCESS,TXN00001061,USR24003,MCH1449,UTR5830902106,0,0,0,0,0,0,0
TXN00012112,2026-03-12 00:00:00,USR23248,MCH6272,18071.82,UTR9338524924,9120,SUCCESS,TXN00012112,USR23248,MCH6272,UTR9338524924,0,0,0,0,0,0,0
TXN00016869,2026-11-01 12:28:11,USR58295,MCH1928,5350.89,UTR3833179833,8120,SUCCESS,TXN00016869,USR58295,MCH1928,UTR3833179833,0,0,0,0,0,0,0
TXN00000796,2026-03-16 18:20:15,USR29205,MCH5156,21804.38,UTR9378982727,1310,SUCCESS,TXN00000796,USR29205,MCH5156,UTR9378982727,0,0,0,0,0,0,0
TXN00018420,2026-02-24 00:39:53,USR30397,MCH5342,0.2407003,UTR6215819827,,PENDING,TXN00018420,USR30397,MCH5342,UTR6215819827,0,0,1,0,0,0,1
TXN00002643,2026-02-07 21:49:23,USR35249,MCH8244,19547.78,UTR6892862924,8120,SUCCESS,TXN00002643,USR35249,MCH8244,UTR6892862924,0,0,0,0,0,0,0
TXN00009897,2026-03-01 12:29:04,USR33746,MCH5017,17946.84,UTR4799173622,0110,SUCCESS,TXN00009897,USR33746,MCH5017,UTR 4799173622,0,0,0,0,0,0,0
TXN00006383,2026-02-07 10:46:56,USR57986,MCH2438,705.75,UTR9211560429,4110,SUCCESS,TXN00006383,USR57986,MCH2438,UTR9211560429,0,0,0,0,0,0,0
TXN00006033,2026-02-25 12:57:19,USR97461,MCH9362,19724.96,UTR0392341178,8120,SUCCESS,TXN00006033,USR97461,MCH9362,UTR0392341178,0,0,0,0,0,0,0
TXN00005757,2026-03-17 21:27:34,USR66344,MCH2454,15769.58,UTR3758544401,4110,FAILED,TXN00005757,USR66344,MCH2454,UTR3758544401,0,0,0,0,0,1,0
TXN00013273,2026-03-15 00:35:55,USR34744,MCH9739,4319.57,,4110,SUCCESS,TXN00013273,USR34744,MCH9739,,0,1,0,0,0,0,0
TXN00018848,2026-01-29 17:19:19,USR68803,MCH1914,15756.05,UTR2163531754,4110,SUCCESS,TXN00018848,USR68803,MCH1914,UTR2163531754,0,0,0,0,0,0,0
TXN00009612,2026-09-03 22:13:12,USR14426,MCH7770,6164.31,UTR7887971665,1310,SUCCESS,TXN00009612,USR14426,MCH7770,UTR7887971665,0,0,0,0,0,0,0
TXN00006180,2026-03-09 08:01:47,USR81524,MCH7405,7977.24,UTR2600024888,0110,SUCCESS,TXN00006180,USR81524,MCH7405,UTR2600024888,0,0,0,0,0,0,0
TXN00002359,2026-02-20 18:05:28,USR63188,MCH6881,0.1335385,UTR3761606256,4110,PENDING,TXN00002359,USR63188,MCH6881,UTR3761606256,0,0,0,0,0,0,1
TXN00000661,2026-01-11 12:35:46,USR12992,MCH4024,8908.86,UTR0605710460,9120,SUCCESS,TXN00000661,USR12992,MCH4024,UTR0605710460,0,0,0,0,0,0,0
TXN00000804,2026-03-09 13:35:31,USR37742,MCH5984,15171.81,UTR1947216431,4110,SUCCESS,TXN00000804,USR37742,MCH5984,UTR1947216431,0,0,0,0,0,0,0
TXN00004062,2026-02-28 18:08:43,USR39762,MCH2190,5265.86,UTR5537109701,0110,SUCCESS,TXN00004062,USR39762,MCH2190,UTR5537109701,0,0,0,0,0,0,0
TXN00006681,2026-01-29 05:05:57,USR90112,MCH5222,0.1638935,UTR3718513736,4110,SUCCESS,TXN00006681,USR90112,MCH5222,UTR3718513736,0,0,0,0,0,0,0
TXN00016931,2026-03-26 14:15:02,USR21343,MCH6799,15547.77,UTR5663397083,4110,SUCCESS,TXN00016931,USR21343,MCH6799,UTR 5663397083,0,0,0,0,0,0,0
TXN00008543,2026-01-03 02:34:04,USR90403,MCH2193,20108.0,UTR0120657452,4110,FAILED,TXN00008543,USR90403,MCH2193,UTR 0120657452,0,0,0,0,0,1,0
TXN00003085,2026-03-23 19:58:55,USR63174,MCH7193,0.1753148,UTR9982172030,8120,SUCCESS,TXN00003085,USR63174,MCH7193,UTR9982172030,0,0,0,0,0,0,0
TXN00009292,2026-02-18 07:49:15,USR72086,MCH5818,13725.56,UTR4577047731,0110,SUCCESS,TXN00009292,USR72086,MCH5818,UTR4577047731,0,0,0,0,0,0,0
TXN00008475,2026-03-16 09:34:11,USR64746,MCH6927,21833.0,UTR4595653127,4110,SUCCESS,TXN00008475,USR64746,MCH6927,UTR 4595653127,0,0,0,0,0,0,0
TXN00016041,2026-01-20 14:41:31,USR81703,MCH7846,2748.85,UTR2922545956,4110,FAILED,TXN00016041,USR81703,MCH7846,UTR2922545956,0,0,0,0,0,1,0
TXN00009074,2026-02-18 14:37:01,USR47427,MCH3215,0.1293359,UTR9235071751,,SUCCESS,TXN00009074,USR47427,MCH3215,UTR 9235071751,0,0,1,0,0,0,0
TXN00013521,2026-03-24 07:12:27,USR33240,MCH6197,10289.54,UTR9198780827,8120,SUCCESS,TXN00013521,USR33240,MCH6197,UTR9198780827,0,0,0,0,0,0,0
TXN00002652,2026-01-02 13:50:49,USR87569,MCH8614,9223.99,UTR3667347450,4110,SUCCESS,TXN00002652,USR87569,MCH8614,UTR3667347450,0,0,0,0,0,0,0
TXN00018397,2026-01-25 07:40:10,USR25032,MCH5781,9392.52,UTR3545888455,8120,SUCCESS,TXN00018397,USR25032,MCH5781,UTR3545888455,0,0,0,0,0,0,0
TXN00014753,2026-02-11 04:05:08,USR56770,MCH6072,13174.8,UTR5127314242,4110,SUCCESS,TXN00014753,USR56770,MCH6072,UTR5127314242,0,0,0,0,0,0,0
TXN00008117,2026-02-06 17:38:17,USR87510,MCH6910,18280.26,UTR6317093072,1310,SUCCESS,TXN00008117,USR87510,MCH6910,UTR6317093072,0,0,0,0,0,0,0
TXN00013865,2026-03-02 12:10:12,USR30227,MCH4921,18097.64,UTR1645339162,1310,SUCCESS,TXN00013865,USR30227,MCH4921,UTR1645339162,0,0,0,0,0,0,0
TXN00007522,2026-01-18 08:26:48,USR65336,MCH9798,12650.17,UTR3076017399,0110,FAILED,TXN00007522,USR65336,MCH9798,UTR3076017399,0,0,0,0,0,1,0
TXN00018739,2026-03-18 12:02:00,USR89082,MCH4359,22911.16,UTR2830537935,4110,SUCCESS,TXN00018739,USR89082,MCH4359,UTR2830537935,0,0,0,0,0,0,0
TXN00011640,2026-01-10 11:43:02,USR45435,MCH5739,0.1002244,UTR2246879412,8120,SUCCESS,TXN00011640,USR45435,MCH5739,UTR2246879412,0,0,0,0,0,0,0
TXN00006230,2026-03-11 01:00:23,USR94319,MCH8369,9762.06,UTR4473529827,1310,SUCCESS,TXN00006230,USR94319,MCH8369,UTR4473529827,0,0,0,0,0,0,0
TXN00000372,2026-05-03 07:36:27,USR17144,MCH7634,465.36,UTR2750649374,1310,SUCCESS,TXN00000372,USR17144,MCH7634,UTR2750649374,0,0,0,0,0,0,0
TXN00004840,2026-01-20 22:43:23,USR46247,MCH9447,6856.96,UTR6537364049,,FAILED,TXN00004840,USR46247,MCH9447,UTR6537364049,0,0,1,0,0,1,0
TXN00010439,2026-01-24 05:30:05,USR97008,MCH7800,11404.1,UTR4656997790,0110,SUCCESS,TXN00010439,USR97008,MCH7800,UTR4656997790,0,0,0,0,0,0,0
TXN00017797,2026-01-10 20:03:21,USR97459,MCH5965,11211.49,UTR0243285513,,SUCCESS,TXN00017797,USR97459,MCH5965,UTR0243285513,0,0,1,0,0,0,0
TXN00001208,2026-02-03 01:54:08,USR95670,MCH3535,11153.11,UTR4244488081,0110,SUCCESS,TXN00001208,USR95670,MCH3535,UTR 4244488081,0,0,0,0,0,0,0
TXN00012264,2026-01-15 08:59:24,USR13603,MCH4566,0.250308,UTR2706468547,4110,SUCCESS,TXN00012264,USR13603,MCH4566,UTR2706468547,0,0,0,0,0,0,0
TXN00004162,2026-02-10 21:14:22,USR64837,MCH3829,0.213556,UTR5591015233,,PENDING,TXN00004162,USR64837,MCH3829,UTR5591015233,0,0,1,0,0,0,1
TXN00019132,2026-03-08 23:55:30,USR87808,MCH5287,15954.82,UTR3124086898,0110,SUCCESS,TXN00019132,USR87808,MCH5287,UTR3124086898,0,0,0,0,0,0,0
TXN00011072,2026-03-21 21:15:40,USR86100,MCH5185,22790.81,UTR4262256420,4110,SUCCESS,TXN00011072,USR86100,MCH5185,UTR 4262256420,0,0,0,0,0,0,0
TXN00006146,2026-02-17 12:47:50,USR81022,MCH8129,0.421127,UTR6309556061,8120,SUCCESS,TXN00006146,USR81022,MCH8129,UTR 6309556061,0,0,0,0,0,0,0
TXN00006963,2026-08-01 02:40:49,USR10993,MCH6714,23843.05,UTR7342609159,4110,SUCCESS,TXN00006963,USR10993,MCH6714,UTR7342609159,0,0,0,0,0,0,0
TXN00002738,2026-03-19 18:48:37,USR70768,MCH2787,13616.61,UTR3691219750,4110,SUCCESS,TXN00002738,USR70768,MCH2787,UTR3691219750,0,0,0,0,0,0,0
TXN00003662,2026-02-13 08:16:59,USR77307,MCH9980,12536.88,UTR5785050045,0110,SUCCESS,TXN00003662,USR77307,MCH9980,UTR5785050045,0,0,0,0,0,0,0
TXN00005188,2026-01-26 17:30:47,USR41653,MCH9062,9091.0,UTR4755923227,4110,SUCCESS,TXN00005188,USR41653,MCH9062,UTR 4755923227,0,0,0,0,0,0,0
TXN00001598,2026-01-30 01:48:23,USR88439,MCH9776,1994.69,UTR2259533196,0110,PENDING,TXN00001598,USR88439,MCH9776,UTR 2259533196,0,0,0,0,0,0,1
TXN00013389,2026-01-24 21:03:15,USR48919,MCH1038,15676.64,UTR2320476526,4110,SUCCESS,TXN00013389,USR48919,MCH1038,UTR2320476526,0,0,0,0,0,0,0
TXN00009540,2026-03-01 13:00:21,USR65096,MCH3644,14832.97,UTR3514142013,4110,SUCCESS,TXN00009540,USR65096,MCH3644,UTR3514142013,0,0,0,0,0,0,0
TXN00017587,2026-03-21 05:45:42,USR19075,MCH4654,16311.0,UTR9840911431,1310,SUCCESS,TXN00017587,USR19075,MCH4654,UTR9840911431,0,0,0,0,0,0,0
TXN00007949,2026-03-01 10:47:09,USR13943,MCH2900,23298.5,UTR9078745682,4110,SUCCESS,TXN00007949,USR13943,MCH2900,UTR9078745682,0,0,0,0,0,0,0
TXN00006724,2026-01-06 11:53:55,USR14935,MCH1052,10697.45,UTR8182684301,4110,SUCCESS,TXN00006724,USR14935,MCH1052,UTR8182684301,0,0,0,0,0,0,0
TXN00014624,2026-02-23 06:54:23,USR33902,MCH5584,22220.0,UTR7412957878,1310,FAILED,TXN00014624,USR33902,MCH5584,UTR7412957878,0,0,0,0,0,1,0
TXN00008422,2026-03-31 10:10:03,USR53687,MCH4779,6348.53,UTR6604350465,,SUCCESS,TXN00008422,USR53687,MCH4779,UTR6604350465,0,0,1,0,0,0,0
TXN00003173,2026-02-16 02:34:47,USR11880,MCH5407,3995.71,UTR9979480119,1310,SUCCESS,TXN00003173,USR11880,MCH5407,UTR9979480119,0,0,0,0,0,0,0
TXN00013554,2026-03-27 19:24:32,USR80197,MCH8792,5418.91,UTR9714670707,1310,SUCCESS,TXN00013554,USR80197,MCH8792,UTR9714670707,0,0,0,0,0,0,0
TXN00003589,2026-01-18 11:23:12,USR61724,MCH7808,3158.79,,1310,FAILED,TXN00003589,USR61724,MCH7808,,0,1,0,0,0,1,0
TXN00014977,2026-01-19 05:55:12,USR36439,MCH7155,13618.86,UTR7149403813,,FAILED,TXN00014977,USR36439,MCH7155,UTR7149403813,0,0,1,0,0,1,0
TXN00010674,2026-02-14 03:51:21,USR99084,MCH4730,4545.88,UTR0975998091,0110,SUCCESS,TXN00010674,USR99084,MCH4730,UTR 0975998091,0,0,0,0,0,0,0
TXN00006499,2026-02-14 13:46:04,USR36750,MCH3942,5552.27,UTR5871601732,,SUCCESS,TXN00006499,USR36750,MCH3942,UTR5871601732,0,0,1,0,0,0,0
TXN00000450,2026-03-05 19:47:25,USR55270,MCH1030,2096.68,UTR3954305931,,FAILED,TXN00000450,USR55270,MCH1030,UTR3954305931,0,0,1,0,0,1,0
TXN00019021,2026-03-03 04:45:44,USR66202,MCH6336,2615.9,UTR2728180315,4110,SUCCESS,TXN00019021,USR66202,MCH6336,UTR2728180315,0,0,0,0,0,0,0
TXN00017794,2026-02-09 06:41:30,USR26356,MCH3333,18099.54,UTR7982108866,0110,FAILED,TXN00017794,USR26356,MCH3333,UTR7982108866,0,0,0,0,0,1,0
TXN00007839,2026-02-05 10:41:36,USR53387,MCH2442,9582.9,UTR8315820721,0110,SUCCESS,TXN00007839,USR53387,MCH2442,UTR8315820721,0,0,0,0,0,0,0
TXN00002950,2026-01-25 07:57:09,USR51322,MCH7265,23324.0,UTR6883925596,0110,SUCCESS,TXN00002950,USR51322,MCH7265,UTR6883925596,0,0,0,0,0,0,0
TXN00017159,2026-03-23 15:08:06,USR90080,MCH9563,17427.84,UTR0298474848,4110,SUCCESS,TXN00017159,USR90080,MCH9563,UTR0298474848,0,0,0,0,0,0,0
TXN00013242,2026-01-25 19:29:06,USR96309,MCH7983,2517.27,UTR7100677002,8120,SUCCESS,TXN00013242,USR96309,MCH7983,UTR7100677002,0,0,0,0,0,0,0
TXN00001732,2026-01-13 19:57:16,USR75514,MCH9311,0.1560116,UTR9896569906,4110,PENDING,TXN00001732,USR75514,MCH9311,UTR9896569906,0,0,0,0,0,0,1
TXN00004409,2026-02-26 01:19:05,USR70752,MCH8167,9559.67,UTR0757385270,4110,SUCCESS,TXN00004409,USR70752,MCH8167,UTR0757385270,0,0,0,0,0,0,0
TXN00014303,2026-09-02 22:20:51,USR27336,MCH3008,2111.91,UTR1792660298,9120,SUCCESS,TXN00014303,USR27336,MCH3008,UTR1792660298,0,0,0,0,0,0,0
TXN00007567,2026-02-15 19:04:03,USR39762,MCH3297,22997.57,UTR3776471195,9120,SUCCESS,TXN00007567,USR39762,MCH3297,UTR3776471195,0,0,0,0,0,0,0
TXN00014721,2026-01-30 21:15:04,USR14927,MCH1861,15341.18,UTR8530311710,8120,SUCCESS,TXN00014721,USR14927,MCH1861,UTR8530311710,0,0,0,0,0,0,0
TXN00002660,2026-03-02 23:56:41,USR35915,MCH4300,16437.26,UTR5654086091,9120,SUCCESS,TXN00002660,USR35915,MCH4300,UTR5654086091,0,0,0,0,0,0,0
TXN00002331,2026-03-30 06:14:23,USR72800,MCH5365,6447.6,UTR8164574893,8120,SUCCESS,TXN00002331,USR72800,MCH5365,UTR8164574893,0,0,0,0,0,0,0
TXN00018375,2026-02-01 10:10:51,USR90614,MCH1204,5182.95,UTR9195011190,8120,SUCCESS,TXN00018375,USR90614,MCH1204,UTR9195011190,0,0,0,0,0,0,0
TXN00003688,2026-01-31 23:05:58,USR57380,MCH8069,9689.19,UTR9200035748,8120,SUCCESS,TXN00003688,USR57380,MCH8069,UTR9200035748,0,0,0,0,0,0,0
TXN00004595,2026-02-01 00:00:00,USR56299,MCH9714,10692.39,UTR8302146789,0110,SUCCESS,TXN00004595,USR56299,MCH9714,UTR8302146789,0,0,0,0,0,0,0
TXN00006302,2026-01-16 13:41:51,USR79866,MCH7366,11071.94,UTR9296969373,0110,FAILED,TXN00006302,USR79866,MCH7366,UTR9296969373,0,0,0,0,0,1,0
TXN00004262,2026-02-13 14:24:04,USR40891,MCH9596,22083.01,UTR4367578975,,SUCCESS,TXN00004262,USR40891,MCH9596,UTR4367578975,0,0,1,0,0,0,0
TXN00016995,2026-01-12 00:43:23,USR42091,MCH1247,9444.0,UTR4413608186,0110,SUCCESS,TXN00016995,USR42091,MCH1247,UTR4413608186,0,0,0,0,0,0,0
TXN00015458,2026-01-05 08:14:29,USR38564,MCH3927,554.95,UTR8807325598,,SUCCESS,TXN00015458,USR38564,MCH3927,UTR 8807325598,0,0,1,0,0,0,0
TXN00016244,2026-01-16 19:37:40,USR79420,MCH7776,5017.0,UTR1844987031,8120,SUCCESS,TXN00016244,USR79420,MCH7776,UTR1844987031,0,0,0,0,0,0,0
TXN00014110,2026-03-20 16:22:19,USR43527,MCH1909,2771.43,UTR8974431178,9120,SUCCESS,TXN00014110,USR43527,MCH1909,UTR8974431178,0,0,0,0,0,0,0
TXN00001620,2026-03-01 00:00:00,USR32079,MCH8999,18268.96,UTR0534749929,9120,SUCCESS,TXN00001620,USR32079,MCH8999,UTR0534749929,0,0,0,0,0,0,0
TXN00012662,2026-03-31 11:47:58,USR14244,MCH4789,15086.25,UTR9735790101,,SUCCESS,TXN00012662,USR14244,MCH4789,UTR9735790101,0,0,1,0,0,0,0
TXN00002135,2026-01-08 22:05:55,USR74916,MCH4751,17986.65,UTR7794729585,4110,SUCCESS,TXN00002135,USR74916,MCH4751,UTR7794729585,0,0,0,0,0,0,0
TXN00001281,2026-01-28 10:46:53,USR76680,MCH7653,15457.71,UTR2349673068,1310,SUCCESS,TXN00001281,USR76680,MCH7653,UTR2349673068,0,0,0,0,0,0,0
TXN00005323,2026-03-17 21:59:44,USR59194,MCH1412,10130.0,UTR6711201838,4110,SUCCESS,TXN00005323,USR59194,MCH1412,UTR6711201838,0,0,0,0,0,0,0
TXN00012085,2026-03-17 02:03:28,USR50270,MCH4222,1867.53,UTR5511825270,,SUCCESS,TXN00012085,USR50270,MCH4222,UTR5511825270,0,0,1,0,0,0,0
TXN00018187,2026-01-16 00:39:10,USR96090,MCH1973,0.16516,UTR8772316157,8120,SUCCESS,TXN00018187,USR96090,MCH1973,UTR8772316157,0,0,0,0,0,0,0
TXN00001111,2026-02-23 23:05:13,USR48196,MCH2287,20397.67,UTR9641503085,0110,FAILED,TXN00001111,USR48196,MCH2287,UTR9641503085,0,0,0,0,0,1,0
TXN00011605,2026-01-31 07:14:40,USR20784,MCH9508,-9444.86,UTR0965094533,8120,FAILED,TXN00011605,USR20784,MCH9508,UTR0965094533,1,0,0,0,0,1,0
TXN00000991,2026-01-22 03:53:39,USR71849,MCH1850,19987.4,,1310,SUCCESS,TXN00000991,USR71849,MCH1850,,0,1,0,0,0,0,0
TXN00008337,2026-02-28 03:01:31,USR36500,MCH6060,23524.74,UTR0076212500,4110,SUCCESS,TXN00008337,USR36500,MCH6060,UTR0076212500,0,0,0,0,0,0,0
TXN00018170,2026-02-19 14:17:56,USR70816,MCH1408,7327.39,UTR3671919832,1310,SUCCESS,TXN00018170,USR70816,MCH1408,UTR3671919832,0,0,0,0,0,0,0
TXN00017135,2026-02-19 06:42:08,USR35674,MCH6632,24706.3,UTR5202255379,8120,SUCCESS,TXN00017135,USR35674,MCH6632,UTR5202255379,0,0,0,0,0,0,0
TXN00007743,2026-01-21 01:49:44,USR79768,MCH1464,0.1840148,UTR2419097181,0110,FAILED,TXN00007743,USR79768,MCH1464,UTR2419097181,0,0,0,0,0,1,0
TXN00018745,2026-03-05 02:23:44,USR55156,MCH7001,647.58,UTR5938305893,0110,SUCCESS,TXN00018745,USR55156,MCH7001,UTR5938305893,0,0,0,0,0,0,0
TXN00017717,2026-01-15 00:00:00,USR24936,MCH5917,8578.8,UTR5021394228,4110,SUCCESS,TXN00017717,USR24936,MCH5917,UTR5021394228,0,0,0,0,0,0,0
TXN00018194,2026-02-17 02:01:38,USR56919,MCH4453,6015.67,UTR1115076523,,PENDING,TXN00018194,USR56919,MCH4453,UTR1115076523,0,0,1,0,0,0,1
TXN00000779,2026-03-28 00:50:55,USR13400,MCH7030,18003.71,UTR4087692217,4110,SUCCESS,TXN00000779,USR13400,MCH7030,UTR 4087692217,0,0,0,0,0,0,0
TXN00015846,2026-01-13 00:00:00,USR28101,MCH4355,14734.13,UTR2910998378,0110,SUCCESS,TXN00015846,USR28101,MCH4355,UTR2910998378,0,0,0,0,0,0,0
TXN00018493,2026-01-29 22:55:09,USR45801,MCH9794,12713.59,UTR9211420874,1310,SUCCESS,TXN00018493,USR45801,MCH9794,UTR9211420874,0,0,0,0,0,0,0
TXN00006077,2026-03-14 06:08:05,USR74595,MCH5726,8085.4,UTR0327449863,9120,SUCCESS,TXN00006077,USR74595,MCH5726,UTR 0327449863,0,0,0,0,0,0,0
TXN00009858,2026-04-01 05:58:18,USR82373,MCH3143,14017.88,UTR5663344916,0110,SUCCESS,TXN00009858,USR82373,MCH3143,UTR 5663344916,0,0,0,0,0,0,0
TXN00007240,2026-01-23 12:00:59,USR40829,MCH5647,10856.88,UTR3235387290,4110,SUCCESS,TXN00007240,USR40829,MCH5647,UTR3235387290,0,0,0,0,0,0,0
TXN00017027,2026-03-07 23:38:54,USR99523,MCH5544,21345.54,UTR8277913913,1310,SUCCESS,TXN00017027,USR99523,MCH5544,UTR8277913913,0,0,0,0,0,0,0
TXN00012151,2026-01-10 00:00:00,USR23206,MCH2047,10744.0,UTR3500411835,0110,SUCCESS,TXN00012151,USR23206,MCH2047,UTR3500411835,0,0,0,0,0,0,0
TXN00016327,2026-01-29 19:27:02,USR58300,MCH3451,4947.55,UTR9533666567,0110,SUCCESS,TXN00016327,USR58300,MCH3451,UTR9533666567,0,0,0,0,0,0,0
TXN00000676,2026-01-25 17:32:47,USR82359,MCH1757,24559.64,UTR9999648917,0110,SUCCESS,TXN00000676,USR82359,MCH1757,UTR 9999648917,0,0,0,0,0,0,0
TXN00013164,2026-03-13 10:48:03,USR27625,MCH3022,2485.0,UTR5124827776,8120,SUCCESS,TXN00013164,USR27625,MCH3022,UTR5124827776,0,0,0,0,0,0,0
TXN00017034,2026-01-30 07:34:53,USR37565,MCH8448,-21204.93,UTR6538121275,4110,SUCCESS,TXN00017034,USR37565,MCH8448,UTR6538121275,1,0,0,0,0,0,0
TXN00012406,2026-01-19 02:14:26,USR40496,MCH2682,1802.05,UTR0945033106,4110,PENDING,TXN00012406,USR40496,MCH2682,UTR0945033106,0,0,0,0,0,0,1
TXN00007319,2026-03-06 04:29:49,USR76150,MCH6872,11073.97,UTR9913535250,4110,SUCCESS,TXN00007319,USR76150,MCH6872,UTR 9913535250,0,0,0,0,0,0,0
TXN00006227,2026-01-17 09:45:46,USR35710,MCH9654,3043.08,UTR2250043509,8120,FAILED,TXN00006227,USR35710,MCH9654,UTR2250043509,0,0,0,0,0,1,0
TXN00006055,2026-02-24 04:48:44,USR54582,MCH9319,21206.6,UTR4464473019,,SUCCESS,TXN00006055,USR54582,MCH9319,UTR 4464473019,0,0,1,0,0,0,0
TXN00016569,2026-03-27 13:14:41,USR90381,MCH5283,24913.0,UTR8664112461,1310,FAILED,TXN00016569,USR90381,MCH5283,UTR8664112461,0,0,0,0,0,1,0
TXN00019498,2026-02-09 18:55:48,USR90383,MCH4221,22864.81,UTR9292707642,0110,SUCCESS,TXN00019498,USR90383,MCH4221,UTR9292707642,0,0,0,0,0,0,0
TXN00006860,2026-02-22 03:23:04,USR29612,MCH1872,15850.9,UTR6454085473,4110,SUCCESS,TXN00006860,USR29612,MCH1872,UTR6454085473,0,0,0,0,0,0,0
TXN00010190,2026-03-17 11:05:37,USR52281,MCH7960,3414.48,UTR2267535055,9120,SUCCESS,TXN00010190,USR52281,MCH7960,UTR2267535055,0,0,0,0,0,0,0
TXN00018446,2026-03-20 15:27:26,USR67943,MCH5771,0.358748,UTR2808837586,1310,PENDING,TXN00018446,USR67943,MCH5771,UTR2808837586,0,0,0,0,0,0,1
TXN00003887,2026-01-06 16:51:20,USR55243,MCH1455,22911.35,UTR5121572983,8120,SUCCESS,TXN00003887,USR55243,MCH1455,UTR5121572983,0,0,0,0,0,0,0
TXN00016550,2026-03-14 04:36:56,USR15365,MCH9122,2294.0,UTR9013794183,1310,SUCCESS,TXN00016550,USR15365,MCH9122,UTR9013794183,0,0,0,0,0,0,0
TXN00018501,2026-02-02 03:05:56,USR19018,MCH5938,17032.62,UTR1881292596,9120,SUCCESS,TXN00018501,USR19018,MCH5938,UTR1881292596,0,0,0,0,0,0,0
TXN00002465,2026-03-22 17:10:27,USR23303,MCH3833,15520.31,UTR7641917138,,PENDING,TXN00002465,USR23303,MCH3833,UTR7641917138,0,0,1,0,0,0,1
TXN00015780,2026-02-21 08:53:03,USR86322,MCH4039,24919.1,UTR7919825093,8120,SUCCESS,TXN00015780,USR86322,MCH4039,UTR7919825093,0,0,0,0,0,0,0
TXN00011430,2026-01-07 06:47:10,USR12579,MCH7927,11887.57,UTR8541605511,0110,SUCCESS,TXN00011430,USR12579,MCH7927,UTR8541605511,0,0,0,0,0,0,0
TXN00002453,2026-01-04 15:57:28,USR50312,MCH1300,13947.14,UTR3898658291,,SUCCESS,TXN00002453,USR50312,MCH1300,UTR3898658291,0,0,1,0,0,0,0
TXN00009651,2026-02-14 18:08:57,USR33494,MCH4716,7190.39,,4110,SUCCESS,TXN00009651,USR33494,MCH4716,,0,1,0,0,0,0,0
TXN00013021,2026-02-10 00:09:10,USR49650,MCH8584,14557.21,UTR6757607631,4110,FAILED,TXN00013021,USR49650,MCH8584,UTR6757607631,0,0,0,0,0,1,0
TXN00017063,2026-02-27 18:11:54,USR74095,MCH1660,0.223686,UTR8667762000,4110,SUCCESS,TXN00017063,USR74095,MCH1660,UTR8667762000,0,0,0,0,0,0,0
TXN00006574,2026-02-17 19:25:36,USR62956,MCH4085,22033.0,UTR8982775621,9120,SUCCESS,TXN00006574,USR62956,MCH4085,UTR8982775621,0,0,0,0,0,0,0
TXN00001090,2026-01-03 06:10:33,USR27600,MCH6935,5799.48,UTR0212439464,0110,SUCCESS,TXN00001090,USR27600,MCH6935,UTR0212439464,0,0,0,0,0,0,0
TXN00005978,2026-03-23 00:00:00,USR10060,MCH9608,3756.23,UTR0881589581,0110,FAILED,TXN00005978,USR10060,MCH9608,UTR0881589581,0,0,0,0,0,1,0
TXN00011626,2026-03-29 00:00:00,USR22369,MCH8216,1793.46,UTR0196529584,8120,SUCCESS,TXN00011626,USR22369,MCH8216,UTR0196529584,0,0,0,0,0,0,0
TXN00001089,2026-02-25 07:50:45,USR71845,MCH6074,24779.3,UTR1396120231,9120,SUCCESS,TXN00001089,USR71845,MCH6074,UTR1396120231,0,0,0,0,0,0,0
TXN00016291,2026-01-01 21:53:40,USR74947,MCH5195,8015.85,,0110,SUCCESS,TXN00016291,USR74947,MCH5195,,0,1,0,0,0,0,0
TXN00006947,2026-03-27 07:22:23,USR12933,MCH1271,3421.21,UTR5898408217,1310,SUCCESS,TXN00006947,USR12933,MCH1271,UTR5898408217,0,0,0,0,0,0,0
TXN00011275,2026-01-11 11:13:57,USR70532,MCH4937,3478.01,UTR0264126736,8120,SUCCESS,TXN00011275,USR70532,MCH4937,UTR0264126736,0,0,0,0,0,0,0
TXN00015764,2026-01-29 23:12:26,USR22420,MCH4562,1609.36,UTR5131407640,9120,SUCCESS,TXN00015764,USR22420,MCH4562,UTR5131407640,0,0,0,0,0,0,0
TXN00007996,2026-01-10 06:39:22,USR60294,MCH9714,6836.26,UTR9349995173,4110,SUCCESS,TXN00007996,USR60294,MCH9714,UTR9349995173,0,0,0,0,0,0,0
TXN00010646,2026-02-18 02:05:52,USR34897,MCH9352,1863.0,UTR2634285310,1310,SUCCESS,TXN00010646,USR34897,MCH9352,UTR2634285310,0,0,0,0,0,0,0
TXN00018090,2026-03-22 00:00:00,USR89964,MCH7179,2785.05,UTR5605528933,1310,FAILED,TXN00018090,USR89964,MCH7179,UTR5605528933,0,0,0,0,0,1,0
TXN00004324,2026-02-27 03:30:50,USR87774,MCH3431,12037.14,UTR3124491507,,SUCCESS,TXN00004324,USR87774,MCH3431,UTR3124491507,0,0,1,0,0,0,0
TXN00019291,2026-02-13 04:30:59,USR12916,MCH8470,18549.34,UTR8620101433,4110,SUCCESS,TXN00019291,USR12916,MCH8470,UTR8620101433,0,0,0,0,0,0,0
TXN00009942,2026-02-17 01:34:23,USR42653,MCH4408,0.135692,UTR2965138798,8120,SUCCESS,TXN00009942,USR42653,MCH4408,UTR2965138798,0,0,0,0,0,0,0
TXN00016051,2026-01-25 12:25:37,USR75563,MCH1827,18942.02,UTR5069357007,,FAILED,TXN00016051,USR75563,MCH1827,UTR5069357007,0,0,1,0,0,1,0
TXN00012555,2026-01-15 02:14:01,USR38559,MCH8456,-15331.92,UTR4182016139,,SUCCESS,TXN00012555,USR38559,MCH8456,UTR4182016139,1,0,1,0,0,0,0
TXN00017812,2026-03-10 12:45:27,USR76727,MCH7457,4070.35,UTR9354103170,9120,SUCCESS,TXN00017812,USR76727,MCH7457,UTR 9354103170,0,0,0,0,0,0,0
TXN00011464,2026-01-15 07:24:23,USR85279,MCH2096,0.841585,UTR7413094243,1310,SUCCESS,TXN00011464,USR85279,MCH2096,UTR7413094243,0,0,0,0,0,0,0
TXN00012124,2026-03-01 23:17:57,USR10330,MCH1129,24348.78,UTR3223647003,9120,SUCCESS,TXN00012124,USR10330,MCH1129,UTR3223647003,0,0,0,0,0,0,0
TXN00001205,2026-02-15 13:46:26,USR52810,MCH3141,12221.19,UTR9370585588,4110,SUCCESS,TXN00001205,USR52810,MCH3141,UTR9370585588,0,0,0,0,0,0,0
TXN00014027,2026-03-07 13:06:50,USR51385,MCH4118,16438.25,UTR0143453284,4110,SUCCESS,TXN00014027,USR51385,MCH4118,UTR0143453284,0,0,0,0,0,0,0
TXN00019674,2026-03-03 03:48:20,USR73069,MCH5197,0.1494608,UTR5770770426,8120,SUCCESS,TXN00019674,USR73069,MCH5197,UTR5770770426,0,0,0,0,0,0,0
TXN00019044,2026-01-29 10:53:29,USR18038,MCH7209,12764.79,UTR6661356111,0110,SUCCESS,TXN00019044,USR18038,MCH7209,UTR6661356111,0,0,0,0,0,0,0
TXN00013339,2026-01-01 01:15:54,USR52111,MCH7026,-9824.83,UTR6371053784,0110,SUCCESS,TXN00013339,USR52111,MCH7026,UTR6371053784,1,0,0,0,0,0,0
TXN00002800,2026-02-05 03:52:19,USR74291,MCH1708,4760.79,UTR7243806718,4110,SUCCESS,TXN00002800,USR74291,MCH1708,UTR7243806718,0,0,0,0,0,0,0
TXN00007661,2026-02-18 20:28:08,USR17038,MCH2883,968.66,UTR3481608309,1310,SUCCESS,TXN00007661,USR17038,MCH2883,UTR3481608309,0,0,0,0,0,0,0
TXN00000732,2026-01-21 09:45:40,USR62218,MCH1253,20366.22,UTR4215678370,1310,SUCCESS,TXN00000732,USR62218,MCH1253,UTR4215678370,0,0,0,0,0,0,0
TXN00003739,2026-03-25 06:12:57,USR44825,MCH4350,18849.16,UTR1585540513,4110,SUCCESS,TXN00003739,USR44825,MCH4350,UTR1585540513,0,0,0,0,0,0,0
TXN00015712,2026-02-05 15:17:26,USR62341,MCH5276,23579.64,UTR7350096167,9120,SUCCESS,TXN00015712,USR62341,MCH5276,UTR7350096167,0,0,0,0,0,0,0
TXN00003075,2026-01-24 08:56:18,USR25619,MCH1545,14945.73,UTR9648979977,1310,SUCCESS,TXN00003075,USR25619,MCH1545,UTR9648979977,0,0,0,0,0,0,0
TXN00018053,2026-03-29 18:51:07,USR76411,MCH2173,20582.02,UTR6109600401,1310,SUCCESS,TXN00018053,USR76411,MCH2173,UTR6109600401,0,0,0,0,0,0,0
TXN00019082,2026-01-13 03:55:35,USR77469,MCH4097,19162.46,UTR8207090264,,SUCCESS,TXN00019082,USR77469,MCH4097,UTR8207090264,0,0,1,0,0,0,0
TXN00008807,2026-07-02 12:39:51,USR17754,MCH3575,10377.0,UTR3646139251,,SUCCESS,TXN00008807,USR17754,MCH3575,UTR 3646139251,0,0,1,0,0,0,0
TXN00005718,2026-03-20 11:51:00,USR59265,MCH3894,7600.34,UTR6361164667,4110,SUCCESS,TXN00005718,USR59265,MCH3894,UTR6361164667,0,0,0,0,0,0,0
TXN00006905,2026-01-28 11:02:21,USR25551,MCH3056,6570.13,UTR9361085382,,SUCCESS,TXN00006905,USR25551,MCH3056,UTR9361085382,0,0,1,0,0,0,0
TXN00001874,2026-02-02 09:07:57,USR32458,MCH5318,21019.17,UTR7427155374,4110,SUCCESS,TXN00001874,USR32458,MCH5318,UTR7427155374,0,0,0,0,0,0,0
TXN00019991,2026-02-05 01:10:15,USR98721,MCH8190,14368.71,UTR6724885749,,SUCCESS,TXN00019991,USR98721,MCH8190,UTR6724885749,0,0,1,0,0,0,0
TXN00011795,2026-01-20 14:40:19,USR85650,MCH3820,11761.52,UTR3018075640,0110,SUCCESS,TXN00011795,USR85650,MCH3820,UTR3018075640,0,0,0,0,0,0,0
TXN00007136,2026-01-27 20:42:38,USR82356,MCH6033,18466.09,UTR8100821411,,FAILED,TXN00007136,USR82356,MCH6033,UTR8100821411,0,0,1,0,0,1,0
TXN00009237,2026-02-05 18:49:44,USR49468,MCH5203,481.83,UTR4896601754,4110,SUCCESS,TXN00009237,USR49468,MCH5203,UTR4896601754,0,0,0,0,0,0,0
TXN00012240,2026-01-23 07:36:50,USR54262,MCH7802,24801.04,UTR7062392549,8120,SUCCESS,TXN00012240,USR54262,MCH7802,UTR7062392549,0,0,0,0,0,0,0
TXN00014645,2026-02-25 23:09:36,USR89252,MCH2033,-19676.88,UTR5782020084,0110,FAILED,TXN00014645,USR89252,MCH2033,UTR5782020084,1,0,0,0,0,1,0
TXN00010914,2026-02-21 19:28:41,USR33883,MCH4455,22253.98,UTR4576382987,1310,SUCCESS,TXN00010914,USR33883,MCH4455,UTR4576382987,0,0,0,0,0,0,0
TXN00004786,2026-01-07 15:24:38,USR85588,MCH9537,9427.9,UTR7660409297,9120,SUCCESS,TXN00004786,USR85588,MCH9537,UTR7660409297,0,0,0,0,0,0,0
TXN00017657,2026-03-13 09:17:57,USR75281,MCH7908,1544.55,UTR1882710834,8120,SUCCESS,TXN00017657,USR75281,MCH7908,UTR1882710834,0,0,0,0,0,0,0
TXN00006839,2026-03-06 06:18:57,USR35945,MCH1615,3993.28,UTR5184638792,8120,SUCCESS,TXN00006839,USR35945,MCH1615,UTR5184638792,0,0,0,0,0,0,0
TXN00000854,2026-02-12 16:58:38,USR11599,MCH8495,22452.38,UTR0390403583,0110,PENDING,TXN00000854,USR11599,MCH8495,UTR0390403583,0,0,0,0,0,0,1
TXN00008048,2026-02-28 00:28:19,USR45215,MCH6917,-789.06,UTR5527837777,,SUCCESS,TXN00008048,USR45215,MCH6917,UTR 5527837777,1,0,1,0,0,0,0
TXN00016718,2026-01-23 11:35:50,USR45901,MCH7874,5819.4,UTR3900418067,0110,PENDING,TXN00016718,USR45901,MCH7874,UTR3900418067,0,0,0,0,0,0,1
TXN00007335,2026-02-09 21:27:52,USR43901,MCH2102,8814.2,UTR8776672914,,SUCCESS,TXN00007335,USR43901,MCH2102,UTR8776672914,0,0,1,0,0,0,0
TXN00014267,2026-01-25 04:31:34,USR51096,MCH6009,23722.55,UTR2460818981,4110,SUCCESS,TXN00014267,USR51096,MCH6009,UTR 2460818981,0,0,0,0,0,0,0
TXN00017483,2026-03-28 16:03:28,USR76054,MCH3095,17503.85,UTR9862409786,4110,SUCCESS,TXN00017483,USR76054,MCH3095,UTR9862409786,0,0,0,0,0,0,0
TXN00004398,2026-02-07 18:03:10,USR30516,MCH8809,0.193892,UTR8814948372,0110,SUCCESS,TXN00004398,USR30516,MCH8809,UTR8814948372,0,0,0,0,0,0,0
TXN00002706,2026-03-15 03:17:42,USR98408,MCH4847,20180.82,UTR0068346090,0110,SUCCESS,TXN00002706,USR98408,MCH4847,UTR0068346090,0,0,0,0,0,0,0
TXN00014822,2026-03-03 18:24:26,USR39881,MCH3342,42.98,UTR8166151644,4110,SUCCESS,TXN00014822,USR39881,MCH3342,UTR8166151644,0,0,0,0,0,0,0
TXN00019992,2026-02-21 01:40:29,USR77072,MCH6453,18985.5,UTR8098445518,0110,SUCCESS,TXN00019992,USR77072,MCH6453,UTR8098445518,0,0,0,0,0,0,0
TXN00002802,2026-02-25 01:46:32,USR50371,MCH4673,22698.39,UTR7725104746,1310,SUCCESS,TXN00002802,USR50371,MCH4673,UTR7725104746,0,0,0,0,0,0,0
TXN00001305,2026-03-22 06:11:24,USR94850,MCH8912,17729.42,UTR4259791895,1310,SUCCESS,TXN00001305,USR94850,MCH8912,UTR4259791895,0,0,0,0,0,0,0
TXN00018967,2026-01-14 21:23:57,USR42989,MCH3749,560.0,UTR3334929245,0110,SUCCESS,TXN00018967,USR42989,MCH3749,UTR3334929245,0,0,0,0,0,0,0
TXN00001492,2026-02-17 12:56:40,USR26554,MCH6006,0.933756,UTR1983946210,4110,SUCCESS,TXN00001492,USR26554,MCH6006,UTR1983946210,0,0,0,0,0,0,0
TXN00002085,2026-03-05 20:51:28,USR74387,MCH1020,0.1347216,UTR2109675181,9120,SUCCESS,TXN00002085,USR74387,MCH1020,UTR2109675181,0,0,0,0,0,0,0
TXN00005935,2026-03-25 22:44:01,USR74499,MCH1985,9740.85,UTR8259044419,,SUCCESS,TXN00005935,USR74499,MCH1985,UTR8259044419,0,0,1,0,0,0,0
TXN00016204,2026-01-21 00:23:07,USR96086,MCH5775,24385.0,UTR3090419509,1310,PENDING,TXN00016204,USR96086,MCH5775,UTR3090419509,0,0,0,0,0,0,1
TXN00005995,2026-01-27 21:11:19,USR34954,MCH8153,1814.61,UTR6343115116,4110,SUCCESS,TXN00005995,USR34954,MCH8153,UTR6343115116,0,0,0,0,0,0,0
TXN00008790,2026-01-01 19:25:12,USR32036,MCH4444,16707.83,UTR1606530375,8120,FAILED,TXN00008790,USR32036,MCH4444,UTR1606530375,0,0,0,0,0,1,0
TXN00013796,2026-02-02 04:29:10,USR45648,MCH3019,21305.0,UTR7156168349,1310,SUCCESS,TXN00013796,USR45648,MCH3019,UTR7156168349,0,0,0,0,0,0,0
TXN00007690,2026-01-03 15:43:54,USR22097,MCH5272,0.2094766,UTR2231056919,1310,SUCCESS,TXN00007690,USR22097,MCH5272,UTR2231056919,0,0,0,0,0,0,0
TXN00011538,2026-03-27 21:30:03,USR11615,MCH7492,12664.23,UTR9781321173,1310,SUCCESS,TXN00011538,USR11615,MCH7492,UTR9781321173,0,0,0,0,0,0,0
TXN00011045,2026-01-07 10:03:39,USR24570,MCH8603,9215.68,UTR9914325248,0110,SUCCESS,TXN00011045,USR24570,MCH8603,UTR9914325248,0,0,0,0,0,0,0
TXN00011830,2026-01-09 18:25:44,USR21162,MCH1646,1063.34,UTR2179865587,9120,SUCCESS,TXN00011830,USR21162,MCH1646,UTR2179865587,0,0,0,0,0,0,0
TXN00008430,2026-03-19 18:30:42,USR97304,MCH9053,3267.0,UTR1763450927,,SUCCESS,TXN00008430,USR97304,MCH9053,UTR1763450927,0,0,1,0,0,0,0
TXN00004056,2026-01-10 11:37:27,USR95075,MCH9913,414.85,UTR1375110677,1310,FAILED,TXN00004056,USR95075,MCH9913,UTR1375110677,0,0,0,0,0,1,0
TXN00001000,2026-03-14 14:47:35,USR52436,MCH1451,11155.68,UTR7557103044,4110,SUCCESS,TXN00001000,USR52436,MCH1451,UTR7557103044,0,0,0,0,0,0,0
TXN00006447,2026-03-26 18:34:19,USR74580,MCH7658,24220.68,UTR8515339988,4110,SUCCESS,TXN00006447,USR74580,MCH7658,UTR8515339988,0,0,0,0,0,0,0
TXN00011245,2026-01-30 13:57:56,USR41455,MCH8054,4687.46,UTR9280449883,0110,SUCCESS,TXN00011245,USR41455,MCH8054,UTR9280449883,0,0,0,0,0,0,0
TXN00006887,2026-03-29 19:37:46,USR58067,MCH8069,5179.73,UTR2265389113,1310,SUCCESS,TXN00006887,USR58067,MCH8069,UTR2265389113,0,0,0,0,0,0,0
TXN00000517,2026-02-28 17:21:20,USR88522,MCH7029,9417.82,UTR8390034628,1310,SUCCESS,TXN00000517,USR88522,MCH7029,UTR 8390034628,0,0,0,0,0,0,0
TXN00002013,2026-01-25 17:56:10,USR91537,MCH5761,22661.87,UTR9812058015,8120,SUCCESS,TXN00002013,USR91537,MCH5761,UTR9812058015,0,0,0,0,0,0,0
TXN00011002,2026-03-24 21:30:27,USR39868,MCH7862,3456.0,UTR8055753462,1310,SUCCESS,TXN00011002,USR39868,MCH7862,UTR8055753462,0,0,0,0,0,0,0
TXN00017705,2026-02-08 20:32:42,USR17453,MCH1867,-10439.36,UTR9909114082,,SUCCESS,TXN00017705,USR17453,MCH1867,UTR9909114082,1,0,1,0,0,0,0
TXN00009265,2026-03-12 20:23:26,USR92728,MCH6238,20269.91,UTR0402161734,8120,SUCCESS,TXN00009265,USR92728,MCH6238,UTR0402161734,0,0,0,0,0,0,0
TXN00009432,2026-01-21 23:38:32,USR72066,MCH4115,4730.0,UTR5588124308,,PENDING,TXN00009432,USR72066,MCH4115,UTR5588124308,0,0,1,0,0,0,1
TXN00016229,2026-01-18 14:57:25,USR11366,MCH8858,0.209872,UTR7616830029,1310,SUCCESS,TXN00016229,USR11366,MCH8858,UTR7616830029,0,0,0,0,0,0,0
TXN00018833,2026-02-15 08:57:48,USR37690,MCH5431,6939.5,UTR1865233054,4110,SUCCESS,TXN00018833,USR37690,MCH5431,UTR1865233054,0,0,0,0,0,0,0
TXN00016933,2026-02-20 22:49:16,USR52094,MCH2787,4103.7,UTR0541857151,8120,SUCCESS,TXN00016933,USR52094,MCH2787,UTR0541857151,0,0,0,0,0,0,0
TXN00008100,2026-03-19 08:36:09,USR83142,MCH5575,14623.0,UTR2707200174,1310,SUCCESS,TXN00008100,USR83142,MCH5575,UTR2707200174,0,0,0,0,0,0,0
TXN00007956,2026-01-16 17:29:10,USR77460,MCH3354,13249.93,UTR3653078037,4110,SUCCESS,TXN00007956,USR77460,MCH3354,UTR3653078037,0,0,0,0,0,0,0
TXN00005275,2026-03-21 18:39:56,USR33032,MCH7390,11795.94,UTR8477206928,9120,SUCCESS,TXN00005275,USR33032,MCH7390,UTR8477206928,0,0,0,0,0,0,0
TXN00009757,2026-01-13 09:13:34,USR54129,MCH5767,6075.45,UTR8498802640,4110,PENDING,TXN00009757,USR54129,MCH5767,UTR8498802640,0,0,0,0,0,0,1
TXN00003343,2026-03-08 03:17:32,USR99192,MCH9494,15813.46,UTR9253204072,0110,FAILED,TXN00003343,USR99192,MCH9494,UTR9253204072,0,0,0,0,0,1,0
TXN00009304,2026-01-03 07:53:35,USR71543,MCH3736,12634.09,UTR1900005145,8120,SUCCESS,TXN00009304,USR71543,MCH3736,UTR1900005145,0,0,0,0,0,0,0
TXN00016829,2026-03-08 06:28:11,USR64786,MCH5137,2676.81,UTR6764800309,0110,SUCCESS,TXN00016829,USR64786,MCH5137,UTR6764800309,0,0,0,0,0,0,0
TXN00006784,2026-03-25 12:58:53,USR95688,MCH9126,7905.24,UTR0148797645,1310,SUCCESS,TXN00006784,USR95688,MCH9126,UTR0148797645,0,0,0,0,0,0,0
TXN00013162,2026-03-28 09:57:03,USR91158,MCH2239,14831.72,UTR2367784593,,SUCCESS,TXN00013162,USR91158,MCH2239,UTR2367784593,0,0,1,0,0,0,0
TXN00006085,2026-01-26 07:08:49,USR69450,MCH5669,6094.24,UTR0459383673,0110,SUCCESS,TXN00006085,USR69450,MCH5669,UTR0459383673,0,0,0,0,0,0,0
TXN00008095,2026-02-11 18:59:13,USR12021,MCH8824,13312.0,UTR2588092205,4110,SUCCESS,TXN00008095,USR12021,MCH8824,UTR2588092205,0,0,0,0,0,0,0
TXN00015592,2026-02-16 07:10:07,USR34532,MCH3885,15260.12,UTR4408534939,8120,SUCCESS,TXN00015592,USR34532,MCH3885,UTR4408534939,0,0,0,0,0,0,0
TXN00000314,2026-02-17 03:05:51,USR75726,MCH6626,24067.0,UTR7402182561,4110,FAILED,TXN00000314,USR75726,MCH6626,UTR7402182561,0,0,0,0,0,1,0
TXN00007689,2026-03-25 16:39:35,USR23096,MCH1934,7662.92,UTR6115034310,0110,SUCCESS,TXN00007689,USR23096,MCH1934,UTR6115034310,0,0,0,0,0,0,0
TXN00004232,2026-01-03 14:43:08,USR22923,MCH5017,13916.0,UTR9147885606,0110,SUCCESS,TXN00004232,USR22923,MCH5017,UTR9147885606,0,0,0,0,0,0,0
TXN00002995,2026-02-18 08:30:46,USR94124,MCH3469,3301.56,UTR2002327465,4110,SUCCESS,TXN00002995,USR94124,MCH3469,UTR2002327465,0,0,0,0,0,0,0
TXN00005000,2026-01-25 18:27:48,USR74638,MCH1696,14936.84,UTR9597865399,4110,PENDING,TXN00005000,USR74638,MCH1696,UTR9597865399,0,0,0,0,0,0,1
TXN00008873,2026-03-02 17:34:40,USR80420,MCH9432,16791.08,UTR2497438723,8120,SUCCESS,TXN00008873,USR80420,MCH9432,UTR2497438723,0,0,0,0,0,0,0
TXN00012785,2026-03-15 23:30:23,USR92129,MCH4989,13572.1,UTR0820924169,8120,SUCCESS,TXN00012785,USR92129,MCH4989,UTR0820924169,0,0,0,0,0,0,0
TXN00004278,2026-03-10 02:55:34,USR52879,MCH5171,8459.0,UTR0349764316,8120,SUCCESS,TXN00004278,USR52879,MCH5171,UTR0349764316,0,0,0,0,0,0,0
TXN00013984,2026-03-02 07:19:41,USR95070,MCH5592,7124.6,UTR7990343854,0110,SUCCESS,TXN00013984,USR95070,MCH5592,UTR7990343854,0,0,0,0,0,0,0
TXN00004027,2026-03-21 16:20:52,USR31875,MCH2447,9930.83,,1310,PENDING,TXN00004027,USR31875,MCH2447,,0,1,0,0,0,0,1
TXN00006102,2026-02-18 14:11:48,USR32405,MCH2923,18069.86,UTR0424331255,4110,FAILED,TXN00006102,USR32405,MCH2923,UTR0424331255,0,0,0,0,0,1,0
TXN00011387,2026-03-13 11:24:38,USR72245,MCH5787,1119.44,UTR5430848121,4110,PENDING,TXN00011387,USR72245,MCH5787,UTR5430848121,0,0,0,0,0,0,1
TXN00016914,2026-03-15 15:42:15,USR66086,MCH5052,4999.5,UTR7928440471,9120,SUCCESS,TXN00016914,USR66086,MCH5052,UTR7928440471,0,0,0,0,0,0,0
TXN00019479,2026-02-09 22:13:59,USR98500,MCH6103,7317.19,UTR7750194274,4110,SUCCESS,TXN00019479,USR98500,MCH6103,UTR7750194274,0,0,0,0,0,0,0
TXN00007991,2026-01-08 18:33:51,USR81793,MCH1260,16372.85,UTR8210072790,1310,SUCCESS,TXN00007991,USR81793,MCH1260,UTR8210072790,0,0,0,0,0,0,0
TXN00009834,2026-02-11 04:16:55,USR35546,MCH2469,24887.96,UTR0739759277,0110,SUCCESS,TXN00009834,USR35546,MCH2469,UTR 0739759277,0,0,0,0,0,0,0
TXN00012615,2026-02-27 09:13:16,USR13620,MCH3562,0.2273491,UTR3121064588,4110,SUCCESS,TXN00012615,USR13620,MCH3562,UTR 3121064588,0,0,0,0,0,0,0
TXN00000180,2026-02-27 21:44:01,USR52335,MCH6482,3446.65,UTR1411770775,1310,SUCCESS,TXN00000180,USR52335,MCH6482,UTR1411770775,0,0,0,0,0,0,0
TXN00008241,2026-02-16 17:20:46,USR46699,MCH9955,17757.23,,,FAILED,TXN00008241,USR46699,MCH9955,,0,1,1,0,0,1,0
TXN00002603,2026-03-04 00:51:55,USR58940,MCH1325,0.1871864,UTR4836565850,1310,SUCCESS,TXN00002603,USR58940,MCH1325,UTR4836565850,0,0,0,0,0,0,0
TXN00016812,2026-03-08 01:52:38,USR26541,MCH3697,17171.05,UTR3813169106,4110,SUCCESS,TXN00016812,USR26541,MCH3697,UTR3813169106,0,0,0,0,0,0,0
TXN00010778,2026-03-07 20:34:22,USR99749,MCH4949,18725.45,UTR8569744818,,SUCCESS,TXN00010778,USR99749,MCH4949,UTR8569744818,0,0,1,0,0,0,0
TXN00015837,2026-01-26 19:21:28,USR34250,MCH5654,22540.62,UTR3255207126,,FAILED,TXN00015837,USR34250,MCH5654,UTR3255207126,0,0,1,0,0,1,0
TXN00001905,2026-01-11 16:08:49,USR40482,MCH2142,18645.89,UTR3562990592,,SUCCESS,TXN00001905,USR40482,MCH2142,UTR3562990592,0,0,1,0,0,0,0
TXN00018088,2026-03-17 23:08:14,USR95255,MCH3578,6002.1,UTR2602193001,4110,SUCCESS,TXN00018088,USR95255,MCH3578,UTR2602193001,0,0,0,0,0,0,0
TXN00015936,2026-03-25 22:04:54,USR66124,MCH3311,0.79468,UTR5529925859,8120,SUCCESS,TXN00015936,USR66124,MCH3311,UTR5529925859,0,0,0,0,0,0,0
TXN00004981,2026-01-27 09:45:38,USR97796,MCH1505,24432.32,UTR5508550207,4110,SUCCESS,TXN00004981,USR97796,MCH1505,UTR5508550207,0,0,0,0,0,0,0
TXN00002815,2026-02-21 09:43:51,USR79420,MCH8380,0.1413148,UTR1961271990,4110,SUCCESS,TXN00002815,USR79420,MCH8380,UTR1961271990,0,0,0,0,0,0,0
TXN00019877,2026-02-20 17:05:19,USR52668,MCH4587,3481.8,UTR5432877565,4110,SUCCESS,TXN00019877,USR52668,MCH4587,UTR5432877565,0,0,0,0,0,0,0
TXN00002298,2026-01-30 00:00:00,USR10773,MCH8127,927.67,UTR4233613486,4110,SUCCESS,TXN00002298,USR10773,MCH8127,UTR4233613486,0,0,0,0,0,0,0
TXN00013723,2026-03-17 07:02:09,USR38618,MCH2353,5549.38,UTR9027239467,1310,SUCCESS,TXN00013723,USR38618,MCH2353,UTR9027239467,0,0,0,0,0,0,0
TXN00013165,2026-01-27 22:19:50,USR31013,MCH4381,7976.77,UTR3358232019,1310,SUCCESS,TXN00013165,USR31013,MCH4381,UTR 3358232019,0,0,0,0,0,0,0
TXN00011553,2026-06-03 02:05:40,USR36764,MCH8657,20307.87,UTR7015905311,1310,SUCCESS,TXN00011553,USR36764,MCH8657,UTR7015905311,0,0,0,0,0,0,0
TXN00011551,2026-03-07 12:55:16,USR22258,MCH5632,4515.45,,9120,FAILED,TXN00011551,USR22258,MCH5632,,0,1,0,0,0,1,0
TXN00010955,2026-03-07 19:52:26,USR24074,MCH4924,21874.58,UTR2010491413,4110,SUCCESS,TXN00010955,USR24074,MCH4924,UTR2010491413,0,0,0,0,0,0,0
TXN00019548,2026-02-02 04:27:21,USR17626,MCH9973,10509.0,UTR8098928520,9120,SUCCESS,TXN00019548,USR17626,MCH9973,UTR8098928520,0,0,0,0,0,0,0
TXN00002157,2026-02-21 03:50:43,USR28568,MCH5849,3558.0,UTR3092048114,9120,SUCCESS,TXN00002157,USR28568,MCH5849,UTR3092048114,0,0,0,0,0,0,0
TXN00014486,2026-01-30 06:37:32,USR93205,MCH4796,10136.59,UTR0446233209,4110,SUCCESS,TXN00014486,USR93205,MCH4796,UTR0446233209,0,0,0,0,0,0,0
TXN00001734,2026-02-22 08:54:40,USR53747,MCH4420,0.1065782,UTR6168691686,1310,PENDING,TXN00001734,USR53747,MCH4420,UTR6168691686,0,0,0,0,0,0,1
TXN00006421,2026-03-28 13:57:28,USR57315,MCH4050,24709.38,UTR1501155387,4110,SUCCESS,TXN00006421,USR57315,MCH4050,UTR1501155387,0,0,0,0,0,0,0
TXN00013018,2026-03-11 02:14:32,USR87424,MCH2414,13506.24,UTR1136671320,0110,SUCCESS,TXN00013018,USR87424,MCH2414,UTR1136671320,0,0,0,0,0,0,0
TXN00012633,2026-01-27 00:00:00,USR73195,MCH1776,1614.25,UTR5245954892,1310,SUCCESS,TXN00012633,USR73195,MCH1776,UTR 5245954892,0,0,0,0,0,0,0
TXN00003352,2026-03-27 06:49:10,USR62822,MCH6396,10627.02,UTR6504458966,4110,SUCCESS,TXN00003352,USR62822,MCH6396,UTR6504458966,0,0,0,0,0,0,0
TXN00014560,2026-01-04 16:19:44,USR16445,MCH1763,1049.66,UTR3109384363,9120,FAILED,TXN00014560,USR16445,MCH1763,UTR3109384363,0,0,0,0,0,1,0
TXN00012036,2026-02-27 13:50:15,USR69383,MCH7280,13593.16,UTR5033353552,1310,SUCCESS,TXN00012036,USR69383,MCH7280,UTR5033353552,0,0,0,0,0,0,0
TXN00017764,2026-02-27 16:14:05,USR49727,MCH6280,14886.82,UTR9153349724,4110,SUCCESS,TXN00017764,USR49727,MCH6280,UTR 9153349724,0,0,0,0,0,0,0
TXN00017377,2026-08-03 16:57:35,USR34850,MCH7678,8985.72,UTR8467421523,4110,SUCCESS,TXN00017377,USR34850,MCH7678,UTR8467421523,0,0,0,0,0,0,0
TXN00009440,2026-03-17 12:22:58,USR15902,MCH4976,17884.0,UTR9509327208,0110,SUCCESS,TXN00009440,USR15902,MCH4976,UTR9509327208,0,0,0,0,0,0,0
TXN00012704,2026-01-30 11:33:36,USR14312,MCH6973,18043.52,UTR7589563541,1310,SUCCESS,TXN00012704,USR14312,MCH6973,UTR7589563541,0,0,0,0,0,0,0
TXN00010812,2026-01-20 19:57:04,USR71905,MCH3632,-18940.17,UTR7918517847,9120,FAILED,TXN00010812,USR71905,MCH3632,UTR7918517847,1,0,0,0,0,1,0
TXN00007214,2026-03-06 08:09:10,USR96549,MCH9085,12732.74,UTR1096094679,1310,SUCCESS,TXN00007214,USR96549,MCH9085,UTR1096094679,0,0,0,0,0,0,0
TXN00019385,2026-01-21 19:05:48,USR92468,MCH3650,21717.0,UTR9553198081,4110,SUCCESS,TXN00019385,USR92468,MCH3650,UTR9553198081,0,0,0,0,0,0,0
TXN00007455,2026-02-04 00:45:56,USR15739,MCH8835,21784.63,UTR6623030129,4110,SUCCESS,TXN00007455,USR15739,MCH8835,UTR6623030129,0,0,0,0,0,0,0
TXN00005313,2026-03-27 21:23:23,USR77067,MCH4715,23173.42,UTR3506406289,,SUCCESS,TXN00005313,USR77067,MCH4715,UTR3506406289,0,0,1,0,0,0,0
TXN00004283,2026-03-03 23:04:04,USR20760,MCH4950,5228.69,UTR7502394366,8120,SUCCESS,TXN00004283,USR20760,MCH4950,UTR7502394366,0,0,0,0,0,0,0
TXN00008420,2026-01-07 21:08:53,USR14458,MCH7843,3755.07,UTR9418729848,4110,SUCCESS,TXN00008420,USR14458,MCH7843,UTR9418729848,0,0,0,0,0,0,0
TXN00000130,2026-01-04 02:47:56,USR33214,MCH7997,12773.58,UTR6035645180,4110,SUCCESS,TXN00000130,USR33214,MCH7997,UTR6035645180,0,0,0,0,0,0,0
TXN00001321,2026-03-08 20:44:09,USR37502,MCH7759,0.618511,UTR3063572878,0110,SUCCESS,TXN00001321,USR37502,MCH7759,UTR3063572878,0,0,0,0,0,0,0
TXN00005560,2026-01-04 05:51:26,USR26144,MCH1438,15981.31,UTR6493693289,4110,SUCCESS,TXN00005560,USR26144,MCH1438,UTR6493693289,0,0,0,0,0,0,0
TXN00005175,2026-01-16 00:00:00,USR27723,MCH9912,11151.18,UTR1559100966,9120,SUCCESS,TXN00005175,USR27723,MCH9912,UTR1559100966,0,0,0,0,0,0,0
TXN00012613,2026-02-17 04:41:50,USR20089,MCH1329,6534.06,UTR3414144469,9120,SUCCESS,TXN00012613,USR20089,MCH1329,UTR3414144469,0,0,0,0,0,0,0
TXN00009451,2026-01-15 23:01:38,USR21334,MCH5367,11219.08,UTR0098007586,0110,SUCCESS,TXN00009451,USR21334,MCH5367,UTR0098007586,0,0,0,0,0,0,0
TXN00015310,2026-01-17 17:55:25,USR22883,MCH5362,1701.16,UTR0912088306,4110,SUCCESS,TXN00015310,USR22883,MCH5362,UTR0912088306,0,0,0,0,0,0,0
TXN00010900,2026-05-02 21:23:54,USR13969,MCH9845,7817.02,UTR5389311769,9120,FAILED,TXN00010900,USR13969,MCH9845,UTR5389311769,0,0,0,0,0,1,0
TXN00006106,2026-02-07 01:21:13,USR55783,MCH4620,4471.21,UTR2398260321,1310,SUCCESS,TXN00006106,USR55783,MCH4620,UTR2398260321,0,0,0,0,0,0,0
TXN00019414,2026-03-26 22:59:19,USR21017,MCH7424,9205.94,UTR8266430182,,SUCCESS,TXN00019414,USR21017,MCH7424,UTR8266430182,0,0,1,0,0,0,0
TXN00006050,2026-03-24 01:58:10,USR78082,MCH6449,23404.71,UTR6804661218,4110,SUCCESS,TXN00006050,USR78082,MCH6449,UTR6804661218,0,0,0,0,0,0,0
TXN00019405,2026-02-03 20:32:19,USR12848,MCH7159,19442.0,UTR5079223413,9120,SUCCESS,TXN00019405,USR12848,MCH7159,UTR5079223413,0,0,0,0,0,0,0
TXN00000925,2026-03-12 07:27:53,USR11258,MCH3726,10636.0,UTR8810277533,4110,FAILED,TXN00000925,USR11258,MCH3726,UTR8810277533,0,0,0,0,0,1,0
TXN00009508,2026-01-27 20:38:24,USR94838,MCH5363,15228.89,UTR9759419361,,SUCCESS,TXN00009508,USR94838,MCH5363,UTR9759419361,0,0,1,0,0,0,0
TXN00008800,2026-03-25 21:55:25,USR80340,MCH3461,11920.75,UTR6312950411,1310,SUCCESS,TXN00008800,USR80340,MCH3461,UTR6312950411,0,0,0,0,0,0,0
TXN00004127,2026-02-23 19:25:32,USR77763,MCH4402,16994.03,UTR1341596110,4110,SUCCESS,TXN00004127,USR77763,MCH4402,UTR1341596110,0,0,0,0,0,0,0
TXN00001485,2026-01-28 11:03:45,USR22397,MCH1857,8121.4,UTR6029704165,9120,FAILED,TXN00001485,USR22397,MCH1857,UTR 6029704165,0,0,0,0,0,1,0
TXN00008862,2026-03-29 02:34:12,USR55145,MCH5860,20429.0,UTR8642180372,0110,SUCCESS,TXN00008862,USR55145,MCH5860,UTR8642180372,0,0,0,0,0,0,0
TXN00017698,2026-02-07 10:27:23,USR38451,MCH5866,19916.94,UTR2713638905,4110,PENDING,TXN00017698,USR38451,MCH5866,UTR2713638905,0,0,0,0,0,0,1
TXN00014592,2026-01-06 06:00:05,USR47892,MCH9820,24868.89,UTR1176862661,8120,SUCCESS,TXN00014592,USR47892,MCH9820,UTR1176862661,0,0,0,0,0,0,0
TXN00018673,2026-03-05 14:44:51,USR95888,MCH3621,11392.0,UTR4217927147,0110,SUCCESS,TXN00018673,USR95888,MCH3621,UTR4217927147,0,0,0,0,0,0,0
TXN00016968,2026-03-18 00:41:27,USR26135,MCH6487,5931.54,UTR7833455989,1310,SUCCESS,TXN00016968,USR26135,MCH6487,UTR7833455989,0,0,0,0,0,0,0
TXN00002334,2026-03-05 00:00:00,USR80314,MCH8667,0.1716788,UTR5743513272,4110,SUCCESS,TXN00002334,USR80314,MCH8667,UTR5743513272,0,0,0,0,0,0,0
TXN00018309,2026-03-29 15:05:42,USR98759,MCH6595,11986.27,UTR4641968155,4110,FAILED,TXN00018309,USR98759,MCH6595,UTR4641968155,0,0,0,0,0,1,0
TXN00016228,2026-02-18 03:40:23,USR62488,MCH5177,22576.3,UTR1952317796,4110,FAILED,TXN00016228,USR62488,MCH5177,UTR1952317796,0,0,0,0,0,1,0
TXN00016998,2026-02-09 10:56:58,USR42198,MCH4593,16533.16,UTR5836655266,4110,SUCCESS,TXN00016998,USR42198,MCH4593,UTR5836655266,0,0,0,0,0,0,0
TXN00004756,2026-03-02 08:35:08,USR57333,MCH1946,21652.23,UTR0031069565,,SUCCESS,TXN00004756,USR57333,MCH1946,UTR0031069565,0,0,1,0,0,0,0
TXN00010982,2026-03-24 11:21:54,USR43679,MCH3494,14808.83,UTR2726754931,0110,PENDING,TXN00010982,USR43679,MCH3494,UTR2726754931,0,0,0,0,0,0,1
TXN00010761,2026-02-18 21:23:37,USR53487,MCH2109,0.120616,UTR8778085002,4110,PENDING,TXN00010761,USR53487,MCH2109,UTR8778085002,0,0,0,0,0,0,1
TXN00000703,2026-03-29 09:15:40,USR94066,MCH7467,8421.74,UTR2323419243,1310,SUCCESS,TXN00000703,USR94066,MCH7467,UTR2323419243,0,0,0,0,0,0,0
TXN00010281,2026-02-27 13:39:46,USR15581,MCH4978,10243.87,UTR0965224022,0110,SUCCESS,TXN00010281,USR15581,MCH4978,UTR0965224022,0,0,0,0,0,0,0
TXN00003685,2026-03-30 23:21:35,USR48668,MCH6222,16938.05,UTR9838522562,1310,SUCCESS,TXN00003685,USR48668,MCH6222,UTR9838522562,0,0,0,0,0,0,0
TXN00006855,2026-03-18 08:06:52,USR95278,MCH6397,494.84,UTR3741843012,4110,SUCCESS,TXN00006855,USR95278,MCH6397,UTR 3741843012,0,0,0,0,0,0,0
TXN00008284,2026-03-15 17:54:12,USR15717,MCH4835,8241.16,UTR5505457385,1310,SUCCESS,TXN00008284,USR15717,MCH4835,UTR5505457385,0,0,0,0,0,0,0
TXN00003213,2026-03-08 02:12:31,USR40778,MCH1078,4489.54,UTR7463936017,1310,SUCCESS,TXN00003213,USR40778,MCH1078,UTR7463936017,0,0,0,0,0,0,0
TXN00005057,2026-03-27 03:32:15,USR38358,MCH7401,10948.54,UTR4742738275,,FAILED,TXN00005057,USR38358,MCH7401,UTR 4742738275,0,0,1,0,0,1,0
TXN00012395,2026-02-16 06:11:05,USR72425,MCH9172,20688.75,UTR6142432512,,SUCCESS,TXN00012395,USR72425,MCH9172,UTR6142432512,0,0,1,0,0,0,0
TXN00002084,2026-03-01 03:03:39,USR13123,MCH4994,22731.41,UTR7471505087,4110,SUCCESS,TXN00002084,USR13123,MCH4994,UTR7471505087,0,0,0,0,0,0,0
TXN00002903,2026-02-21 00:57:34,USR47022,MCH8997,10.29,UTR2440945748,9120,FAILED,TXN00002903,USR47022,MCH8997,UTR2440945748,0,0,0,0,0,1,0
TXN00002553,2026-01-23 21:24:09,USR96074,MCH6429,20207.8,UTR5698572844,0110,SUCCESS,TXN00002553,USR96074,MCH6429,UTR5698572844,0,0,0,0,0,0,0
TXN00010292,2026-03-22 23:56:38,USR51114,MCH2049,190.43,UTR2295765494,0110,SUCCESS,TXN00010292,USR51114,MCH2049,UTR2295765494,0,0,0,0,0,0,0
TXN00010509,2026-02-22 04:08:27,USR58318,MCH9112,-17828.66,UTR7361927249,4110,SUCCESS,TXN00010509,USR58318,MCH9112,UTR7361927249,1,0,0,0,0,0,0
TXN00011571,2026-03-07 16:19:50,USR63413,MCH8721,6909.12,UTR6539059165,4110,FAILED,TXN00011571,USR63413,MCH8721,UTR6539059165,0,0,0,0,0,1,0
TXN00003848,2026-03-11 21:44:57,USR52215,MCH2148,14059.1,UTR0436035142,0110,SUCCESS,TXN00003848,USR52215,MCH2148,UTR0436035142,0,0,0,0,0,0,0
TXN00004567,2026-01-24 00:07:27,USR81082,MCH4899,-6412.23,UTR1146739078,4110,SUCCESS,TXN00004567,USR81082,MCH4899,UTR1146739078,1,0,0,0,0,0,0
TXN00011133,2026-01-16 19:27:41,USR96113,MCH4448,0.810616,UTR2403319512,,SUCCESS,TXN00011133,USR96113,MCH4448,UTR2403319512,0,0,1,0,0,0,0
TXN00010120,2026-03-29 08:54:44,USR77969,MCH7547,18859.52,UTR8810494464,,SUCCESS,TXN00010120,USR77969,MCH7547,UTR8810494464,0,0,1,0,0,0,0
TXN00003845,2026-02-23 00:00:00,USR67232,MCH1591,4038.86,UTR5224386092,1310,SUCCESS,TXN00003845,USR67232,MCH1591,UTR5224386092,0,0,0,0,0,0,0
TXN00017111,2026-02-14 03:21:51,USR33504,MCH5706,18651.41,UTR9209211958,9120,FAILED,TXN00017111,USR33504,MCH5706,UTR9209211958,0,0,0,0,0,1,0
TXN00001791,2026-02-03 03:38:55,USR48523,MCH3718,3762.72,UTR5770232493,8120,SUCCESS,TXN00001791,USR48523,MCH3718,UTR 5770232493,0,0,0,0,0,0,0
TXN00019955,2026-02-12 21:06:42,USR56097,MCH2106,0.320934,UTR9368802540,,SUCCESS,TXN00019955,USR56097,MCH2106,UTR9368802540,0,0,1,0,0,0,0
TXN00001293,2026-02-27 06:18:33,USR18559,MCH3053,14193.0,UTR2254267525,9120,SUCCESS,TXN00001293,USR18559,MCH3053,UTR2254267525,0,0,0,0,0,0,0
TXN00019688,2026-03-23 08:50:44,USR21565,MCH7787,10261.02,UTR3713569999,1310,SUCCESS,TXN00019688,USR21565,MCH7787,UTR3713569999,0,0,0,0,0,0,0
TXN00008628,2026-01-30 14:11:48,USR43393,MCH7685,21559.75,UTR7962641129,4110,SUCCESS,TXN00008628,USR43393,MCH7685,UTR7962641129,0,0,0,0,0,0,0
TXN00006657,2026-03-20 03:18:45,USR80800,MCH1603,6287.29,UTR0633438130,0110,SUCCESS,TXN00006657,USR80800,MCH1603,UTR0633438130,0,0,0,0,0,0,0
TXN00002632,2026-01-09 07:29:41,USR10503,MCH2752,17599.39,UTR2601143523,0110,SUCCESS,TXN00002632,USR10503,MCH2752,UTR2601143523,0,0,0,0,0,0,0
TXN00016465,2026-03-11 00:00:00,USR10449,MCH2231,5619.77,UTR7439941827,4110,SUCCESS,TXN00016465,USR10449,MCH2231,UTR7439941827,0,0,0,0,0,0,0
TXN00004380,2026-01-23 12:15:45,USR51936,MCH6575,0.1264736,UTR1683514979,,SUCCESS,TXN00004380,USR51936,MCH6575,UTR1683514979,0,0,1,0,0,0,0
TXN00010788,2026-03-09 07:19:36,USR40377,MCH8406,230.28,UTR1714315999,4110,PENDING,TXN00010788,USR40377,MCH8406,UTR1714315999,0,0,0,0,0,0,1
TXN00009611,2026-01-18 19:14:37,USR65919,MCH7186,17495.83,UTR5994131076,4110,SUCCESS,TXN00009611,USR65919,MCH7186,UTR5994131076,0,0,0,0,0,0,0
TXN00018642,2026-01-23 12:40:37,USR75598,MCH9516,20087.55,UTR4810613553,8120,SUCCESS,TXN00018642,USR75598,MCH9516,UTR4810613553,0,0,0,0,0,0,0
TXN00015880,2026-01-01 18:42:31,USR51879,MCH3051,5592.05,,9120,FAILED,TXN00015880,USR51879,MCH3051,,0,1,0,0,0,1,0
TXN00009037,2026-02-20 08:39:53,USR59002,MCH9993,2695.0,UTR0081068363,,SUCCESS,TXN00009037,USR59002,MCH9993,UTR0081068363,0,0,1,0,0,0,0
TXN00017267,2026-01-11 00:59:03,USR94185,MCH8455,7315.76,UTR0758787997,0110,SUCCESS,TXN00017267,USR94185,MCH8455,UTR0758787997,0,0,0,0,0,0,0
TXN00007210,2026-02-08 12:34:35,USR18781,MCH6094,19868.63,UTR6922004059,9120,SUCCESS,TXN00007210,USR18781,MCH6094,UTR 6922004059,0,0,0,0,0,0,0
TXN00005012,2026-01-05 06:36:56,USR36864,MCH5595,17668.04,UTR9524050662,8120,SUCCESS,TXN00005012,USR36864,MCH5595,UTR 9524050662,0,0,0,0,0,0,0
TXN00018030,2026-01-16 01:15:44,USR37299,MCH3606,17774.78,UTR9174959227,1310,SUCCESS,TXN00018030,USR37299,MCH3606,UTR9174959227,0,0,0,0,0,0,0
TXN00019868,2026-03-12 22:33:24,USR49725,MCH1049,13648.98,UTR0213984222,9120,SUCCESS,TXN00019868,USR49725,MCH1049,UTR0213984222,0,0,0,0,0,0,0
TXN00016981,2026-03-13 07:10:29,USR58186,MCH7707,19779.23,UTR5646744594,4110,SUCCESS,TXN00016981,USR58186,MCH7707,UTR5646744594,0,0,0,0,0,0,0
TXN00009679,2026-03-07 00:17:35,USR96174,MCH5217,12689.78,UTR6029821183,4110,SUCCESS,TXN00009679,USR96174,MCH5217,UTR6029821183,0,0,0,0,0,0,0
TXN00015697,2026-02-21 06:35:19,USR13450,MCH9289,21310.23,UTR8597526473,0110,SUCCESS,TXN00015697,USR13450,MCH9289,UTR8597526473,0,0,0,0,0,0,0
TXN00013730,2026-01-29 06:13:41,USR94138,MCH1292,5307.0,UTR4464376290,4110,SUCCESS,TXN00013730,USR94138,MCH1292,UTR4464376290,0,0,0,0,0,0,0
TXN00000619,2026-03-26 16:17:45,USR51651,MCH2598,20157.0,UTR2534452862,,SUCCESS,TXN00000619,USR51651,MCH2598,UTR2534452862,0,0,1,0,0,0,0
TXN00014336,2026-02-08 12:19:05,USR61934,MCH2913,24039.86,UTR9180875909,,SUCCESS,TXN00014336,USR61934,MCH2913,UTR9180875909,0,0,1,0,0,0,0
TXN00016037,2026-01-30 06:29:27,USR94523,MCH1001,9552.98,UTR2658145380,9120,SUCCESS,TXN00016037,USR94523,MCH1001,UTR2658145380,0,0,0,0,0,0,0
TXN00015866,2026-01-16 02:26:20,USR12502,MCH1334,1930.91,UTR1195108307,0110,SUCCESS,TXN00015866,USR12502,MCH1334,UTR1195108307,0,0,0,0,0,0,0
TXN00005846,2026-03-13 22:31:35,USR62254,MCH5379,0.591951,UTR1121067347,1310,SUCCESS,TXN00005846,USR62254,MCH5379,UTR1121067347,0,0,0,0,0,0,0
TXN00000416,2026-01-06 22:02:29,USR65797,MCH6387,11216.65,UTR7842532842,4110,SUCCESS,TXN00000416,USR65797,MCH6387,UTR7842532842,0,0,0,0,0,0,0
TXN00005804,2026-01-24 01:35:59,USR89954,MCH6474,20400.74,UTR3353408672,0110,SUCCESS,TXN00005804,USR89954,MCH6474,UTR3353408672,0,0,0,0,0,0,0
TXN00002900,2026-03-11 14:34:34,USR35551,MCH4545,948.9,UTR9443726320,4110,SUCCESS,TXN00002900,USR35551,MCH4545,UTR9443726320,0,0,0,0,0,0,0
TXN00008086,2026-01-01 19:22:48,USR80031,MCH7749,16521.58,UTR1464395781,4110,SUCCESS,TXN00008086,USR80031,MCH7749,UTR1464395781,0,0,0,0,0,0,0
TXN00008108,2026-02-12 10:31:53,USR99407,MCH4843,0.1237576,UTR8532952069,4110,SUCCESS,TXN00008108,USR99407,MCH4843,UTR8532952069,0,0,0,0,0,0,0
TXN00011448,2026-02-26 11:58:07,USR90756,MCH8953,10371.36,UTR8198577345,,FAILED,TXN00011448,USR90756,MCH8953,UTR8198577345,0,0,1,0,0,1,0
TXN00009253,2026-01-27 15:26:29,USR91583,MCH1195,6220.91,UTR6971542547,4110,SUCCESS,TXN00009253,USR91583,MCH1195,UTR6971542547,0,0,0,0,0,0,0
TXN00014321,2026-01-05 08:00:26,USR59017,MCH7234,3717.0,UTR2940614118,4110,SUCCESS,TXN00014321,USR59017,MCH7234,UTR2940614118,0,0,0,0,0,0,0
TXN00003053,2026-03-29 14:32:11,USR62059,MCH6018,6720.66,UTR3194985698,8120,SUCCESS,TXN00003053,USR62059,MCH6018,UTR3194985698,0,0,0,0,0,0,0
TXN00018569,2026-03-16 07:55:02,USR76883,MCH6369,16309.89,UTR4812431763,1310,SUCCESS,TXN00018569,USR76883,MCH6369,UTR4812431763,0,0,0,0,0,0,0
TXN00012557,2026-01-24 11:23:19,USR66523,MCH7048,17077.28,UTR8584186341,4110,SUCCESS,TXN00012557,USR66523,MCH7048,UTR 8584186341,0,0,0,0,0,0,0
TXN00018629,2026-02-12 12:30:14,USR88648,MCH2617,24389.66,UTR4121812825,0110,SUCCESS,TXN00018629,USR88648,MCH2617,UTR4121812825,0,0,0,0,0,0,0
TXN00017805,2026-01-20 23:19:41,USR13772,MCH7000,23938.0,UTR7371058853,9120,SUCCESS,TXN00017805,USR13772,MCH7000,UTR7371058853,0,0,0,0,0,0,0
TXN00001535,2026-02-02 05:36:13,USR65576,MCH2971,10344.59,,,SUCCESS,TXN00001535,USR65576,MCH2971,,0,1,1,0,0,0,0
TXN00016831,2026-03-02 06:08:05,USR98004,MCH3337,14789.27,UTR9565196963,,SUCCESS,TXN00016831,USR98004,MCH3337,UTR9565196963,0,0,1,0,0,0,0
TXN00001190,2026-01-05 10:03:33,USR85332,MCH2633,17707.22,UTR5863728793,4110,FAILED,TXN00001190,USR85332,MCH2633,UTR5863728793,0,0,0,0,0,1,0
TXN00004394,2026-01-20 03:47:57,USR72026,MCH2686,1149.17,UTR3175521156,,SUCCESS,TXN00004394,USR72026,MCH2686,UTR3175521156,0,0,1,0,0,0,0
TXN00013500,2026-03-07 06:16:57,USR20190,MCH6523,17726.76,UTR8446930710,4110,SUCCESS,TXN00013500,USR20190,MCH6523,UTR8446930710,0,0,0,0,0,0,0
TXN00000338,2026-03-12 18:52:11,USR60700,MCH5006,0.1759441,UTR1049818210,,SUCCESS,TXN00000338,USR60700,MCH5006,UTR1049818210,0,0,1,0,0,0,0
TXN00013872,2026-01-15 00:33:05,USR82462,MCH1831,7738.31,UTR7597366450,0110,SUCCESS,TXN00013872,USR82462,MCH1831,UTR7597366450,0,0,0,0,0,0,0
TXN00015815,2026-01-01 13:32:19,USR94189,MCH5540,9326.52,UTR5749692051,4110,SUCCESS,TXN00015815,USR94189,MCH5540,UTR5749692051,0,0,0,0,0,0,0
TXN00019028,2026-03-24 07:02:22,USR96096,MCH5032,15462.32,UTR4295427620,0110,SUCCESS,TXN00019028,USR96096,MCH5032,UTR 4295427620,0,0,0,0,0,0,0
TXN00014503,2026-03-09 14:31:56,USR49612,MCH1645,1254.0,UTR9734706914,9120,SUCCESS,TXN00014503,USR49612,MCH1645,UTR 9734706914,0,0,0,0,0,0,0
TXN00014993,2026-02-28 21:51:37,USR63504,MCH8195,5944.35,UTR6749752718,4110,SUCCESS,TXN00014993,USR63504,MCH8195,UTR6749752718,0,0,0,0,0,0,0
TXN00000507,2026-01-14 00:55:15,USR10662,MCH4872,22774.07,UTR3627128821,4110,SUCCESS,TXN00000507,USR10662,MCH4872,UTR3627128821,0,0,0,0,0,0,0
TXN00011324,2026-03-21 13:46:29,USR15885,MCH7577,1176.98,UTR1502864900,4110,SUCCESS,TXN00011324,USR15885,MCH7577,UTR1502864900,0,0,0,0,0,0,0
TXN00003700,2026-02-20 00:00:00,USR42378,MCH6311,6644.76,,4110,SUCCESS,TXN00003700,USR42378,MCH6311,,0,1,0,0,0,0,0
TXN00017389,2026-01-17 01:59:59,USR81490,MCH7630,19486.29,UTR4839867502,1310,SUCCESS,TXN00017389,USR81490,MCH7630,UTR4839867502,0,0,0,0,0,0,0
TXN00004700,2026-02-14 14:54:11,USR12979,MCH7796,24568.66,UTR0688588505,9120,SUCCESS,TXN00004700,USR12979,MCH7796,UTR0688588505,0,0,0,0,0,0,0
TXN00007739,2026-03-13 09:40:26,USR66371,MCH6801,16635.0,,9120,SUCCESS,TXN00007739,USR66371,MCH6801,,0,1,0,0,0,0,0
TXN00002916,2026-03-08 00:46:07,USR94408,MCH3328,0.1657955,UTR9473368997,4110,SUCCESS,TXN00002916,USR94408,MCH3328,UTR9473368997,0,0,0,0,0,0,0
TXN00016234,2026-01-18 02:22:02,USR96889,MCH5667,7014.0,UTR5323338215,4110,SUCCESS,TXN00016234,USR96889,MCH5667,UTR5323338215,0,0,0,0,0,0,0
TXN00014470,2026-02-07 18:52:14,USR35787,MCH3325,5379.63,UTR0651370956,8120,SUCCESS,TXN00014470,USR35787,MCH3325,UTR0651370956,0,0,0,0,0,0,0
TXN00018341,2026-02-15 19:15:45,USR28973,MCH5989,15328.52,UTR3225428857,1310,SUCCESS,TXN00018341,USR28973,MCH5989,UTR3225428857,0,0,0,0,0,0,0
TXN00010339,2026-01-05 20:24:38,USR63248,MCH3066,-8768.25,UTR4434582891,4110,SUCCESS,TXN00010339,USR63248,MCH3066,UTR4434582891,1,0,0,0,0,0,0
TXN00006791,2026-10-03 09:54:17,USR85569,MCH7816,-20648.95,UTR7978063781,,SUCCESS,TXN00006791,USR85569,MCH7816,UTR7978063781,1,0,1,0,0,0,0
TXN00004400,2026-03-10 10:09:10,USR35098,MCH1057,3182.34,UTR9543520305,4110,FAILED,TXN00004400,USR35098,MCH1057,UTR9543520305,0,0,0,0,0,1,0
TXN00009780,2026-03-02 16:51:17,USR56631,MCH6511,0.1538886,UTR2408213954,4110,SUCCESS,TXN00009780,USR56631,MCH6511,UTR2408213954,0,0,0,0,0,0,0
TXN00010603,2026-03-25 17:04:09,USR79953,MCH8347,16535.99,UTR4483710276,8120,SUCCESS,TXN00010603,USR79953,MCH8347,UTR4483710276,0,0,0,0,0,0,0
TXN00010025,2026-02-07 20:55:48,USR79963,MCH3634,18405.0,UTR5683055168,8120,SUCCESS,TXN00010025,USR79963,MCH3634,UTR5683055168,0,0,0,0,0,0,0
TXN00005614,2026-02-17 15:59:32,USR22580,MCH9329,6123.93,UTR1457332819,0110,SUCCESS,TXN00005614,USR22580,MCH9329,UTR1457332819,0,0,0,0,0,0,0
TXN00011320,2026-02-19 00:31:25,USR12832,MCH1347,23677.72,UTR0106778629,1310,SUCCESS,TXN00011320,USR12832,MCH1347,UTR0106778629,0,0,0,0,0,0,0
TXN00000731,2026-01-28 20:33:26,USR48399,MCH8971,4115.0,UTR2062019984,8120,PENDING,TXN00000731,USR48399,MCH8971,UTR2062019984,0,0,0,0,0,0,1
TXN00002504,2026-03-17 13:09:37,USR98049,MCH1151,23901.62,UTR7982233375,8120,FAILED,TXN00002504,USR98049,MCH1151,UTR 7982233375,0,0,0,0,0,1,0
TXN00009598,2026-03-16 10:03:33,USR75065,MCH3752,0.858446,UTR0967706797,1310,SUCCESS,TXN00009598,USR75065,MCH3752,UTR0967706797,0,0,0,0,0,0,0
TXN00005308,2026-02-07 04:29:25,USR26114,MCH2132,9736.32,UTR1922605391,4110,FAILED,TXN00005308,USR26114,MCH2132,UTR1922605391,0,0,0,0,0,1,0
TXN00010821,2026-02-16 00:16:42,USR45481,MCH8690,0.1235613,UTR9294003022,9120,SUCCESS,TXN00010821,USR45481,MCH8690,UTR9294003022,0,0,0,0,0,0,0
TXN00014869,2026-01-06 17:26:17,USR60386,MCH1097,3111.18,UTR6138888917,9120,SUCCESS,TXN00014869,USR60386,MCH1097,UTR6138888917,0,0,0,0,0,0,0
TXN00004832,2026-03-17 15:07:51,USR40258,MCH7108,18489.34,UTR2288408600,4110,SUCCESS,TXN00004832,USR40258,MCH7108,UTR2288408600,0,0,0,0,0,0,0
TXN00015398,2026-01-12 09:23:22,USR76728,MCH5648,20057.51,UTR5743748665,8120,SUCCESS,TXN00015398,USR76728,MCH5648,UTR5743748665,0,0,0,0,0,0,0
TXN00004641,2026-03-19 03:32:56,USR14768,MCH1513,23644.0,UTR7214997925,9120,SUCCESS,TXN00004641,USR14768,MCH1513,UTR7214997925,0,0,0,0,0,0,0
TXN00015393,2026-03-15 03:48:05,USR46720,MCH2612,7289.66,UTR6127319632,1310,FAILED,TXN00015393,USR46720,MCH2612,UTR6127319632,0,0,0,0,0,1,0
TXN00019169,2026-02-09 16:44:49,USR46758,MCH9596,1729.0,UTR2095327726,8120,SUCCESS,TXN00019169,USR46758,MCH9596,UTR2095327726,0,0,0,0,0,0,0
TXN00015354,2026-02-07 06:41:28,USR90502,MCH3994,22955.61,UTR2787061491,4110,SUCCESS,TXN00015354,USR90502,MCH3994,UTR2787061491,0,0,0,0,0,0,0
TXN00004000,2026-01-21 12:38:14,USR93903,MCH4202,4043.0,UTR8712120208,1310,SUCCESS,TXN00004000,USR93903,MCH4202,UTR8712120208,0,0,0,0,0,0,0
TXN00012652,2026-02-15 13:24:34,USR81197,MCH6960,4504.31,UTR9198447828,,SUCCESS,TXN00012652,USR81197,MCH6960,UTR9198447828,0,0,1,0,0,0,0
TXN00003379,2026-03-23 07:45:39,USR80650,MCH3509,2218.74,UTR1106127284,8120,SUCCESS,TXN00003379,USR80650,MCH3509,UTR1106127284,0,0,0,0,0,0,0
TXN00019314,2026-06-03 22:13:12,USR10006,MCH5742,8445.34,UTR1697650520,8120,PENDING,TXN00019314,USR10006,MCH5742,UTR1697650520,0,0,0,0,0,0,1
TXN00011355,2026-03-23 01:05:24,USR35761,MCH5050,19983.66,UTR9399994434,4110,SUCCESS,TXN00011355,USR35761,MCH5050,UTR9399994434,0,0,0,0,0,0,0
TXN00005848,2026-03-15 17:44:51,USR29523,MCH9125,18403.52,UTR1288687293,4110,SUCCESS,TXN00005848,USR29523,MCH9125,UTR1288687293,0,0,0,0,0,0,0
TXN00000266,2026-01-26 17:37:36,USR36649,MCH3228,18521.81,UTR8123884796,4110,SUCCESS,TXN00000266,USR36649,MCH3228,UTR8123884796,0,0,0,0,0,0,0
TXN00005170,2026-03-16 18:34:18,USR83408,MCH4644,19228.84,UTR4761241176,0110,SUCCESS,TXN00005170,USR83408,MCH4644,UTR4761241176,0,0,0,0,0,0,0
TXN00019477,2026-03-07 12:50:18,USR66099,MCH2219,3814.98,UTR1739492782,1310,SUCCESS,TXN00019477,USR66099,MCH2219,UTR 1739492782,0,0,0,0,0,0,0
TXN00011388,2026-01-31 07:01:43,USR68917,MCH2637,20440.14,UTR2421577211,9120,SUCCESS,TXN00011388,USR68917,MCH2637,UTR2421577211,0,0,0,0,0,0,0
TXN00014882,2026-03-02 15:00:26,USR45522,MCH9674,5014.65,UTR7340666804,4110,PENDING,TXN00014882,USR45522,MCH9674,UTR7340666804,0,0,0,0,0,0,1
TXN00007448,2026-02-11 15:32:25,USR37963,MCH8710,6408.0,UTR1026741271,,SUCCESS,TXN00007448,USR37963,MCH8710,UTR1026741271,0,0,1,0,0,0,0
TXN00009793,2026-01-19 06:36:01,USR53354,MCH4661,0.38388,UTR1316991181,4110,SUCCESS,TXN00009793,USR53354,MCH4661,UTR1316991181,0,0,0,0,0,0,0
TXN00014668,2026-03-19 01:07:32,USR19101,MCH7796,13830.42,UTR5252463863,8120,SUCCESS,TXN00014668,USR19101,MCH7796,UTR5252463863,0,0,0,0,0,0,0
TXN00017309,2026-01-01 23:37:42,USR76281,MCH5094,38.64,UTR2116942711,9120,SUCCESS,TXN00017309,USR76281,MCH5094,UTR2116942711,0,0,0,0,0,0,0
TXN00002671,2026-02-02 20:52:20,USR39847,MCH2152,16124.37,UTR6887135170,,PENDING,TXN00002671,USR39847,MCH2152,UTR6887135170,0,0,1,0,0,0,1
TXN00018813,2026-01-06 13:05:45,USR74268,MCH4065,6313.46,UTR6299336972,4110,SUCCESS,TXN00018813,USR74268,MCH4065,UTR 6299336972,0,0,0,0,0,0,0
TXN00008946,2026-03-16 00:37:53,USR35735,MCH2424,21600.0,UTR0767090347,0110,SUCCESS,TXN00008946,USR35735,MCH2424,UTR 0767090347,0,0,0,0,0,0,0
TXN00011832,2026-03-23 12:54:00,USR22119,MCH7317,0.2003224,UTR0587238966,,SUCCESS,TXN00011832,USR22119,MCH7317,UTR0587238966,0,0,1,0,0,0,0
TXN00000113,2026-01-16 20:45:19,USR94189,MCH3602,23243.14,UTR4704219262,9120,SUCCESS,TXN00000113,USR94189,MCH3602,UTR4704219262,0,0,0,0,0,0,0
TXN00007308,2026-03-04 11:24:36,USR30687,MCH8472,7446.0,,4110,FAILED,TXN00007308,USR30687,MCH8472,,0,1,0,0,0,1,0
TXN00018603,2026-03-17 02:38:58,USR38402,MCH6736,2569.3,UTR5941151822,0110,SUCCESS,TXN00018603,USR38402,MCH6736,UTR5941151822,0,0,0,0,0,0,0
TXN00015544,2026-01-27 00:00:00,USR31176,MCH5073,18609.58,UTR9542928237,4110,SUCCESS,TXN00015544,USR31176,MCH5073,UTR9542928237,0,0,0,0,0,0,0
TXN00013007,2026-01-11 05:11:47,USR30096,MCH4036,24513.7,UTR5167915875,1310,SUCCESS,TXN00013007,USR30096,MCH4036,UTR5167915875,0,0,0,0,0,0,0
TXN00000475,2026-01-10 16:58:23,USR34108,MCH1607,0.1319725,UTR7732346798,8120,SUCCESS,TXN00000475,USR34108,MCH1607,UTR7732346798,0,0,0,0,0,0,0
TXN00004950,2026-01-12 14:19:20,USR42020,MCH2341,21127.54,UTR5858176073,9120,FAILED,TXN00004950,USR42020,MCH2341,UTR5858176073,0,0,0,0,0,1,0
TXN00000050,2026-02-02 16:19:19,USR12185,MCH3096,4629.51,UTR0927366593,9120,FAILED,TXN00000050,USR12185,MCH3096,UTR0927366593,0,0,0,0,0,1,0
TXN00016488,2026-01-06 18:49:31,USR96455,MCH8942,12764.28,UTR1194360037,4110,SUCCESS,TXN00016488,USR96455,MCH8942,UTR1194360037,0,0,0,0,0,0,0
TXN00019816,2026-01-15 14:20:19,USR23473,MCH9459,7919.39,UTR2744044564,0110,FAILED,TXN00019816,USR23473,MCH9459,UTR 2744044564,0,0,0,0,0,1,0
TXN00011366,2026-01-13 00:02:41,USR36620,MCH2808,18228.05,UTR2380798098,0110,PENDING,TXN00011366,USR36620,MCH2808,UTR2380798098,0,0,0,0,0,0,1
TXN00013113,2026-01-12 21:02:40,USR21880,MCH3594,2290.35,UTR9033605202,8120,SUCCESS,TXN00013113,USR21880,MCH3594,UTR9033605202,0,0,0,0,0,0,0
TXN00002077,2026-03-21 11:04:22,USR92095,MCH4748,5978.0,UTR8121860823,4110,SUCCESS,TXN00002077,USR92095,MCH4748,UTR8121860823,0,0,0,0,0,0,0
TXN00007662,2026-01-29 13:39:23,USR11200,MCH1256,15540.4,UTR7798817571,8120,SUCCESS,TXN00007662,USR11200,MCH1256,UTR7798817571,0,0,0,0,0,0,0
TXN00004671,2026-02-21 21:17:57,USR91912,MCH1546,9080.94,UTR9878045407,9120,SUCCESS,TXN00004671,USR91912,MCH1546,UTR9878045407,0,0,0,0,0,0,0
TXN00009345,2026-01-03 19:22:06,USR43852,MCH2453,1466.85,UTR8556933131,1310,SUCCESS,TXN00009345,USR43852,MCH2453,UTR8556933131,0,0,0,0,0,0,0
TXN00005999,2026-03-28 15:22:53,USR97539,MCH2613,12137.41,UTR1265331174,0110,SUCCESS,TXN00005999,USR97539,MCH2613,UTR1265331174,0,0,0,0,0,0,0
TXN00013927,2026-03-14 22:16:27,USR83927,MCH7101,982.95,UTR3555891367,0110,FAILED,TXN00013927,USR83927,MCH7101,UTR3555891367,0,0,0,0,0,1,0
TXN00003513,2026-03-08 01:18:41,USR68471,MCH3231,24383.82,UTR8158201716,4110,SUCCESS,TXN00003513,USR68471,MCH3231,UTR8158201716,0,0,0,0,0,0,0
TXN00010287,2026-02-22 11:34:39,USR67965,MCH7767,0.1070246,UTR8853105966,8120,SUCCESS,TXN00010287,USR67965,MCH7767,UTR8853105966,0,0,0,0,0,0,0
TXN00000592,2026-01-23 23:38:16,USR59601,MCH3726,16025.46,UTR8710170042,4110,FAILED,TXN00000592,USR59601,MCH3726,UTR8710170042,0,0,0,0,0,1,0
TXN00017235,2026-02-14 01:12:43,USR66998,MCH4333,19271.61,UTR6490824184,,SUCCESS,TXN00017235,USR66998,MCH4333,UTR6490824184,0,0,1,0,0,0,0
TXN00000923,2026-03-19 11:48:23,USR49316,MCH8469,22364.86,UTR6563195613,,SUCCESS,TXN00000923,USR49316,MCH8469,UTR6563195613,0,0,1,0,0,0,0
TXN00006369,2026-01-27 01:12:22,USR37549,MCH7023,12597.95,UTR5856230763,4110,SUCCESS,TXN00006369,USR37549,MCH7023,UTR5856230763,0,0,0,0,0,0,0
TXN00004710,2026-08-03 20:32:07,USR23123,MCH7856,16222.0,UTR1948997674,9120,SUCCESS,TXN00004710,USR23123,MCH7856,UTR1948997674,0,0,0,0,0,0,0
TXN00007653,2026-01-01 10:50:19,USR24208,MCH5925,1840.41,UTR5838386135,4110,SUCCESS,TXN00007653,USR24208,MCH5925,UTR5838386135,0,0,0,0,0,0,0
TXN00013855,2026-01-30 14:52:12,USR86468,MCH8435,7150.0,UTR7974994594,9120,SUCCESS,TXN00013855,USR86468,MCH8435,UTR7974994594,0,0,0,0,0,0,0
TXN00019750,2026-01-20 00:00:00,USR59006,MCH3853,15897.0,UTR2741782701,4110,SUCCESS,TXN00019750,USR59006,MCH3853,UTR2741782701,0,0,0,0,0,0,0
TXN00008797,2026-03-30 15:08:18,USR38016,MCH1122,3433.0,UTR4844592605,,SUCCESS,TXN00008797,USR38016,MCH1122,UTR 4844592605,0,0,1,0,0,0,0
TXN00006632,2026-01-17 20:38:04,USR85582,MCH3403,3468.56,UTR8853581327,,SUCCESS,TXN00006632,USR85582,MCH3403,UTR8853581327,0,0,1,0,0,0,0
TXN00005528,2026-01-11 00:00:00,USR64397,MCH4669,2045.37,UTR1049567075,4110,FAILED,TXN00005528,USR64397,MCH4669,UTR1049567075,0,0,0,0,0,1,0
TXN00016535,2026-01-15 06:16:14,USR29086,MCH1480,0.1023948,,9120,SUCCESS,TXN00016535,USR29086,MCH1480,,0,1,0,0,0,0,0
TXN00010008,2026-03-21 13:38:44,USR30196,MCH5618,16100.0,UTR8202858510,1310,SUCCESS,TXN00010008,USR30196,MCH5618,UTR 8202858510,0,0,0,0,0,0,0
TXN00000278,2026-01-31 00:00:00,USR23095,MCH8281,16252.6,UTR4504753722,4110,SUCCESS,TXN00000278,USR23095,MCH8281,UTR4504753722,0,0,0,0,0,0,0
TXN00010395,2026-01-17 00:29:31,USR90145,MCH7336,1290.0,UTR3304885771,8120,SUCCESS,TXN00010395,USR90145,MCH7336,UTR3304885771,0,0,0,0,0,0,0
TXN00005505,2026-03-02 16:07:34,USR14555,MCH2195,7762.78,UTR6396709814,0110,SUCCESS,TXN00005505,USR14555,MCH2195,UTR6396709814,0,0,0,0,0,0,0
TXN00006774,2026-01-31 08:32:11,USR31951,MCH7035,4126.63,UTR0834976412,8120,SUCCESS,TXN00006774,USR31951,MCH7035,UTR0834976412,0,0,0,0,0,0,0
TXN00011725,2026-02-26 00:08:32,USR15121,MCH3224,14240.12,UTR7185795427,,SUCCESS,TXN00011725,USR15121,MCH3224,UTR7185795427,0,0,1,0,0,0,0
TXN00005283,2026-01-17 18:40:11,USR15293,MCH2561,4487.31,,,SUCCESS,TXN00005283,USR15293,MCH2561,,0,1,1,0,0,0,0
TXN00008286,2026-06-01 19:55:55,USR39807,MCH5996,21183.95,UTR9960176651,1310,PENDING,TXN00008286,USR39807,MCH5996,UTR9960176651,0,0,0,0,0,0,1
TXN00000296,2026-02-27 03:09:53,USR98440,MCH2463,13061.0,UTR8632251534,8120,SUCCESS,TXN00000296,USR98440,MCH2463,UTR8632251534,0,0,0,0,0,0,0
TXN00012012,2026-01-11 18:14:54,USR92040,MCH1570,8235.13,UTR2522695904,1310,SUCCESS,TXN00012012,USR92040,MCH1570,UTR2522695904,0,0,0,0,0,0,0
TXN00017691,2026-02-18 23:35:48,USR17473,MCH1133,7056.14,UTR7827189392,0110,SUCCESS,TXN00017691,USR17473,MCH1133,UTR7827189392,0,0,0,0,0,0,0
TXN00015968,2026-01-01 01:14:55,USR40415,MCH5551,12194.26,UTR8272513436,9120,FAILED,TXN00015968,USR40415,MCH5551,UTR8272513436,0,0,0,0,0,1,0
TXN00009716,2026-03-28 03:28:09,USR29150,MCH1259,12476.29,UTR1092198979,,FAILED,TXN00009716,USR29150,MCH1259,UTR1092198979,0,0,1,0,0,1,0
TXN00004438,2026-01-17 18:01:05,USR64771,MCH5452,19562.82,UTR0306501473,8120,SUCCESS,TXN00004438,USR64771,MCH5452,UTR0306501473,0,0,0,0,0,0,0
TXN00019384,2026-03-14 18:20:08,USR19351,MCH4772,13645.63,UTR8955724071,1310,PENDING,TXN00019384,USR19351,MCH4772,UTR8955724071,0,0,0,0,0,0,1
TXN00004650,2026-03-27 04:17:51,USR95028,MCH7161,4229.77,,4110,SUCCESS,TXN00004650,USR95028,MCH7161,,0,1,0,0,0,0,0
TXN00002475,2026-02-09 21:22:11,USR30746,MCH4942,13339.33,UTR9947232746,1310,SUCCESS,TXN00002475,USR30746,MCH4942,UTR9947232746,0,0,0,0,0,0,0
TXN00001051,2026-01-11 00:00:00,USR60122,MCH3162,21868.79,UTR4715005501,4110,SUCCESS,TXN00001051,USR60122,MCH3162,UTR4715005501,0,0,0,0,0,0,0
TXN00002615,2026-03-03 08:33:42,USR30479,MCH3150,0.791359,UTR5523770777,0110,SUCCESS,TXN00002615,USR30479,MCH3150,UTR5523770777,0,0,0,0,0,0,0
TXN00008244,2026-01-20 00:00:00,USR21660,MCH8215,10299.57,UTR9242643486,4110,SUCCESS,TXN00008244,USR21660,MCH8215,UTR9242643486,0,0,0,0,0,0,0
TXN00000411,2026-01-22 03:16:47,USR16563,MCH8992,7989.65,,8120,SUCCESS,TXN00000411,USR16563,MCH8992,,0,1,0,0,0,0,0
TXN00003542,2026-01-12 06:51:31,USR44850,MCH7033,20227.5,UTR1668303684,1310,SUCCESS,TXN00003542,USR44850,MCH7033,UTR1668303684,0,0,0,0,0,0,0
TXN00008521,2026-03-14 06:59:35,USR38341,MCH9569,11313.56,UTR7378040958,,SUCCESS,TXN00008521,USR38341,MCH9569,UTR7378040958,0,0,1,0,0,0,0
TXN00012598,2026-03-24 07:07:11,USR96014,MCH3207,10966.34,UTR4113486143,0110,SUCCESS,TXN00012598,USR96014,MCH3207,UTR 4113486143,0,0,0,0,0,0,0
TXN00000031,2026-02-22 21:48:20,USR13779,MCH6806,15192.55,UTR9946941095,0110,SUCCESS,TXN00000031,USR13779,MCH6806,UTR9946941095,0,0,0,0,0,0,0
TXN00010334,2026-03-04 23:46:54,USR21802,MCH2763,17352.86,UTR5399200625,8120,SUCCESS,TXN00010334,USR21802,MCH2763,UTR 5399200625,0,0,0,0,0,0,0
TXN00002883,2026-03-18 17:42:09,USR73249,MCH7078,0.518482,UTR5095294491,,SUCCESS,TXN00002883,USR73249,MCH7078,UTR5095294491,0,0,1,0,0,0,0
TXN00002300,2026-01-27 16:02:09,USR10448,MCH2850,8478.13,UTR1911377180,,SUCCESS,TXN00002300,USR10448,MCH2850,UTR1911377180,0,0,1,0,0,0,0
TXN00008495,2026-02-21 20:04:41,USR47030,MCH5026,4653.94,UTR5387232869,9120,SUCCESS,TXN00008495,USR47030,MCH5026,UTR5387232869,0,0,0,0,0,0,0
TXN00003347,2026-02-23 10:24:51,USR69323,MCH8553,6780.86,UTR3261208569,0110,SUCCESS,TXN00003347,USR69323,MCH8553,UTR3261208569,0,0,0,0,0,0,0
TXN00013920,2026-01-07 07:09:54,USR18826,MCH7156,11176.39,UTR3955893244,1310,SUCCESS,TXN00013920,USR18826,MCH7156,UTR3955893244,0,0,0,0,0,0,0
TXN00009951,2026-01-13 20:50:15,USR32680,MCH2767,12815.59,UTR7575601856,0110,SUCCESS,TXN00009951,USR32680,MCH2767,UTR7575601856,0,0,0,0,0,0,0
TXN00018502,2026-01-03 04:31:40,USR80316,MCH3137,0.932318,UTR1207598752,4110,SUCCESS,TXN00018502,USR80316,MCH3137,UTR1207598752,0,0,0,0,0,0,0
TXN00016397,2026-02-18 11:20:19,USR78235,MCH2040,11486.34,UTR5338847670,8120,SUCCESS,TXN00016397,USR78235,MCH2040,UTR5338847670,0,0,0,0,0,0,0
TXN00016792,2026-02-15 22:46:40,USR49588,MCH3646,1074.35,UTR8843629585,4110,SUCCESS,TXN00016792,USR49588,MCH3646,UTR8843629585,0,0,0,0,0,0,0
TXN00013577,2026-01-08 05:27:31,USR90862,MCH2482,7874.08,UTR1275713457,8120,SUCCESS,TXN00013577,USR90862,MCH2482,UTR1275713457,0,0,0,0,0,0,0
TXN00006747,2026-03-01 19:38:15,USR80122,MCH5547,16982.5,UTR1159807135,4110,SUCCESS,TXN00006747,USR80122,MCH5547,UTR1159807135,0,0,0,0,0,0,0
TXN00004939,2026-01-12 00:00:00,USR96283,MCH8034,19056.74,,0110,SUCCESS,TXN00004939,USR96283,MCH8034,,0,1,0,0,0,0,0
TXN00007616,2026-03-05 14:18:18,USR52844,MCH2734,11215.71,UTR3129646851,1310,SUCCESS,TXN00007616,USR52844,MCH2734,UTR3129646851,0,0,0,0,0,0,0
TXN00003078,2026-04-02 06:18:18,USR69198,MCH7517,2656.59,UTR2696457733,4110,SUCCESS,TXN00003078,USR69198,MCH7517,UTR2696457733,0,0,0,0,0,0,0
TXN00007172,2026-03-28 14:45:20,USR99804,MCH3251,22171.92,UTR4264533273,8120,SUCCESS,TXN00007172,USR99804,MCH3251,UTR4264533273,0,0,0,0,0,0,0
TXN00009413,2026-03-25 22:38:57,USR95616,MCH8543,18850.9,UTR8039657588,0110,SUCCESS,TXN00009413,USR95616,MCH8543,UTR8039657588,0,0,0,0,0,0,0
TXN00019685,2026-01-14 17:19:26,USR56472,MCH5640,2409.32,UTR2828368071,,SUCCESS,TXN00019685,USR56472,MCH5640,UTR2828368071,0,0,1,0,0,0,0
TXN00011958,2026-04-01 06:57:00,USR21174,MCH2302,23850.85,UTR2527139886,,FAILED,TXN00011958,USR21174,MCH2302,UTR2527139886,0,0,1,0,0,1,0
TXN00005518,2026-02-13 08:43:23,USR78743,MCH1212,19196.0,UTR0876337174,4110,SUCCESS,TXN00005518,USR78743,MCH1212,UTR0876337174,0,0,0,0,0,0,0
TXN00017654,2026-01-24 12:46:39,USR44585,MCH4573,20879.8,UTR2310364823,4110,SUCCESS,TXN00017654,USR44585,MCH4573,UTR2310364823,0,0,0,0,0,0,0
TXN00003443,2026-08-02 22:00:32,USR48048,MCH1778,5298.78,UTR7219330545,4110,PENDING,TXN00003443,USR48048,MCH1778,UTR 7219330545,0,0,0,0,0,0,1
TXN00009924,2026-03-12 13:58:00,USR63515,MCH7807,15356.13,UTR0385833455,8120,FAILED,TXN00009924,USR63515,MCH7807,UTR0385833455,0,0,0,0,0,1,0
TXN00003539,2026-03-24 23:05:48,USR24778,MCH4635,16853.12,UTR8059380520,,SUCCESS,TXN00003539,USR24778,MCH4635,UTR8059380520,0,0,1,0,0,0,0
TXN00009019,2026-02-25 12:42:13,USR17550,MCH5119,981.45,UTR2062644907,0110,SUCCESS,TXN00009019,USR17550,MCH5119,UTR2062644907,0,0,0,0,0,0,0
TXN00016679,2026-01-19 00:00:00,USR82330,MCH4948,731.33,UTR8653154614,4110,SUCCESS,TXN00016679,USR82330,MCH4948,UTR8653154614,0,0,0,0,0,0,0
TXN00002878,2026-01-12 18:47:42,USR92977,MCH7868,5124.96,UTR0949919975,0110,SUCCESS,TXN00002878,USR92977,MCH7868,UTR0949919975,0,0,0,0,0,0,0
TXN00000350,2026-01-11 14:36:55,USR70938,MCH8887,15650.24,UTR4674147433,4110,SUCCESS,TXN00000350,USR70938,MCH8887,UTR 4674147433,0,0,0,0,0,0,0
TXN00000604,2026-02-02 06:02:53,USR62575,MCH6217,2226.68,UTR3521571444,4110,SUCCESS,TXN00000604,USR62575,MCH6217,UTR3521571444,0,0,0,0,0,0,0
TXN00015109,2026-02-03 00:48:41,USR70329,MCH6921,14579.33,UTR4245654381,4110,FAILED,TXN00015109,USR70329,MCH6921,UTR4245654381,0,0,0,0,0,1,0
TXN00003994,2026-01-10 06:12:33,USR42216,MCH8018,1291.83,UTR1431256562,0110,PENDING,TXN00003994,USR42216,MCH8018,UTR1431256562,0,0,0,0,0,0,1
TXN00018893,2026-03-01 06:10:06,USR41729,MCH3277,12455.0,UTR0146492966,1310,SUCCESS,TXN00018893,USR41729,MCH3277,UTR0146492966,0,0,0,0,0,0,0
TXN00002182,2026-02-06 21:56:51,USR92121,MCH1784,0.532398,UTR3498803551,8120,SUCCESS,TXN00002182,USR92121,MCH1784,UTR3498803551,0,0,0,0,0,0,0
TXN00008818,2026-02-21 14:37:33,USR24379,MCH4576,0.893748,UTR8313373936,4110,SUCCESS,TXN00008818,USR24379,MCH4576,UTR8313373936,0,0,0,0,0,0,0
TXN00019540,2026-03-25 11:17:57,USR51561,MCH7452,5484.48,UTR3724989260,9120,SUCCESS,TXN00019540,USR51561,MCH7452,UTR3724989260,0,0,0,0,0,0,0
TXN00019499,2026-01-22 11:41:23,USR45732,MCH8521,10477.58,UTR5603991558,4110,SUCCESS,TXN00019499,USR45732,MCH8521,UTR5603991558,0,0,0,0,0,0,0
TXN00015242,2026-03-15 00:54:28,USR91830,MCH7368,13593.07,UTR6289146350,1310,SUCCESS,TXN00015242,USR91830,MCH7368,UTR6289146350,0,0,0,0,0,0,0
TXN00004083,2026-06-03 03:28:37,USR70960,MCH7210,15637.0,UTR3478508803,4110,SUCCESS,TXN00004083,USR70960,MCH7210,UTR3478508803,0,0,0,0,0,0,0
TXN00015294,2026-02-02 20:43:44,USR88987,MCH7344,17287.75,UTR3119248148,0110,SUCCESS,TXN00015294,USR88987,MCH7344,UTR3119248148,0,0,0,0,0,0,0
TXN00002187,2026-02-24 05:55:12,USR96895,MCH6352,21781.4,UTR2327144245,4110,SUCCESS,TXN00002187,USR96895,MCH6352,UTR2327144245,0,0,0,0,0,0,0
TXN00015793,2026-01-22 22:50:24,USR23616,MCH9606,5003.52,UTR3913893476,4110,SUCCESS,TXN00015793,USR23616,MCH9606,UTR3913893476,0,0,0,0,0,0,0
TXN00017839,2026-01-14 18:29:46,USR30829,MCH1307,19707.25,UTR2919171480,1310,SUCCESS,TXN00017839,USR30829,MCH1307,UTR2919171480,0,0,0,0,0,0,0
TXN00012048,2026-02-06 15:13:09,USR91448,MCH2330,24581.2,UTR0375739440,0110,FAILED,TXN00012048,USR91448,MCH2330,UTR0375739440,0,0,0,0,0,1,0
TXN00013549,2026-02-18 02:46:22,USR48264,MCH6083,21485.41,UTR9112261373,4110,SUCCESS,TXN00013549,USR48264,MCH6083,UTR 9112261373,0,0,0,0,0,0,0
TXN00005964,2026-01-22 04:27:50,USR62600,MCH4891,19298.18,UTR4747890024,4110,SUCCESS,TXN00005964,USR62600,MCH4891,UTR4747890024,0,0,0,0,0,0,0
TXN00005944,2026-01-17 00:00:00,USR44543,MCH4522,21986.03,UTR3067596916,,SUCCESS,TXN00005944,USR44543,MCH4522,UTR3067596916,0,0,1,0,0,0,0
TXN00000780,2026-03-03 03:27:34,USR38969,MCH9933,16032.28,UTR3593872013,9120,FAILED,TXN00000780,USR38969,MCH9933,UTR3593872013,0,0,0,0,0,1,0
TXN00014968,2026-02-13 00:00:00,USR44080,MCH6688,8312.37,UTR5275783553,4110,SUCCESS,TXN00014968,USR44080,MCH6688,UTR5275783553,0,0,0,0,0,0,0
TXN00012150,2026-08-01 02:13:54,USR22889,MCH6437,6299.09,UTR1618204892,8120,SUCCESS,TXN00012150,USR22889,MCH6437,UTR1618204892,0,0,0,0,0,0,0
TXN00019615,2026-03-25 10:19:16,USR38185,MCH2962,18647.57,UTR3488319168,8120,SUCCESS,TXN00019615,USR38185,MCH2962,UTR3488319168,0,0,0,0,0,0,0
TXN00013954,2026-03-28 21:13:56,USR97441,MCH3769,0.1967966,UTR5403033716,9120,PENDING,TXN00013954,USR97441,MCH3769,UTR5403033716,0,0,0,0,0,0,1
TXN00000903,2026-03-23 03:23:20,USR70852,MCH5897,4544.07,UTR9728281431,,SUCCESS,TXN00000903,USR70852,MCH5897,UTR9728281431,0,0,1,0,0,0,0
TXN00008266,2026-01-05 01:51:05,USR83722,MCH9131,358.59,UTR0663625794,,SUCCESS,TXN00008266,USR83722,MCH9131,UTR0663625794,0,0,1,0,0,0,0
TXN00012542,2026-01-14 02:50:17,USR72683,MCH8822,10659.53,UTR2463935976,1310,SUCCESS,TXN00012542,USR72683,MCH8822,UTR2463935976,0,0,0,0,0,0,0
TXN00016936,2026-03-28 17:00:42,USR17201,MCH7271,11337.58,UTR0082276971,0110,SUCCESS,TXN00016936,USR17201,MCH7271,UTR0082276971,0,0,0,0,0,0,0
TXN00003840,2026-01-22 00:00:00,USR80944,MCH6905,17099.82,,9120,SUCCESS,TXN00003840,USR80944,MCH6905,,0,1,0,0,0,0,0
TXN00001578,2026-03-01 22:47:05,USR28407,MCH4547,16052.87,UTR6124721473,4110,SUCCESS,TXN00001578,USR28407,MCH4547,UTR6124721473,0,0,0,0,0,0,0
TXN00014650,2026-03-25 17:35:49,USR11191,MCH9374,13661.51,UTR4594215496,,SUCCESS,TXN00014650,USR11191,MCH9374,UTR4594215496,0,0,1,0,0,0,0
TXN00008686,2026-02-20 21:35:09,USR87780,MCH8933,14641.29,UTR4420532471,8120,SUCCESS,TXN00008686,USR87780,MCH8933,UTR4420532471,0,0,0,0,0,0,0
TXN00005835,2026-03-12 18:13:32,USR99872,MCH6479,19911.8,UTR7676096377,9120,SUCCESS,TXN00005835,USR99872,MCH6479,UTR7676096377,0,0,0,0,0,0,0
TXN00004430,2026-02-08 02:41:37,USR28394,MCH4720,19939.88,UTR3552395563,9120,SUCCESS,TXN00004430,USR28394,MCH4720,UTR3552395563,0,0,0,0,0,0,0
TXN00011652,2026-03-06 19:07:32,USR85362,MCH5038,14514.65,UTR5672729969,4110,SUCCESS,TXN00011652,USR85362,MCH5038,UTR5672729969,0,0,0,0,0,0,0
TXN00012060,2026-01-23 04:55:35,USR96820,MCH4526,14115.4,UTR4403711757,,SUCCESS,TXN00012060,USR96820,MCH4526,UTR4403711757,0,0,1,0,0,0,0
TXN00004325,2026-03-09 00:50:07,USR48198,MCH9866,0.2024378,UTR8573371099,,SUCCESS,TXN00004325,USR48198,MCH9866,UTR8573371099,0,0,1,0,0,0,0
TXN00011480,2026-01-07 14:59:03,USR38047,MCH8790,20724.14,UTR8658158032,8120,PENDING,TXN00011480,USR38047,MCH8790,UTR8658158032,0,0,0,0,0,0,1
TXN00010078,2026-01-31 09:58:17,USR23372,MCH7938,11059.0,UTR3639882153,4110,SUCCESS,TXN00010078,USR23372,MCH7938,UTR 3639882153,0,0,0,0,0,0,0
TXN00009900,2026-02-03 08:31:14,USR30903,MCH2001,-1049.48,UTR4973130368,1310,FAILED,TXN00009900,USR30903,MCH2001,UTR4973130368,1,0,0,0,0,1,0
TXN00008109,2026-02-08 07:50:20,USR96561,MCH4435,18560.33,UTR0215791653,4110,SUCCESS,TXN00008109,USR96561,MCH4435,UTR0215791653,0,0,0,0,0,0,0
TXN00014546,2026-03-15 12:30:37,USR35533,MCH1879,8847.41,,,PENDING,TXN00014546,USR35533,MCH1879,,0,1,1,0,0,0,1
TXN00016461,2026-01-23 08:12:20,USR77102,MCH4435,1090.07,UTR3875366222,9120,SUCCESS,TXN00016461,USR77102,MCH4435,UTR3875366222,0,0,0,0,0,0,0
TXN00010722,2026-01-06 00:08:58,USR45570,MCH5922,5784.91,UTR4212696380,,SUCCESS,TXN00010722,USR45570,MCH5922,UTR4212696380,0,0,1,0,0,0,0
TXN00017915,2026-02-20 10:04:38,USR22165,MCH5188,2668.04,UTR0818122118,4110,SUCCESS,TXN00017915,USR22165,MCH5188,UTR 0818122118,0,0,0,0,0,0,0
TXN00007102,2026-03-05 15:21:45,USR78762,MCH2681,5042.96,UTR4245044326,0110,SUCCESS,TXN00007102,USR78762,MCH2681,UTR4245044326,0,0,0,0,0,0,0
TXN00006806,2026-01-18 05:25:56,USR29895,MCH8391,19994.3,UTR1225041536,1310,PENDING,TXN00006806,USR29895,MCH8391,UTR1225041536,0,0,0,0,0,0,1
TXN00012068,2026-01-17 09:13:47,USR14784,MCH2059,0.2443127,UTR1663752407,0110,SUCCESS,TXN00012068,USR14784,MCH2059,UTR1663752407,0,0,0,0,0,0,0
TXN00011965,2026-02-15 17:43:20,USR21359,MCH5045,13707.52,,1310,SUCCESS,TXN00011965,USR21359,MCH5045,,0,1,0,0,0,0,0
TXN00008710,2026-03-16 17:29:14,USR88097,MCH6530,18092.28,UTR0080446939,9120,SUCCESS,TXN00008710,USR88097,MCH6530,UTR0080446939,0,0,0,0,0,0,0
TXN00013923,2026-07-02 16:22:31,USR96682,MCH1106,6169.03,UTR7611035945,8120,SUCCESS,TXN00013923,USR96682,MCH1106,UTR7611035945,0,0,0,0,0,0,0
TXN00012055,2026-03-31 15:00:27,USR91729,MCH9607,18740.67,UTR9526005851,9120,SUCCESS,TXN00012055,USR91729,MCH9607,UTR9526005851,0,0,0,0,0,0,0
TXN00008573,2026-02-25 09:19:53,USR62138,MCH3112,7178.8,UTR9439158375,,SUCCESS,TXN00008573,USR62138,MCH3112,UTR9439158375,0,0,1,0,0,0,0
TXN00002354,2026-01-25 01:17:04,USR62721,MCH9023,21843.73,UTR1477810613,9120,FAILED,TXN00002354,USR62721,MCH9023,UTR1477810613,0,0,0,0,0,1,0
TXN00006760,2026-03-18 03:34:05,USR85215,MCH1461,0.71783,UTR4981188081,4110,SUCCESS,TXN00006760,USR85215,MCH1461,UTR4981188081,0,0,0,0,0,0,0
TXN00015340,2026-02-19 11:48:00,USR67233,MCH1729,1924.32,UTR0267742863,9120,SUCCESS,TXN00015340,USR67233,MCH1729,UTR0267742863,0,0,0,0,0,0,0
TXN00009648,2026-03-18 22:29:52,USR87799,MCH9865,13273.46,UTR2530736553,8120,SUCCESS,TXN00009648,USR87799,MCH9865,UTR2530736553,0,0,0,0,0,0,0
TXN00018099,2026-03-08 12:32:46,USR88258,MCH8327,6892.0,UTR3660457082,9120,SUCCESS,TXN00018099,USR88258,MCH8327,UTR3660457082,0,0,0,0,0,0,0
TXN00003605,2026-02-06 11:19:03,USR30615,MCH5563,5475.56,,0110,SUCCESS,TXN00003605,USR30615,MCH5563,,0,1,0,0,0,0,0
TXN00000009,2026-03-13 12:06:08,USR94105,MCH6875,0.1503186,UTR2805319196,4110,SUCCESS,TXN00000009,USR94105,MCH6875,UTR2805319196,0,0,0,0,0,0,0
TXN00011905,2026-01-04 00:00:00,USR52567,MCH3011,17546.26,UTR2526072418,,SUCCESS,TXN00011905,USR52567,MCH3011,UTR2526072418,0,0,1,0,0,0,0
TXN00009584,2026-02-25 03:02:41,USR72906,MCH6313,3357.19,UTR7569439445,4110,SUCCESS,TXN00009584,USR72906,MCH6313,UTR7569439445,0,0,0,0,0,0,0
TXN00019773,2026-01-29 13:35:26,USR17587,MCH9139,620.54,UTR8089978959,8120,SUCCESS,TXN00019773,USR17587,MCH9139,UTR8089978959,0,0,0,0,0,0,0
TXN00010038,2026-01-31 15:36:28,USR34419,MCH2101,7295.0,UTR4665749188,4110,SUCCESS,TXN00010038,USR34419,MCH2101,UTR4665749188,0,0,0,0,0,0,0
TXN00010197,2026-03-04 04:05:21,USR51393,MCH5257,0.1793869,UTR9824932910,4110,SUCCESS,TXN00010197,USR51393,MCH5257,UTR9824932910,0,0,0,0,0,0,0
TXN00006589,2026-01-21 22:21:35,USR44816,MCH2808,4784.64,UTR5793797188,4110,FAILED,TXN00006589,USR44816,MCH2808,UTR5793797188,0,0,0,0,0,1,0
TXN00001214,2026-01-12 01:50:32,USR30002,MCH8372,19872.29,UTR3521130624,,SUCCESS,TXN00001214,USR30002,MCH8372,UTR3521130624,0,0,1,0,0,0,0
TXN00001891,2026-03-17 04:24:34,USR13614,MCH3343,2488.46,UTR8240275775,4110,PENDING,TXN00001891,USR13614,MCH3343,UTR8240275775,0,0,0,0,0,0,1
TXN00018674,2026-03-28 10:50:23,USR47839,MCH3729,21297.39,UTR0319195771,9120,SUCCESS,TXN00018674,USR47839,MCH3729,UTR0319195771,0,0,0,0,0,0,0
TXN00007744,2026-01-23 06:05:32,USR16303,MCH6416,0.753777,UTR1578150974,8120,SUCCESS,TXN00007744,USR16303,MCH6416,UTR1578150974,0,0,0,0,0,0,0
TXN00013639,2026-01-30 06:28:42,USR30457,MCH6536,15325.26,UTR8912299237,1310,SUCCESS,TXN00013639,USR30457,MCH6536,UTR8912299237,0,0,0,0,0,0,0
TXN00005376,2026-01-17 20:46:42,USR41749,MCH9607,19852.42,UTR2680584616,1310,PENDING,TXN00005376,USR41749,MCH9607,UTR2680584616,0,0,0,0,0,0,1
TXN00013029,2026-01-21 20:29:02,USR60096,MCH4102,4658.35,UTR1702350670,4110,SUCCESS,TXN00013029,USR60096,MCH4102,UTR1702350670,0,0,0,0,0,0,0
TXN00012319,2026-03-03 00:10:38,USR14987,MCH1813,217.54,UTR3230249907,8120,SUCCESS,TXN00012319,USR14987,MCH1813,UTR3230249907,0,0,0,0,0,0,0
TXN00009003,2026-02-14 10:09:25,USR88746,MCH8338,18125.51,UTR2033032116,1310,SUCCESS,TXN00009003,USR88746,MCH8338,UTR2033032116,0,0,0,0,0,0,0
TXN00013707,2026-01-14 08:48:02,USR79518,MCH2536,14000.43,UTR6574112531,,SUCCESS,TXN00013707,USR79518,MCH2536,UTR6574112531,0,0,1,0,0,0,0
TXN00013670,2026-03-02 05:11:44,USR13957,MCH5761,21540.49,UTR9913732113,,FAILED,TXN00013670,USR13957,MCH5761,UTR9913732113,0,0,1,0,0,1,0
TXN00015275,2026-03-07 20:35:42,USR36917,MCH8646,9385.66,UTR6580932303,8120,SUCCESS,TXN00015275,USR36917,MCH8646,UTR6580932303,0,0,0,0,0,0,0
TXN00019039,2026-01-31 18:31:20,USR45438,MCH7183,23134.62,UTR7513852984,4110,SUCCESS,TXN00019039,USR45438,MCH7183,UTR7513852984,0,0,0,0,0,0,0
TXN00005120,2026-03-11 02:16:13,USR21118,MCH1554,7055.0,UTR7725698793,4110,SUCCESS,TXN00005120,USR21118,MCH1554,UTR7725698793,0,0,0,0,0,0,0
TXN00011604,2026-03-04 22:08:32,USR45373,MCH4928,20143.0,UTR0540376277,0110,SUCCESS,TXN00011604,USR45373,MCH4928,UTR0540376277,0,0,0,0,0,0,0
TXN00007679,2026-03-16 18:09:12,USR27607,MCH5002,1848.35,UTR2995836160,1310,SUCCESS,TXN00007679,USR27607,MCH5002,UTR 2995836160,0,0,0,0,0,0,0
TXN00015956,2026-01-27 03:23:19,USR91933,MCH1500,20259.48,UTR4667184287,4110,SUCCESS,TXN00015956,USR91933,MCH1500,UTR4667184287,0,0,0,0,0,0,0
TXN00018496,2026-02-18 10:05:01,USR70193,MCH4955,-22231.78,UTR4278291928,0110,SUCCESS,TXN00018496,USR70193,MCH4955,UTR 4278291928,1,0,0,0,0,0,0
TXN00009366,2026-03-28 14:38:47,USR30180,MCH2314,12634.05,UTR6420659284,9120,SUCCESS,TXN00009366,USR30180,MCH2314,UTR6420659284,0,0,0,0,0,0,0
TXN00001900,2026-01-13 14:54:13,USR50609,MCH5289,19597.0,UTR8529976192,8120,SUCCESS,TXN00001900,USR50609,MCH5289,UTR8529976192,0,0,0,0,0,0,0
TXN00014072,2026-03-14 17:36:57,USR89814,MCH1394,4504.41,UTR0976522481,4110,SUCCESS,TXN00014072,USR89814,MCH1394,UTR0976522481,0,0,0,0,0,0,0
TXN00010713,2026-03-27 12:31:22,USR14093,MCH2552,23505.0,UTR7912647232,,SUCCESS,TXN00010713,USR14093,MCH2552,UTR7912647232,0,0,1,0,0,0,0
TXN00003673,2026-01-23 18:03:00,USR77852,MCH4239,18117.71,UTR5110702419,0110,SUCCESS,TXN00003673,USR77852,MCH4239,UTR5110702419,0,0,0,0,0,0,0
TXN00006953,2026-01-08 00:03:10,USR79605,MCH2739,0.1117484,UTR5530722729,1310,SUCCESS,TXN00006953,USR79605,MCH2739,UTR5530722729,0,0,0,0,0,0,0
TXN00014891,2026-01-13 02:31:44,USR45302,MCH2512,17113.97,UTR2345046629,9120,SUCCESS,TXN00014891,USR45302,MCH2512,UTR2345046629,0,0,0,0,0,0,0
TXN00010841,2026-02-03 06:45:51,USR55387,MCH9362,0.2136664,UTR9090245615,1310,SUCCESS,TXN00010841,USR55387,MCH9362,UTR9090245615,0,0,0,0,0,0,0
TXN00003535,2026-02-22 02:30:31,USR58740,MCH7663,5820.32,UTR9157078079,0110,SUCCESS,TXN00003535,USR58740,MCH7663,UTR9157078079,0,0,0,0,0,0,0
TXN00006375,2026-02-03 06:36:06,USR69464,MCH4160,5241.62,UTR9196946868,8120,SUCCESS,TXN00006375,USR69464,MCH4160,UTR9196946868,0,0,0,0,0,0,0
TXN00006763,2026-03-09 14:05:49,USR70321,MCH4314,4109.95,UTR2391591284,1310,FAILED,TXN00006763,USR70321,MCH4314,UTR2391591284,0,0,0,0,0,1,0
TXN00006965,2026-01-18 06:45:06,USR47415,MCH3461,7460.78,UTR0207340845,9120,SUCCESS,TXN00006965,USR47415,MCH3461,UTR0207340845,0,0,0,0,0,0,0
TXN00013336,2026-01-29 02:00:00,USR61224,MCH5076,18599.19,UTR5061973821,9120,SUCCESS,TXN00013336,USR61224,MCH5076,UTR5061973821,0,0,0,0,0,0,0
TXN00007931,2026-03-17 00:00:00,USR36703,MCH5381,20546.82,UTR2866989913,0110,SUCCESS,TXN00007931,USR36703,MCH5381,UTR2866989913,0,0,0,0,0,0,0
TXN00015598,2026-02-19 20:41:38,USR69299,MCH6080,21075.88,UTR5275785088,4110,SUCCESS,TXN00015598,USR69299,MCH6080,UTR5275785088,0,0,0,0,0,0,0
TXN00015945,2026-01-22 12:46:25,USR45077,MCH6429,6492.2,UTR1693709828,,SUCCESS,TXN00015945,USR45077,MCH6429,UTR1693709828,0,0,1,0,0,0,0
TXN00017287,2026-01-10 18:34:55,USR55687,MCH7839,15601.44,UTR1120517301,9120,FAILED,TXN00017287,USR55687,MCH7839,UTR1120517301,0,0,0,0,0,1,0
TXN00016818,2026-02-03 15:29:52,USR86856,MCH2316,0.156547,UTR7083843552,9120,SUCCESS,TXN00016818,USR86856,MCH2316,UTR7083843552,0,0,0,0,0,0,0
TXN00008775,2026-03-06 10:07:59,USR89777,MCH7415,23693.84,,4110,SUCCESS,TXN00008775,USR89777,MCH7415,,0,1,0,0,0,0,0
TXN00017666,2026-01-02 06:35:26,USR28513,MCH6480,3186.71,UTR6529654704,0110,SUCCESS,TXN00017666,USR28513,MCH6480,UTR6529654704,0,0,0,0,0,0,0
TXN00005310,2026-10-02 16:53:16,USR64129,MCH2584,0.223494,UTR4834574149,4110,SUCCESS,TXN00005310,USR64129,MCH2584,UTR4834574149,0,0,0,0,0,0,0
TXN00000766,2026-03-20 07:25:39,USR48704,MCH3854,14252.0,UTR0161651144,0110,SUCCESS,TXN00000766,USR48704,MCH3854,UTR 0161651144,0,0,0,0,0,0,0
TXN00002523,2026-01-10 23:03:05,USR48318,MCH5708,7491.9,UTR6752152075,1310,SUCCESS,TXN00002523,USR48318,MCH5708,UTR6752152075,0,0,0,0,0,0,0
TXN00003016,2026-02-17 00:23:12,USR15556,MCH1318,8358.0,UTR3287291622,8120,SUCCESS,TXN00003016,USR15556,MCH1318,UTR3287291622,0,0,0,0,0,0,0
TXN00002309,2026-01-04 15:37:52,USR83877,MCH1398,2854.82,UTR7594520001,8120,PENDING,TXN00002309,USR83877,MCH1398,UTR7594520001,0,0,0,0,0,0,1
TXN00017495,2026-03-19 22:29:06,USR28554,MCH7119,6652.0,UTR8396611393,0110,SUCCESS,TXN00017495,USR28554,MCH7119,UTR8396611393,0,0,0,0,0,0,0
TXN00007377,2026-02-09 21:09:22,USR44711,MCH2835,13187.5,UTR1780020385,4110,SUCCESS,TXN00007377,USR44711,MCH2835,UTR1780020385,0,0,0,0,0,0,0
TXN00002080,2026-03-07 12:48:35,USR67034,MCH1434,19302.59,UTR4747707468,1310,SUCCESS,TXN00002080,USR67034,MCH1434,UTR4747707468,0,0,0,0,0,0,0
TXN00012747,2026-03-26 19:51:30,USR26675,MCH4648,2291.81,UTR4590520386,9120,SUCCESS,TXN00012747,USR26675,MCH4648,UTR4590520386,0,0,0,0,0,0,0
TXN00013428,2026-03-28 00:00:00,USR76741,MCH2548,19362.22,UTR8907753221,8120,SUCCESS,TXN00013428,USR76741,MCH2548,UTR8907753221,0,0,0,0,0,0,0
TXN00004709,2026-01-20 15:26:08,USR88583,MCH5454,20508.13,UTR7284361712,1310,SUCCESS,TXN00004709,USR88583,MCH5454,UTR7284361712,0,0,0,0,0,0,0
TXN00009933,2026-02-25 00:00:00,USR11403,MCH6604,0.569393,UTR0332803683,,FAILED,TXN00009933,USR11403,MCH6604,UTR 0332803683,0,0,1,0,0,1,0
TXN00006500,2026-02-13 03:02:06,USR93023,MCH7779,19514.0,UTR7776637364,1310,FAILED,TXN00006500,USR93023,MCH7779,UTR7776637364,0,0,0,0,0,1,0
TXN00009896,2026-01-31 08:10:37,USR54346,MCH1790,2515.03,UTR7085300330,8120,SUCCESS,TXN00009896,USR54346,MCH1790,UTR 7085300330,0,0,0,0,0,0,0
TXN00008462,2026-01-19 18:00:03,USR33216,MCH3201,22538.13,UTR3470829927,9120,SUCCESS,TXN00008462,USR33216,MCH3201,UTR3470829927,0,0,0,0,0,0,0
TXN00009766,2026-03-10 06:56:02,USR49553,MCH9624,5371.77,UTR3126787080,,SUCCESS,TXN00009766,USR49553,MCH9624,UTR3126787080,0,0,1,0,0,0,0
TXN00000155,2026-02-24 12:04:57,USR94673,MCH8824,24641.4,UTR2539573346,,SUCCESS,TXN00000155,USR94673,MCH8824,UTR2539573346,0,0,1,0,0,0,0
TXN00008982,2026-02-09 16:04:54,USR98277,MCH9487,16221.0,UTR3047712589,8120,SUCCESS,TXN00008982,USR98277,MCH9487,UTR3047712589,0,0,0,0,0,0,0
TXN00005167,2026-01-20 16:21:16,USR40112,MCH9818,0.523534,UTR4204328582,1310,SUCCESS,TXN00005167,USR40112,MCH9818,UTR4204328582,0,0,0,0,0,0,0
TXN00016624,2026-02-06 22:33:34,USR52357,MCH3134,22583.83,UTR2477275400,9120,SUCCESS,TXN00016624,USR52357,MCH3134,UTR2477275400,0,0,0,0,0,0,0
TXN00009735,2026-01-20 23:13:35,USR42660,MCH3185,18658.91,UTR1855428773,9120,SUCCESS,TXN00009735,USR42660,MCH3185,UTR1855428773,0,0,0,0,0,0,0
TXN00004937,2026-03-31 18:32:19,USR22954,MCH7071,22740.0,UTR9814128515,1310,SUCCESS,TXN00004937,USR22954,MCH7071,UTR9814128515,0,0,0,0,0,0,0
TXN00008926,2026-03-16 07:35:34,USR40653,MCH8731,14862.35,UTR9117558272,,SUCCESS,TXN00008926,USR40653,MCH8731,UTR9117558272,0,0,1,0,0,0,0
TXN00005900,2026-01-18 05:47:59,USR78394,MCH4275,13331.05,UTR0896962947,,SUCCESS,TXN00005900,USR78394,MCH4275,UTR0896962947,0,0,1,0,0,0,0
TXN00015046,2026-03-06 01:19:03,USR49167,MCH3618,14569.2,UTR9782182423,8120,SUCCESS,TXN00015046,USR49167,MCH3618,UTR9782182423,0,0,0,0,0,0,0
TXN00012821,2026-03-06 13:33:04,USR81069,MCH1348,3679.74,UTR6368876410,4110,SUCCESS,TXN00012821,USR81069,MCH1348,UTR6368876410,0,0,0,0,0,0,0
TXN00001878,2026-02-24 19:33:43,USR83268,MCH1104,12713.93,UTR7668439167,8120,SUCCESS,TXN00001878,USR83268,MCH1104,UTR7668439167,0,0,0,0,0,0,0
TXN00016450,2026-01-24 21:00:26,USR45973,MCH3509,10221.04,UTR9115261591,1310,SUCCESS,TXN00016450,USR45973,MCH3509,UTR9115261591,0,0,0,0,0,0,0
TXN00012235,2026-02-12 17:15:00,USR20097,MCH4669,11832.63,UTR9768586441,9120,SUCCESS,TXN00012235,USR20097,MCH4669,UTR 9768586441,0,0,0,0,0,0,0
TXN00013152,2026-03-02 13:04:07,USR90546,MCH6412,1140.29,UTR5260223609,1310,SUCCESS,TXN00013152,USR90546,MCH6412,UTR5260223609,0,0,0,0,0,0,0
TXN00009071,2026-02-13 20:31:58,USR20364,MCH8682,22165.87,UTR0818288367,1310,SUCCESS,TXN00009071,USR20364,MCH8682,UTR0818288367,0,0,0,0,0,0,0
TXN00012111,2026-01-28 11:21:41,USR26216,MCH2405,2785.2,UTR5961963222,1310,SUCCESS,TXN00012111,USR26216,MCH2405,UTR5961963222,0,0,0,0,0,0,0
TXN00010374,2026-02-23 00:00:13,USR22630,MCH6374,11624.96,UTR8712376940,9120,SUCCESS,TXN00010374,USR22630,MCH6374,UTR8712376940,0,0,0,0,0,0,0
TXN00012161,2026-03-07 03:03:27,USR20782,MCH7113,9426.72,UTR8335929140,4110,SUCCESS,TXN00012161,USR20782,MCH7113,UTR8335929140,0,0,0,0,0,0,0
TXN00007863,2026-03-13 16:55:39,USR44295,MCH1866,239.93,UTR2101002195,4110,SUCCESS,TXN00007863,USR44295,MCH1866,UTR2101002195,0,0,0,0,0,0,0
TXN00014790,2026-02-08 14:37:51,USR11862,MCH1764,23152.77,,8120,SUCCESS,TXN00014790,USR11862,MCH1764,,0,1,0,0,0,0,0
TXN00000478,2026-01-21 16:41:07,USR20391,MCH1416,13850.82,UTR4299948165,9120,SUCCESS,TXN00000478,USR20391,MCH1416,UTR4299948165,0,0,0,0,0,0,0
TXN00001087,2026-03-14 20:44:11,USR47255,MCH5122,15339.15,,,PENDING,TXN00001087,USR47255,MCH5122,,0,1,1,0,0,0,1
TXN00015720,2026-02-06 19:21:17,USR10104,MCH4652,18458.04,UTR1828441345,0110,SUCCESS,TXN00015720,USR10104,MCH4652,UTR1828441345,0,0,0,0,0,0,0
TXN00015786,2026-03-30 15:41:54,USR39994,MCH3129,10917.82,,,SUCCESS,TXN00015786,USR39994,MCH3129,,0,1,1,0,0,0,0
TXN00002432,2026-01-18 12:02:34,USR73790,MCH1368,20669.42,UTR3844967743,4110,SUCCESS,TXN00002432,USR73790,MCH1368,UTR3844967743,0,0,0,0,0,0,0
TXN00014763,2026-03-10 14:24:06,USR51295,MCH6529,444.54,UTR5409190272,0110,SUCCESS,TXN00014763,USR51295,MCH6529,UTR5409190272,0,0,0,0,0,0,0
TXN00004676,2026-01-21 13:38:58,USR50902,MCH8058,22161.0,UTR7005539913,8120,SUCCESS,TXN00004676,USR50902,MCH8058,UTR7005539913,0,0,0,0,0,0,0
TXN00002546,2026-02-03 22:35:32,USR50191,MCH7683,12195.82,UTR0381451007,4110,FAILED,TXN00002546,USR50191,MCH7683,UTR0381451007,0,0,0,0,0,1,0
TXN00009021,2026-02-22 01:20:30,USR79681,MCH7818,6821.22,UTR9102940595,,SUCCESS,TXN00009021,USR79681,MCH7818,UTR9102940595,0,0,1,0,0,0,0
TXN00018155,2026-02-02 09:04:21,USR93365,MCH7801,7979.95,UTR5538354735,4110,SUCCESS,TXN00018155,USR93365,MCH7801,UTR5538354735,0,0,0,0,0,0,0
TXN00010125,2026-03-28 23:50:06,USR53331,MCH6817,1833.48,UTR5957351519,4110,FAILED,TXN00010125,USR53331,MCH6817,UTR5957351519,0,0,0,0,0,1,0
TXN00003619,2026-02-21 08:17:32,USR29079,MCH6771,19900.2,UTR1451985493,4110,SUCCESS,TXN00003619,USR29079,MCH6771,UTR1451985493,0,0,0,0,0,0,0
TXN00011771,2026-04-03 17:23:18,USR84938,MCH3246,218.66,UTR8929000951,9120,SUCCESS,TXN00011771,USR84938,MCH3246,UTR8929000951,0,0,0,0,0,0,0
TXN00011748,2026-02-14 21:40:19,USR53103,MCH5630,1079.15,UTR8621344974,8120,SUCCESS,TXN00011748,USR53103,MCH5630,UTR8621344974,0,0,0,0,0,0,0
TXN00003937,2026-02-11 19:18:29,USR50841,MCH8556,10435.66,UTR5276629254,4110,SUCCESS,TXN00003937,USR50841,MCH8556,UTR5276629254,0,0,0,0,0,0,0
TXN00006027,2026-02-09 00:00:00,USR71656,MCH5819,21870.4,UTR6573227922,4110,SUCCESS,TXN00006027,USR71656,MCH5819,UTR6573227922,0,0,0,0,0,0,0
TXN00002869,2026-03-11 02:38:07,USR61062,MCH3766,7069.58,UTR1358614068,8120,SUCCESS,TXN00002869,USR61062,MCH3766,UTR1358614068,0,0,0,0,0,0,0
TXN00019909,2026-03-26 21:59:54,USR79001,MCH1441,21757.0,UTR3542410727,,SUCCESS,TXN00019909,USR79001,MCH1441,UTR3542410727,0,0,1,0,0,0,0
TXN00017275,2026-01-26 10:29:30,USR93744,MCH8734,6200.93,UTR5763791988,,SUCCESS,TXN00017275,USR93744,MCH8734,UTR5763791988,0,0,1,0,0,0,0
TXN00000720,2026-03-14 15:16:47,USR64668,MCH5890,18274.38,UTR6415303435,8120,SUCCESS,TXN00000720,USR64668,MCH5890,UTR6415303435,0,0,0,0,0,0,0
TXN00007699,2026-07-03 17:19:17,USR10802,MCH7618,8606.05,UTR7274234099,4110,SUCCESS,TXN00007699,USR10802,MCH7618,UTR7274234099,0,0,0,0,0,0,0
TXN00012295,2026-03-07 17:18:40,USR81700,MCH3673,6417.9,UTR0633737717,8120,SUCCESS,TXN00012295,USR81700,MCH3673,UTR0633737717,0,0,0,0,0,0,0
TXN00003357,2026-03-15 09:24:01,USR60822,MCH2134,17406.94,,8120,SUCCESS,TXN00003357,USR60822,MCH2134,,0,1,0,0,0,0,0
TXN00004858,2026-02-18 12:06:42,USR52613,MCH2551,23452.22,UTR7693071391,0110,SUCCESS,TXN00004858,USR52613,MCH2551,UTR7693071391,0,0,0,0,0,0,0
TXN00007331,2026-02-27 08:38:33,USR87180,MCH4213,5388.94,UTR6486072407,0110,SUCCESS,TXN00007331,USR87180,MCH4213,UTR6486072407,0,0,0,0,0,0,0
TXN00005003,2026-03-28 19:47:47,USR83719,MCH9184,21365.14,UTR9973896408,0110,SUCCESS,TXN00005003,USR83719,MCH9184,UTR9973896408,0,0,0,0,0,0,0
TXN00003735,2026-01-24 09:29:47,USR76993,MCH5847,6174.0,UTR8570311636,0110,SUCCESS,TXN00003735,USR76993,MCH5847,UTR 8570311636,0,0,0,0,0,0,0
TXN00001015,2026-02-08 00:00:00,USR45308,MCH6005,17642.32,,4110,SUCCESS,TXN00001015,USR45308,MCH6005,,0,1,0,0,0,0,0
TXN00006519,2026-02-23 07:29:34,USR75481,MCH8433,24519.22,UTR7113700314,,FAILED,TXN00006519,USR75481,MCH8433,UTR7113700314,0,0,1,0,0,1,0
TXN00006659,2026-01-14 09:58:57,USR51969,MCH2546,3383.11,UTR2552442632,4110,FAILED,TXN00006659,USR51969,MCH2546,UTR2552442632,0,0,0,0,0,1,0
TXN00011505,2026-03-06 06:47:20,USR32260,MCH3551,13592.92,UTR1384552484,0110,PENDING,TXN00011505,USR32260,MCH3551,UTR1384552484,0,0,0,0,0,0,1
TXN00015748,2026-03-04 10:14:13,USR51525,MCH3679,1525.0,UTR6661642347,,SUCCESS,TXN00015748,USR51525,MCH3679,UTR6661642347,0,0,1,0,0,0,0
TXN00006243,2026-01-05 15:45:20,USR16798,MCH5898,13608.0,UTR1782305340,9120,SUCCESS,TXN00006243,USR16798,MCH5898,UTR1782305340,0,0,0,0,0,0,0
TXN00000059,2026-01-26 16:22:41,USR97096,MCH8896,1140.23,UTR9306709738,4110,FAILED,TXN00000059,USR97096,MCH8896,UTR9306709738,0,0,0,0,0,1,0
TXN00008275,2026-03-16 20:05:13,USR33330,MCH5082,13021.18,UTR2890100903,1310,SUCCESS,TXN00008275,USR33330,MCH5082,UTR2890100903,0,0,0,0,0,0,0
TXN00005929,2026-01-21 01:43:05,USR88159,MCH5011,0.1536634,UTR0124333755,,SUCCESS,TXN00005929,USR88159,MCH5011,UTR0124333755,0,0,1,0,0,0,0
TXN00013761,2026-02-15 09:07:35,USR82262,MCH7246,351.31,UTR5910704927,4110,SUCCESS,TXN00013761,USR82262,MCH7246,UTR5910704927,0,0,0,0,0,0,0
TXN00002209,2026-03-04 03:38:17,USR24220,MCH1839,7313.0,UTR6821222322,4110,SUCCESS,TXN00002209,USR24220,MCH1839,UTR6821222322,0,0,0,0,0,0,0
TXN00017184,2026-02-07 21:43:30,USR35838,MCH5608,7638.55,UTR2728391819,4110,SUCCESS,TXN00017184,USR35838,MCH5608,UTR2728391819,0,0,0,0,0,0,0
TXN00002729,2026-01-19 03:18:56,USR86969,MCH7980,0.617262,UTR1150443044,1310,SUCCESS,TXN00002729,USR86969,MCH7980,UTR 1150443044,0,0,0,0,0,0,0
TXN00019200,2026-02-12 13:58:54,USR90254,MCH2550,4264.0,UTR6049451646,4110,PENDING,TXN00019200,USR90254,MCH2550,UTR6049451646,0,0,0,0,0,0,1
TXN00006846,2026-01-08 01:49:28,USR66550,MCH6258,4848.66,UTR3992863959,9120,SUCCESS,TXN00006846,USR66550,MCH6258,UTR3992863959,0,0,0,0,0,0,0
TXN00012113,2026-07-03 17:57:50,USR97894,MCH9002,6695.12,,4110,SUCCESS,TXN00012113,USR97894,MCH9002,,0,1,0,0,0,0,0
TXN00019468,2026-03-28 09:24:32,USR68784,MCH7304,9986.99,UTR9474591464,1310,SUCCESS,TXN00019468,USR68784,MCH7304,UTR9474591464,0,0,0,0,0,0,0
TXN00000947,2026-01-05 21:10:18,USR77397,MCH4579,0.343077,UTR8008242026,9120,PENDING,TXN00000947,USR77397,MCH4579,UTR8008242026,0,0,0,0,0,0,1
TXN00012396,2026-01-27 01:36:08,USR57805,MCH5359,9009.34,UTR5143849404,8120,SUCCESS,TXN00012396,USR57805,MCH5359,UTR5143849404,0,0,0,0,0,0,0
TXN00011585,2026-03-14 00:00:00,USR63354,MCH6313,15992.45,UTR3875489820,9120,FAILED,TXN00011585,USR63354,MCH6313,UTR3875489820,0,0,0,0,0,1,0
TXN00013106,2026-01-28 12:33:41,USR63895,MCH9007,0.1587744,UTR0645718042,,SUCCESS,TXN00013106,USR63895,MCH9007,UTR0645718042,0,0,1,0,0,0,0
TXN00000042,2026-01-16 12:01:59,USR18169,MCH6694,12384.47,UTR0766788922,9120,SUCCESS,TXN00000042,USR18169,MCH6694,UTR0766788922,0,0,0,0,0,0,0
TXN00007275,2026-03-05 11:10:25,USR77258,MCH3959,10760.1,UTR8332804981,8120,SUCCESS,TXN00007275,USR77258,MCH3959,UTR8332804981,0,0,0,0,0,0,0
TXN00002599,2026-01-12 19:55:38,USR24031,MCH5527,7114.01,UTR5442312211,0110,SUCCESS,TXN00002599,USR24031,MCH5527,UTR5442312211,0,0,0,0,0,0,0
TXN00005857,2026-01-07 08:53:55,USR31527,MCH5405,3605.47,UTR3746804276,0110,SUCCESS,TXN00005857,USR31527,MCH5405,UTR3746804276,0,0,0,0,0,0,0
TXN00005791,2026-02-09 02:59:50,USR78184,MCH4446,6636.62,UTR8279865363,8120,FAILED,TXN00005791,USR78184,MCH4446,UTR8279865363,0,0,0,0,0,1,0
TXN00009719,2026-03-15 07:15:02,USR87767,MCH2633,4250.93,UTR7869776763,8120,SUCCESS,TXN00009719,USR87767,MCH2633,UTR7869776763,0,0,0,0,0,0,0
TXN00018504,2026-03-21 17:49:56,USR41469,MCH3294,10142.73,UTR6981565840,4110,SUCCESS,TXN00018504,USR41469,MCH3294,UTR6981565840,0,0,0,0,0,0,0
TXN00017301,2026-01-31 10:42:21,USR77508,MCH3543,10838.65,UTR8284339491,4110,SUCCESS,TXN00017301,USR77508,MCH3543,UTR8284339491,0,0,0,0,0,0,0
TXN00014193,2026-02-09 21:22:33,USR67321,MCH2749,12238.38,UTR9213053568,,SUCCESS,TXN00014193,USR67321,MCH2749,UTR 9213053568,0,0,1,0,0,0,0
TXN00018949,2026-02-13 00:00:00,USR33527,MCH6896,14529.6,,9120,SUCCESS,TXN00018949,USR33527,MCH6896,,0,1,0,0,0,0,0
TXN00003920,2026-01-02 12:39:27,USR22108,MCH7211,20137.7,UTR5980780889,4110,SUCCESS,TXN00003920,USR22108,MCH7211,UTR5980780889,0,0,0,0,0,0,0
TXN00006469,2026-03-28 14:39:17,USR66112,MCH7001,23351.48,UTR2083840917,1310,SUCCESS,TXN00006469,USR66112,MCH7001,UTR2083840917,0,0,0,0,0,0,0
TXN00014985,2026-03-26 19:14:59,USR40589,MCH6344,0.1902243,UTR9150610112,,SUCCESS,TXN00014985,USR40589,MCH6344,UTR9150610112,0,0,1,0,0,0,0
TXN00010592,2026-03-29 22:08:59,USR92564,MCH1685,15649.91,UTR4839693983,8120,SUCCESS,TXN00010592,USR92564,MCH1685,UTR4839693983,0,0,0,0,0,0,0
TXN00003828,2026-02-15 13:59:31,USR37969,MCH5751,12058.0,UTR5084528285,4110,SUCCESS,TXN00003828,USR37969,MCH5751,UTR5084528285,0,0,0,0,0,0,0
TXN00004867,2026-01-13 19:32:32,USR36417,MCH4107,8905.0,UTR1293276170,4110,SUCCESS,TXN00004867,USR36417,MCH4107,UTR1293276170,0,0,0,0,0,0,0
TXN00004917,2026-02-22 01:52:46,USR31031,MCH6950,8202.68,UTR8920901569,1310,SUCCESS,TXN00004917,USR31031,MCH6950,UTR8920901569,0,0,0,0,0,0,0
TXN00007454,2026-02-07 00:20:43,USR42587,MCH5612,15104.08,UTR1792462982,8120,SUCCESS,TXN00007454,USR42587,MCH5612,UTR1792462982,0,0,0,0,0,0,0
TXN00007166,2026-03-13 05:16:58,USR94938,MCH2558,1308.63,UTR9085784903,9120,PENDING,TXN00007166,USR94938,MCH2558,UTR9085784903,0,0,0,0,0,0,1
TXN00013149,2026-03-19 15:41:46,USR15156,MCH9267,17899.09,UTR1295722296,1310,SUCCESS,TXN00013149,USR15156,MCH9267,UTR1295722296,0,0,0,0,0,0,0
TXN00001470,2026-03-27 08:58:43,USR81945,MCH3056,19561.81,UTR4206178545,4110,SUCCESS,TXN00001470,USR81945,MCH3056,UTR4206178545,0,0,0,0,0,0,0
TXN00013370,2026-03-12 09:32:39,USR59175,MCH4997,11917.32,UTR3439931653,9120,SUCCESS,TXN00013370,USR59175,MCH4997,UTR3439931653,0,0,0,0,0,0,0
TXN00018066,2026-02-01 00:00:00,USR74818,MCH9672,18782.0,UTR2714033339,1310,SUCCESS,TXN00018066,USR74818,MCH9672,UTR2714033339,0,0,0,0,0,0,0
TXN00010332,2026-01-24 13:29:28,USR84495,MCH6653,14503.25,UTR4475043215,,SUCCESS,TXN00010332,USR84495,MCH6653,UTR4475043215,0,0,1,0,0,0,0
TXN00018076,2026-02-23 19:34:29,USR96900,MCH1198,21150.59,UTR6703725853,4110,SUCCESS,TXN00018076,USR96900,MCH1198,UTR6703725853,0,0,0,0,0,0,0
TXN00011356,2026-02-04 10:47:45,USR12788,MCH6049,3343.38,UTR2206366765,8120,FAILED,TXN00011356,USR12788,MCH6049,UTR2206366765,0,0,0,0,0,1,0
TXN00007855,2026-01-23 21:27:57,USR65703,MCH5480,0.1239639,UTR8600529898,4110,PENDING,TXN00007855,USR65703,MCH5480,UTR8600529898,0,0,0,0,0,0,1
TXN00000588,2026-02-03 06:14:46,USR40765,MCH4213,3230.7,UTR9333975966,8120,SUCCESS,TXN00000588,USR40765,MCH4213,UTR9333975966,0,0,0,0,0,0,0
TXN00012629,2026-02-25 23:07:01,USR33077,MCH4118,14382.06,UTR0821097514,4110,SUCCESS,TXN00012629,USR33077,MCH4118,UTR0821097514,0,0,0,0,0,0,0
TXN00003021,2026-01-14 22:46:20,USR28045,MCH5211,7151.1,UTR1984868727,9120,SUCCESS,TXN00003021,USR28045,MCH5211,UTR1984868727,0,0,0,0,0,0,0
TXN00005302,2026-03-27 17:01:23,USR46055,MCH6775,272.73,UTR5546148734,0110,SUCCESS,TXN00005302,USR46055,MCH6775,UTR5546148734,0,0,0,0,0,0,0
TXN00009169,2026-03-01 00:42:18,USR99165,MCH1872,6781.37,UTR7131056967,8120,SUCCESS,TXN00009169,USR99165,MCH1872,UTR7131056967,0,0,0,0,0,0,0
TXN00010915,2026-01-30 06:41:06,USR65983,MCH1332,21478.0,UTR5765108431,0110,SUCCESS,TXN00010915,USR65983,MCH1332,UTR5765108431,0,0,0,0,0,0,0
TXN00019508,2026-01-03 13:06:06,USR86996,MCH8320,22234.55,UTR9316675001,8120,SUCCESS,TXN00019508,USR86996,MCH8320,UTR9316675001,0,0,0,0,0,0,0
TXN00015890,2026-03-01 23:08:34,USR28328,MCH4535,23347.34,UTR5465168581,4110,SUCCESS,TXN00015890,USR28328,MCH4535,UTR5465168581,0,0,0,0,0,0,0
TXN00004030,2026-02-08 16:05:49,USR26546,MCH7558,9018.26,UTR6786837576,9120,PENDING,TXN00004030,USR26546,MCH7558,UTR6786837576,0,0,0,0,0,0,1
TXN00006591,2026-03-22 01:21:01,USR27782,MCH3337,11354.43,UTR0735663528,0110,FAILED,TXN00006591,USR27782,MCH3337,UTR 0735663528,0,0,0,0,0,1,0
TXN00006901,2026-02-07 11:09:21,USR12239,MCH8515,5750.61,UTR2496701426,1310,SUCCESS,TXN00006901,USR12239,MCH8515,UTR2496701426,0,0,0,0,0,0,0
TXN00015121,2026-02-26 00:18:49,USR30836,MCH2668,0.1423047,UTR1583296714,9120,SUCCESS,TXN00015121,USR30836,MCH2668,UTR1583296714,0,0,0,0,0,0,0
TXN00008635,2026-02-01 17:34:22,USR85062,MCH3550,0.723694,UTR5525198777,9120,SUCCESS,TXN00008635,USR85062,MCH3550,UTR5525198777,0,0,0,0,0,0,0
TXN00010237,2026-01-30 09:38:26,USR45731,MCH7770,0.1932952,UTR6418340361,4110,SUCCESS,TXN00010237,USR45731,MCH7770,UTR6418340361,0,0,0,0,0,0,0
TXN00019671,2026-02-02 06:37:50,USR12273,MCH1323,21699.0,UTR5390119529,1310,SUCCESS,TXN00019671,USR12273,MCH1323,UTR5390119529,0,0,0,0,0,0,0
TXN00002552,2026-02-06 07:23:36,USR45761,MCH3661,2783.84,UTR3705497144,4110,SUCCESS,TXN00002552,USR45761,MCH3661,UTR3705497144,0,0,0,0,0,0,0
TXN00002417,2026-03-10 05:42:52,USR32589,MCH8231,9611.33,UTR2822404869,9120,PENDING,TXN00002417,USR32589,MCH8231,UTR2822404869,0,0,0,0,0,0,1
TXN00000628,2026-02-03 22:45:47,USR47523,MCH1299,18689.3,,9120,FAILED,TXN00000628,USR47523,MCH1299,,0,1,0,0,0,1,0
TXN00013159,2026-02-22 12:36:30,USR58593,MCH4059,0.2287281,UTR6477758790,1310,SUCCESS,TXN00013159,USR58593,MCH4059,UTR6477758790,0,0,0,0,0,0,0
TXN00015049,2026-01-11 05:45:43,USR70822,MCH5307,8883.82,UTR4370979504,0110,SUCCESS,TXN00015049,USR70822,MCH5307,UTR 4370979504,0,0,0,0,0,0,0
TXN00012578,2026-03-10 05:10:20,USR10789,MCH6745,13546.0,UTR4641831820,1310,SUCCESS,TXN00012578,USR10789,MCH6745,UTR4641831820,0,0,0,0,0,0,0
TXN00011399,2026-03-25 04:25:39,USR35297,MCH7821,8077.13,UTR4428173684,1310,SUCCESS,TXN00011399,USR35297,MCH7821,UTR4428173684,0,0,0,0,0,0,0
TXN00015044,2026-01-17 13:08:15,USR79026,MCH9679,16046.0,UTR2067319870,9120,FAILED,TXN00015044,USR79026,MCH9679,UTR2067319870,0,0,0,0,0,1,0
TXN00000112,2026-01-24 18:27:02,USR99245,MCH4040,4038.92,UTR3908430850,0110,SUCCESS,TXN00000112,USR99245,MCH4040,UTR3908430850,0,0,0,0,0,0,0
TXN00010170,2026-01-11 12:39:40,USR12298,MCH3434,11446.22,UTR7300010050,1310,SUCCESS,TXN00010170,USR12298,MCH3434,UTR7300010050,0,0,0,0,0,0,0
TXN00015396,2026-05-03 22:36:29,USR50786,MCH4281,10693.07,UTR5606218491,4110,SUCCESS,TXN00015396,USR50786,MCH4281,UTR5606218491,0,0,0,0,0,0,0
TXN00005367,2026-03-16 04:21:53,USR77589,MCH5326,15287.43,UTR3229624504,,PENDING,TXN00005367,USR77589,MCH5326,UTR3229624504,0,0,1,0,0,0,1
TXN00009492,2026-02-20 13:02:02,USR22595,MCH6625,1094.5,UTR6095555990,0110,SUCCESS,TXN00009492,USR22595,MCH6625,UTR6095555990,0,0,0,0,0,0,0
TXN00018467,2026-03-22 19:38:21,USR41986,MCH4530,14213.19,UTR3666120758,4110,SUCCESS,TXN00018467,USR41986,MCH4530,UTR3666120758,0,0,0,0,0,0,0
TXN00019455,2026-03-23 13:37:24,USR80414,MCH9684,14123.0,UTR2943115406,1310,SUCCESS,TXN00019455,USR80414,MCH9684,UTR2943115406,0,0,0,0,0,0,0
TXN00001960,2026-02-13 01:34:30,USR39706,MCH8368,19643.43,UTR6748439292,0110,PENDING,TXN00001960,USR39706,MCH8368,UTR6748439292,0,0,0,0,0,0,1
TXN00011284,2026-03-30 05:01:36,USR44812,MCH3962,215.82,UTR4557836724,4110,SUCCESS,TXN00011284,USR44812,MCH3962,UTR4557836724,0,0,0,0,0,0,0
TXN00002218,2026-03-02 00:00:00,USR77924,MCH5299,7045.21,UTR0949387417,4110,SUCCESS,TXN00002218,USR77924,MCH5299,UTR0949387417,0,0,0,0,0,0,0
TXN00011070,2026-02-17 15:08:50,USR11885,MCH6190,13313.37,UTR9291662369,4110,SUCCESS,TXN00011070,USR11885,MCH6190,UTR9291662369,0,0,0,0,0,0,0
TXN00005253,2026-01-03 02:47:53,USR59682,MCH8746,-17432.18,UTR5429213742,0110,SUCCESS,TXN00005253,USR59682,MCH8746,UTR5429213742,1,0,0,0,0,0,0
TXN00001227,2026-02-24 15:30:40,USR55681,MCH3046,-9945.88,UTR7002612842,4110,SUCCESS,TXN00001227,USR55681,MCH3046,UTR7002612842,1,0,0,0,0,0,0
TXN00014777,2026-02-28 11:06:34,USR80999,MCH1345,6636.07,UTR8369949830,1310,SUCCESS,TXN00014777,USR80999,MCH1345,UTR8369949830,0,0,0,0,0,0,0
TXN00004124,2026-01-03 13:11:40,USR47345,MCH3059,22507.6,UTR2466656688,8120,SUCCESS,TXN00004124,USR47345,MCH3059,UTR2466656688,0,0,0,0,0,0,0
TXN00005928,2026-03-07 19:08:39,USR27043,MCH1052,16838.76,UTR1196281048,1310,SUCCESS,TXN00005928,USR27043,MCH1052,UTR1196281048,0,0,0,0,0,0,0
TXN00012767,2026-01-10 21:22:11,USR66419,MCH3025,0.1569448,UTR3933690025,4110,PENDING,TXN00012767,USR66419,MCH3025,UTR3933690025,0,0,0,0,0,0,1
TXN00013017,2026-01-15 05:29:37,USR24347,MCH5209,21177.7,UTR9763415354,4110,SUCCESS,TXN00013017,USR24347,MCH5209,UTR9763415354,0,0,0,0,0,0,0
TXN00017860,2026-02-17 09:50:18,USR88935,MCH5922,13697.42,UTR2098901695,9120,SUCCESS,TXN00017860,USR88935,MCH5922,UTR2098901695,0,0,0,0,0,0,0
TXN00009317,2026-02-02 09:47:32,USR76278,MCH6914,20127.0,UTR2726590427,1310,SUCCESS,TXN00009317,USR76278,MCH6914,UTR2726590427,0,0,0,0,0,0,0
TXN00008140,2026-01-19 06:04:23,USR34480,MCH8269,7204.11,UTR4690697602,1310,SUCCESS,TXN00008140,USR34480,MCH8269,UTR4690697602,0,0,0,0,0,0,0
TXN00002061,2026-03-24 06:17:36,USR52015,MCH5812,1566.0,UTR9810305435,9120,SUCCESS,TXN00002061,USR52015,MCH5812,UTR9810305435,0,0,0,0,0,0,0
TXN00007763,2026-03-25 05:09:46,USR57451,MCH1189,9794.51,UTR4337994593,1310,SUCCESS,TXN00007763,USR57451,MCH1189,UTR4337994593,0,0,0,0,0,0,0
TXN00018357,2026-02-03 19:07:14,USR89905,MCH1012,3624.26,UTR0197773058,,FAILED,TXN00018357,USR89905,MCH1012,UTR0197773058,0,0,1,0,0,1,0
TXN00004478,2026-01-29 01:02:01,USR63390,MCH2671,8951.7,UTR8384719565,1310,SUCCESS,TXN00004478,USR63390,MCH2671,UTR8384719565,0,0,0,0,0,0,0
TXN00002237,2026-03-14 00:00:00,USR88250,MCH7728,22308.64,UTR7005984489,,FAILED,TXN00002237,USR88250,MCH7728,UTR7005984489,0,0,1,0,0,1,0
TXN00009479,2026-01-01 09:34:36,USR10069,MCH7948,7005.63,UTR1717866717,9120,SUCCESS,TXN00009479,USR10069,MCH7948,UTR1717866717,0,0,0,0,0,0,0
TXN00016658,2026-01-04 03:25:12,USR41534,MCH5542,158.28,UTR6264554136,4110,SUCCESS,TXN00016658,USR41534,MCH5542,UTR6264554136,0,0,0,0,0,0,0
TXN00013287,2026-02-23 16:51:55,USR75039,MCH9609,0.2197776,UTR0365556547,4110,SUCCESS,TXN00013287,USR75039,MCH9609,UTR0365556547,0,0,0,0,0,0,0
TXN00002994,2026-01-03 22:34:16,USR64572,MCH4170,0.991988,UTR1114506869,4110,SUCCESS,TXN00002994,USR64572,MCH4170,UTR1114506869,0,0,0,0,0,0,0
TXN00009965,2026-01-15 00:00:00,USR80802,MCH4089,12299.85,UTR6776715499,0110,SUCCESS,TXN00009965,USR80802,MCH4089,UTR6776715499,0,0,0,0,0,0,0
TXN00004423,2026-02-17 12:34:49,USR42846,MCH4957,14988.0,UTR3764224241,9120,SUCCESS,TXN00004423,USR42846,MCH4957,UTR3764224241,0,0,0,0,0,0,0
TXN00015969,2026-06-01 01:28:23,USR56689,MCH7115,9535.56,UTR5332392332,1310,FAILED,TXN00015969,USR56689,MCH7115,UTR5332392332,0,0,0,0,0,1,0
TXN00012674,2026-02-07 21:37:51,USR33616,MCH4892,1301.04,UTR6722092480,1310,SUCCESS,TXN00012674,USR33616,MCH4892,UTR6722092480,0,0,0,0,0,0,0
TXN00002160,2026-01-05 09:49:48,USR91495,MCH8962,18723.17,UTR7242333524,4110,SUCCESS,TXN00002160,USR91495,MCH8962,UTR7242333524,0,0,0,0,0,0,0
TXN00006011,2026-03-19 21:38:34,USR61850,MCH6545,20094.3,UTR0128387417,0110,SUCCESS,TXN00006011,USR61850,MCH6545,UTR0128387417,0,0,0,0,0,0,0
TXN00004433,2026-02-03 18:43:23,USR89157,MCH8089,11882.0,UTR5785597392,9120,SUCCESS,TXN00004433,USR89157,MCH8089,UTR5785597392,0,0,0,0,0,0,0
TXN00012444,2026-01-29 16:31:19,USR75241,MCH4176,5806.89,UTR2488475993,4110,SUCCESS,TXN00012444,USR75241,MCH4176,UTR2488475993,0,0,0,0,0,0,0
TXN00007285,2026-02-06 12:54:34,USR18089,MCH2321,5203.52,UTR9608242637,4110,SUCCESS,TXN00007285,USR18089,MCH2321,UTR9608242637,0,0,0,0,0,0,0
TXN00004843,2026-02-19 11:16:25,USR10369,MCH1005,8814.65,UTR3370194710,8120,FAILED,TXN00004843,USR10369,MCH1005,UTR3370194710,0,0,0,0,0,1,0
TXN00012386,2026-01-10 07:57:21,USR12027,MCH4176,5149.0,UTR0076447583,9120,SUCCESS,TXN00012386,USR12027,MCH4176,UTR0076447583,0,0,0,0,0,0,0
TXN00003938,2026-03-20 06:30:24,USR31840,MCH1971,4014.04,UTR5201423913,0110,SUCCESS,TXN00003938,USR31840,MCH1971,UTR5201423913,0,0,0,0,0,0,0
TXN00015575,2026-01-05 15:45:45,USR80256,MCH8330,4183.0,UTR0002278500,4110,SUCCESS,TXN00015575,USR80256,MCH8330,UTR0002278500,0,0,0,0,0,0,0
TXN00001352,2026-02-25 22:45:10,USR71669,MCH6406,14471.1,UTR9828009829,8120,SUCCESS,TXN00001352,USR71669,MCH6406,UTR9828009829,0,0,0,0,0,0,0
TXN00014446,2026-01-11 10:55:17,USR16859,MCH5717,-10009.74,UTR7526421051,4110,FAILED,TXN00014446,USR16859,MCH5717,UTR7526421051,1,0,0,0,0,1,0
TXN00016952,2026-02-16 18:16:05,USR99096,MCH1949,0.208821,UTR0000547286,1310,PENDING,TXN00016952,USR99096,MCH1949,UTR0000547286,0,0,0,0,0,0,1
TXN00008440,2026-03-19 02:44:08,USR22419,MCH7456,10354.0,UTR8337839252,1310,SUCCESS,TXN00008440,USR22419,MCH7456,UTR8337839252,0,0,0,0,0,0,0
TXN00017258,2026-01-06 00:35:00,USR20150,MCH7686,24235.31,UTR3971276273,4110,SUCCESS,TXN00017258,USR20150,MCH7686,UTR3971276273,0,0,0,0,0,0,0
TXN00002537,2026-01-15 07:20:50,USR46732,MCH1058,18514.5,UTR0287241295,1310,SUCCESS,TXN00002537,USR46732,MCH1058,UTR0287241295,0,0,0,0,0,0,0
TXN00016015,2026-01-11 07:50:58,USR63440,MCH4992,5205.07,UTR2453547327,4110,FAILED,TXN00016015,USR63440,MCH4992,UTR2453547327,0,0,0,0,0,1,0
TXN00005651,2026-06-02 00:32:25,USR73620,MCH5248,18544.69,UTR8016333331,4110,SUCCESS,TXN00005651,USR73620,MCH5248,UTR8016333331,0,0,0,0,0,0,0
TXN00006460,2026-02-03 13:39:16,USR90432,MCH4531,8689.0,UTR7175866622,9120,SUCCESS,TXN00006460,USR90432,MCH4531,UTR7175866622,0,0,0,0,0,0,0
TXN00012333,2026-03-19 09:13:21,USR67997,MCH3565,22061.09,UTR3131597013,,SUCCESS,TXN00012333,USR67997,MCH3565,UTR3131597013,0,0,1,0,0,0,0
TXN00013763,2026-03-09 05:26:28,USR84694,MCH8994,1405.4,UTR6836903087,9120,SUCCESS,TXN00013763,USR84694,MCH8994,UTR6836903087,0,0,0,0,0,0,0
TXN00002330,2026-02-13 15:57:19,USR69635,MCH1259,0.128787,,9120,FAILED,TXN00002330,USR69635,MCH1259,,0,1,0,0,0,1,0
TXN00016740,2026-01-29 05:42:36,USR75403,MCH2670,0.1344524,UTR3201226448,,FAILED,TXN00016740,USR75403,MCH2670,UTR3201226448,0,0,1,0,0,1,0
TXN00001747,2026-03-20 07:15:15,USR75168,MCH4515,489.61,UTR6956100581,9120,SUCCESS,TXN00001747,USR75168,MCH4515,UTR6956100581,0,0,0,0,0,0,0
TXN00011646,2026-01-20 23:48:04,USR24673,MCH8110,2513.23,UTR2405492854,1310,SUCCESS,TXN00011646,USR24673,MCH8110,UTR2405492854,0,0,0,0,0,0,0
TXN00016947,2026-01-29 19:50:19,USR24926,MCH3778,21758.89,UTR0697188885,0110,SUCCESS,TXN00016947,USR24926,MCH3778,UTR0697188885,0,0,0,0,0,0,0
TXN00017727,2026-01-19 03:48:39,USR46527,MCH8537,0.414634,UTR7200781845,1310,SUCCESS,TXN00017727,USR46527,MCH8537,UTR7200781845,0,0,0,0,0,0,0
TXN00014480,2026-02-05 00:00:00,USR99246,MCH6044,5329.14,UTR8591359934,9120,SUCCESS,TXN00014480,USR99246,MCH6044,UTR8591359934,0,0,0,0,0,0,0
TXN00014621,2026-01-09 21:48:53,USR27912,MCH2675,22231.46,UTR3014764473,9120,SUCCESS,TXN00014621,USR27912,MCH2675,UTR3014764473,0,0,0,0,0,0,0
TXN00003550,2026-02-19 00:00:00,USR72965,MCH8420,14089.58,UTR6098875464,8120,SUCCESS,TXN00003550,USR72965,MCH8420,UTR6098875464,0,0,0,0,0,0,0
TXN00006568,2026-02-06 07:13:39,USR70710,MCH7858,14007.0,UTR8864181756,4110,SUCCESS,TXN00006568,USR70710,MCH7858,UTR8864181756,0,0,0,0,0,0,0
TXN00004432,2026-01-12 02:10:48,USR77211,MCH2417,13677.75,UTR0200095550,1310,SUCCESS,TXN00004432,USR77211,MCH2417,UTR0200095550,0,0,0,0,0,0,0
TXN00005131,2026-03-28 22:50:52,USR78191,MCH6930,13984.86,UTR7136827579,,SUCCESS,TXN00005131,USR78191,MCH6930,UTR7136827579,0,0,1,0,0,0,0
TXN00008731,2026-03-24 19:05:04,USR56212,MCH2130,4410.47,,4110,SUCCESS,TXN00008731,USR56212,MCH2130,,0,1,0,0,0,0,0
TXN00014629,2026-02-19 06:23:05,USR10017,MCH3949,0.1640216,UTR9245307976,1310,SUCCESS,TXN00014629,USR10017,MCH3949,UTR9245307976,0,0,0,0,0,0,0
TXN00008150,2026-02-13 23:01:26,USR19547,MCH9867,6313.8,UTR4335473425,8120,PENDING,TXN00008150,USR19547,MCH9867,UTR4335473425,0,0,0,0,0,0,1
TXN00014710,2026-03-12 10:10:38,USR53916,MCH6593,1410.17,UTR2504577328,1310,SUCCESS,TXN00014710,USR53916,MCH6593,UTR2504577328,0,0,0,0,0,0,0
TXN00016022,2026-02-26 22:47:14,USR30197,MCH8950,17412.43,UTR8601565052,0110,SUCCESS,TXN00016022,USR30197,MCH8950,UTR8601565052,0,0,0,0,0,0,0
TXN00017379,2026-03-28 03:35:36,USR56732,MCH7990,24142.57,UTR0925416616,4110,SUCCESS,TXN00017379,USR56732,MCH7990,UTR0925416616,0,0,0,0,0,0,0
TXN00010102,2026-01-06 12:32:40,USR99797,MCH5883,15442.76,UTR8513316538,0110,SUCCESS,TXN00010102,USR99797,MCH5883,UTR8513316538,0,0,0,0,0,0,0
TXN00007242,2026-01-26 15:59:48,USR99698,MCH3253,22640.5,UTR9509630569,,FAILED,TXN00007242,USR99698,MCH3253,UTR9509630569,0,0,1,0,0,1,0
TXN00019810,2026-03-22 12:39:38,USR43962,MCH2872,12292.04,UTR3277024238,4110,SUCCESS,TXN00019810,USR43962,MCH2872,UTR3277024238,0,0,0,0,0,0,0
TXN00018816,2026-02-23 17:16:07,USR46589,MCH2570,2145.8,UTR0634750053,4110,FAILED,TXN00018816,USR46589,MCH2570,UTR0634750053,0,0,0,0,0,1,0
TXN00007845,2026-02-25 11:28:52,USR23610,MCH3154,20520.19,UTR7346964126,8120,SUCCESS,TXN00007845,USR23610,MCH3154,UTR7346964126,0,0,0,0,0,0,0
TXN00011013,2026-03-26 21:16:14,USR87915,MCH6116,24006.71,UTR4760749510,8120,SUCCESS,TXN00011013,USR87915,MCH6116,UTR4760749510,0,0,0,0,0,0,0
TXN00008168,2026-12-02 13:35:05,USR34232,MCH3916,17141.61,UTR1921984275,4110,PENDING,TXN00008168,USR34232,MCH3916,UTR1921984275,0,0,0,0,0,0,1
TXN00009935,2026-05-03 17:20:10,USR65950,MCH7184,7594.72,UTR3465403129,1310,SUCCESS,TXN00009935,USR65950,MCH7184,UTR3465403129,0,0,0,0,0,0,0
TXN00012706,2026-01-21 00:00:00,USR86454,MCH7420,21926.91,UTR4688716894,0110,SUCCESS,TXN00012706,USR86454,MCH7420,UTR4688716894,0,0,0,0,0,0,0
TXN00008609,2026-03-27 10:03:54,USR11055,MCH3107,16009.87,UTR3995975345,8120,SUCCESS,TXN00008609,USR11055,MCH3107,UTR3995975345,0,0,0,0,0,0,0
TXN00011049,2026-09-01 14:05:57,USR28803,MCH1392,10164.01,UTR3782413314,,SUCCESS,TXN00011049,USR28803,MCH1392,UTR3782413314,0,0,1,0,0,0,0
TXN00001048,2026-02-10 18:48:28,USR13103,MCH8275,620.0,UTR9950227469,9120,SUCCESS,TXN00001048,USR13103,MCH8275,UTR9950227469,0,0,0,0,0,0,0
TXN00018243,2026-03-21 11:21:35,USR64772,MCH8472,526.34,UTR7146942048,4110,SUCCESS,TXN00018243,USR64772,MCH8472,UTR7146942048,0,0,0,0,0,0,0
TXN00011481,2026-02-18 08:44:18,USR32595,MCH5742,15089.41,UTR7045701654,8120,SUCCESS,TXN00011481,USR32595,MCH5742,UTR7045701654,0,0,0,0,0,0,0
TXN00013374,2026-02-11 22:32:43,USR95436,MCH1633,15484.01,UTR9354608735,0110,SUCCESS,TXN00013374,USR95436,MCH1633,UTR 9354608735,0,0,0,0,0,0,0
TXN00013962,2026-02-11 06:22:30,USR17289,MCH1249,14439.21,UTR5394307180,4110,SUCCESS,TXN00013962,USR17289,MCH1249,UTR5394307180,0,0,0,0,0,0,0
TXN00000715,2026-01-19 15:01:11,USR63260,MCH6382,8728.22,UTR4517308958,1310,SUCCESS,TXN00000715,USR63260,MCH6382,UTR4517308958,0,0,0,0,0,0,0
TXN00010864,2026-01-23 00:26:24,USR22156,MCH1058,0.1266747,UTR7164234714,1310,SUCCESS,TXN00010864,USR22156,MCH1058,UTR7164234714,0,0,0,0,0,0,0
TXN00013436,2026-03-20 21:55:03,USR97277,MCH8788,23998.6,UTR7357583187,0110,FAILED,TXN00013436,USR97277,MCH8788,UTR7357583187,0,0,0,0,0,1,0
TXN00016404,2026-03-19 13:04:03,USR76412,MCH4523,11351.41,UTR4960750833,1310,SUCCESS,TXN00016404,USR76412,MCH4523,UTR4960750833,0,0,0,0,0,0,0
TXN00003575,2026-01-08 02:10:16,USR84207,MCH3496,22239.09,UTR1193200381,8120,FAILED,TXN00003575,USR84207,MCH3496,UTR1193200381,0,0,0,0,0,1,0
TXN00003961,2026-01-24 14:42:55,USR33426,MCH9043,14353.01,UTR0003375870,9120,SUCCESS,TXN00003961,USR33426,MCH9043,UTR0003375870,0,0,0,0,0,0,0
TXN00007140,2026-03-07 23:32:11,USR45331,MCH9529,3165.82,UTR2549402191,,SUCCESS,TXN00007140,USR45331,MCH9529,UTR2549402191,0,0,1,0,0,0,0
TXN00001241,2026-02-20 17:40:56,USR56575,MCH6075,21716.89,UTR0753177275,8120,SUCCESS,TXN00001241,USR56575,MCH6075,UTR0753177275,0,0,0,0,0,0,0
TXN00013938,2026-03-09 10:19:29,USR29963,MCH1051,19086.9,UTR4286755278,,FAILED,TXN00013938,USR29963,MCH1051,UTR4286755278,0,0,1,0,0,1,0
TXN00017843,2026-02-11 13:07:54,USR67013,MCH6264,24161.0,UTR5276671335,0110,SUCCESS,TXN00017843,USR67013,MCH6264,UTR5276671335,0,0,0,0,0,0,0
TXN00017444,2026-03-05 18:48:54,USR58624,MCH7520,0.368033,UTR1105556931,0110,SUCCESS,TXN00017444,USR58624,MCH7520,UTR1105556931,0,0,0,0,0,0,0
TXN00014517,2026-03-24 16:15:54,USR38022,MCH3377,12377.84,UTR3119097504,4110,SUCCESS,TXN00014517,USR38022,MCH3377,UTR3119097504,0,0,0,0,0,0,0
TXN00014435,2026-01-10 09:06:06,USR63234,MCH4668,22986.55,UTR0382831066,0110,SUCCESS,TXN00014435,USR63234,MCH4668,UTR0382831066,0,0,0,0,0,0,0
TXN00005586,2026-01-17 00:28:16,USR19633,MCH3592,0.138699,UTR5502514427,,FAILED,TXN00005586,USR19633,MCH3592,UTR 5502514427,0,0,1,0,0,1,0
TXN00013364,2026-01-09 17:03:04,USR44330,MCH6889,0.931472,UTR6483490204,9120,FAILED,TXN00013364,USR44330,MCH6889,UTR6483490204,0,0,0,0,0,1,0
TXN00012222,2026-03-28 16:04:33,USR43865,MCH9716,1843.29,UTR6054764550,9120,SUCCESS,TXN00012222,USR43865,MCH9716,UTR6054764550,0,0,0,0,0,0,0
TXN00012279,2026-03-28 11:56:04,USR73061,MCH9362,16794.36,UTR1720342727,8120,SUCCESS,TXN00012279,USR73061,MCH9362,UTR1720342727,0,0,0,0,0,0,0
TXN00007636,2026-02-23 08:38:37,USR76377,MCH1255,1105.73,UTR4965310828,0110,SUCCESS,TXN00007636,USR76377,MCH1255,UTR4965310828,0,0,0,0,0,0,0
TXN00012310,2026-01-15 22:19:22,USR35448,MCH3984,17994.4,UTR0734156548,,SUCCESS,TXN00012310,USR35448,MCH3984,UTR0734156548,0,0,1,0,0,0,0
TXN00007646,2026-01-27 20:18:35,USR27145,MCH7855,0.1723169,UTR9043296173,1310,SUCCESS,TXN00007646,USR27145,MCH7855,UTR9043296173,0,0,0,0,0,0,0
TXN00006976,2026-02-07 16:10:53,USR93864,MCH3549,10906.81,UTR1834705025,9120,SUCCESS,TXN00006976,USR93864,MCH3549,UTR1834705025,0,0,0,0,0,0,0
TXN00017765,2026-01-27 18:57:12,USR70144,MCH7450,4274.38,UTR4108055245,4110,SUCCESS,TXN00017765,USR70144,MCH7450,UTR4108055245,0,0,0,0,0,0,0
TXN00015068,2026-01-14 04:20:07,USR86608,MCH9879,15447.34,UTR2484738432,,SUCCESS,TXN00015068,USR86608,MCH9879,UTR2484738432,0,0,1,0,0,0,0
TXN00016992,2026-02-18 11:47:33,USR12827,MCH1699,11787.66,UTR9848915682,1310,SUCCESS,TXN00016992,USR12827,MCH1699,UTR9848915682,0,0,0,0,0,0,0
TXN00013729,2026-02-03 07:00:56,USR34101,MCH5401,4712.72,UTR5346174616,0110,SUCCESS,TXN00013729,USR34101,MCH5401,UTR5346174616,0,0,0,0,0,0,0
TXN00000954,2026-02-02 18:25:59,USR54714,MCH8255,22861.15,UTR4484049051,8120,SUCCESS,TXN00000954,USR54714,MCH8255,UTR4484049051,0,0,0,0,0,0,0
TXN00017378,2026-03-24 03:24:22,USR43499,MCH1806,12004.11,UTR8204677931,4110,SUCCESS,TXN00017378,USR43499,MCH1806,UTR8204677931,0,0,0,0,0,0,0
TXN00016948,2026-01-16 00:00:00,USR61221,MCH6421,23486.4,UTR4373526520,,SUCCESS,TXN00016948,USR61221,MCH6421,UTR4373526520,0,0,1,0,0,0,0
TXN00010874,2026-02-14 06:23:08,USR38157,MCH3468,7029.27,UTR3484838143,8120,SUCCESS,TXN00010874,USR38157,MCH3468,UTR3484838143,0,0,0,0,0,0,0
TXN00006547,2026-02-28 05:59:15,USR36238,MCH2163,13982.83,UTR3385006914,4110,FAILED,TXN00006547,USR36238,MCH2163,UTR3385006914,0,0,0,0,0,1,0
TXN00014576,2026-02-20 13:43:18,USR89098,MCH8985,8388.86,UTR3797419541,1310,FAILED,TXN00014576,USR89098,MCH8985,UTR3797419541,0,0,0,0,0,1,0
TXN00013493,2026-02-17 23:07:47,USR25459,MCH2329,6645.73,UTR6248293033,8120,SUCCESS,TXN00013493,USR25459,MCH2329,UTR 6248293033,0,0,0,0,0,0,0
TXN00006929,2026-02-21 18:27:34,USR57424,MCH7113,17454.78,UTR9365300015,,SUCCESS,TXN00006929,USR57424,MCH7113,UTR9365300015,0,0,1,0,0,0,0
TXN00014335,2026-01-19 20:59:35,USR15443,MCH6219,7674.0,UTR4920472232,4110,SUCCESS,TXN00014335,USR15443,MCH6219,UTR4920472232,0,0,0,0,0,0,0
TXN00012018,2026-03-22 15:29:17,USR40785,MCH7491,20919.4,,9120,SUCCESS,TXN00012018,USR40785,MCH7491,,0,1,0,0,0,0,0
TXN00003649,2026-03-06 02:22:19,USR74182,MCH4953,14926.8,UTR4759886226,4110,SUCCESS,TXN00003649,USR74182,MCH4953,UTR4759886226,0,0,0,0,0,0,0
TXN00012622,2026-02-17 08:53:34,USR37532,MCH9029,0.214925,UTR6225790100,9120,SUCCESS,TXN00012622,USR37532,MCH9029,UTR6225790100,0,0,0,0,0,0,0
TXN00002262,2026-01-25 20:26:57,USR39522,MCH8576,15052.07,UTR5780666132,9120,SUCCESS,TXN00002262,USR39522,MCH8576,UTR5780666132,0,0,0,0,0,0,0
TXN00016989,2026-03-29 00:59:56,USR89465,MCH4042,22250.22,UTR6455312731,8120,SUCCESS,TXN00016989,USR89465,MCH4042,UTR6455312731,0,0,0,0,0,0,0
TXN00006237,2026-01-25 20:01:55,USR94351,MCH5070,16108.88,UTR6967791863,1310,SUCCESS,TXN00006237,USR94351,MCH5070,UTR6967791863,0,0,0,0,0,0,0
TXN00002549,2026-06-01 04:05:51,USR66747,MCH4197,10183.59,UTR0106641598,1310,SUCCESS,TXN00002549,USR66747,MCH4197,UTR 0106641598,0,0,0,0,0,0,0
TXN00010867,2026-01-28 23:25:46,USR69520,MCH6687,976.74,UTR6944301277,,SUCCESS,TXN00010867,USR69520,MCH6687,UTR6944301277,0,0,1,0,0,0,0
TXN00012527,2026-02-17 06:08:44,USR77658,MCH5009,326.32,UTR9983630011,4110,SUCCESS,TXN00012527,USR77658,MCH5009,UTR9983630011,0,0,0,0,0,0,0
TXN00018898,2026-01-18 10:58:24,USR53178,MCH6890,14449.76,UTR6787535013,4110,SUCCESS,TXN00018898,USR53178,MCH6890,UTR6787535013,0,0,0,0,0,0,0
TXN00018662,2026-01-06 12:32:54,USR70131,MCH8387,23585.06,UTR3606763542,4110,SUCCESS,TXN00018662,USR70131,MCH8387,UTR3606763542,0,0,0,0,0,0,0
TXN00000019,2026-01-03 21:25:57,USR71709,MCH2366,10804.0,UTR5047194289,,SUCCESS,TXN00000019,USR71709,MCH2366,UTR5047194289,0,0,1,0,0,0,0
TXN00002122,2026-02-01 11:52:00,USR33368,MCH5480,12635.12,UTR4913359213,4110,SUCCESS,TXN00002122,USR33368,MCH5480,UTR4913359213,0,0,0,0,0,0,0
TXN00000537,2026-01-27 20:42:41,USR60992,MCH1119,21242.69,UTR4409317265,4110,SUCCESS,TXN00000537,USR60992,MCH1119,UTR4409317265,0,0,0,0,0,0,0
TXN00013934,2026-02-01 05:54:08,USR77709,MCH5422,24508.25,UTR4211419284,0110,SUCCESS,TXN00013934,USR77709,MCH5422,UTR4211419284,0,0,0,0,0,0,0
TXN00005830,2026-02-13 00:31:21,USR83635,MCH9162,13374.64,UTR1305403527,4110,SUCCESS,TXN00005830,USR83635,MCH9162,UTR1305403527,0,0,0,0,0,0,0
TXN00017831,2026-01-31 14:15:55,USR95818,MCH5088,5857.57,UTR7422473863,8120,SUCCESS,TXN00017831,USR95818,MCH5088,UTR7422473863,0,0,0,0,0,0,0
TXN00019938,2026-02-20 16:18:53,USR79347,MCH1873,20304.0,UTR9330870997,0110,SUCCESS,TXN00019938,USR79347,MCH1873,UTR9330870997,0,0,0,0,0,0,0
TXN00017844,2026-02-02 10:24:09,USR68176,MCH1424,8541.89,UTR3903728039,,SUCCESS,TXN00017844,USR68176,MCH1424,UTR3903728039,0,0,1,0,0,0,0
TXN00015987,2026-01-11 19:52:49,USR76964,MCH4037,24500.21,,8120,SUCCESS,TXN00015987,USR76964,MCH4037,,0,1,0,0,0,0,0
TXN00007196,2026-02-05 12:25:09,USR67264,MCH3284,13548.59,UTR0591473906,0110,SUCCESS,TXN00007196,USR67264,MCH3284,UTR0591473906,0,0,0,0,0,0,0
TXN00005096,2026-02-22 13:53:30,USR39573,MCH7055,10953.12,UTR7153061272,4110,SUCCESS,TXN00005096,USR39573,MCH7055,UTR7153061272,0,0,0,0,0,0,0
TXN00009828,2026-02-28 00:00:00,USR63398,MCH5410,13420.0,UTR0295929919,0110,SUCCESS,TXN00009828,USR63398,MCH5410,UTR0295929919,0,0,0,0,0,0,0
TXN00011143,2026-01-16 20:32:13,USR26585,MCH7731,5412.55,UTR3542939083,9120,FAILED,TXN00011143,USR26585,MCH7731,UTR3542939083,0,0,0,0,0,1,0
TXN00003533,2026-01-20 15:03:33,USR61211,MCH2310,8163.09,UTR9120698448,4110,SUCCESS,TXN00003533,USR61211,MCH2310,UTR9120698448,0,0,0,0,0,0,0
TXN00001290,2026-03-18 11:46:20,USR56488,MCH9748,1973.68,UTR6741827103,4110,SUCCESS,TXN00001290,USR56488,MCH9748,UTR 6741827103,0,0,0,0,0,0,0
TXN00005901,2026-03-26 12:22:01,USR35676,MCH4050,15792.29,UTR0846569316,9120,SUCCESS,TXN00005901,USR35676,MCH4050,UTR0846569316,0,0,0,0,0,0,0
TXN00000729,2026-01-01 00:56:45,USR73020,MCH5098,5049.0,UTR7605280023,9120,PENDING,TXN00000729,USR73020,MCH5098,UTR7605280023,0,0,0,0,0,0,1
TXN00018302,2026-02-04 17:36:44,USR14258,MCH8113,0.469633,UTR3526168331,4110,SUCCESS,TXN00018302,USR14258,MCH8113,UTR3526168331,0,0,0,0,0,0,0
TXN00015465,2026-03-22 20:09:48,USR76326,MCH5445,20704.85,UTR8480053757,,FAILED,TXN00015465,USR76326,MCH5445,UTR8480053757,0,0,1,0,0,1,0
TXN00006496,2026-03-21 07:59:19,USR72983,MCH5620,3274.55,UTR5336854703,4110,SUCCESS,TXN00006496,USR72983,MCH5620,UTR5336854703,0,0,0,0,0,0,0
TXN00005853,2026-01-06 10:58:08,USR45638,MCH9812,21291.02,UTR7036752346,8120,SUCCESS,TXN00005853,USR45638,MCH9812,UTR7036752346,0,0,0,0,0,0,0
TXN00004681,2026-01-28 12:49:11,USR23968,MCH3527,6771.28,UTR9095414795,,SUCCESS,TXN00004681,USR23968,MCH3527,UTR9095414795,0,0,1,0,0,0,0
TXN00005970,2026-03-02 13:06:27,USR11394,MCH8344,20640.12,UTR4938658820,4110,FAILED,TXN00005970,USR11394,MCH8344,UTR4938658820,0,0,0,0,0,1,0
TXN00009240,2026-03-21 15:21:19,USR26176,MCH8248,17252.21,UTR9453005060,9120,SUCCESS,TXN00009240,USR26176,MCH8248,UTR9453005060,0,0,0,0,0,0,0
TXN00015725,2026-03-30 17:52:46,USR18664,MCH1915,23053.79,UTR7295228735,9120,SUCCESS,TXN00015725,USR18664,MCH1915,UTR7295228735,0,0,0,0,0,0,0
TXN00019629,2026-05-03 16:42:32,USR94922,MCH3677,17159.04,UTR9319760133,8120,SUCCESS,TXN00019629,USR94922,MCH3677,UTR9319760133,0,0,0,0,0,0,0
TXN00012698,2026-02-28 19:29:50,USR35430,MCH1117,20900.37,UTR7462186651,,SUCCESS,TXN00012698,USR35430,MCH1117,UTR7462186651,0,0,1,0,0,0,0
TXN00015536,2026-03-30 00:00:00,USR89922,MCH2742,22558.68,UTR7059583344,9120,SUCCESS,TXN00015536,USR89922,MCH2742,UTR7059583344,0,0,0,0,0,0,0
TXN00000110,2026-02-21 00:00:00,USR42339,MCH7022,1933.73,UTR2451751241,4110,SUCCESS,TXN00000110,USR42339,MCH7022,UTR2451751241,0,0,0,0,0,0,0
TXN00017597,2026-01-05 04:22:29,USR55698,MCH4950,-4574.15,UTR9943180620,0110,SUCCESS,TXN00017597,USR55698,MCH4950,UTR9943180620,1,0,0,0,0,0,0
TXN00001103,2026-01-26 02:00:17,USR42142,MCH3994,22096.0,UTR5742690140,1310,SUCCESS,TXN00001103,USR42142,MCH3994,UTR5742690140,0,0,0,0,0,0,0
TXN00001944,2026-03-05 23:21:19,USR72181,MCH7385,17695.0,UTR1712732475,1310,SUCCESS,TXN00001944,USR72181,MCH7385,UTR 1712732475,0,0,0,0,0,0,0
TXN00011863,2026-03-20 00:00:00,USR85334,MCH4278,20229.0,UTR6390019609,4110,SUCCESS,TXN00011863,USR85334,MCH4278,UTR6390019609,0,0,0,0,0,0,0
TXN00016235,2026-01-19 08:04:31,USR96205,MCH1110,17865.26,UTR6999586604,8120,SUCCESS,TXN00016235,USR96205,MCH1110,UTR6999586604,0,0,0,0,0,0,0
TXN00019659,2026-02-26 02:33:24,USR18886,MCH5751,21737.78,UTR6928377772,4110,SUCCESS,TXN00019659,USR18886,MCH5751,UTR6928377772,0,0,0,0,0,0,0
TXN00006637,2026-02-07 14:43:13,USR32438,MCH8222,-22672.6,UTR9857913180,,SUCCESS,TXN00006637,USR32438,MCH8222,UTR9857913180,1,0,1,0,0,0,0
TXN00017663,2026-02-18 00:30:53,USR14506,MCH3165,24332.94,UTR1145356547,4110,SUCCESS,TXN00017663,USR14506,MCH3165,UTR1145356547,0,0,0,0,0,0,0
TXN00017296,2026-01-21 10:01:30,USR78477,MCH4627,0.1523328,UTR6286918249,9120,SUCCESS,TXN00017296,USR78477,MCH4627,UTR6286918249,0,0,0,0,0,0,0
TXN00013175,2026-03-16 21:56:49,USR65033,MCH9749,5492.01,UTR6358809501,9120,SUCCESS,TXN00013175,USR65033,MCH9749,UTR6358809501,0,0,0,0,0,0,0
TXN00019904,2026-03-01 16:52:33,USR59877,MCH2432,1564.95,UTR1464234745,8120,SUCCESS,TXN00019904,USR59877,MCH2432,UTR1464234745,0,0,0,0,0,0,0
TXN00016232,2026-03-21 04:28:51,USR95780,MCH8932,962.91,UTR7867314677,4110,FAILED,TXN00016232,USR95780,MCH8932,UTR7867314677,0,0,0,0,0,1,0
TXN00002266,2026-01-15 20:12:44,USR54025,MCH4994,15786.38,UTR5549576273,8120,SUCCESS,TXN00002266,USR54025,MCH4994,UTR 5549576273,0,0,0,0,0,0,0
TXN00016543,2026-03-22 16:31:43,USR47914,MCH8994,18966.3,UTR9957943625,9120,SUCCESS,TXN00016543,USR47914,MCH8994,UTR9957943625,0,0,0,0,0,0,0
TXN00016925,2026-02-09 07:52:40,USR18768,MCH7653,10632.45,UTR4767589465,8120,SUCCESS,TXN00016925,USR18768,MCH7653,UTR4767589465,0,0,0,0,0,0,0
TXN00006989,2026-03-11 22:23:14,USR47361,MCH9183,3942.72,UTR1360946115,4110,SUCCESS,TXN00006989,USR47361,MCH9183,UTR1360946115,0,0,0,0,0,0,0
TXN00012041,2026-01-20 06:55:12,USR60780,MCH4954,15591.46,UTR7510187546,9120,SUCCESS,TXN00012041,USR60780,MCH4954,UTR 7510187546,0,0,0,0,0,0,0
TXN00012289,2026-02-10 10:19:35,USR64948,MCH8805,2044.0,UTR4756829299,4110,SUCCESS,TXN00012289,USR64948,MCH8805,UTR4756829299,0,0,0,0,0,0,0
TXN00004505,2026-02-17 00:00:00,USR15314,MCH7015,12411.02,UTR1586629021,8120,PENDING,TXN00004505,USR15314,MCH7015,UTR1586629021,0,0,0,0,0,0,1
TXN00000376,2026-01-10 01:19:04,USR93115,MCH6665,7981.2,UTR6951703838,4110,SUCCESS,TXN00000376,USR93115,MCH6665,UTR6951703838,0,0,0,0,0,0,0
TXN00017790,2026-03-27 16:36:27,USR28285,MCH2955,6948.0,UTR9301344615,0110,SUCCESS,TXN00017790,USR28285,MCH2955,UTR9301344615,0,0,0,0,0,0,0
TXN00002723,2026-02-08 20:07:05,USR49353,MCH5540,19511.6,UTR1497576771,9120,SUCCESS,TXN00002723,USR49353,MCH5540,UTR1497576771,0,0,0,0,0,0,0
TXN00006536,2026-02-05 06:38:57,USR37413,MCH1126,6266.46,UTR1076777793,8120,SUCCESS,TXN00006536,USR37413,MCH1126,UTR 1076777793,0,0,0,0,0,0,0
TXN00006713,2026-03-24 06:21:16,USR29561,MCH3108,17725.41,UTR5335986771,0110,SUCCESS,TXN00006713,USR29561,MCH3108,UTR5335986771,0,0,0,0,0,0,0
TXN00004151,2026-01-17 10:58:03,USR90854,MCH4941,2964.28,UTR0609942267,4110,SUCCESS,TXN00004151,USR90854,MCH4941,UTR0609942267,0,0,0,0,0,0,0
TXN00001155,2026-01-23 09:11:33,USR93148,MCH7524,15469.1,UTR7970291597,8120,SUCCESS,TXN00001155,USR93148,MCH7524,UTR7970291597,0,0,0,0,0,0,0
TXN00010563,2026-03-03 08:42:57,USR82515,MCH4997,2284.39,,1310,SUCCESS,TXN00010563,USR82515,MCH4997,,0,1,0,0,0,0,0
TXN00010176,2026-01-03 14:38:42,USR20972,MCH2335,1630.21,UTR4748893435,0110,SUCCESS,TXN00010176,USR20972,MCH2335,UTR4748893435,0,0,0,0,0,0,0
TXN00004764,2026-07-01 21:02:30,USR42450,MCH3709,6222.64,UTR2513398067,9120,SUCCESS,TXN00004764,USR42450,MCH3709,UTR2513398067,0,0,0,0,0,0,0
TXN00017044,2026-02-14 06:33:04,USR56281,MCH9115,17970.0,UTR5433335038,4110,FAILED,TXN00017044,USR56281,MCH9115,UTR 5433335038,0,0,0,0,0,1,0
TXN00009209,2026-02-02 03:32:41,USR67583,MCH5753,19799.74,UTR4302362367,4110,SUCCESS,TXN00009209,USR67583,MCH5753,UTR 4302362367,0,0,0,0,0,0,0
TXN00003695,2026-01-24 00:01:35,USR78172,MCH6623,8633.64,UTR1640211032,1310,SUCCESS,TXN00003695,USR78172,MCH6623,UTR1640211032,0,0,0,0,0,0,0
TXN00014599,2026-03-09 14:26:43,USR41466,MCH7216,9919.52,UTR4866194087,8120,SUCCESS,TXN00014599,USR41466,MCH7216,UTR4866194087,0,0,0,0,0,0,0
TXN00004994,2026-02-18 12:10:32,USR54059,MCH5490,0.1621513,UTR9570435136,4110,SUCCESS,TXN00004994,USR54059,MCH5490,UTR9570435136,0,0,0,0,0,0,0
TXN00010910,2026-02-06 04:57:17,USR41410,MCH1828,5757.71,UTR5072957454,9120,FAILED,TXN00010910,USR41410,MCH1828,UTR5072957454,0,0,0,0,0,1,0
TXN00008295,2026-01-13 05:11:57,USR19290,MCH6466,19285.37,UTR4555271643,1310,SUCCESS,TXN00008295,USR19290,MCH6466,UTR4555271643,0,0,0,0,0,0,0
TXN00019243,2026-01-28 15:36:39,USR52828,MCH3215,0.1343148,UTR7611685217,4110,SUCCESS,TXN00019243,USR52828,MCH3215,UTR7611685217,0,0,0,0,0,0,0
TXN00007429,2026-03-06 00:29:46,USR12890,MCH1729,-16596.72,UTR4969306080,1310,SUCCESS,TXN00007429,USR12890,MCH1729,UTR4969306080,1,0,0,0,0,0,0
TXN00011328,2026-02-21 08:17:00,USR44095,MCH9501,2874.85,UTR5857622447,1310,SUCCESS,TXN00011328,USR44095,MCH9501,UTR5857622447,0,0,0,0,0,0,0
TXN00010698,2026-01-04 04:13:46,USR66622,MCH5362,11952.49,UTR8248497125,4110,SUCCESS,TXN00010698,USR66622,MCH5362,UTR8248497125,0,0,0,0,0,0,0
TXN00005008,2026-01-23 04:13:15,USR27956,MCH5475,-21190.22,UTR3840793130,8120,SUCCESS,TXN00005008,USR27956,MCH5475,UTR3840793130,1,0,0,0,0,0,0
TXN00008966,2026-03-24 03:38:41,USR27654,MCH1824,16541.0,UTR1518060304,4110,SUCCESS,TXN00008966,USR27654,MCH1824,UTR1518060304,0,0,0,0,0,0,0
TXN00004012,2026-03-31 20:46:08,USR61775,MCH8192,9803.84,UTR1177795406,9120,SUCCESS,TXN00004012,USR61775,MCH8192,UTR1177795406,0,0,0,0,0,0,0
TXN00007212,2026-02-18 18:08:04,USR31645,MCH4242,4277.5,UTR7217318628,4110,SUCCESS,TXN00007212,USR31645,MCH4242,UTR7217318628,0,0,0,0,0,0,0
TXN00017760,2026-01-29 13:05:00,USR78146,MCH2741,4091.43,UTR6131120136,,SUCCESS,TXN00017760,USR78146,MCH2741,UTR6131120136,0,0,1,0,0,0,0
TXN00018393,2026-03-31 13:17:29,USR63477,MCH9999,5605.46,UTR3785389463,1310,SUCCESS,TXN00018393,USR63477,MCH9999,UTR3785389463,0,0,0,0,0,0,0
TXN00005457,2026-02-17 07:15:29,USR98300,MCH8662,9173.31,UTR3291288166,4110,SUCCESS,TXN00005457,USR98300,MCH8662,UTR3291288166,0,0,0,0,0,0,0
TXN00008702,2026-02-05 11:08:07,USR56363,MCH7518,20711.17,UTR1051770087,,SUCCESS,TXN00008702,USR56363,MCH7518,UTR1051770087,0,0,1,0,0,0,0
TXN00008041,2026-02-23 06:12:11,USR12561,MCH9551,24493.56,UTR9771725668,4110,SUCCESS,TXN00008041,USR12561,MCH9551,UTR9771725668,0,0,0,0,0,0,0
TXN00013390,2026-03-06 07:13:02,USR21420,MCH5632,4353.23,UTR3035293658,9120,SUCCESS,TXN00013390,USR21420,MCH5632,UTR 3035293658,0,0,0,0,0,0,0
TXN00014633,2026-02-15 08:21:42,USR34759,MCH9668,4776.8,UTR2403774929,8120,PENDING,TXN00014633,USR34759,MCH9668,UTR 2403774929,0,0,0,0,0,0,1
TXN00003921,2026-01-01 15:24:28,USR90668,MCH4371,23669.44,UTR6056543859,4110,SUCCESS,TXN00003921,USR90668,MCH4371,UTR6056543859,0,0,0,0,0,0,0
TXN00018853,2026-03-01 18:19:44,USR88208,MCH2316,3482.62,UTR6806822953,4110,SUCCESS,TXN00018853,USR88208,MCH2316,UTR6806822953,0,0,0,0,0,0,0
TXN00001471,2026-01-14 06:05:14,USR69810,MCH5072,14179.74,UTR4442778349,8120,SUCCESS,TXN00001471,USR69810,MCH5072,UTR4442778349,0,0,0,0,0,0,0
TXN00000460,2026-01-24 04:10:42,USR58863,MCH9072,2979.26,UTR2975328781,0110,SUCCESS,TXN00000460,USR58863,MCH9072,UTR2975328781,0,0,0,0,0,0,0
TXN00008476,2026-04-03 00:06:08,USR16655,MCH1665,17625.73,UTR1297800485,4110,SUCCESS,TXN00008476,USR16655,MCH1665,UTR1297800485,0,0,0,0,0,0,0
TXN00007848,2026-03-08 14:31:25,USR61948,MCH5595,12355.35,UTR2373634370,9120,SUCCESS,TXN00007848,USR61948,MCH5595,UTR 2373634370,0,0,0,0,0,0,0
TXN00015716,2026-02-04 07:13:44,USR79919,MCH7207,22058.2,UTR2219621424,9120,SUCCESS,TXN00015716,USR79919,MCH7207,UTR2219621424,0,0,0,0,0,0,0
TXN00018492,2026-02-20 05:16:21,USR36963,MCH2545,3706.3,,4110,SUCCESS,TXN00018492,USR36963,MCH2545,,0,1,0,0,0,0,0
TXN00018746,2026-03-16 04:41:46,USR85583,MCH5409,22497.2,UTR0480488084,4110,SUCCESS,TXN00018746,USR85583,MCH5409,UTR0480488084,0,0,0,0,0,0,0
TXN00004660,2026-03-13 03:22:14,USR78224,MCH5670,18012.4,UTR5390629362,4110,SUCCESS,TXN00004660,USR78224,MCH5670,UTR5390629362,0,0,0,0,0,0,0
TXN00016288,2026-02-28 05:15:21,USR72986,MCH5324,15568.55,UTR4047934450,0110,SUCCESS,TXN00016288,USR72986,MCH5324,UTR4047934450,0,0,0,0,0,0,0
TXN00002801,2026-02-07 04:06:55,USR11699,MCH4068,19816.95,UTR6467938280,0110,SUCCESS,TXN00002801,USR11699,MCH4068,UTR6467938280,0,0,0,0,0,0,0
TXN00013491,2026-02-25 06:06:15,USR28094,MCH8271,21403.82,UTR9792604953,4110,SUCCESS,TXN00013491,USR28094,MCH8271,UTR9792604953,0,0,0,0,0,0,0
TXN00017077,2026-03-02 05:34:55,USR87159,MCH9492,3592.96,UTR5902660127,1310,SUCCESS,TXN00017077,USR87159,MCH9492,UTR5902660127,0,0,0,0,0,0,0
TXN00012154,2026-01-06 01:25:52,USR21941,MCH5194,16838.06,UTR9743672037,,PENDING,TXN00012154,USR21941,MCH5194,UTR9743672037,0,0,1,0,0,0,1
TXN00019224,2026-01-31 22:20:28,USR85709,MCH5707,24049.68,UTR9612009460,9120,SUCCESS,TXN00019224,USR85709,MCH5707,UTR9612009460,0,0,0,0,0,0,0
TXN00018922,2026-03-25 13:16:26,USR88341,MCH5093,0.170933,UTR4729687751,9120,SUCCESS,TXN00018922,USR88341,MCH5093,UTR4729687751,0,0,0,0,0,0,0
TXN00015808,2026-03-23 11:50:40,USR65475,MCH8121,20528.75,UTR7973969436,,SUCCESS,TXN00015808,USR65475,MCH8121,UTR 7973969436,0,0,1,0,0,0,0
TXN00009456,2026-03-13 02:42:40,USR84216,MCH6228,0.641381,UTR4076798618,1310,SUCCESS,TXN00009456,USR84216,MCH6228,UTR4076798618,0,0,0,0,0,0,0
TXN00013351,2026-03-03 09:08:56,USR66012,MCH1853,22531.0,UTR8458515973,9120,SUCCESS,TXN00013351,USR66012,MCH1853,UTR8458515973,0,0,0,0,0,0,0
TXN00003187,2026-03-08 19:15:28,USR38242,MCH3715,0.892858,UTR2544025318,1310,SUCCESS,TXN00003187,USR38242,MCH3715,UTR2544025318,0,0,0,0,0,0,0
TXN00002492,2026-03-18 03:42:54,USR72505,MCH3319,5088.55,UTR1392786160,9120,SUCCESS,TXN00002492,USR72505,MCH3319,UTR1392786160,0,0,0,0,0,0,0
TXN00019743,2026-03-15 11:40:25,USR76254,MCH2881,0.1341803,UTR6182337893,1310,SUCCESS,TXN00019743,USR76254,MCH2881,UTR 6182337893,0,0,0,0,0,0,0
TXN00015726,2026-03-07 22:19:54,USR43120,MCH8657,1283.84,,1310,SUCCESS,TXN00015726,USR43120,MCH8657,,0,1,0,0,0,0,0
TXN00010154,2026-02-07 17:28:52,USR30966,MCH6137,1337.48,UTR1251270551,0110,SUCCESS,TXN00010154,USR30966,MCH6137,UTR1251270551,0,0,0,0,0,0,0
TXN00005943,2026-03-04 20:29:06,USR18754,MCH6853,501.09,UTR2613317138,9120,PENDING,TXN00005943,USR18754,MCH6853,UTR2613317138,0,0,0,0,0,0,1
TXN00018077,2026-01-20 08:55:21,USR70387,MCH2166,15190.89,UTR7409459050,,SUCCESS,TXN00018077,USR70387,MCH2166,UTR7409459050,0,0,1,0,0,0,0
TXN00000849,2026-02-20 14:42:59,USR56727,MCH7310,12560.0,UTR5714470597,9120,SUCCESS,TXN00000849,USR56727,MCH7310,UTR 5714470597,0,0,0,0,0,0,0
TXN00000073,2026-02-03 01:15:19,USR15833,MCH5028,148.0,UTR2865399777,4110,SUCCESS,TXN00000073,USR15833,MCH5028,UTR2865399777,0,0,0,0,0,0,0
TXN00009989,2026-03-15 02:03:39,USR94173,MCH6240,845.12,UTR4779433960,0110,SUCCESS,TXN00009989,USR94173,MCH6240,UTR4779433960,0,0,0,0,0,0,0
TXN00011468,2026-01-12 20:43:24,USR33259,MCH3340,17162.44,,1310,FAILED,TXN00011468,USR33259,MCH3340,,0,1,0,0,0,1,0
TXN00004213,2026-02-25 21:53:45,USR73359,MCH2482,13613.0,UTR2398318904,4110,SUCCESS,TXN00004213,USR73359,MCH2482,UTR2398318904,0,0,0,0,0,0,0
TXN00006858,2026-02-10 09:11:24,USR78287,MCH7939,6887.0,UTR6350329733,9120,SUCCESS,TXN00006858,USR78287,MCH7939,UTR6350329733,0,0,0,0,0,0,0
TXN00008577,2026-01-22 02:39:56,USR17705,MCH8709,16943.5,UTR0340811435,8120,SUCCESS,TXN00008577,USR17705,MCH8709,UTR0340811435,0,0,0,0,0,0,0
TXN00013502,2026-02-28 13:01:40,USR62621,MCH3476,16413.76,UTR1164272202,1310,SUCCESS,TXN00013502,USR62621,MCH3476,UTR1164272202,0,0,0,0,0,0,0
TXN00002681,2026-03-03 08:03:04,USR47408,MCH2914,6697.14,UTR1151838340,0110,FAILED,TXN00002681,USR47408,MCH2914,UTR1151838340,0,0,0,0,0,1,0
TXN00003990,2026-03-18 03:43:45,USR58128,MCH6092,21768.5,UTR2828266432,9120,SUCCESS,TXN00003990,USR58128,MCH6092,UTR2828266432,0,0,0,0,0,0,0
TXN00006010,2026-03-25 05:41:22,USR28461,MCH6513,0.633744,UTR5827896465,,SUCCESS,TXN00006010,USR28461,MCH6513,UTR5827896465,0,0,1,0,0,0,0
TXN00007540,2026-03-14 14:32:00,USR54601,MCH9213,9848.11,UTR6193755955,,SUCCESS,TXN00007540,USR54601,MCH9213,UTR6193755955,0,0,1,0,0,0,0
TXN00017157,2026-03-18 18:01:19,USR40169,MCH1226,20790.32,UTR3014950958,9120,SUCCESS,TXN00017157,USR40169,MCH1226,UTR3014950958,0,0,0,0,0,0,0
TXN00011844,2026-03-22 11:40:01,USR29671,MCH7316,16769.88,UTR1188711485,9120,SUCCESS,TXN00011844,USR29671,MCH7316,UTR1188711485,0,0,0,0,0,0,0
TXN00009378,2026-02-20 14:11:19,USR63087,MCH7588,0.102421,UTR6823778347,9120,SUCCESS,TXN00009378,USR63087,MCH7588,UTR6823778347,0,0,0,0,0,0,0
TXN00013503,2026-02-24 20:52:19,USR99495,MCH3105,4113.78,UTR2635728664,1310,SUCCESS,TXN00013503,USR99495,MCH3105,UTR2635728664,0,0,0,0,0,0,0
TXN00000797,2026-03-27 23:17:00,USR89619,MCH7183,23303.64,,4110,FAILED,TXN00000797,USR89619,MCH7183,,0,1,0,0,0,1,0
TXN00013716,2026-03-05 06:34:57,USR32967,MCH6239,5296.0,UTR4254934828,1310,SUCCESS,TXN00013716,USR32967,MCH6239,UTR4254934828,0,0,0,0,0,0,0
TXN00018298,2026-02-14 12:01:59,USR74758,MCH5290,23940.53,,4110,SUCCESS,TXN00018298,USR74758,MCH5290,,0,1,0,0,0,0,0
TXN00001298,2026-01-12 03:26:53,USR21069,MCH1500,2623.15,,9120,SUCCESS,TXN00001298,USR21069,MCH1500,,0,1,0,0,0,0,0
TXN00004730,2026-01-06 00:40:23,USR81950,MCH4135,4203.69,UTR6259561906,4110,SUCCESS,TXN00004730,USR81950,MCH4135,UTR6259561906,0,0,0,0,0,0,0
TXN00019574,2026-01-25 00:16:16,USR33631,MCH7927,11376.2,UTR0184035788,4110,SUCCESS,TXN00019574,USR33631,MCH7927,UTR0184035788,0,0,0,0,0,0,0
TXN00008377,2026-02-18 07:22:24,USR35396,MCH2783,4277.3,UTR8388206604,,PENDING,TXN00008377,USR35396,MCH2783,UTR8388206604,0,0,1,0,0,0,1
TXN00018092,2026-01-10 07:47:41,USR38631,MCH1058,0.143522,UTR9624042401,0110,FAILED,TXN00018092,USR38631,MCH1058,UTR9624042401,0,0,0,0,0,1,0
TXN00016000,2026-02-05 02:05:16,USR86232,MCH4155,0.2262537,,8120,SUCCESS,TXN00016000,USR86232,MCH4155,,0,1,0,0,0,0,0
TXN00015577,2026-01-31 20:59:07,USR47829,MCH9719,11588.59,UTR3645634011,4110,PENDING,TXN00015577,USR47829,MCH9719,UTR3645634011,0,0,0,0,0,0,1
TXN00012696,2026-01-20 08:49:54,USR20536,MCH9205,15380.68,UTR8368384109,0110,SUCCESS,TXN00012696,USR20536,MCH9205,UTR8368384109,0,0,0,0,0,0,0
TXN00005644,2026-03-06 04:20:05,USR66333,MCH7450,8746.86,UTR0238683364,,SUCCESS,TXN00005644,USR66333,MCH7450,UTR0238683364,0,0,1,0,0,0,0
TXN00019158,2026-03-01 02:30:27,USR18575,MCH4295,4947.96,UTR2798277416,4110,SUCCESS,TXN00019158,USR18575,MCH4295,UTR2798277416,0,0,0,0,0,0,0
TXN00010482,2026-03-23 22:09:13,USR26703,MCH8536,0.1736985,UTR3717017748,9120,SUCCESS,TXN00010482,USR26703,MCH8536,UTR3717017748,0,0,0,0,0,0,0
TXN00003186,2026-03-26 16:08:17,USR30092,MCH5225,13393.49,UTR9391734646,8120,SUCCESS,TXN00003186,USR30092,MCH5225,UTR9391734646,0,0,0,0,0,0,0
TXN00004932,2026-03-24 04:24:49,USR24394,MCH3151,8559.89,UTR9018395602,,SUCCESS,TXN00004932,USR24394,MCH3151,UTR9018395602,0,0,1,0,0,0,0
TXN00017631,2026-02-20 15:47:51,USR64154,MCH9632,18660.19,UTR8774548852,0110,SUCCESS,TXN00017631,USR64154,MCH9632,UTR8774548852,0,0,0,0,0,0,0
TXN00009797,2026-03-31 18:11:57,USR98806,MCH3534,23144.53,UTR8194115530,1310,FAILED,TXN00009797,USR98806,MCH3534,UTR8194115530,0,0,0,0,0,1,0
TXN00014625,2026-03-22 00:00:00,USR12843,MCH5085,11614.61,UTR1979972155,9120,SUCCESS,TXN00014625,USR12843,MCH5085,UTR1979972155,0,0,0,0,0,0,0
TXN00013131,2026-03-11 21:47:58,USR68115,MCH7304,16709.8,UTR0652106923,4110,SUCCESS,TXN00013131,USR68115,MCH7304,UTR0652106923,0,0,0,0,0,0,0
TXN00009427,2026-01-24 00:00:00,USR47594,MCH9225,7142.0,UTR4313230643,1310,SUCCESS,TXN00009427,USR47594,MCH9225,UTR4313230643,0,0,0,0,0,0,0
TXN00009643,2026-01-11 09:17:04,USR39194,MCH5166,8048.35,UTR4226236173,4110,SUCCESS,TXN00009643,USR39194,MCH5166,UTR 4226236173,0,0,0,0,0,0,0
TXN00007411,2026-03-22 05:55:03,USR62445,MCH1882,10610.38,UTR9005163010,8120,SUCCESS,TXN00007411,USR62445,MCH1882,UTR9005163010,0,0,0,0,0,0,0
TXN00012277,2026-01-27 11:39:01,USR60357,MCH1925,18522.83,UTR9453544885,1310,SUCCESS,TXN00012277,USR60357,MCH1925,UTR9453544885,0,0,0,0,0,0,0
TXN00017981,2026-01-11 16:45:45,USR63487,MCH3148,11553.36,UTR6478951519,8120,SUCCESS,TXN00017981,USR63487,MCH3148,UTR6478951519,0,0,0,0,0,0,0
TXN00017245,2026-01-29 19:52:46,USR24906,MCH4400,12650.21,UTR5876537628,1310,SUCCESS,TXN00017245,USR24906,MCH4400,UTR5876537628,0,0,0,0,0,0,0
TXN00004703,2026-03-25 06:28:23,USR52959,MCH2760,0.1658202,UTR0445528250,8120,FAILED,TXN00004703,USR52959,MCH2760,UTR0445528250,0,0,0,0,0,1,0
TXN00010210,2026-02-20 00:55:45,USR91582,MCH3197,15737.58,UTR1915975646,8120,SUCCESS,TXN00010210,USR91582,MCH3197,UTR1915975646,0,0,0,0,0,0,0
TXN00015768,2026-02-03 22:54:38,USR79250,MCH8988,-15398.59,UTR0379106328,1310,SUCCESS,TXN00015768,USR79250,MCH8988,UTR0379106328,1,0,0,0,0,0,0
TXN00013681,2026-02-27 01:42:15,USR34097,MCH6263,23531.08,UTR1858305966,1310,SUCCESS,TXN00013681,USR34097,MCH6263,UTR1858305966,0,0,0,0,0,0,0
TXN00009923,2026-01-30 12:32:11,USR43244,MCH4936,15127.47,UTR3575867070,4110,SUCCESS,TXN00009923,USR43244,MCH4936,UTR3575867070,0,0,0,0,0,0,0
TXN00004637,2026-06-02 10:12:53,USR94217,MCH1953,8227.28,UTR5054852853,1310,SUCCESS,TXN00004637,USR94217,MCH1953,UTR5054852853,0,0,0,0,0,0,0
TXN00004514,2026-01-04 04:11:06,USR45865,MCH8614,15646.0,UTR9429708623,4110,SUCCESS,TXN00004514,USR45865,MCH8614,UTR 9429708623,0,0,0,0,0,0,0
TXN00007633,2026-01-07 15:53:22,USR51803,MCH7013,8146.0,UTR1879605340,9120,PENDING,TXN00007633,USR51803,MCH7013,UTR 1879605340,0,0,0,0,0,0,1
TXN00002773,2026-03-04 02:04:17,USR49783,MCH8634,0.2017607,UTR8665282176,0110,FAILED,TXN00002773,USR49783,MCH8634,UTR8665282176,0,0,0,0,0,1,0
TXN00014465,2026-01-02 10:56:23,USR30219,MCH8805,0.2463608,UTR9456167113,4110,SUCCESS,TXN00014465,USR30219,MCH8805,UTR9456167113,0,0,0,0,0,0,0
TXN00000370,2026-01-10 12:08:37,USR62652,MCH1880,1743.34,UTR9610544007,,SUCCESS,TXN00000370,USR62652,MCH1880,UTR9610544007,0,0,1,0,0,0,0
TXN00009127,2026-05-01 06:18:30,USR37982,MCH8961,0.1040049,UTR1902723257,9120,SUCCESS,TXN00009127,USR37982,MCH8961,UTR1902723257,0,0,0,0,0,0,0
TXN00009636,2026-01-13 08:50:58,USR93229,MCH1036,4981.0,UTR0528780595,8120,PENDING,TXN00009636,USR93229,MCH1036,UTR 0528780595,0,0,0,0,0,0,1
TXN00008256,2026-01-02 11:06:37,USR65008,MCH7453,21497.76,UTR8883006054,4110,SUCCESS,TXN00008256,USR65008,MCH7453,UTR 8883006054,0,0,0,0,0,0,0
TXN00010871,2026-01-15 09:39:12,USR40188,MCH4326,1655.4,UTR6197977409,1310,SUCCESS,TXN00010871,USR40188,MCH4326,UTR 6197977409,0,0,0,0,0,0,0
TXN00019915,2026-01-14 07:10:28,USR27563,MCH7750,2150.4,UTR2995028040,8120,SUCCESS,TXN00019915,USR27563,MCH7750,UTR2995028040,0,0,0,0,0,0,0
TXN00005112,2026-01-11 02:13:07,USR32462,MCH3424,21628.13,UTR0096368515,4110,SUCCESS,TXN00005112,USR32462,MCH3424,UTR0096368515,0,0,0,0,0,0,0
TXN00019623,2026-01-30 08:04:11,USR71654,MCH6982,7121.32,UTR9878010998,0110,SUCCESS,TXN00019623,USR71654,MCH6982,UTR9878010998,0,0,0,0,0,0,0
TXN00018643,2026-01-09 22:21:14,USR64430,MCH5102,0.1220721,UTR1674702935,,SUCCESS,TXN00018643,USR64430,MCH5102,UTR1674702935,0,0,1,0,0,0,0
TXN00010897,2026-01-13 06:42:16,USR74006,MCH9593,1663.56,UTR5775411253,4110,SUCCESS,TXN00010897,USR74006,MCH9593,UTR 5775411253,0,0,0,0,0,0,0
TXN00019139,2026-03-31 04:32:48,USR60099,MCH1914,22804.28,UTR7275867268,,SUCCESS,TXN00019139,USR60099,MCH1914,UTR 7275867268,0,0,1,0,0,0,0
TXN00006167,2026-03-28 14:31:31,USR89376,MCH4291,10191.12,UTR9870469650,,FAILED,TXN00006167,USR89376,MCH4291,UTR9870469650,0,0,1,0,0,1,0
TXN00000170,2026-03-15 09:06:00,USR14121,MCH7320,14776.41,UTR0001827385,1310,SUCCESS,TXN00000170,USR14121,MCH7320,UTR0001827385,0,0,0,0,0,0,0
TXN00001188,2026-01-13 06:57:34,USR12815,MCH6607,1705.0,UTR0502820323,8120,SUCCESS,TXN00001188,USR12815,MCH6607,UTR 0502820323,0,0,0,0,0,0,0
TXN00012688,2026-01-28 10:10:22,USR65352,MCH8246,4331.33,UTR1559660361,0110,SUCCESS,TXN00012688,USR65352,MCH8246,UTR1559660361,0,0,0,0,0,0,0
TXN00007862,2026-03-19 16:13:20,USR57115,MCH5625,4961.29,UTR0353178599,1310,SUCCESS,TXN00007862,USR57115,MCH5625,UTR0353178599,0,0,0,0,0,0,0
TXN00009963,2026-02-27 10:55:27,USR16116,MCH4148,12111.81,UTR8767493103,9120,SUCCESS,TXN00009963,USR16116,MCH4148,UTR8767493103,0,0,0,0,0,0,0
TXN00000124,2026-03-23 19:59:14,USR51358,MCH4435,0.27602,UTR7934394078,4110,SUCCESS,TXN00000124,USR51358,MCH4435,UTR7934394078,0,0,0,0,0,0,0
TXN00014127,2026-02-26 23:42:16,USR91153,MCH1393,17266.91,UTR2127074182,9120,PENDING,TXN00014127,USR91153,MCH1393,UTR2127074182,0,0,0,0,0,0,1
TXN00011727,2026-01-21 16:12:57,USR30672,MCH9443,4821.32,UTR5993586572,8120,SUCCESS,TXN00011727,USR30672,MCH9443,UTR5993586572,0,0,0,0,0,0,0
TXN00016791,2026-01-26 01:03:11,USR13465,MCH2965,14594.47,UTR1504622143,1310,SUCCESS,TXN00016791,USR13465,MCH2965,UTR1504622143,0,0,0,0,0,0,0
TXN00005729,2026-01-15 08:34:52,USR78447,MCH9732,4179.55,UTR5897236633,1310,SUCCESS,TXN00005729,USR78447,MCH9732,UTR5897236633,0,0,0,0,0,0,0
TXN00014314,2026-01-02 15:39:56,USR28070,MCH7558,10956.41,UTR5110526678,8120,SUCCESS,TXN00014314,USR28070,MCH7558,UTR5110526678,0,0,0,0,0,0,0
TXN00011477,2026-03-13 15:11:41,USR44736,MCH7574,15250.62,UTR2050754949,8120,SUCCESS,TXN00011477,USR44736,MCH7574,UTR2050754949,0,0,0,0,0,0,0
TXN00002698,2026-01-31 02:31:45,USR55118,MCH9410,7803.48,UTR0002785183,9120,FAILED,TXN00002698,USR55118,MCH9410,UTR0002785183,0,0,0,0,0,1,0
TXN00000671,2026-01-12 05:28:27,USR58535,MCH8891,4342.61,UTR1431561004,4110,SUCCESS,TXN00000671,USR58535,MCH8891,UTR1431561004,0,0,0,0,0,0,0
TXN00015056,2026-02-07 05:35:45,USR11856,MCH1818,0.1859912,UTR8244064434,1310,SUCCESS,TXN00015056,USR11856,MCH1818,UTR8244064434,0,0,0,0,0,0,0
TXN00000425,2026-03-24 18:58:52,USR56777,MCH7008,1448.39,UTR0986325352,4110,FAILED,TXN00000425,USR56777,MCH7008,UTR 0986325352,0,0,0,0,0,1,0
TXN00002595,2026-03-17 08:36:47,USR76688,MCH1661,3580.47,UTR9905917311,1310,SUCCESS,TXN00002595,USR76688,MCH1661,UTR9905917311,0,0,0,0,0,0,0
TXN00004374,2026-02-23 14:02:39,USR68840,MCH7714,9950.86,UTR9573956219,1310,SUCCESS,TXN00004374,USR68840,MCH7714,UTR9573956219,0,0,0,0,0,0,0
TXN00007008,2026-01-28 07:58:59,USR15076,MCH3665,16.02,UTR8584485546,8120,SUCCESS,TXN00007008,USR15076,MCH3665,UTR8584485546,0,0,0,0,0,0,0
TXN00007499,2026-11-01 08:21:24,USR80915,MCH7934,5329.12,UTR4440222106,1310,PENDING,TXN00007499,USR80915,MCH7934,UTR4440222106,0,0,0,0,0,0,1
TXN00011989,2026-03-13 15:09:53,USR43888,MCH9069,19370.29,UTR8183422905,9120,SUCCESS,TXN00011989,USR43888,MCH9069,UTR8183422905,0,0,0,0,0,0,0
TXN00004674,2026-02-11 17:08:27,USR51558,MCH9990,2823.64,UTR1212172864,8120,SUCCESS,TXN00004674,USR51558,MCH9990,UTR1212172864,0,0,0,0,0,0,0
TXN00002825,2026-01-19 01:31:24,USR68599,MCH8983,8048.53,UTR6067785370,4110,SUCCESS,TXN00002825,USR68599,MCH8983,UTR6067785370,0,0,0,0,0,0,0
TXN00009653,2026-02-27 08:02:54,USR55844,MCH2848,6239.89,UTR7622478598,,SUCCESS,TXN00009653,USR55844,MCH2848,UTR 7622478598,0,0,1,0,0,0,0
TXN00005940,2026-02-16 00:43:35,USR31098,MCH1421,7039.3,,0110,SUCCESS,TXN00005940,USR31098,MCH1421,,0,1,0,0,0,0,0
TXN00010939,2026-03-06 17:57:39,USR33794,MCH7457,654.92,UTR6629782811,1310,SUCCESS,TXN00010939,USR33794,MCH7457,UTR6629782811,0,0,0,0,0,0,0
TXN00001001,2026-03-11 17:53:37,USR30498,MCH7190,4636.47,UTR0188590564,,SUCCESS,TXN00001001,USR30498,MCH7190,UTR0188590564,0,0,1,0,0,0,0
TXN00014301,2026-03-30 05:30:34,USR60788,MCH9814,3893.47,UTR8083260750,0110,SUCCESS,TXN00014301,USR60788,MCH9814,UTR8083260750,0,0,0,0,0,0,0
TXN00006032,2026-03-10 17:55:12,USR75491,MCH1498,8908.12,,8120,FAILED,TXN00006032,USR75491,MCH1498,,0,1,0,0,0,1,0
TXN00012885,2026-03-12 01:20:08,USR21857,MCH6944,2857.32,UTR7023870701,,SUCCESS,TXN00012885,USR21857,MCH6944,UTR7023870701,0,0,1,0,0,0,0
TXN00019984,2026-07-02 03:11:25,USR55829,MCH8371,8186.18,UTR6924923650,9120,SUCCESS,TXN00019984,USR55829,MCH8371,UTR 6924923650,0,0,0,0,0,0,0
TXN00008911,2026-03-31 01:01:34,USR25534,MCH3137,18309.94,UTR5580701801,9120,SUCCESS,TXN00008911,USR25534,MCH3137,UTR5580701801,0,0,0,0,0,0,0
TXN00012844,2026-02-12 23:16:59,USR17782,MCH7265,3749.42,UTR4087965817,8120,SUCCESS,TXN00012844,USR17782,MCH7265,UTR4087965817,0,0,0,0,0,0,0
TXN00014241,2026-03-27 08:46:34,USR53946,MCH5634,20157.18,UTR0181102844,1310,SUCCESS,TXN00014241,USR53946,MCH5634,UTR0181102844,0,0,0,0,0,0,0
TXN00004449,2026-01-14 00:07:15,USR73281,MCH2013,8361.48,UTR0926776926,4110,SUCCESS,TXN00004449,USR73281,MCH2013,UTR0926776926,0,0,0,0,0,0,0
TXN00006179,2026-01-22 23:14:14,USR92059,MCH4654,4950.28,UTR5802906376,8120,SUCCESS,TXN00006179,USR92059,MCH4654,UTR5802906376,0,0,0,0,0,0,0
TXN00012033,2026-01-26 07:25:41,USR97579,MCH8324,18927.73,UTR1610672859,4110,SUCCESS,TXN00012033,USR97579,MCH8324,UTR1610672859,0,0,0,0,0,0,0
TXN00014779,2026-03-06 07:58:50,USR88401,MCH9179,11997.71,UTR7168423117,4110,SUCCESS,TXN00014779,USR88401,MCH9179,UTR7168423117,0,0,0,0,0,0,0
TXN00013676,2026-03-18 00:21:25,USR76537,MCH9901,13967.32,UTR2308033535,8120,FAILED,TXN00013676,USR76537,MCH9901,UTR 2308033535,0,0,0,0,0,1,0
TXN00017907,2026-03-25 23:53:37,USR34703,MCH2032,9877.08,,4110,FAILED,TXN00017907,USR34703,MCH2032,,0,1,0,0,0,1,0
TXN00009115,2026-01-09 06:46:43,USR44704,MCH9999,0.815399,UTR5871798840,9120,SUCCESS,TXN00009115,USR44704,MCH9999,UTR5871798840,0,0,0,0,0,0,0
TXN00001004,2026-03-21 13:06:36,USR32515,MCH1037,18308.3,UTR0332312868,9120,SUCCESS,TXN00001004,USR32515,MCH1037,UTR0332312868,0,0,0,0,0,0,0
TXN00001244,2026-03-30 04:58:07,USR67624,MCH8663,0.2112113,,4110,SUCCESS,TXN00001244,USR67624,MCH8663,,0,1,0,0,0,0,0
TXN00009113,2026-03-03 13:29:44,USR16899,MCH5004,13505.33,UTR6766121755,9120,SUCCESS,TXN00009113,USR16899,MCH5004,UTR6766121755,0,0,0,0,0,0,0
TXN00015516,2026-01-31 17:10:22,USR37171,MCH4798,2171.87,UTR0820029988,1310,SUCCESS,TXN00015516,USR37171,MCH4798,UTR0820029988,0,0,0,0,0,0,0
TXN00010977,2026-01-27 23:37:02,USR61911,MCH1043,23438.77,UTR2899452038,1310,SUCCESS,TXN00010977,USR61911,MCH1043,UTR2899452038,0,0,0,0,0,0,0
TXN00010754,2026-03-14 08:00:53,USR65767,MCH7778,16286.89,UTR3417784889,0110,SUCCESS,TXN00010754,USR65767,MCH7778,UTR 3417784889,0,0,0,0,0,0,0
TXN00008371,2026-02-22 07:51:34,USR45783,MCH9012,3917.0,UTR5085465625,,SUCCESS,TXN00008371,USR45783,MCH9012,UTR 5085465625,0,0,1,0,0,0,0
TXN00003729,2026-01-30 02:47:27,USR43398,MCH4030,4078.15,UTR4706320682,1310,SUCCESS,TXN00003729,USR43398,MCH4030,UTR4706320682,0,0,0,0,0,0,0
TXN00008372,2026-03-21 12:31:27,USR81522,MCH9288,10931.47,UTR6568233091,4110,SUCCESS,TXN00008372,USR81522,MCH9288,UTR6568233091,0,0,0,0,0,0,0
TXN00017889,2026-02-22 23:36:29,USR81964,MCH5202,19522.84,UTR2947251755,4110,SUCCESS,TXN00017889,USR81964,MCH5202,UTR2947251755,0,0,0,0,0,0,0
TXN00005307,2026-01-28 03:55:31,USR83793,MCH4498,11930.0,UTR4032778729,0110,SUCCESS,TXN00005307,USR83793,MCH4498,UTR4032778729,0,0,0,0,0,0,0
TXN00008333,2026-02-15 11:26:19,USR91842,MCH1833,20078.86,UTR6674642143,4110,SUCCESS,TXN00008333,USR91842,MCH1833,UTR6674642143,0,0,0,0,0,0,0
TXN00012569,2026-01-15 00:00:00,USR87505,MCH3078,14541.89,UTR5170844293,4110,SUCCESS,TXN00012569,USR87505,MCH3078,UTR5170844293,0,0,0,0,0,0,0
TXN00019978,2026-01-21 18:08:36,USR35083,MCH9550,6095.22,UTR3692850869,,SUCCESS,TXN00019978,USR35083,MCH9550,UTR3692850869,0,0,1,0,0,0,0
TXN00017977,2026-03-18 22:43:06,USR33744,MCH5414,13492.68,UTR9464286939,0110,SUCCESS,TXN00017977,USR33744,MCH5414,UTR9464286939,0,0,0,0,0,0,0
TXN00007016,2026-03-01 23:48:49,USR62250,MCH3779,21642.47,UTR2290062021,0110,SUCCESS,TXN00007016,USR62250,MCH3779,UTR2290062021,0,0,0,0,0,0,0
TXN00003731,2026-01-18 20:28:08,USR69606,MCH5904,3770.3,UTR5289609212,8120,FAILED,TXN00003731,USR69606,MCH5904,UTR5289609212,0,0,0,0,0,1,0
TXN00015561,2026-03-20 07:58:33,USR72850,MCH9297,13185.35,UTR6611639513,1310,SUCCESS,TXN00015561,USR72850,MCH9297,UTR6611639513,0,0,0,0,0,0,0
TXN00010572,2026-01-06 18:59:54,USR56129,MCH6209,0.2113703,UTR2926043257,0110,SUCCESS,TXN00010572,USR56129,MCH6209,UTR2926043257,0,0,0,0,0,0,0
TXN00017773,2026-01-05 20:12:32,USR14762,MCH8903,7148.61,UTR9669396119,9120,SUCCESS,TXN00017773,USR14762,MCH8903,UTR9669396119,0,0,0,0,0,0,0
TXN00001676,2026-01-01 18:52:10,USR85448,MCH6752,7623.93,UTR7049073379,9120,FAILED,TXN00001676,USR85448,MCH6752,UTR7049073379,0,0,0,0,0,1,0
TXN00006551,2026-02-05 06:32:15,USR10928,MCH2496,8359.28,UTR0368891416,9120,SUCCESS,TXN00006551,USR10928,MCH2496,UTR0368891416,0,0,0,0,0,0,0
TXN00016924,2026-01-27 14:14:44,USR64799,MCH4461,18178.04,UTR4895454261,4110,SUCCESS,TXN00016924,USR64799,MCH4461,UTR4895454261,0,0,0,0,0,0,0
TXN00010987,2026-02-19 16:33:04,USR54755,MCH1030,954.2,UTR8263685506,9120,SUCCESS,TXN00010987,USR54755,MCH1030,UTR8263685506,0,0,0,0,0,0,0
TXN00019602,2026-03-22 00:00:00,USR88361,MCH7684,1472.09,UTR3754151913,,SUCCESS,TXN00019602,USR88361,MCH7684,UTR3754151913,0,0,1,0,0,0,0
TXN00009488,2026-02-15 07:53:58,USR19321,MCH7134,-4666.06,UTR0095231262,,FAILED,TXN00009488,USR19321,MCH7134,UTR 0095231262,1,0,1,0,0,1,0
TXN00009097,2026-01-09 18:08:01,USR33818,MCH3488,7230.54,UTR9711845098,,FAILED,TXN00009097,USR33818,MCH3488,UTR9711845098,0,0,1,0,0,1,0
TXN00005088,2026-03-15 20:03:07,USR37403,MCH5424,1558.04,UTR2460720411,0110,SUCCESS,TXN00005088,USR37403,MCH5424,UTR2460720411,0,0,0,0,0,0,0
TXN00011194,2026-02-10 00:01:00,USR67654,MCH7490,0.1554452,,4110,SUCCESS,TXN00011194,USR67654,MCH7490,,0,1,0,0,0,0,0
TXN00005271,2026-01-17 07:26:35,USR74374,MCH6134,4824.98,UTR7050561094,1310,SUCCESS,TXN00005271,USR74374,MCH6134,UTR7050561094,0,0,0,0,0,0,0
TXN00008865,2026-01-14 07:50:26,USR67667,MCH6454,328.78,,8120,SUCCESS,TXN00008865,USR67667,MCH6454,,0,1,0,0,0,0,0
TXN00016737,2026-03-18 06:00:08,USR13774,MCH1191,12515.48,UTR5899122816,0110,SUCCESS,TXN00016737,USR13774,MCH1191,UTR5899122816,0,0,0,0,0,0,0
TXN00012645,2026-03-09 17:19:35,USR23973,MCH9245,8641.46,UTR7982641398,,SUCCESS,TXN00012645,USR23973,MCH9245,UTR7982641398,0,0,1,0,0,0,0
TXN00010981,2026-02-22 06:35:29,USR85443,MCH7199,17318.41,UTR9174034361,4110,SUCCESS,TXN00010981,USR85443,MCH7199,UTR9174034361,0,0,0,0,0,0,0
TXN00015666,2026-03-12 22:52:52,USR24423,MCH7444,0.2044169,UTR7329320678,4110,SUCCESS,TXN00015666,USR24423,MCH7444,UTR7329320678,0,0,0,0,0,0,0
TXN00011659,2026-01-20 14:07:54,USR32377,MCH6484,9302.78,UTR3978627107,8120,SUCCESS,TXN00011659,USR32377,MCH6484,UTR3978627107,0,0,0,0,0,0,0
TXN00007459,2026-03-30 03:27:52,USR76983,MCH1337,5637.93,UTR6046291228,0110,SUCCESS,TXN00007459,USR76983,MCH1337,UTR6046291228,0,0,0,0,0,0,0
TXN00012926,2026-03-12 09:36:08,USR22817,MCH4453,8965.61,,4110,SUCCESS,TXN00012926,USR22817,MCH4453,,0,1,0,0,0,0,0
TXN00013300,2026-02-26 21:52:52,USR84746,MCH3901,2330.2,UTR5804789432,4110,SUCCESS,TXN00013300,USR84746,MCH3901,UTR5804789432,0,0,0,0,0,0,0
TXN00004139,2026-03-17 15:35:44,USR18819,MCH1481,16629.75,UTR1221953784,9120,SUCCESS,TXN00004139,USR18819,MCH1481,UTR1221953784,0,0,0,0,0,0,0
TXN00006910,2026-03-16 19:22:54,USR57056,MCH4381,12081.83,UTR2714444116,1310,FAILED,TXN00006910,USR57056,MCH4381,UTR2714444116,0,0,0,0,0,1,0
TXN00017768,2026-02-17 22:12:33,USR10490,MCH5988,19209.22,UTR9101760691,1310,SUCCESS,TXN00017768,USR10490,MCH5988,UTR9101760691,0,0,0,0,0,0,0
TXN00005701,2026-11-03 08:27:10,USR47925,MCH7222,7377.48,UTR1275058774,4110,SUCCESS,TXN00005701,USR47925,MCH7222,UTR1275058774,0,0,0,0,0,0,0
TXN00001883,2026-02-23 00:00:00,USR29382,MCH8441,15910.92,UTR5571823696,8120,FAILED,TXN00001883,USR29382,MCH8441,UTR5571823696,0,0,0,0,0,1,0
TXN00003001,2026-01-30 07:55:49,USR68785,MCH7904,16820.85,UTR4767092570,8120,SUCCESS,TXN00003001,USR68785,MCH7904,UTR4767092570,0,0,0,0,0,0,0
TXN00006883,2026-06-03 22:44:22,USR26883,MCH2355,0.804894,UTR2878155191,1310,SUCCESS,TXN00006883,USR26883,MCH2355,UTR2878155191,0,0,0,0,0,0,0
TXN00019566,2026-01-16 05:42:34,USR78856,MCH2017,22300.33,UTR4088112025,9120,FAILED,TXN00019566,USR78856,MCH2017,UTR4088112025,0,0,0,0,0,1,0
TXN00011669,2026-01-28 21:35:13,USR82876,MCH8776,17205.97,UTR0567945616,4110,SUCCESS,TXN00011669,USR82876,MCH8776,UTR0567945616,0,0,0,0,0,0,0
TXN00005544,2026-02-06 10:37:23,USR25689,MCH1209,20706.36,UTR3486184854,1310,SUCCESS,TXN00005544,USR25689,MCH1209,UTR3486184854,0,0,0,0,0,0,0
TXN00002126,2026-01-09 05:57:51,USR15861,MCH7398,16701.32,UTR2348876930,8120,SUCCESS,TXN00002126,USR15861,MCH7398,UTR2348876930,0,0,0,0,0,0,0
TXN00003418,2026-02-14 13:20:53,USR87781,MCH8208,16362.0,UTR2150736904,9120,PENDING,TXN00003418,USR87781,MCH8208,UTR2150736904,0,0,0,0,0,0,1
TXN00007237,2026-01-22 05:53:07,USR22462,MCH1305,15333.13,UTR2930579426,0110,FAILED,TXN00007237,USR22462,MCH1305,UTR2930579426,0,0,0,0,0,1,0
TXN00007442,2026-02-10 20:15:53,USR93898,MCH3207,1887.82,UTR5421365550,4110,SUCCESS,TXN00007442,USR93898,MCH3207,UTR5421365550,0,0,0,0,0,0,0
TXN00006415,2026-03-01 19:08:48,USR17882,MCH4044,4986.93,UTR8978694080,,SUCCESS,TXN00006415,USR17882,MCH4044,UTR8978694080,0,0,1,0,0,0,0
TXN00009154,2026-03-29 05:45:15,USR22108,MCH5988,12407.0,UTR2291862683,0110,SUCCESS,TXN00009154,USR22108,MCH5988,UTR2291862683,0,0,0,0,0,0,0
TXN00015810,2026-01-16 17:06:04,USR26891,MCH7370,5874.74,UTR5565745469,1310,SUCCESS,TXN00015810,USR26891,MCH7370,UTR 5565745469,0,0,0,0,0,0,0
TXN00009726,2026-01-15 11:41:58,USR38642,MCH6184,0.2415479,UTR7231380834,0110,SUCCESS,TXN00009726,USR38642,MCH6184,UTR7231380834,0,0,0,0,0,0,0
TXN00004738,2026-02-11 16:10:50,USR62907,MCH9843,8727.31,UTR2987788231,9120,SUCCESS,TXN00004738,USR62907,MCH9843,UTR2987788231,0,0,0,0,0,0,0
TXN00011639,2026-02-25 14:06:42,USR27555,MCH5373,12047.68,UTR9507797170,1310,SUCCESS,TXN00011639,USR27555,MCH5373,UTR9507797170,0,0,0,0,0,0,0
TXN00015885,2026-02-17 04:17:49,USR97141,MCH7910,18755.0,UTR5809915740,,PENDING,TXN00015885,USR97141,MCH7910,UTR5809915740,0,0,1,0,0,0,1
TXN00007253,2026-02-15 14:25:12,USR68255,MCH3914,0.663947,UTR5326600728,8120,SUCCESS,TXN00007253,USR68255,MCH3914,UTR5326600728,0,0,0,0,0,0,0
TXN00001023,2026-01-24 13:52:48,USR53741,MCH1540,23110.66,UTR8817147828,,SUCCESS,TXN00001023,USR53741,MCH1540,UTR 8817147828,0,0,1,0,0,0,0
TXN00000493,2026-03-10 07:22:00,USR38207,MCH5418,6941.76,UTR1630705446,1310,SUCCESS,TXN00000493,USR38207,MCH5418,UTR1630705446,0,0,0,0,0,0,0
TXN00005703,2026-02-18 17:58:52,USR85246,MCH9599,14119.21,UTR9140375739,4110,SUCCESS,TXN00005703,USR85246,MCH9599,UTR9140375739,0,0,0,0,0,0,0
TXN00011047,2026-03-15 09:52:24,USR16729,MCH9451,1016.55,UTR0709287837,1310,SUCCESS,TXN00011047,USR16729,MCH9451,UTR0709287837,0,0,0,0,0,0,0
TXN00006708,2026-03-28 18:51:31,USR85966,MCH8375,13631.63,UTR4987747253,4110,SUCCESS,TXN00006708,USR85966,MCH8375,UTR4987747253,0,0,0,0,0,0,0
TXN00005345,2026-03-17 14:07:32,USR26484,MCH2894,0.2401905,UTR5460006013,9120,SUCCESS,TXN00005345,USR26484,MCH2894,UTR5460006013,0,0,0,0,0,0,0
TXN00000251,2026-01-08 15:31:02,USR55364,MCH5279,7368.28,UTR7037086965,8120,SUCCESS,TXN00000251,USR55364,MCH5279,UTR7037086965,0,0,0,0,0,0,0
TXN00011048,2026-06-02 11:36:47,USR33481,MCH7141,0.966652,UTR0000293304,9120,SUCCESS,TXN00011048,USR33481,MCH7141,UTR0000293304,0,0,0,0,0,0,0
TXN00004170,2026-03-11 23:49:02,USR43442,MCH5179,2425.15,,4110,SUCCESS,TXN00004170,USR43442,MCH5179,,0,1,0,0,0,0,0
TXN00007159,2026-03-25 08:56:52,USR75130,MCH5474,7867.71,UTR6321867754,8120,PENDING,TXN00007159,USR75130,MCH5474,UTR6321867754,0,0,0,0,0,0,1
TXN00013212,2026-02-13 03:07:46,USR96381,MCH5031,4264.12,UTR6730621325,1310,SUCCESS,TXN00013212,USR96381,MCH5031,UTR6730621325,0,0,0,0,0,0,0
TXN00004808,2026-03-29 01:12:46,USR42640,MCH2342,23886.65,UTR4836307677,1310,SUCCESS,TXN00004808,USR42640,MCH2342,UTR4836307677,0,0,0,0,0,0,0
TXN00019321,2026-01-22 14:19:36,USR12621,MCH7542,11920.0,UTR4640337713,8120,SUCCESS,TXN00019321,USR12621,MCH7542,UTR4640337713,0,0,0,0,0,0,0
TXN00004560,2026-03-21 07:06:55,USR65895,MCH8679,0.2492377,UTR3531094479,4110,SUCCESS,TXN00004560,USR65895,MCH8679,UTR3531094479,0,0,0,0,0,0,0
TXN00003849,2026-02-10 13:01:38,USR12715,MCH4554,17871.68,UTR1049613276,9120,SUCCESS,TXN00003849,USR12715,MCH4554,UTR1049613276,0,0,0,0,0,0,0
TXN00001915,2026-02-27 04:07:36,USR89900,MCH3565,11220.78,,0110,SUCCESS,TXN00001915,USR89900,MCH3565,,0,1,0,0,0,0,0
TXN00009593,2026-02-14 05:35:17,USR50130,MCH5912,18477.41,UTR5602706222,,SUCCESS,TXN00009593,USR50130,MCH5912,UTR5602706222,0,0,1,0,0,0,0
TXN00004154,2026-01-30 05:41:12,USR61694,MCH5126,8921.34,UTR7041626787,4110,SUCCESS,TXN00004154,USR61694,MCH5126,UTR 7041626787,0,0,0,0,0,0,0
TXN00007149,2026-01-30 15:48:03,USR15543,MCH8591,11081.57,,0110,FAILED,TXN00007149,USR15543,MCH8591,,0,1,0,0,0,1,0
TXN00018279,2026-07-02 19:26:10,USR30943,MCH6174,1082.38,UTR0961715977,4110,SUCCESS,TXN00018279,USR30943,MCH6174,UTR0961715977,0,0,0,0,0,0,0
TXN00001075,2026-12-03 23:24:52,USR89522,MCH7794,24693.18,UTR3836757138,,SUCCESS,TXN00001075,USR89522,MCH7794,UTR3836757138,0,0,1,0,0,0,0
TXN00000340,2026-07-03 09:03:11,USR73000,MCH6510,2454.88,UTR3967824934,1310,PENDING,TXN00000340,USR73000,MCH6510,UTR3967824934,0,0,0,0,0,0,1
TXN00013070,2026-01-04 03:58:50,USR76573,MCH5191,16864.0,UTR7294722171,1310,SUCCESS,TXN00013070,USR76573,MCH5191,UTR 7294722171,0,0,0,0,0,0,0
TXN00006199,2026-02-27 21:38:33,USR13436,MCH2521,5240.56,UTR9831163388,8120,FAILED,TXN00006199,USR13436,MCH2521,UTR9831163388,0,0,0,0,0,1,0
TXN00012032,2026-01-13 23:06:01,USR70142,MCH6096,8473.6,UTR8495724641,9120,PENDING,TXN00012032,USR70142,MCH6096,UTR8495724641,0,0,0,0,0,0,1
TXN00019866,2026-01-15 19:10:06,USR90466,MCH1189,18167.0,UTR9237506472,1310,SUCCESS,TXN00019866,USR90466,MCH1189,UTR9237506472,0,0,0,0,0,0,0
TXN00013332,2026-03-20 21:35:49,USR73138,MCH5193,7788.02,UTR2167030940,8120,SUCCESS,TXN00013332,USR73138,MCH5193,UTR2167030940,0,0,0,0,0,0,0
TXN00005625,2026-02-28 06:36:12,USR61195,MCH7201,0.122867,UTR5560268590,8120,SUCCESS,TXN00005625,USR61195,MCH7201,UTR5560268590,0,0,0,0,0,0,0
TXN00011971,2026-03-11 15:37:50,USR84422,MCH9949,2383.72,,4110,FAILED,TXN00011971,USR84422,MCH9949,,0,1,0,0,0,1,0
TXN00004780,2026-03-15 02:59:05,USR41272,MCH1527,5846.85,UTR7165501222,1310,SUCCESS,TXN00004780,USR41272,MCH1527,UTR7165501222,0,0,0,0,0,0,0
TXN00003150,2026-02-28 20:41:21,USR94642,MCH1835,11364.09,UTR8888365858,,SUCCESS,TXN00003150,USR94642,MCH1835,UTR8888365858,0,0,1,0,0,0,0
TXN00003620,2026-01-13 08:44:24,USR94069,MCH9759,4386.33,UTR3364115016,8120,SUCCESS,TXN00003620,USR94069,MCH9759,UTR3364115016,0,0,0,0,0,0,0
TXN00004420,2026-01-26 11:19:39,USR34112,MCH7082,4435.29,UTR2611394630,0110,SUCCESS,TXN00004420,USR34112,MCH7082,UTR2611394630,0,0,0,0,0,0,0
TXN00018312,2026-02-07 22:13:14,USR39827,MCH8718,21478.35,UTR4069601183,8120,SUCCESS,TXN00018312,USR39827,MCH8718,UTR4069601183,0,0,0,0,0,0,0
TXN00000004,2026-03-13 23:56:16,USR89531,MCH3842,14970.48,UTR7411899286,9120,SUCCESS,TXN00000004,USR89531,MCH3842,UTR7411899286,0,0,0,0,0,0,0
TXN00012686,2026-03-02 08:59:51,USR20149,MCH6234,23035.73,UTR8618747680,0110,SUCCESS,TXN00012686,USR20149,MCH6234,UTR8618747680,0,0,0,0,0,0,0
TXN00007371,2026-02-15 18:28:22,USR47098,MCH8636,16857.93,UTR6893743522,4110,SUCCESS,TXN00007371,USR47098,MCH8636,UTR6893743522,0,0,0,0,0,0,0
TXN00012902,2026-01-20 00:00:00,USR75065,MCH5059,6794.39,UTR7738243973,8120,SUCCESS,TXN00012902,USR75065,MCH5059,UTR7738243973,0,0,0,0,0,0,0
TXN00013647,2026-02-24 07:09:56,USR14074,MCH2058,0.1798272,UTR1007759849,9120,SUCCESS,TXN00013647,USR14074,MCH2058,UTR1007759849,0,0,0,0,0,0,0
TXN00008532,2026-01-02 13:59:14,USR38116,MCH2225,461.0,UTR7241635698,0110,SUCCESS,TXN00008532,USR38116,MCH2225,UTR7241635698,0,0,0,0,0,0,0
TXN00017155,2026-03-01 13:09:34,USR13175,MCH8756,19663.26,UTR2295633552,9120,SUCCESS,TXN00017155,USR13175,MCH8756,UTR2295633552,0,0,0,0,0,0,0
TXN00012145,2026-03-10 00:00:00,USR63104,MCH2883,11849.85,UTR2329067679,4110,SUCCESS,TXN00012145,USR63104,MCH2883,UTR2329067679,0,0,0,0,0,0,0
TXN00019784,2026-02-24 17:46:24,USR78003,MCH9941,451.0,UTR5390143797,8120,SUCCESS,TXN00019784,USR78003,MCH9941,UTR5390143797,0,0,0,0,0,0,0
TXN00005775,2026-03-26 05:21:49,USR67932,MCH4312,712.76,UTR9876005636,9120,FAILED,TXN00005775,USR67932,MCH4312,UTR9876005636,0,0,0,0,0,1,0
TXN00004611,2026-03-31 00:00:00,USR35450,MCH3501,8487.62,,4110,SUCCESS,TXN00004611,USR35450,MCH3501,,0,1,0,0,0,0,0
TXN00003318,2026-01-27 07:47:06,USR69461,MCH8465,142.78,UTR3671284434,0110,SUCCESS,TXN00003318,USR69461,MCH8465,UTR 3671284434,0,0,0,0,0,0,0
TXN00018301,2026-01-16 08:53:58,USR53986,MCH4314,15907.05,UTR8242359883,1310,SUCCESS,TXN00018301,USR53986,MCH4314,UTR8242359883,0,0,0,0,0,0,0
TXN00013319,2026-01-14 19:44:21,USR66868,MCH8566,22190.85,UTR6835677126,,SUCCESS,TXN00013319,USR66868,MCH8566,UTR6835677126,0,0,1,0,0,0,0
TXN00019660,2026-01-03 10:00:08,USR46205,MCH9580,11772.57,UTR9681342270,9120,SUCCESS,TXN00019660,USR46205,MCH9580,UTR 9681342270,0,0,0,0,0,0,0
TXN00002494,2026-03-29 18:24:46,USR12615,MCH2832,9669.65,UTR6436720628,8120,SUCCESS,TXN00002494,USR12615,MCH2832,UTR6436720628,0,0,0,0,0,0,0
TXN00007765,2026-01-05 02:28:48,USR16179,MCH2678,-16488.99,UTR9839002925,0110,SUCCESS,TXN00007765,USR16179,MCH2678,UTR9839002925,1,0,0,0,0,0,0
TXN00007756,2026-01-08 14:53:21,USR26175,MCH2789,0.187119,UTR3286420478,0110,SUCCESS,TXN00007756,USR26175,MCH2789,UTR3286420478,0,0,0,0,0,0,0
TXN00009737,2026-03-27 04:32:57,USR23580,MCH6825,17162.3,UTR3206724328,8120,SUCCESS,TXN00009737,USR23580,MCH6825,UTR3206724328,0,0,0,0,0,0,0
TXN00006777,2026-02-01 06:12:40,USR97032,MCH8529,18422.5,UTR9054686924,9120,SUCCESS,TXN00006777,USR97032,MCH8529,UTR9054686924,0,0,0,0,0,0,0
TXN00006754,2026-03-14 01:56:49,USR49597,MCH2723,2170.57,UTR9393912170,4110,SUCCESS,TXN00006754,USR49597,MCH2723,UTR9393912170,0,0,0,0,0,0,0
TXN00015844,2026-08-03 04:33:40,USR98510,MCH4668,9147.4,,4110,SUCCESS,TXN00015844,USR98510,MCH4668,,0,1,0,0,0,0,0
TXN00002845,2026-01-14 04:16:12,USR40005,MCH2206,14432.29,UTR5544946863,9120,FAILED,TXN00002845,USR40005,MCH2206,UTR5544946863,0,0,0,0,0,1,0
TXN00006692,2026-03-09 09:51:50,USR67690,MCH8652,0.545234,,0110,SUCCESS,TXN00006692,USR67690,MCH8652,,0,1,0,0,0,0,0
TXN00001463,2026-01-15 01:02:24,USR77435,MCH4770,0.267376,UTR5597137694,9120,SUCCESS,TXN00001463,USR77435,MCH4770,UTR5597137694,0,0,0,0,0,0,0
TXN00006194,2026-01-29 00:00:00,USR72600,MCH1547,0.2343765,UTR8021940407,4110,SUCCESS,TXN00006194,USR72600,MCH1547,UTR8021940407,0,0,0,0,0,0,0
TXN00006294,2026-01-26 12:49:12,USR63071,MCH4211,7999.82,UTR7660189639,0110,SUCCESS,TXN00006294,USR63071,MCH4211,UTR7660189639,0,0,0,0,0,0,0
TXN00003945,2026-01-15 10:57:22,USR85053,MCH1432,2515.14,UTR4188335545,1310,SUCCESS,TXN00003945,USR85053,MCH1432,UTR4188335545,0,0,0,0,0,0,0
TXN00004138,2026-02-07 15:38:18,USR76315,MCH5237,8095.03,UTR9275071631,8120,SUCCESS,TXN00004138,USR76315,MCH5237,UTR9275071631,0,0,0,0,0,0,0
TXN00018693,2026-02-04 15:46:23,USR64538,MCH3121,17121.22,UTR9896812371,4110,FAILED,TXN00018693,USR64538,MCH3121,UTR9896812371,0,0,0,0,0,1,0
TXN00017264,2026-03-03 23:32:54,USR72284,MCH2190,9675.39,UTR2765988848,4110,SUCCESS,TXN00017264,USR72284,MCH2190,UTR2765988848,0,0,0,0,0,0,0
TXN00013205,2026-01-20 23:33:37,USR32736,MCH5522,12619.38,UTR7278068271,0110,SUCCESS,TXN00013205,USR32736,MCH5522,UTR 7278068271,0,0,0,0,0,0,0
TXN00015191,2026-01-15 19:49:19,USR30022,MCH7031,24479.04,UTR7235953865,1310,SUCCESS,TXN00015191,USR30022,MCH7031,UTR7235953865,0,0,0,0,0,0,0
TXN00005692,2026-02-25 14:31:15,USR69183,MCH4255,3927.44,UTR8501276202,,SUCCESS,TXN00005692,USR69183,MCH4255,UTR8501276202,0,0,1,0,0,0,0
TXN00001976,2026-02-06 23:34:17,USR58909,MCH2160,23518.0,UTR9720978521,4110,FAILED,TXN00001976,USR58909,MCH2160,UTR 9720978521,0,0,0,0,0,1,0
TXN00004894,2026-03-03 00:40:33,USR24472,MCH9034,6027.69,UTR4485548856,0110,SUCCESS,TXN00004894,USR24472,MCH9034,UTR 4485548856,0,0,0,0,0,0,0
TXN00013893,2026-01-19 08:38:23,USR42960,MCH3787,7311.5,UTR8319163626,8120,SUCCESS,TXN00013893,USR42960,MCH3787,UTR8319163626,0,0,0,0,0,0,0
TXN00012489,2026-03-15 12:45:48,USR94045,MCH7827,5664.0,UTR3254239827,,SUCCESS,TXN00012489,USR94045,MCH7827,UTR3254239827,0,0,1,0,0,0,0
TXN00004553,2026-01-29 21:42:43,USR32154,MCH5310,3853.05,UTR5009059919,4110,SUCCESS,TXN00004553,USR32154,MCH5310,UTR5009059919,0,0,0,0,0,0,0
TXN00007127,2026-01-01 00:00:00,USR26295,MCH1500,1770.81,UTR2039811938,8120,SUCCESS,TXN00007127,USR26295,MCH1500,UTR2039811938,0,0,0,0,0,0,0
TXN00014572,2026-03-04 11:42:05,USR83880,MCH8632,23535.87,UTR9435597870,4110,SUCCESS,TXN00014572,USR83880,MCH8632,UTR9435597870,0,0,0,0,0,0,0
TXN00014364,2026-03-23 09:50:13,USR41097,MCH5623,21416.0,UTR9676721393,4110,SUCCESS,TXN00014364,USR41097,MCH5623,UTR9676721393,0,0,0,0,0,0,0
TXN00008868,2026-02-07 02:36:25,USR56643,MCH6121,14143.28,UTR0567650008,8120,FAILED,TXN00008868,USR56643,MCH6121,UTR0567650008,0,0,0,0,0,1,0
TXN00011074,2026-01-30 07:41:40,USR49223,MCH3796,1148.0,UTR6439495286,0110,SUCCESS,TXN00011074,USR49223,MCH3796,UTR6439495286,0,0,0,0,0,0,0
TXN00001979,2026-01-29 15:09:41,USR10226,MCH1277,21819.53,UTR4525661010,1310,PENDING,TXN00001979,USR10226,MCH1277,UTR4525661010,0,0,0,0,0,0,1
TXN00018666,2026-02-12 13:54:33,USR78780,MCH5135,0.1350728,UTR7074984212,,SUCCESS,TXN00018666,USR78780,MCH5135,UTR7074984212,0,0,1,0,0,0,0
TXN00017046,2026-09-02 20:16:14,USR66094,MCH6152,14337.36,UTR8784540374,8120,SUCCESS,TXN00017046,USR66094,MCH6152,UTR8784540374,0,0,0,0,0,0,0
TXN00012311,2026-01-03 19:16:56,USR27688,MCH7294,15365.88,UTR6568422300,4110,SUCCESS,TXN00012311,USR27688,MCH7294,UTR6568422300,0,0,0,0,0,0,0
TXN00003107,2026-02-24 13:07:41,USR43073,MCH5287,18088.96,UTR7175205310,9120,SUCCESS,TXN00003107,USR43073,MCH5287,UTR7175205310,0,0,0,0,0,0,0
TXN00002565,2026-03-18 20:03:01,USR49676,MCH8291,10077.8,UTR8456810939,,SUCCESS,TXN00002565,USR49676,MCH8291,UTR8456810939,0,0,1,0,0,0,0
TXN00003253,2026-02-21 00:00:00,USR98566,MCH6199,15144.89,UTR1269804517,8120,FAILED,TXN00003253,USR98566,MCH6199,UTR1269804517,0,0,0,0,0,1,0
TXN00008318,2026-02-17 02:50:09,USR64159,MCH1452,18671.12,UTR8179029279,0110,SUCCESS,TXN00008318,USR64159,MCH1452,UTR8179029279,0,0,0,0,0,0,0
TXN00012360,2026-03-24 18:06:35,USR16084,MCH3541,11601.0,UTR1425398962,4110,FAILED,TXN00012360,USR16084,MCH3541,UTR1425398962,0,0,0,0,0,1,0
TXN00008796,2026-03-24 17:29:49,USR82246,MCH3560,10094.68,UTR7307718621,,SUCCESS,TXN00008796,USR82246,MCH3560,UTR7307718621,0,0,1,0,0,0,0
TXN00010668,2026-02-14 14:12:23,USR58569,MCH8410,6139.8,UTR1836762385,,SUCCESS,TXN00010668,USR58569,MCH8410,UTR 1836762385,0,0,1,0,0,0,0
TXN00001284,2026-02-14 01:58:10,USR12116,MCH9495,254.17,UTR2154417141,4110,SUCCESS,TXN00001284,USR12116,MCH9495,UTR2154417141,0,0,0,0,0,0,0
TXN00002933,2026-01-06 09:07:16,USR46169,MCH1389,1970.61,UTR5861638908,9120,FAILED,TXN00002933,USR46169,MCH1389,UTR5861638908,0,0,0,0,0,1,0
TXN00000264,2026-02-23 09:08:06,USR34195,MCH3257,12963.06,UTR7207529900,0110,FAILED,TXN00000264,USR34195,MCH3257,UTR 7207529900,0,0,0,0,0,1,0
TXN00015243,2026-03-18 19:48:36,USR99848,MCH1701,11846.03,UTR5439371439,9120,SUCCESS,TXN00015243,USR99848,MCH1701,UTR5439371439,0,0,0,0,0,0,0
TXN00015278,2026-01-15 00:00:00,USR30388,MCH9579,16267.86,UTR7513098678,0110,FAILED,TXN00015278,USR30388,MCH9579,UTR7513098678,0,0,0,0,0,1,0
TXN00002925,2026-02-27 01:38:26,USR82779,MCH6524,9280.0,UTR2260141910,4110,SUCCESS,TXN00002925,USR82779,MCH6524,UTR2260141910,0,0,0,0,0,0,0
TXN00012961,2026-03-23 17:01:53,USR84852,MCH4588,98.0,UTR7941514491,1310,SUCCESS,TXN00012961,USR84852,MCH4588,UTR7941514491,0,0,0,0,0,0,0
TXN00008511,2026-02-01 09:41:42,USR13676,MCH9328,4646.29,,9120,SUCCESS,TXN00008511,USR13676,MCH9328,,0,1,0,0,0,0,0
TXN00007270,2026-02-26 04:18:32,USR31065,MCH9453,8881.0,UTR0015556591,,SUCCESS,TXN00007270,USR31065,MCH9453,UTR0015556591,0,0,1,0,0,0,0
TXN00012328,2026-02-13 23:48:15,USR62220,MCH4195,0.282405,,4110,SUCCESS,TXN00012328,USR62220,MCH4195,,0,1,0,0,0,0,0
TXN00010242,2026-09-01 19:16:09,USR18419,MCH4376,5358.0,UTR7512123560,4110,SUCCESS,TXN00010242,USR18419,MCH4376,UTR7512123560,0,0,0,0,0,0,0
TXN00006796,2026-02-27 03:02:13,USR87789,MCH2976,0.714663,UTR2887871912,,SUCCESS,TXN00006796,USR87789,MCH2976,UTR2887871912,0,0,1,0,0,0,0
TXN00013625,2026-01-04 05:41:47,USR96267,MCH7970,11353.78,UTR6625562877,9120,SUCCESS,TXN00013625,USR96267,MCH7970,UTR6625562877,0,0,0,0,0,0,0
TXN00003048,2026-03-25 21:38:51,USR20567,MCH9420,8669.64,UTR2366240332,4110,SUCCESS,TXN00003048,USR20567,MCH9420,UTR2366240332,0,0,0,0,0,0,0
TXN00000605,2026-03-17 23:05:33,USR82098,MCH8397,3024.69,UTR6295159010,,SUCCESS,TXN00000605,USR82098,MCH8397,UTR6295159010,0,0,1,0,0,0,0
TXN00010909,2026-01-15 08:44:06,USR36350,MCH7334,21055.73,UTR2438353518,,SUCCESS,TXN00010909,USR36350,MCH7334,UTR2438353518,0,0,1,0,0,0,0
TXN00009309,2026-03-13 14:25:33,USR70177,MCH9986,4126.7,UTR6834141423,4110,FAILED,TXN00009309,USR70177,MCH9986,UTR 6834141423,0,0,0,0,0,1,0
TXN00018916,2026-01-12 02:40:47,USR75997,MCH9791,12291.44,UTR0310902571,8120,SUCCESS,TXN00018916,USR75997,MCH9791,UTR0310902571,0,0,0,0,0,0,0
TXN00012236,2026-01-06 04:01:00,USR37005,MCH5874,24215.66,UTR0532351254,0110,SUCCESS,TXN00012236,USR37005,MCH5874,UTR0532351254,0,0,0,0,0,0,0
TXN00008743,2026-01-28 22:21:17,USR23948,MCH9840,10801.77,UTR9790078163,4110,SUCCESS,TXN00008743,USR23948,MCH9840,UTR9790078163,0,0,0,0,0,0,0
TXN00008486,2026-01-17 04:41:37,USR99966,MCH2010,19146.43,UTR3080481570,0110,SUCCESS,TXN00008486,USR99966,MCH2010,UTR3080481570,0,0,0,0,0,0,0
TXN00001858,2026-08-02 15:43:57,USR39861,MCH8561,11518.88,,8120,SUCCESS,TXN00001858,USR39861,MCH8561,,0,1,0,0,0,0,0
TXN00000312,2026-01-28 00:53:56,USR57484,MCH1366,1970.62,UTR7011519862,9120,SUCCESS,TXN00000312,USR57484,MCH1366,UTR7011519862,0,0,0,0,0,0,0
TXN00004092,2026-01-08 03:16:58,USR82300,MCH5185,8539.55,UTR0877060017,1310,SUCCESS,TXN00004092,USR82300,MCH5185,UTR0877060017,0,0,0,0,0,0,0
TXN00015508,2026-03-04 21:24:57,USR43330,MCH4289,9484.69,UTR1772332266,4110,SUCCESS,TXN00015508,USR43330,MCH4289,UTR1772332266,0,0,0,0,0,0,0
TXN00012841,2026-03-08 05:38:16,USR95455,MCH2408,21351.48,UTR3501840579,4110,SUCCESS,TXN00012841,USR95455,MCH2408,UTR3501840579,0,0,0,0,0,0,0
TXN00011454,2026-03-04 12:14:07,USR46313,MCH7734,9994.0,UTR8127525220,4110,SUCCESS,TXN00011454,USR46313,MCH7734,UTR8127525220,0,0,0,0,0,0,0
TXN00007591,2026-01-18 00:24:40,USR13247,MCH6818,4808.49,UTR7443888100,4110,PENDING,TXN00007591,USR13247,MCH6818,UTR7443888100,0,0,0,0,0,0,1
TXN00016894,2026-01-15 03:04:18,USR53450,MCH4312,20753.33,UTR5216580863,9120,SUCCESS,TXN00016894,USR53450,MCH4312,UTR5216580863,0,0,0,0,0,0,0
TXN00007761,2026-01-01 15:26:03,USR52506,MCH1454,15350.01,UTR6602576015,,SUCCESS,TXN00007761,USR52506,MCH1454,UTR6602576015,0,0,1,0,0,0,0
TXN00016915,2026-03-08 09:04:11,USR65144,MCH8358,1027.09,UTR4447773811,0110,SUCCESS,TXN00016915,USR65144,MCH8358,UTR4447773811,0,0,0,0,0,0,0
TXN00011441,2026-02-11 05:37:57,USR41483,MCH6409,7413.43,UTR5373557216,4110,SUCCESS,TXN00011441,USR41483,MCH6409,UTR5373557216,0,0,0,0,0,0,0
TXN00018305,2026-03-25 14:19:37,USR87355,MCH7953,10498.18,UTR6694017599,1310,SUCCESS,TXN00018305,USR87355,MCH7953,UTR6694017599,0,0,0,0,0,0,0
TXN00011566,2026-01-26 13:44:43,USR25722,MCH7436,6592.46,UTR9300120845,,SUCCESS,TXN00011566,USR25722,MCH7436,UTR9300120845,0,0,1,0,0,0,0
TXN00018807,2026-03-26 01:19:32,USR88678,MCH2056,24645.52,UTR4896168586,0110,SUCCESS,TXN00018807,USR88678,MCH2056,UTR4896168586,0,0,0,0,0,0,0
TXN00015412,2026-02-25 20:02:09,USR94957,MCH9139,13925.0,UTR0328227949,4110,SUCCESS,TXN00015412,USR94957,MCH9139,UTR0328227949,0,0,0,0,0,0,0
TXN00005517,2026-02-02 14:21:10,USR82423,MCH4284,20200.85,UTR4818144162,8120,PENDING,TXN00005517,USR82423,MCH4284,UTR4818144162,0,0,0,0,0,0,1
TXN00006660,2026-02-10 01:45:59,USR82868,MCH9086,7411.46,UTR1408108230,0110,SUCCESS,TXN00006660,USR82868,MCH9086,UTR1408108230,0,0,0,0,0,0,0
TXN00009889,2026-03-06 22:13:25,USR31413,MCH1672,4609.19,UTR0619757770,8120,SUCCESS,TXN00009889,USR31413,MCH1672,UTR0619757770,0,0,0,0,0,0,0
TXN00002697,2026-01-31 15:23:29,USR74739,MCH3384,16941.78,UTR2597040485,1310,SUCCESS,TXN00002697,USR74739,MCH3384,UTR2597040485,0,0,0,0,0,0,0
TXN00000302,2026-01-06 17:11:08,USR55464,MCH4564,13288.55,UTR5427840378,,SUCCESS,TXN00000302,USR55464,MCH4564,UTR5427840378,0,0,1,0,0,0,0
TXN00019994,2026-01-01 13:04:58,USR13023,MCH1381,12321.68,UTR0311129078,,SUCCESS,TXN00019994,USR13023,MCH1381,UTR 0311129078,0,0,1,0,0,0,0
TXN00018246,2026-01-24 08:49:46,USR34441,MCH7401,16496.02,UTR4069539603,8120,SUCCESS,TXN00018246,USR34441,MCH7401,UTR4069539603,0,0,0,0,0,0,0
TXN00018625,2026-02-11 10:35:39,USR55104,MCH6102,23989.24,UTR4161367136,,SUCCESS,TXN00018625,USR55104,MCH6102,UTR4161367136,0,0,1,0,0,0,0
TXN00004308,2026-01-26 02:54:14,USR31655,MCH4969,15756.03,UTR0456214755,9120,SUCCESS,TXN00004308,USR31655,MCH4969,UTR0456214755,0,0,0,0,0,0,0
TXN00000525,2026-01-26 15:07:37,USR38974,MCH3098,20959.83,UTR5183363120,0110,SUCCESS,TXN00000525,USR38974,MCH3098,UTR5183363120,0,0,0,0,0,0,0
TXN00011116,2026-02-24 21:53:03,USR23810,MCH1750,21916.0,UTR4244256651,9120,SUCCESS,TXN00011116,USR23810,MCH1750,UTR4244256651,0,0,0,0,0,0,0
TXN00018574,2026-02-10 09:54:35,USR66152,MCH1116,18125.58,UTR1955170480,,SUCCESS,TXN00018574,USR66152,MCH1116,UTR1955170480,0,0,1,0,0,0,0
TXN00019334,2026-03-17 10:38:50,USR37195,MCH2489,22553.64,UTR4631465997,1310,SUCCESS,TXN00019334,USR37195,MCH2489,UTR4631465997,0,0,0,0,0,0,0
TXN00001329,2026-02-12 12:03:07,USR32599,MCH3429,16471.11,UTR5051007628,4110,SUCCESS,TXN00001329,USR32599,MCH3429,UTR 5051007628,0,0,0,0,0,0,0
TXN00003293,2026-02-22 17:43:35,USR10529,MCH3199,9741.23,UTR7769209800,8120,SUCCESS,TXN00003293,USR10529,MCH3199,UTR7769209800,0,0,0,0,0,0,0
TXN00014840,2026-01-01 03:40:42,USR93489,MCH2274,8471.26,UTR4111804429,9120,FAILED,TXN00014840,USR93489,MCH2274,UTR4111804429,0,0,0,0,0,1,0
TXN00015757,2026-02-17 09:44:35,USR47409,MCH9370,16630.0,UTR7728010663,8120,SUCCESS,TXN00015757,USR47409,MCH9370,UTR7728010663,0,0,0,0,0,0,0
TXN00000223,2026-02-19 06:56:24,USR49344,MCH7720,2350.93,UTR5048405036,1310,SUCCESS,TXN00000223,USR49344,MCH7720,UTR5048405036,0,0,0,0,0,0,0
TXN00002276,2026-03-15 05:59:10,USR82987,MCH7591,0.1502027,UTR5374520697,4110,SUCCESS,TXN00002276,USR82987,MCH7591,UTR5374520697,0,0,0,0,0,0,0
TXN00003675,2026-01-22 02:16:26,USR63941,MCH7614,15211.9,UTR9020439652,4110,SUCCESS,TXN00003675,USR63941,MCH7614,UTR9020439652,0,0,0,0,0,0,0
TXN00018475,2026-02-03 01:09:36,USR93617,MCH8128,22634.72,UTR9298581953,4110,FAILED,TXN00018475,USR93617,MCH8128,UTR 9298581953,0,0,0,0,0,1,0
TXN00012611,2026-02-17 07:56:57,USR30812,MCH6140,6757.42,UTR9221516817,1310,SUCCESS,TXN00012611,USR30812,MCH6140,UTR9221516817,0,0,0,0,0,0,0
TXN00010552,2026-01-15 01:44:15,USR87367,MCH4434,0.1005345,,4110,PENDING,TXN00010552,USR87367,MCH4434,,0,1,0,0,0,0,1
TXN00001804,2026-03-10 01:37:41,USR13454,MCH4022,7420.42,UTR9914600080,1310,FAILED,TXN00001804,USR13454,MCH4022,UTR9914600080,0,0,0,0,0,1,0
TXN00008877,2026-01-24 08:04:52,USR99625,MCH7486,2381.16,UTR8986556303,,SUCCESS,TXN00008877,USR99625,MCH7486,UTR8986556303,0,0,1,0,0,0,0
TXN00003885,2026-02-22 15:16:13,USR60969,MCH7027,22155.68,UTR5123252977,4110,SUCCESS,TXN00003885,USR60969,MCH7027,UTR5123252977,0,0,0,0,0,0,0
TXN00009718,2026-03-29 16:44:20,USR16257,MCH6109,6803.8,UTR7164377932,4110,SUCCESS,TXN00009718,USR16257,MCH6109,UTR7164377932,0,0,0,0,0,0,0
TXN00003604,2026-06-02 15:37:48,USR93275,MCH5866,6973.29,UTR5860295905,4110,FAILED,TXN00003604,USR93275,MCH5866,UTR5860295905,0,0,0,0,0,1,0
TXN00009400,2026-01-04 00:00:00,USR99610,MCH1657,0.57402,UTR7093732869,,SUCCESS,TXN00009400,USR99610,MCH1657,UTR7093732869,0,0,1,0,0,0,0
TXN00015258,2026-02-16 20:10:14,USR86156,MCH4170,4527.59,UTR0479529492,1310,SUCCESS,TXN00015258,USR86156,MCH4170,UTR0479529492,0,0,0,0,0,0,0
TXN00008001,2026-01-06 00:00:00,USR82487,MCH6546,18009.5,UTR5039089790,4110,SUCCESS,TXN00008001,USR82487,MCH6546,UTR5039089790,0,0,0,0,0,0,0
TXN00002891,2026-03-20 00:40:03,USR80295,MCH4477,8311.0,UTR4232829434,1310,SUCCESS,TXN00002891,USR80295,MCH4477,UTR4232829434,0,0,0,0,0,0,0
TXN00006269,2026-01-10 19:18:00,USR61534,MCH9491,7583.61,UTR0748577346,9120,SUCCESS,TXN00006269,USR61534,MCH9491,UTR 0748577346,0,0,0,0,0,0,0
TXN00015438,2026-01-29 11:39:50,USR49656,MCH7656,884.62,UTR5196695180,4110,SUCCESS,TXN00015438,USR49656,MCH7656,UTR5196695180,0,0,0,0,0,0,0
TXN00018328,2026-01-28 00:34:46,USR48240,MCH1867,4303.69,UTR0840574767,8120,SUCCESS,TXN00018328,USR48240,MCH1867,UTR0840574767,0,0,0,0,0,0,0
TXN00007134,2026-03-04 05:15:43,USR40926,MCH9291,4062.96,UTR7954239706,4110,SUCCESS,TXN00007134,USR40926,MCH9291,UTR7954239706,0,0,0,0,0,0,0
TXN00008650,2026-01-22 13:29:49,USR16081,MCH6142,5351.0,UTR2390989755,0110,SUCCESS,TXN00008650,USR16081,MCH6142,UTR2390989755,0,0,0,0,0,0,0
TXN00001910,2026-02-01 10:37:37,USR80728,MCH6112,3730.71,UTR5273897726,8120,SUCCESS,TXN00001910,USR80728,MCH6112,UTR 5273897726,0,0,0,0,0,0,0
TXN00007813,2026-01-21 11:05:19,USR72224,MCH5418,2593.84,UTR6981056185,0110,FAILED,TXN00007813,USR72224,MCH5418,UTR6981056185,0,0,0,0,0,1,0
TXN00018033,2026-01-27 06:42:15,USR49836,MCH1411,17515.67,UTR5329740389,,SUCCESS,TXN00018033,USR49836,MCH1411,UTR5329740389,0,0,1,0,0,0,0
TXN00011995,2026-01-06 00:00:00,USR33292,MCH5132,24441.03,UTR1841124939,1310,SUCCESS,TXN00011995,USR33292,MCH5132,UTR1841124939,0,0,0,0,0,0,0
TXN00007921,2026-03-05 00:35:05,USR40480,MCH4565,0.1619945,UTR7346119504,8120,SUCCESS,TXN00007921,USR40480,MCH4565,UTR7346119504,0,0,0,0,0,0,0
TXN00011265,2026-03-18 02:55:18,USR59507,MCH8986,18171.1,UTR3409941901,9120,SUCCESS,TXN00011265,USR59507,MCH8986,UTR3409941901,0,0,0,0,0,0,0
TXN00011811,2026-02-17 04:05:37,USR42105,MCH7401,24137.0,UTR6129263416,,SUCCESS,TXN00011811,USR42105,MCH7401,UTR6129263416,0,0,1,0,0,0,0
TXN00002678,2026-02-15 02:38:59,USR64038,MCH5600,1461.72,UTR7616934013,,SUCCESS,TXN00002678,USR64038,MCH5600,UTR7616934013,0,0,1,0,0,0,0
TXN00009552,2026-01-11 06:49:39,USR22018,MCH8244,23657.15,UTR9200930032,,SUCCESS,TXN00009552,USR22018,MCH8244,UTR9200930032,0,0,1,0,0,0,0
TXN00018891,2026-01-27 20:09:54,USR65258,MCH7441,7659.54,UTR9557436218,4110,SUCCESS,TXN00018891,USR65258,MCH7441,UTR9557436218,0,0,0,0,0,0,0
TXN00004582,2026-03-18 04:49:53,USR25917,MCH8117,7591.6,UTR2798281171,4110,SUCCESS,TXN00004582,USR25917,MCH8117,UTR2798281171,0,0,0,0,0,0,0
TXN00016793,2026-01-25 20:35:04,USR21404,MCH7387,24231.21,UTR5713388649,1310,SUCCESS,TXN00016793,USR21404,MCH7387,UTR5713388649,0,0,0,0,0,0,0
TXN00013222,2026-03-25 16:32:44,USR94268,MCH7885,24548.13,UTR2903684467,1310,SUCCESS,TXN00013222,USR94268,MCH7885,UTR2903684467,0,0,0,0,0,0,0
TXN00005913,2026-03-08 21:08:17,USR45405,MCH3604,17763.44,UTR2127140970,4110,SUCCESS,TXN00005913,USR45405,MCH3604,UTR2127140970,0,0,0,0,0,0,0
TXN00010422,2026-03-28 02:39:43,USR24948,MCH6679,0.1121118,UTR8867132237,1310,SUCCESS,TXN00010422,USR24948,MCH6679,UTR8867132237,0,0,0,0,0,0,0
TXN00006202,2026-02-12 02:30:47,USR46031,MCH4352,10069.13,UTR4591055826,1310,SUCCESS,TXN00006202,USR46031,MCH4352,UTR4591055826,0,0,0,0,0,0,0
TXN00009715,2026-01-14 11:41:58,USR32457,MCH8119,12023.04,UTR6101467075,0110,FAILED,TXN00009715,USR32457,MCH8119,UTR6101467075,0,0,0,0,0,1,0
TXN00000769,2026-01-03 08:54:55,USR69031,MCH1410,8558.62,UTR7242788476,4110,SUCCESS,TXN00000769,USR69031,MCH1410,UTR7242788476,0,0,0,0,0,0,0
TXN00004667,2026-02-04 18:43:10,USR82559,MCH7413,2643.98,UTR2406956099,9120,SUCCESS,TXN00004667,USR82559,MCH7413,UTR2406956099,0,0,0,0,0,0,0
TXN00013394,2026-02-14 15:24:36,USR89813,MCH2802,22225.9,UTR7688922510,8120,SUCCESS,TXN00013394,USR89813,MCH2802,UTR7688922510,0,0,0,0,0,0,0
TXN00013143,2026-02-13 14:25:11,USR35454,MCH9011,0.955705,,9120,SUCCESS,TXN00013143,USR35454,MCH9011,,0,1,0,0,0,0,0
TXN00003133,2026-01-15 00:10:02,USR24058,MCH9977,23318.44,,0110,SUCCESS,TXN00003133,USR24058,MCH9977,,0,1,0,0,0,0,0
TXN00016058,2026-02-24 09:42:03,USR23273,MCH8101,24918.19,,4110,SUCCESS,TXN00016058,USR23273,MCH8101,,0,1,0,0,0,0,0
TXN00013886,2026-03-03 18:19:13,USR25914,MCH2697,22975.29,UTR3708419242,8120,SUCCESS,TXN00013886,USR25914,MCH2697,UTR3708419242,0,0,0,0,0,0,0
TXN00012341,2026-01-28 00:00:00,USR42231,MCH6893,16496.69,UTR3709024281,4110,FAILED,TXN00012341,USR42231,MCH6893,UTR3709024281,0,0,0,0,0,1,0
TXN00005021,2026-03-31 08:16:59,USR27789,MCH3157,16676.52,UTR7422731850,8120,SUCCESS,TXN00005021,USR27789,MCH3157,UTR7422731850,0,0,0,0,0,0,0
TXN00011007,2026-01-02 04:24:23,USR99621,MCH6496,16040.84,UTR1328501935,,SUCCESS,TXN00011007,USR99621,MCH6496,UTR1328501935,0,0,1,0,0,0,0
TXN00016661,2026-01-09 06:09:21,USR45830,MCH2349,18865.94,UTR2085581532,,SUCCESS,TXN00016661,USR45830,MCH2349,UTR2085581532,0,0,1,0,0,0,0
TXN00018454,2026-02-23 01:37:32,USR35755,MCH9337,1570.23,UTR0286329588,,SUCCESS,TXN00018454,USR35755,MCH9337,UTR0286329588,0,0,1,0,0,0,0
TXN00004575,2026-03-11 00:10:36,USR41398,MCH2322,19002.54,UTR2296523841,8120,SUCCESS,TXN00004575,USR41398,MCH2322,UTR2296523841,0,0,0,0,0,0,0
TXN00000245,2026-01-30 20:33:35,USR96954,MCH7539,396.26,UTR2054734690,9120,SUCCESS,TXN00000245,USR96954,MCH7539,UTR2054734690,0,0,0,0,0,0,0
TXN00006461,2026-03-06 10:33:28,USR47753,MCH6186,0.663806,UTR6961762262,8120,SUCCESS,TXN00006461,USR47753,MCH6186,UTR6961762262,0,0,0,0,0,0,0
TXN00003782,2026-03-07 04:35:35,USR89123,MCH5143,-8176.6,UTR3514838004,,SUCCESS,TXN00003782,USR89123,MCH5143,UTR3514838004,1,0,1,0,0,0,0
TXN00013727,2026-01-30 23:15:48,USR92603,MCH7518,24761.74,UTR5953659253,,SUCCESS,TXN00013727,USR92603,MCH7518,UTR5953659253,0,0,1,0,0,0,0
TXN00015990,2026-01-02 07:50:01,USR64598,MCH6606,13304.23,UTR2781263405,4110,SUCCESS,TXN00015990,USR64598,MCH6606,UTR2781263405,0,0,0,0,0,0,0
TXN00003335,2026-01-23 14:32:54,USR35035,MCH5447,22261.33,UTR3942513928,4110,PENDING,TXN00003335,USR35035,MCH5447,UTR3942513928,0,0,0,0,0,0,1
TXN00003038,2026-02-15 06:57:35,USR15259,MCH5466,24509.41,UTR7730259102,0110,SUCCESS,TXN00003038,USR15259,MCH5466,UTR7730259102,0,0,0,0,0,0,0
TXN00015513,2026-10-02 17:56:25,USR60995,MCH7724,22350.52,UTR2416573920,4110,SUCCESS,TXN00015513,USR60995,MCH7724,UTR2416573920,0,0,0,0,0,0,0
TXN00002198,2026-01-02 19:40:15,USR52910,MCH3282,21615.44,UTR0707642579,0110,SUCCESS,TXN00002198,USR52910,MCH3282,UTR0707642579,0,0,0,0,0,0,0
TXN00013195,2026-02-18 19:13:59,USR46881,MCH1955,0.1397145,UTR5223860118,4110,SUCCESS,TXN00013195,USR46881,MCH1955,UTR5223860118,0,0,0,0,0,0,0
TXN00010748,2026-03-15 00:55:58,USR90121,MCH5699,21695.01,UTR1347006533,4110,SUCCESS,TXN00010748,USR90121,MCH5699,UTR1347006533,0,0,0,0,0,0,0
TXN00015388,2026-03-11 07:09:21,USR89102,MCH2315,6301.09,UTR3759792163,,SUCCESS,TXN00015388,USR89102,MCH2315,UTR3759792163,0,0,1,0,0,0,0
TXN00003567,2026-01-03 02:43:43,USR97435,MCH3788,14361.45,UTR6152477562,1310,PENDING,TXN00003567,USR97435,MCH3788,UTR6152477562,0,0,0,0,0,0,1
TXN00013710,2026-01-06 20:57:16,USR41471,MCH6902,0.1991656,UTR5308681856,1310,FAILED,TXN00013710,USR41471,MCH6902,UTR5308681856,0,0,0,0,0,1,0
TXN00013590,2026-11-02 22:30:50,USR83585,MCH1200,5936.0,UTR4338482046,4110,SUCCESS,TXN00013590,USR83585,MCH1200,UTR4338482046,0,0,0,0,0,0,0
TXN00014673,2026-02-11 11:54:28,USR13860,MCH4029,2722.99,UTR0439117705,4110,SUCCESS,TXN00014673,USR13860,MCH4029,UTR0439117705,0,0,0,0,0,0,0
TXN00009356,2026-03-30 22:48:52,USR30023,MCH4198,19705.09,UTR5697731982,4110,FAILED,TXN00009356,USR30023,MCH4198,UTR5697731982,0,0,0,0,0,1,0
TXN00015425,2026-01-29 23:44:13,USR19784,MCH6061,23376.75,UTR3263862664,4110,FAILED,TXN00015425,USR19784,MCH6061,UTR3263862664,0,0,0,0,0,1,0
TXN00003117,2026-02-23 09:15:35,USR75482,MCH8960,18470.69,UTR6541929783,9120,SUCCESS,TXN00003117,USR75482,MCH8960,UTR6541929783,0,0,0,0,0,0,0
TXN00002057,2026-01-16 00:32:50,USR78136,MCH3788,11563.0,UTR8687922896,9120,SUCCESS,TXN00002057,USR78136,MCH3788,UTR 8687922896,0,0,0,0,0,0,0
TXN00000756,2026-03-03 10:51:32,USR44669,MCH5040,19852.69,UTR7774076310,0110,SUCCESS,TXN00000756,USR44669,MCH5040,UTR7774076310,0,0,0,0,0,0,0
TXN00006430,2026-01-05 11:07:23,USR27937,MCH1025,14774.21,UTR3442383644,,SUCCESS,TXN00006430,USR27937,MCH1025,UTR3442383644,0,0,1,0,0,0,0
TXN00008879,2026-01-15 19:55:52,USR95427,MCH6881,9345.42,UTR0748224664,4110,SUCCESS,TXN00008879,USR95427,MCH6881,UTR 0748224664,0,0,0,0,0,0,0
TXN00014627,2026-01-20 20:13:27,USR22310,MCH8477,8325.77,UTR6422811161,8120,SUCCESS,TXN00014627,USR22310,MCH8477,UTR6422811161,0,0,0,0,0,0,0
TXN00006748,2026-03-26 06:40:08,USR61687,MCH8604,1861.13,UTR1719472012,0110,PENDING,TXN00006748,USR61687,MCH8604,UTR1719472012,0,0,0,0,0,0,1
TXN00007279,2026-05-03 10:23:04,USR76433,MCH4784,18962.04,UTR4837572997,4110,FAILED,TXN00007279,USR76433,MCH4784,UTR4837572997,0,0,0,0,0,1,0
TXN00017759,2026-01-19 19:53:36,USR66241,MCH1481,3003.26,UTR1311106449,0110,SUCCESS,TXN00017759,USR66241,MCH1481,UTR1311106449,0,0,0,0,0,0,0
TXN00015184,2026-02-18 01:29:35,USR50948,MCH2376,12851.3,UTR8782016628,4110,SUCCESS,TXN00015184,USR50948,MCH2376,UTR8782016628,0,0,0,0,0,0,0
TXN00010992,2026-02-28 13:29:32,USR86786,MCH2307,15369.92,UTR6327905832,9120,PENDING,TXN00010992,USR86786,MCH2307,UTR6327905832,0,0,0,0,0,0,1
TXN00017712,2026-01-30 19:42:13,USR40775,MCH8504,18364.97,UTR3473189837,0110,SUCCESS,TXN00017712,USR40775,MCH8504,UTR3473189837,0,0,0,0,0,0,0
TXN00003664,2026-03-07 05:55:42,USR51032,MCH1625,-882.44,UTR6069684045,4110,PENDING,TXN00003664,USR51032,MCH1625,UTR6069684045,1,0,0,0,0,0,1
TXN00016279,2026-03-04 13:45:07,USR73656,MCH6363,4422.0,UTR1659381556,4110,SUCCESS,TXN00016279,USR73656,MCH6363,UTR1659381556,0,0,0,0,0,0,0
TXN00018361,2026-02-09 04:51:40,USR48378,MCH7808,314.09,UTR1455308060,0110,SUCCESS,TXN00018361,USR48378,MCH7808,UTR1455308060,0,0,0,0,0,0,0
TXN00018894,2026-02-23 12:58:00,USR20077,MCH6050,13559.47,UTR0433036159,1310,SUCCESS,TXN00018894,USR20077,MCH6050,UTR0433036159,0,0,0,0,0,0,0
TXN00005063,2026-01-31 03:58:41,USR86399,MCH3022,12564.27,UTR8158239410,9120,SUCCESS,TXN00005063,USR86399,MCH3022,UTR 8158239410,0,0,0,0,0,0,0
TXN00013873,2026-03-27 16:53:38,USR72581,MCH2751,16083.03,UTR9637171963,1310,SUCCESS,TXN00013873,USR72581,MCH2751,UTR9637171963,0,0,0,0,0,0,0
TXN00007488,2026-01-12 10:33:37,USR18563,MCH7002,24035.83,UTR1072833069,,SUCCESS,TXN00007488,USR18563,MCH7002,UTR1072833069,0,0,1,0,0,0,0
TXN00012737,2026-03-16 16:46:16,USR55848,MCH9531,5834.0,UTR8430394291,4110,SUCCESS,TXN00012737,USR55848,MCH9531,UTR8430394291,0,0,0,0,0,0,0
TXN00008439,2026-02-05 19:59:32,USR60842,MCH8875,16021.35,UTR8298074058,0110,SUCCESS,TXN00008439,USR60842,MCH8875,UTR8298074058,0,0,0,0,0,0,0
TXN00002037,2026-03-07 01:14:38,USR68711,MCH8967,2861.0,UTR0475786638,,SUCCESS,TXN00002037,USR68711,MCH8967,UTR0475786638,0,0,1,0,0,0,0
TXN00016317,2026-03-09 04:34:22,USR49200,MCH1228,10748.0,,1310,SUCCESS,TXN00016317,USR49200,MCH1228,,0,1,0,0,0,0,0
TXN00014821,2026-01-11 14:37:37,USR54490,MCH5805,8388.0,UTR1025834174,1310,SUCCESS,TXN00014821,USR54490,MCH5805,UTR1025834174,0,0,0,0,0,0,0
TXN00001291,2026-03-18 19:44:27,USR57237,MCH1307,9929.11,UTR7762082282,,PENDING,TXN00001291,USR57237,MCH1307,UTR7762082282,0,0,1,0,0,0,1
TXN00019282,2026-03-22 19:52:33,USR90123,MCH8550,24137.62,,,SUCCESS,TXN00019282,USR90123,MCH8550,,0,1,1,0,0,0,0
TXN00007896,2026-03-23 00:00:00,USR80630,MCH5149,21220.7,UTR4451821106,4110,SUCCESS,TXN00007896,USR80630,MCH5149,UTR4451821106,0,0,0,0,0,0,0
TXN00007303,2026-02-12 17:02:17,USR62852,MCH5874,6874.88,UTR0495893061,,PENDING,TXN00007303,USR62852,MCH5874,UTR0495893061,0,0,1,0,0,0,1
TXN00000289,2026-01-22 19:34:57,USR60800,MCH1321,-7170.67,UTR7976699045,,SUCCESS,TXN00000289,USR60800,MCH1321,UTR7976699045,1,0,1,0,0,0,0
TXN00012148,2026-02-27 23:34:02,USR12396,MCH8614,382.61,UTR2243145308,4110,SUCCESS,TXN00012148,USR12396,MCH8614,UTR2243145308,0,0,0,0,0,0,0
TXN00001602,2026-02-01 11:50:51,USR67445,MCH6787,8091.06,UTR5426356505,9120,FAILED,TXN00001602,USR67445,MCH6787,UTR5426356505,0,0,0,0,0,1,0
TXN00002391,2026-01-15 14:23:42,USR28524,MCH4407,9370.08,,9120,SUCCESS,TXN00002391,USR28524,MCH4407,,0,1,0,0,0,0,0
TXN00016233,2026-03-25 17:25:34,USR87373,MCH3894,17990.04,UTR9675088993,4110,SUCCESS,TXN00016233,USR87373,MCH3894,UTR 9675088993,0,0,0,0,0,0,0
TXN00008309,2026-01-03 01:45:20,USR83632,MCH4097,10467.05,,0110,SUCCESS,TXN00008309,USR83632,MCH4097,,0,1,0,0,0,0,0
TXN00012454,2026-02-11 06:07:12,USR98007,MCH8252,20423.34,UTR8024580133,1310,SUCCESS,TXN00012454,USR98007,MCH8252,UTR8024580133,0,0,0,0,0,0,0
TXN00002542,2026-01-22 13:23:09,USR31873,MCH6876,19155.24,UTR1644317358,,SUCCESS,TXN00002542,USR31873,MCH6876,UTR1644317358,0,0,1,0,0,0,0
TXN00009551,2026-01-05 00:00:00,USR88986,MCH9210,2900.72,UTR4214052137,8120,SUCCESS,TXN00009551,USR88986,MCH9210,UTR4214052137,0,0,0,0,0,0,0
TXN00007367,2026-01-09 07:48:30,USR15920,MCH3200,-12336.25,UTR5611305964,4110,SUCCESS,TXN00007367,USR15920,MCH3200,UTR5611305964,1,0,0,0,0,0,0
TXN00019600,2026-01-02 10:21:03,USR20310,MCH4685,17337.99,UTR3630727908,0110,FAILED,TXN00019600,USR20310,MCH4685,UTR3630727908,0,0,0,0,0,1,0
TXN00012563,2026-02-22 06:59:17,USR98057,MCH8685,16957.78,UTR4963197669,,PENDING,TXN00012563,USR98057,MCH8685,UTR4963197669,0,0,1,0,0,0,1
TXN00003609,2026-03-26 21:51:28,USR47699,MCH9183,23178.82,UTR6748377482,4110,SUCCESS,TXN00003609,USR47699,MCH9183,UTR6748377482,0,0,0,0,0,0,0
TXN00010063,2026-02-14 18:27:39,USR39561,MCH5188,14584.0,UTR0416873405,4110,SUCCESS,TXN00010063,USR39561,MCH5188,UTR0416873405,0,0,0,0,0,0,0
TXN00015441,2026-02-13 04:44:21,USR56813,MCH2914,21559.01,UTR3158781113,1310,SUCCESS,TXN00015441,USR56813,MCH2914,UTR3158781113,0,0,0,0,0,0,0
TXN00017649,2026-01-09 00:55:28,USR28610,MCH3107,8696.02,UTR6781285013,4110,SUCCESS,TXN00017649,USR28610,MCH3107,UTR6781285013,0,0,0,0,0,0,0
TXN00011442,2026-03-12 00:00:00,USR82199,MCH6005,0.1362976,UTR1138113065,4110,SUCCESS,TXN00011442,USR82199,MCH6005,UTR1138113065,0,0,0,0,0,0,0
TXN00011003,2026-02-11 12:28:28,USR85686,MCH1288,14785.0,UTR8196150144,4110,SUCCESS,TXN00011003,USR85686,MCH1288,UTR8196150144,0,0,0,0,0,0,0
TXN00016034,2026-02-23 01:37:17,USR30532,MCH5855,10451.29,UTR7052436360,4110,FAILED,TXN00016034,USR30532,MCH5855,UTR7052436360,0,0,0,0,0,1,0
TXN00014295,2026-01-07 11:31:28,USR54427,MCH5067,19507.87,UTR0521237949,4110,SUCCESS,TXN00014295,USR54427,MCH5067,UTR0521237949,0,0,0,0,0,0,0
TXN00005445,2026-02-08 09:48:16,USR58283,MCH9533,1825.91,UTR2050006393,1310,PENDING,TXN00005445,USR58283,MCH9533,UTR2050006393,0,0,0,0,0,0,1
TXN00018615,2026-02-23 15:24:32,USR49837,MCH7338,19357.81,UTR1735488748,,FAILED,TXN00018615,USR49837,MCH7338,UTR1735488748,0,0,1,0,0,1,0
TXN00002980,2026-01-03 18:06:54,USR40803,MCH8438,24256.73,UTR3168027477,4110,SUCCESS,TXN00002980,USR40803,MCH8438,UTR3168027477,0,0,0,0,0,0,0
TXN00008648,2026-02-19 00:06:16,USR65280,MCH1879,2287.52,UTR0163904197,4110,SUCCESS,TXN00008648,USR65280,MCH1879,UTR0163904197,0,0,0,0,0,0,0
TXN00019616,2026-01-31 07:27:17,USR68696,MCH1704,4327.16,UTR2520845523,4110,SUCCESS,TXN00019616,USR68696,MCH1704,UTR2520845523,0,0,0,0,0,0,0
TXN00011034,2026-03-23 02:52:58,USR32373,MCH4464,18210.6,UTR4882456239,4110,SUCCESS,TXN00011034,USR32373,MCH4464,UTR4882456239,0,0,0,0,0,0,0
TXN00016431,2026-01-13 09:10:47,USR30455,MCH3880,7279.08,UTR5827838815,1310,PENDING,TXN00016431,USR30455,MCH3880,UTR5827838815,0,0,0,0,0,0,1
TXN00000829,2026-02-19 00:13:06,USR32167,MCH7730,18440.16,UTR5531760205,4110,SUCCESS,TXN00000829,USR32167,MCH7730,UTR5531760205,0,0,0,0,0,0,0
TXN00005516,2026-03-28 02:03:08,USR63372,MCH4145,19399.17,UTR0352674965,4110,SUCCESS,TXN00005516,USR63372,MCH4145,UTR0352674965,0,0,0,0,0,0,0
TXN00019469,2026-03-24 14:56:47,USR38814,MCH3368,10028.32,UTR0104532112,4110,SUCCESS,TXN00019469,USR38814,MCH3368,UTR0104532112,0,0,0,0,0,0,0
TXN00008305,2026-03-28 14:02:06,USR21353,MCH2198,1017.85,UTR5333875530,,SUCCESS,TXN00008305,USR21353,MCH2198,UTR5333875530,0,0,1,0,0,0,0
TXN00006215,2026-03-20 00:00:00,USR81037,MCH9188,0.1932327,UTR1755906791,1310,SUCCESS,TXN00006215,USR81037,MCH9188,UTR1755906791,0,0,0,0,0,0,0
TXN00012109,2026-01-21 22:18:23,USR94255,MCH3985,10670.0,UTR0033772095,8120,SUCCESS,TXN00012109,USR94255,MCH3985,UTR0033772095,0,0,0,0,0,0,0
TXN00014583,2026-01-03 07:12:34,USR28829,MCH9627,11569.0,UTR6085069595,8120,SUCCESS,TXN00014583,USR28829,MCH9627,UTR6085069595,0,0,0,0,0,0,0
TXN00005721,2026-05-01 03:26:31,USR82443,MCH6148,2625.46,UTR5160813570,4110,SUCCESS,TXN00005721,USR82443,MCH6148,UTR 5160813570,0,0,0,0,0,0,0
TXN00016495,2026-03-17 14:22:43,USR33721,MCH7906,2435.38,UTR1901110401,4110,SUCCESS,TXN00016495,USR33721,MCH7906,UTR1901110401,0,0,0,0,0,0,0
TXN00002747,2026-02-22 23:02:50,USR51513,MCH6396,14461.68,UTR7968888666,1310,FAILED,TXN00002747,USR51513,MCH6396,UTR7968888666,0,0,0,0,0,1,0
TXN00006494,2026-02-06 18:17:22,USR52464,MCH3068,5450.32,UTR4064725469,9120,SUCCESS,TXN00006494,USR52464,MCH3068,UTR4064725469,0,0,0,0,0,0,0
TXN00015947,2026-02-11 08:49:43,USR17144,MCH8285,5945.7,UTR8591464265,8120,SUCCESS,TXN00015947,USR17144,MCH8285,UTR8591464265,0,0,0,0,0,0,0
TXN00017009,2026-03-04 00:46:59,USR55164,MCH8778,23320.97,UTR8379910438,4110,SUCCESS,TXN00017009,USR55164,MCH8778,UTR8379910438,0,0,0,0,0,0,0
TXN00019214,2026-02-20 06:16:34,USR27504,MCH5312,0.624555,UTR9542786169,4110,SUCCESS,TXN00019214,USR27504,MCH5312,UTR9542786169,0,0,0,0,0,0,0
TXN00004238,2026-03-19 10:44:31,USR64957,MCH4494,19165.52,UTR5036854552,4110,SUCCESS,TXN00004238,USR64957,MCH4494,UTR5036854552,0,0,0,0,0,0,0
TXN00005735,2026-03-12 14:16:22,USR60344,MCH7464,16931.34,UTR0184202204,8120,SUCCESS,TXN00005735,USR60344,MCH7464,UTR 0184202204,0,0,0,0,0,0,0
TXN00019436,2026-02-13 09:59:18,USR16764,MCH9932,19372.49,UTR7298181455,8120,SUCCESS,TXN00019436,USR16764,MCH9932,UTR7298181455,0,0,0,0,0,0,0
TXN00017470,2026-02-21 04:36:37,USR73410,MCH2968,9184.22,UTR1013545928,4110,SUCCESS,TXN00017470,USR73410,MCH2968,UTR1013545928,0,0,0,0,0,0,0
TXN00008376,2026-03-08 08:01:39,USR68694,MCH5107,9709.45,UTR5384744730,8120,SUCCESS,TXN00008376,USR68694,MCH5107,UTR5384744730,0,0,0,0,0,0,0
TXN00003598,2026-03-28 12:57:28,USR26688,MCH4814,13821.0,UTR2726960807,1310,SUCCESS,TXN00003598,USR26688,MCH4814,UTR2726960807,0,0,0,0,0,0,0
TXN00013604,2026-03-22 19:54:23,USR75797,MCH7900,12295.42,UTR7788744300,9120,SUCCESS,TXN00013604,USR75797,MCH7900,UTR7788744300,0,0,0,0,0,0,0
TXN00001187,2026-02-21 20:37:29,USR66675,MCH9708,0.1720026,UTR1480276380,8120,SUCCESS,TXN00001187,USR66675,MCH9708,UTR1480276380,0,0,0,0,0,0,0
TXN00017248,2026-03-23 14:24:22,USR44282,MCH9255,19507.36,UTR0700636490,1310,SUCCESS,TXN00017248,USR44282,MCH9255,UTR0700636490,0,0,0,0,0,0,0
TXN00007425,2026-03-15 01:10:47,USR88897,MCH9964,11734.75,UTR8185670753,0110,SUCCESS,TXN00007425,USR88897,MCH9964,UTR8185670753,0,0,0,0,0,0,0
TXN00018557,2026-03-30 13:51:30,USR84100,MCH7753,2788.12,UTR7994523954,0110,SUCCESS,TXN00018557,USR84100,MCH7753,UTR7994523954,0,0,0,0,0,0,0
TXN00007831,2026-01-18 20:32:59,USR40086,MCH1495,5019.72,UTR0882740241,8120,SUCCESS,TXN00007831,USR40086,MCH1495,UTR0882740241,0,0,0,0,0,0,0
TXN00018904,2026-03-26 09:02:44,USR88912,MCH8851,12018.48,UTR9021057486,4110,FAILED,TXN00018904,USR88912,MCH8851,UTR9021057486,0,0,0,0,0,1,0
TXN00010965,2026-02-04 16:47:14,USR21484,MCH4848,22287.46,UTR7333403799,0110,SUCCESS,TXN00010965,USR21484,MCH4848,UTR7333403799,0,0,0,0,0,0,0
TXN00009216,2026-01-16 15:56:17,USR78045,MCH1435,8242.12,UTR9916305727,9120,SUCCESS,TXN00009216,USR78045,MCH1435,UTR9916305727,0,0,0,0,0,0,0
TXN00004921,2026-03-03 14:00:45,USR27496,MCH3531,23802.04,UTR4078508366,1310,PENDING,TXN00004921,USR27496,MCH3531,UTR4078508366,0,0,0,0,0,0,1
TXN00001095,2026-02-17 23:49:03,USR29715,MCH7427,0.577444,UTR9611615339,,FAILED,TXN00001095,USR29715,MCH7427,UTR9611615339,0,0,1,0,0,1,0
TXN00005588,2026-03-28 09:16:31,USR69151,MCH6948,11730.93,UTR7577938232,8120,SUCCESS,TXN00005588,USR69151,MCH6948,UTR7577938232,0,0,0,0,0,0,0
TXN00002189,2026-03-06 20:39:54,USR19243,MCH2209,19713.3,,,FAILED,TXN00002189,USR19243,MCH2209,,0,1,1,0,0,1,0
TXN00015992,2026-02-23 13:42:47,USR49340,MCH7201,9843.08,UTR6508163028,8120,FAILED,TXN00015992,USR49340,MCH7201,UTR6508163028,0,0,0,0,0,1,0
TXN00010095,2026-01-28 12:07:47,USR28919,MCH7936,20699.52,UTR1007394386,4110,FAILED,TXN00010095,USR28919,MCH7936,UTR1007394386,0,0,0,0,0,1,0
TXN00009408,2026-02-28 00:00:00,USR51321,MCH6002,13375.0,UTR4997227107,4110,PENDING,TXN00009408,USR51321,MCH6002,UTR4997227107,0,0,0,0,0,0,1
TXN00004329,2026-01-03 09:14:06,USR90312,MCH9999,2162.0,UTR8218933734,1310,SUCCESS,TXN00004329,USR90312,MCH9999,UTR8218933734,0,0,0,0,0,0,0
TXN00002566,2026-01-15 04:19:10,USR59895,MCH5983,7389.0,UTR8691583611,1310,SUCCESS,TXN00002566,USR59895,MCH5983,UTR8691583611,0,0,0,0,0,0,0
TXN00004563,2026-03-26 00:16:22,USR57373,MCH4460,21995.01,UTR3427317626,1310,SUCCESS,TXN00004563,USR57373,MCH4460,UTR 3427317626,0,0,0,0,0,0,0
TXN00002647,2026-03-03 17:13:13,USR89358,MCH2437,23920.43,UTR5789618759,8120,PENDING,TXN00002647,USR89358,MCH2437,UTR5789618759,0,0,0,0,0,0,1
TXN00005342,2026-01-03 20:16:55,USR93393,MCH7610,23709.76,UTR7742679327,9120,SUCCESS,TXN00005342,USR93393,MCH7610,UTR7742679327,0,0,0,0,0,0,0
TXN00004363,2026-03-24 10:43:58,USR41546,MCH5472,19094.67,UTR4284578240,,SUCCESS,TXN00004363,USR41546,MCH5472,UTR4284578240,0,0,1,0,0,0,0
TXN00005778,2026-02-03 09:16:23,USR50567,MCH4867,3660.95,UTR2499165894,9120,SUCCESS,TXN00005778,USR50567,MCH4867,UTR2499165894,0,0,0,0,0,0,0
TXN00000944,2026-03-26 03:54:36,USR53075,MCH3981,0.2074525,UTR3635273293,0110,SUCCESS,TXN00000944,USR53075,MCH3981,UTR3635273293,0,0,0,0,0,0,0
TXN00013721,2026-03-27 22:42:59,USR46780,MCH8762,11618.82,UTR2267613679,4110,SUCCESS,TXN00013721,USR46780,MCH8762,UTR2267613679,0,0,0,0,0,0,0
TXN00004743,2026-01-01 02:31:52,USR96231,MCH5022,899.4,UTR6585387729,,SUCCESS,TXN00004743,USR96231,MCH5022,UTR6585387729,0,0,1,0,0,0,0
TXN00012989,2026-03-23 23:49:03,USR49257,MCH2540,11608.74,UTR9359241359,4110,SUCCESS,TXN00012989,USR49257,MCH2540,UTR9359241359,0,0,0,0,0,0,0
TXN00012658,2026-02-27 01:20:38,USR62972,MCH1445,0.20604,UTR4156964307,1310,SUCCESS,TXN00012658,USR62972,MCH1445,UTR4156964307,0,0,0,0,0,0,0
TXN00006262,2026-03-09 11:54:53,USR33056,MCH3727,0.2128991,UTR6268719764,4110,FAILED,TXN00006262,USR33056,MCH3727,UTR6268719764,0,0,0,0,0,1,0
TXN00016804,2026-05-02 06:57:05,USR63230,MCH9441,19790.61,UTR7367430718,4110,SUCCESS,TXN00016804,USR63230,MCH9441,UTR7367430718,0,0,0,0,0,0,0
TXN00006296,2026-02-20 19:01:07,USR44174,MCH1167,22032.45,UTR2446550073,1310,SUCCESS,TXN00006296,USR44174,MCH1167,UTR2446550073,0,0,0,0,0,0,0
TXN00019389,2026-02-17 15:23:35,USR94780,MCH8941,10399.7,UTR0833632857,,SUCCESS,TXN00019389,USR94780,MCH8941,UTR0833632857,0,0,1,0,0,0,0
TXN00018679,2026-02-08 14:59:04,USR48944,MCH7374,17096.53,UTR8939231119,0110,SUCCESS,TXN00018679,USR48944,MCH7374,UTR8939231119,0,0,0,0,0,0,0
TXN00009002,2026-03-26 03:43:54,USR96247,MCH6364,13138.76,UTR7033092162,1310,SUCCESS,TXN00009002,USR96247,MCH6364,UTR7033092162,0,0,0,0,0,0,0
TXN00005779,2026-03-27 05:38:24,USR83617,MCH1355,20576.86,UTR3351096308,1310,SUCCESS,TXN00005779,USR83617,MCH1355,UTR3351096308,0,0,0,0,0,0,0
TXN00017520,2026-02-14 20:00:23,USR72224,MCH1832,11966.14,UTR9867971517,4110,SUCCESS,TXN00017520,USR72224,MCH1832,UTR9867971517,0,0,0,0,0,0,0
TXN00010892,2026-01-24 02:21:34,USR89040,MCH2513,2306.48,UTR5705101329,9120,SUCCESS,TXN00010892,USR89040,MCH2513,UTR5705101329,0,0,0,0,0,0,0
TXN00015565,2026-02-03 20:59:47,USR43442,MCH9176,6687.51,UTR4273934746,4110,SUCCESS,TXN00015565,USR43442,MCH9176,UTR4273934746,0,0,0,0,0,0,0
TXN00000921,2026-06-03 22:35:18,USR88419,MCH3455,21713.01,,0110,FAILED,TXN00000921,USR88419,MCH3455,,0,1,0,0,0,1,0
TXN00014394,2026-01-05 15:16:46,USR27438,MCH1161,15772.57,UTR9269434875,9120,SUCCESS,TXN00014394,USR27438,MCH1161,UTR 9269434875,0,0,0,0,0,0,0
TXN00013533,2026-01-01 04:33:19,USR64877,MCH6968,9848.0,UTR5734962518,8120,SUCCESS,TXN00013533,USR64877,MCH6968,UTR5734962518,0,0,0,0,0,0,0
TXN00006663,2026-03-28 01:32:51,USR64771,MCH1500,8674.0,UTR0183040136,0110,SUCCESS,TXN00006663,USR64771,MCH1500,UTR0183040136,0,0,0,0,0,0,0
TXN00019531,2026-02-20 08:32:23,USR20553,MCH1093,19764.4,UTR8308969275,,FAILED,TXN00019531,USR20553,MCH1093,UTR8308969275,0,0,1,0,0,1,0
TXN00018906,2026-01-13 08:26:59,USR41807,MCH5732,10976.53,UTR4314855110,8120,SUCCESS,TXN00018906,USR41807,MCH5732,UTR4314855110,0,0,0,0,0,0,0
TXN00012940,2026-02-03 01:54:33,USR65515,MCH5817,7140.0,UTR7757806480,0110,SUCCESS,TXN00012940,USR65515,MCH5817,UTR7757806480,0,0,0,0,0,0,0
TXN00010622,2026-02-27 10:55:40,USR28289,MCH1273,7275.69,,4110,SUCCESS,TXN00010622,USR28289,MCH1273,,0,1,0,0,0,0,0
TXN00006393,2026-11-01 23:26:27,USR51591,MCH5088,18756.52,UTR1870308925,0110,SUCCESS,TXN00006393,USR51591,MCH5088,UTR1870308925,0,0,0,0,0,0,0
TXN00014610,2026-01-01 14:04:49,USR67579,MCH2217,17720.52,UTR4111202193,0110,SUCCESS,TXN00014610,USR67579,MCH2217,UTR4111202193,0,0,0,0,0,0,0
TXN00011788,2026-02-17 03:01:22,USR99851,MCH1844,14477.62,UTR5665844750,8120,SUCCESS,TXN00011788,USR99851,MCH1844,UTR5665844750,0,0,0,0,0,0,0
TXN00015159,2026-01-15 07:31:33,USR35227,MCH8191,0.644689,UTR2788073518,,SUCCESS,TXN00015159,USR35227,MCH8191,UTR2788073518,0,0,1,0,0,0,0
TXN00011200,2026-01-22 03:41:18,USR62552,MCH5556,23529.1,UTR3388169874,4110,FAILED,TXN00011200,USR62552,MCH5556,UTR 3388169874,0,0,0,0,0,1,0
TXN00006847,2026-03-18 02:55:32,USR59844,MCH7444,10412.96,UTR2424969527,4110,SUCCESS,TXN00006847,USR59844,MCH7444,UTR2424969527,0,0,0,0,0,0,0
TXN00016364,2026-03-01 18:40:38,USR63865,MCH7210,9372.58,UTR1044587277,4110,SUCCESS,TXN00016364,USR63865,MCH7210,UTR 1044587277,0,0,0,0,0,0,0
TXN00005836,2026-02-10 11:09:03,USR29099,MCH9274,14889.42,UTR0566968996,1310,SUCCESS,TXN00005836,USR29099,MCH9274,UTR0566968996,0,0,0,0,0,0,0
TXN00016917,2026-01-27 04:47:30,USR54562,MCH6750,11271.08,UTR6119503069,0110,SUCCESS,TXN00016917,USR54562,MCH6750,UTR6119503069,0,0,0,0,0,0,0
TXN00016467,2026-02-21 03:52:22,USR63982,MCH1726,12042.53,,4110,SUCCESS,TXN00016467,USR63982,MCH1726,,0,1,0,0,0,0,0
TXN00015100,2026-03-20 11:49:09,USR22631,MCH5143,677.06,UTR6198730322,0110,SUCCESS,TXN00015100,USR22631,MCH5143,UTR6198730322,0,0,0,0,0,0,0
TXN00012013,2026-01-16 07:45:10,USR36864,MCH4723,0.2214923,UTR6352802486,8120,SUCCESS,TXN00012013,USR36864,MCH4723,UTR6352802486,0,0,0,0,0,0,0
TXN00007645,2026-03-21 04:17:14,USR59972,MCH9549,4126.3,UTR0124927868,0110,SUCCESS,TXN00007645,USR59972,MCH9549,UTR0124927868,0,0,0,0,0,0,0
TXN00017508,2026-02-07 04:07:21,USR73363,MCH9116,17358.85,UTR9323115712,8120,SUCCESS,TXN00017508,USR73363,MCH9116,UTR9323115712,0,0,0,0,0,0,0
TXN00014313,2026-03-17 16:23:29,USR11783,MCH7964,16348.2,UTR5902309098,8120,SUCCESS,TXN00014313,USR11783,MCH7964,UTR5902309098,0,0,0,0,0,0,0
TXN00013891,2026-03-01 19:26:57,USR16403,MCH3971,19112.34,UTR2859100977,4110,SUCCESS,TXN00013891,USR16403,MCH3971,UTR2859100977,0,0,0,0,0,0,0
TXN00011369,2026-02-20 11:03:10,USR87417,MCH6368,8743.63,UTR4004953036,0110,SUCCESS,TXN00011369,USR87417,MCH6368,UTR4004953036,0,0,0,0,0,0,0
TXN00015090,2026-03-14 03:14:25,USR78234,MCH9785,8575.08,UTR2761523817,,SUCCESS,TXN00015090,USR78234,MCH9785,UTR2761523817,0,0,1,0,0,0,0
TXN00012668,2026-02-15 11:36:28,USR11030,MCH8350,18963.56,UTR5420843834,8120,FAILED,TXN00012668,USR11030,MCH8350,UTR5420843834,0,0,0,0,0,1,0
TXN00002345,2026-03-29 07:07:02,USR12744,MCH6308,23543.73,UTR7966298164,1310,SUCCESS,TXN00002345,USR12744,MCH6308,UTR7966298164,0,0,0,0,0,0,0
TXN00014747,2026-02-05 17:55:22,USR15244,MCH8736,11437.92,UTR7254124123,4110,SUCCESS,TXN00014747,USR15244,MCH8736,UTR7254124123,0,0,0,0,0,0,0
TXN00002768,2026-03-30 12:11:55,USR35920,MCH9008,6054.91,UTR1494025909,9120,SUCCESS,TXN00002768,USR35920,MCH9008,UTR1494025909,0,0,0,0,0,0,0
TXN00006612,2026-02-18 22:51:55,USR67610,MCH4327,19104.75,UTR3604991378,8120,SUCCESS,TXN00006612,USR67610,MCH4327,UTR 3604991378,0,0,0,0,0,0,0
TXN00005509,2026-03-27 22:56:44,USR76176,MCH9973,6460.11,UTR3670719481,,SUCCESS,TXN00005509,USR76176,MCH9973,UTR3670719481,0,0,1,0,0,0,0
TXN00007595,2026-01-02 00:57:25,USR85025,MCH4045,2947.76,UTR7557450758,9120,SUCCESS,TXN00007595,USR85025,MCH4045,UTR7557450758,0,0,0,0,0,0,0
TXN00014570,2026-01-28 00:04:53,USR94199,MCH9372,10293.67,UTR5187413889,9120,SUCCESS,TXN00014570,USR94199,MCH9372,UTR5187413889,0,0,0,0,0,0,0
TXN00017236,2026-03-03 14:24:22,USR88563,MCH4831,16589.48,UTR7271261390,4110,SUCCESS,TXN00017236,USR88563,MCH4831,UTR7271261390,0,0,0,0,0,0,0
TXN00002452,2026-02-21 02:54:27,USR37919,MCH1319,24160.77,UTR6581955126,1310,SUCCESS,TXN00002452,USR37919,MCH1319,UTR6581955126,0,0,0,0,0,0,0
TXN00003514,2026-03-15 06:40:14,USR96489,MCH8003,20426.18,UTR3046106082,1310,SUCCESS,TXN00003514,USR96489,MCH8003,UTR3046106082,0,0,0,0,0,0,0
TXN00009589,2026-03-31 07:01:50,USR65163,MCH2503,8896.99,UTR7307319527,8120,SUCCESS,TXN00009589,USR65163,MCH2503,UTR7307319527,0,0,0,0,0,0,0
TXN00005016,2026-01-24 17:50:46,USR19516,MCH1189,-5301.53,UTR4642161809,4110,SUCCESS,TXN00005016,USR19516,MCH1189,UTR4642161809,1,0,0,0,0,0,0
TXN00012064,2026-01-20 05:59:37,USR93769,MCH6334,16173.67,UTR0977092795,,SUCCESS,TXN00012064,USR93769,MCH6334,UTR0977092795,0,0,1,0,0,0,0
TXN00012083,2026-02-21 01:17:26,USR50317,MCH3255,1302.5,UTR5912158364,,SUCCESS,TXN00012083,USR50317,MCH3255,UTR5912158364,0,0,1,0,0,0,0
TXN00005424,2026-03-19 21:47:04,USR81233,MCH3721,10284.0,UTR9462731687,9120,SUCCESS,TXN00005424,USR81233,MCH3721,UTR9462731687,0,0,0,0,0,0,0
TXN00009424,2026-01-09 10:15:12,USR96651,MCH8770,10047.31,UTR0918154491,0110,SUCCESS,TXN00009424,USR96651,MCH8770,UTR0918154491,0,0,0,0,0,0,0
TXN00001740,2026-01-27 11:02:05,USR50086,MCH9355,10359.1,UTR8032386612,9120,SUCCESS,TXN00001740,USR50086,MCH9355,UTR8032386612,0,0,0,0,0,0,0
TXN00010446,2026-03-11 15:11:39,USR22995,MCH9700,17905.18,UTR5860112436,,PENDING,TXN00010446,USR22995,MCH9700,UTR5860112436,0,0,1,0,0,0,1
TXN00014722,2026-03-04 05:45:06,USR93927,MCH2358,2401.2,UTR6140931160,8120,SUCCESS,TXN00014722,USR93927,MCH2358,UTR6140931160,0,0,0,0,0,0,0
TXN00001142,2026-02-23 17:41:07,USR77143,MCH8642,0.870175,UTR1783474177,9120,SUCCESS,TXN00001142,USR77143,MCH8642,UTR1783474177,0,0,0,0,0,0,0
TXN00003798,2026-03-15 05:43:04,USR90779,MCH9230,2590.59,,8120,SUCCESS,TXN00003798,USR90779,MCH9230,,0,1,0,0,0,0,0
TXN00009225,2026-03-18 00:00:00,USR26780,MCH8672,22487.33,UTR8275392961,0110,SUCCESS,TXN00009225,USR26780,MCH8672,UTR8275392961,0,0,0,0,0,0,0
TXN00001985,2026-03-19 00:02:52,USR50142,MCH4829,3345.66,UTR6376368907,9120,SUCCESS,TXN00001985,USR50142,MCH4829,UTR6376368907,0,0,0,0,0,0,0
TXN00000757,2026-03-02 02:58:56,USR22730,MCH2097,15505.62,UTR8329207256,0110,SUCCESS,TXN00000757,USR22730,MCH2097,UTR8329207256,0,0,0,0,0,0,0
TXN00007329,2026-02-16 12:12:00,USR45013,MCH6515,0.473658,UTR2160323986,4110,SUCCESS,TXN00007329,USR45013,MCH6515,UTR2160323986,0,0,0,0,0,0,0
TXN00013674,2026-05-03 04:45:24,USR29307,MCH1194,7171.0,UTR5452935503,,SUCCESS,TXN00013674,USR29307,MCH1194,UTR5452935503,0,0,1,0,0,0,0
TXN00008841,2026-02-04 04:01:00,USR75277,MCH2975,14341.75,UTR7807065108,9120,SUCCESS,TXN00008841,USR75277,MCH2975,UTR7807065108,0,0,0,0,0,0,0
TXN00014924,2026-03-15 11:43:55,USR63261,MCH9739,13382.32,UTR6663097421,4110,SUCCESS,TXN00014924,USR63261,MCH9739,UTR6663097421,0,0,0,0,0,0,0
TXN00002985,2026-02-25 23:58:27,USR20637,MCH9044,13665.29,UTR6911602559,1310,SUCCESS,TXN00002985,USR20637,MCH9044,UTR6911602559,0,0,0,0,0,0,0
TXN00009894,2026-03-19 11:42:13,USR65328,MCH2393,17975.48,UTR8420387424,9120,SUCCESS,TXN00009894,USR65328,MCH2393,UTR8420387424,0,0,0,0,0,0,0
TXN00018956,2026-02-25 09:02:55,USR81041,MCH6304,22542.71,UTR3714090706,1310,SUCCESS,TXN00018956,USR81041,MCH6304,UTR3714090706,0,0,0,0,0,0,0
TXN00004626,2026-03-15 22:21:43,USR93556,MCH4294,17066.69,UTR9417030392,,SUCCESS,TXN00004626,USR93556,MCH4294,UTR9417030392,0,0,1,0,0,0,0
TXN00008781,2026-01-28 13:47:58,USR76724,MCH5119,3585.6,UTR5317037813,1310,SUCCESS,TXN00008781,USR76724,MCH5119,UTR5317037813,0,0,0,0,0,0,0
TXN00017471,2026-01-22 02:43:35,USR72274,MCH1248,19466.64,UTR7386957436,1310,FAILED,TXN00017471,USR72274,MCH1248,UTR7386957436,0,0,0,0,0,1,0
TXN00006281,2026-02-19 16:04:44,USR93092,MCH6012,0.2067343,UTR4785139078,1310,FAILED,TXN00006281,USR93092,MCH6012,UTR4785139078,0,0,0,0,0,1,0
TXN00014154,2026-02-01 22:15:21,USR42590,MCH1368,4246.0,UTR0358549814,8120,SUCCESS,TXN00014154,USR42590,MCH1368,UTR0358549814,0,0,0,0,0,0,0
TXN00017217,2026-12-02 11:15:53,USR13006,MCH1110,0.332115,UTR8238747069,9120,SUCCESS,TXN00017217,USR13006,MCH1110,UTR8238747069,0,0,0,0,0,0,0
TXN00003359,2026-02-01 04:22:29,USR37321,MCH5548,20547.56,UTR4493103897,9120,SUCCESS,TXN00003359,USR37321,MCH5548,UTR4493103897,0,0,0,0,0,0,0
TXN00011896,2026-02-16 03:20:49,USR61259,MCH7788,7402.38,UTR5762195853,0110,SUCCESS,TXN00011896,USR61259,MCH7788,UTR5762195853,0,0,0,0,0,0,0
TXN00017227,2026-03-31 09:08:25,USR59963,MCH9029,14211.94,UTR1851833471,1310,SUCCESS,TXN00017227,USR59963,MCH9029,UTR1851833471,0,0,0,0,0,0,0
TXN00005832,2026-03-22 04:18:28,USR65830,MCH9200,11868.59,UTR0156109856,,SUCCESS,TXN00005832,USR65830,MCH9200,UTR0156109856,0,0,1,0,0,0,0
TXN00013853,2026-02-02 20:29:24,USR69468,MCH8542,24625.39,UTR9323733688,8120,SUCCESS,TXN00013853,USR69468,MCH8542,UTR9323733688,0,0,0,0,0,0,0
TXN00014047,2026-01-26 08:29:22,USR33506,MCH7079,1955.97,UTR2025880726,4110,SUCCESS,TXN00014047,USR33506,MCH7079,UTR2025880726,0,0,0,0,0,0,0
TXN00014667,2026-03-21 13:48:55,USR91570,MCH6889,3655.77,,8120,SUCCESS,TXN00014667,USR91570,MCH6889,,0,1,0,0,0,0,0
TXN00007869,2026-10-02 22:12:51,USR80134,MCH9372,8952.45,UTR8744202179,4110,SUCCESS,TXN00007869,USR80134,MCH9372,UTR8744202179,0,0,0,0,0,0,0
TXN00018174,2026-03-10 02:46:58,USR98124,MCH4158,2067.84,UTR4537596467,,SUCCESS,TXN00018174,USR98124,MCH4158,UTR4537596467,0,0,1,0,0,0,0
TXN00018716,2026-01-06 05:49:24,USR42801,MCH1007,-17834.91,UTR6034289869,,SUCCESS,TXN00018716,USR42801,MCH1007,UTR6034289869,1,0,1,0,0,0,0
TXN00012164,2026-10-03 21:24:30,USR13841,MCH9154,5787.09,,9120,SUCCESS,TXN00012164,USR13841,MCH9154,,0,1,0,0,0,0,0
TXN00017293,2026-02-17 05:40:02,USR37993,MCH9367,6094.95,UTR2520283232,0110,SUCCESS,TXN00017293,USR37993,MCH9367,UTR2520283232,0,0,0,0,0,0,0
TXN00015271,2026-03-12 11:36:12,USR82154,MCH5826,0.2385,UTR2934817291,8120,SUCCESS,TXN00015271,USR82154,MCH5826,UTR2934817291,0,0,0,0,0,0,0
TXN00001088,2026-02-15 00:00:00,USR24553,MCH3580,-4184.18,UTR5380481067,8120,FAILED,TXN00001088,USR24553,MCH3580,UTR 5380481067,1,0,0,0,0,1,0
TXN00018476,2026-03-29 08:34:58,USR55379,MCH9641,14408.87,UTR9720568558,1310,SUCCESS,TXN00018476,USR55379,MCH9641,UTR9720568558,0,0,0,0,0,0,0
TXN00014283,2026-01-05 05:44:44,USR98986,MCH4996,17237.0,UTR4390546192,,SUCCESS,TXN00014283,USR98986,MCH4996,UTR4390546192,0,0,1,0,0,0,0
TXN00012523,2026-03-05 20:35:30,USR29333,MCH6674,16207.72,UTR8280038639,0110,SUCCESS,TXN00012523,USR29333,MCH6674,UTR8280038639,0,0,0,0,0,0,0
TXN00005604,2026-03-06 03:18:16,USR92638,MCH8643,16391.19,UTR0348769128,0110,SUCCESS,TXN00005604,USR92638,MCH8643,UTR0348769128,0,0,0,0,0,0,0
TXN00010329,2026-03-31 03:08:22,USR46884,MCH9037,12288.81,UTR8564905823,,SUCCESS,TXN00010329,USR46884,MCH9037,UTR8564905823,0,0,1,0,0,0,0
TXN00006057,2026-01-29 12:33:59,USR89494,MCH3499,11802.84,UTR5640572518,4110,SUCCESS,TXN00006057,USR89494,MCH3499,UTR5640572518,0,0,0,0,0,0,0
TXN00000721,2026-03-29 15:41:21,USR44082,MCH2788,23459.13,UTR3487793999,1310,SUCCESS,TXN00000721,USR44082,MCH2788,UTR3487793999,0,0,0,0,0,0,0
TXN00000935,2026-02-08 06:08:01,USR69802,MCH9314,4300.27,UTR8583493561,1310,SUCCESS,TXN00000935,USR69802,MCH9314,UTR8583493561,0,0,0,0,0,0,0
TXN00012796,2026-01-14 09:01:59,USR64879,MCH5811,23811.0,UTR2237772601,8120,PENDING,TXN00012796,USR64879,MCH5811,UTR2237772601,0,0,0,0,0,0,1
TXN00019675,2026-01-09 02:52:57,USR99182,MCH2139,5081.12,UTR5598799321,,SUCCESS,TXN00019675,USR99182,MCH2139,UTR5598799321,0,0,1,0,0,0,0
TXN00001526,2026-03-18 22:24:39,USR99180,MCH4778,0.642685,UTR0505265015,,SUCCESS,TXN00001526,USR99180,MCH4778,UTR0505265015,0,0,1,0,0,0,0
TXN00012253,2026-02-12 20:48:55,USR71823,MCH6468,19405.72,UTR4767202233,4110,SUCCESS,TXN00012253,USR71823,MCH6468,UTR 4767202233,0,0,0,0,0,0,0
TXN00002602,2026-10-02 18:15:51,USR33213,MCH4898,1367.76,UTR8945920983,1310,PENDING,TXN00002602,USR33213,MCH4898,UTR8945920983,0,0,0,0,0,0,1
TXN00016135,2026-01-05 10:17:05,USR36884,MCH2083,5150.55,UTR5176391890,,SUCCESS,TXN00016135,USR36884,MCH2083,UTR5176391890,0,0,1,0,0,0,0
TXN00015262,2026-01-21 00:00:00,USR89760,MCH3412,20808.25,UTR2920364138,4110,SUCCESS,TXN00015262,USR89760,MCH3412,UTR2920364138,0,0,0,0,0,0,0
TXN00001198,2026-03-15 02:07:58,USR52255,MCH9132,0.2422226,UTR0441048728,4110,SUCCESS,TXN00001198,USR52255,MCH9132,UTR0441048728,0,0,0,0,0,0,0
TXN00011822,2026-01-07 04:09:21,USR66958,MCH4852,16421.5,UTR4152508983,4110,SUCCESS,TXN00011822,USR66958,MCH4852,UTR4152508983,0,0,0,0,0,0,0
TXN00019480,2026-02-07 23:58:39,USR64195,MCH6544,21667.76,UTR3224937493,4110,PENDING,TXN00019480,USR64195,MCH6544,UTR3224937493,0,0,0,0,0,0,1
TXN00009418,2026-03-25 06:51:51,USR96506,MCH1971,-6617.46,UTR9673089016,4110,SUCCESS,TXN00009418,USR96506,MCH1971,UTR9673089016,1,0,0,0,0,0,0
TXN00015924,2026-01-12 16:41:41,USR47133,MCH5113,10602.21,UTR0844026762,1310,SUCCESS,TXN00015924,USR47133,MCH5113,UTR0844026762,0,0,0,0,0,0,0
TXN00010476,2026-06-01 03:39:35,USR23166,MCH4666,10891.55,,9120,SUCCESS,TXN00010476,USR23166,MCH4666,,0,1,0,0,0,0,0
TXN00003832,2026-03-30 18:32:40,USR63547,MCH9612,0.2021206,UTR7615768280,4110,SUCCESS,TXN00003832,USR63547,MCH9612,UTR7615768280,0,0,0,0,0,0,0
TXN00013828,2026-03-27 23:05:24,USR58867,MCH2833,1862.24,UTR5451696486,,SUCCESS,TXN00013828,USR58867,MCH2833,UTR5451696486,0,0,1,0,0,0,0
TXN00014863,2026-02-13 18:06:56,USR81651,MCH1227,3089.63,UTR6237552205,9120,SUCCESS,TXN00014863,USR81651,MCH1227,UTR6237552205,0,0,0,0,0,0,0
TXN00014199,2026-02-10 14:58:24,USR64725,MCH2925,18102.64,UTR1094799764,4110,SUCCESS,TXN00014199,USR64725,MCH2925,UTR1094799764,0,0,0,0,0,0,0
TXN00002604,2026-03-19 01:55:08,USR18514,MCH5173,7946.49,UTR7106438407,8120,SUCCESS,TXN00002604,USR18514,MCH5173,UTR7106438407,0,0,0,0,0,0,0
TXN00011373,2026-02-05 01:46:28,USR76487,MCH2092,19957.55,UTR9073478312,4110,SUCCESS,TXN00011373,USR76487,MCH2092,UTR9073478312,0,0,0,0,0,0,0
TXN00018334,2026-02-08 05:55:13,USR89666,MCH2295,0.1080675,UTR7849360135,9120,FAILED,TXN00018334,USR89666,MCH2295,UTR7849360135,0,0,0,0,0,1,0
TXN00006758,2026-01-24 01:38:15,USR20749,MCH6012,14312.16,UTR3475736974,0110,SUCCESS,TXN00006758,USR20749,MCH6012,UTR3475736974,0,0,0,0,0,0,0
TXN00007437,2026-03-17 00:00:00,USR86873,MCH1388,5275.56,UTR9923137212,1310,SUCCESS,TXN00007437,USR86873,MCH1388,UTR9923137212,0,0,0,0,0,0,0
TXN00009652,2026-08-02 21:58:12,USR58235,MCH3189,4055.77,UTR3394403220,,SUCCESS,TXN00009652,USR58235,MCH3189,UTR 3394403220,0,0,1,0,0,0,0
TXN00011466,2026-02-14 03:22:32,USR36828,MCH6285,812.67,UTR8650409929,4110,SUCCESS,TXN00011466,USR36828,MCH6285,UTR8650409929,0,0,0,0,0,0,0
TXN00017842,2026-02-16 01:53:59,USR66656,MCH7313,249.47,UTR6032911416,,PENDING,TXN00017842,USR66656,MCH7313,UTR6032911416,0,0,1,0,0,0,1
TXN00011558,2026-02-15 14:45:22,USR76757,MCH8140,20542.95,UTR1533654234,8120,SUCCESS,TXN00011558,USR76757,MCH8140,UTR1533654234,0,0,0,0,0,0,0
TXN00006815,2026-01-04 22:41:04,USR28302,MCH7334,11933.89,,9120,SUCCESS,TXN00006815,USR28302,MCH7334,,0,1,0,0,0,0,0
TXN00000811,2026-03-24 08:46:01,USR57731,MCH2421,24621.18,UTR8208987502,0110,SUCCESS,TXN00000811,USR57731,MCH2421,UTR8208987502,0,0,0,0,0,0,0
TXN00015578,2026-03-14 23:59:27,USR97089,MCH7619,16508.0,UTR4838952228,,SUCCESS,TXN00015578,USR97089,MCH7619,UTR4838952228,0,0,1,0,0,0,0
TXN00004454,2026-01-12 08:30:38,USR53583,MCH4422,20106.0,,0110,SUCCESS,TXN00004454,USR53583,MCH4422,,0,1,0,0,0,0,0
TXN00005971,2026-02-08 13:25:56,USR36858,MCH4563,19784.85,UTR3528476131,8120,SUCCESS,TXN00005971,USR36858,MCH4563,UTR3528476131,0,0,0,0,0,0,0
TXN00015300,2026-02-09 05:22:27,USR81673,MCH9578,9809.45,UTR2623611071,4110,SUCCESS,TXN00015300,USR81673,MCH9578,UTR2623611071,0,0,0,0,0,0,0
TXN00002042,2026-03-06 14:21:20,USR54347,MCH4232,14035.0,UTR3011945511,4110,SUCCESS,TXN00002042,USR54347,MCH4232,UTR 3011945511,0,0,0,0,0,0,0
TXN00018481,2026-07-01 12:28:54,USR75929,MCH5076,9927.32,UTR4161051243,1310,SUCCESS,TXN00018481,USR75929,MCH5076,UTR 4161051243,0,0,0,0,0,0,0
TXN00014324,2026-01-08 00:00:00,USR68775,MCH6611,14563.44,UTR3708588794,9120,SUCCESS,TXN00014324,USR68775,MCH6611,UTR3708588794,0,0,0,0,0,0,0
TXN00007663,2026-02-03 00:10:40,USR98508,MCH2924,19449.0,UTR2988239689,4110,SUCCESS,TXN00007663,USR98508,MCH2924,UTR2988239689,0,0,0,0,0,0,0
TXN00001546,2026-03-12 03:24:58,USR52194,MCH1012,0.1209381,UTR3851728271,4110,SUCCESS,TXN00001546,USR52194,MCH1012,UTR3851728271,0,0,0,0,0,0,0
TXN00014422,2026-01-09 20:56:44,USR25830,MCH5328,13463.1,UTR8511990844,9120,FAILED,TXN00014422,USR25830,MCH5328,UTR8511990844,0,0,0,0,0,1,0
TXN00014756,2026-01-24 12:43:23,USR44389,MCH1932,0.1929958,UTR7059327773,0110,SUCCESS,TXN00014756,USR44389,MCH1932,UTR7059327773,0,0,0,0,0,0,0
TXN00017667,2026-07-03 02:22:32,USR12725,MCH5324,0.1265919,UTR5580762041,1310,SUCCESS,TXN00017667,USR12725,MCH5324,UTR5580762041,0,0,0,0,0,0,0
TXN00012878,2026-02-09 00:44:04,USR80564,MCH4564,16660.97,UTR6141667033,,SUCCESS,TXN00012878,USR80564,MCH4564,UTR6141667033,0,0,1,0,0,0,0
TXN00006904,2026-03-12 00:00:00,USR69471,MCH2215,16087.81,UTR4536309976,1310,SUCCESS,TXN00006904,USR69471,MCH2215,UTR4536309976,0,0,0,0,0,0,0
TXN00018131,2026-03-27 05:26:04,USR28596,MCH5405,12382.36,UTR6477838513,0110,SUCCESS,TXN00018131,USR28596,MCH5405,UTR6477838513,0,0,0,0,0,0,0
TXN00003902,2026-01-23 11:16:44,USR44060,MCH3490,9482.22,UTR2015125575,8120,FAILED,TXN00003902,USR44060,MCH3490,UTR2015125575,0,0,0,0,0,1,0
TXN00017571,2026-01-02 00:13:28,USR72683,MCH7557,23180.32,UTR5664613612,9120,SUCCESS,TXN00017571,USR72683,MCH7557,UTR5664613612,0,0,0,0,0,0,0
TXN00015683,2026-03-14 10:06:47,USR56663,MCH3846,101.13,,,SUCCESS,TXN00015683,USR56663,MCH3846,,0,1,1,0,0,0,0
TXN00008551,2026-02-19 15:20:56,USR81492,MCH6376,22865.0,UTR2479621609,8120,SUCCESS,TXN00008551,USR81492,MCH6376,UTR2479621609,0,0,0,0,0,0,0
TXN00016721,2026-03-20 09:33:19,USR26517,MCH4913,0.786104,UTR1175119267,1310,SUCCESS,TXN00016721,USR26517,MCH4913,UTR1175119267,0,0,0,0,0,0,0
TXN00015255,2026-01-14 00:00:00,USR88974,MCH6847,16034.0,UTR1601649127,,SUCCESS,TXN00015255,USR88974,MCH6847,UTR1601649127,0,0,1,0,0,0,0
TXN00006224,2026-03-01 03:03:41,USR51958,MCH2028,9174.0,UTR8335931031,4110,SUCCESS,TXN00006224,USR51958,MCH2028,UTR8335931031,0,0,0,0,0,0,0
TXN00008793,2026-03-06 02:46:48,USR10159,MCH2522,3524.93,UTR1117376146,0110,SUCCESS,TXN00008793,USR10159,MCH2522,UTR1117376146,0,0,0,0,0,0,0
TXN00005040,2026-01-27 08:04:36,USR41025,MCH6883,23065.87,,1310,SUCCESS,TXN00005040,USR41025,MCH6883,,0,1,0,0,0,0,0
TXN00007381,2026-02-26 13:39:50,USR44818,MCH8231,10780.27,UTR2329004384,1310,SUCCESS,TXN00007381,USR44818,MCH8231,UTR2329004384,0,0,0,0,0,0,0
TXN00004103,2026-01-31 17:54:49,USR11449,MCH5600,13708.15,UTR7194128989,4110,SUCCESS,TXN00004103,USR11449,MCH5600,UTR 7194128989,0,0,0,0,0,0,0
TXN00017057,2026-01-18 01:40:33,USR33996,MCH5333,11740.17,UTR4731496936,0110,FAILED,TXN00017057,USR33996,MCH5333,UTR4731496936,0,0,0,0,0,1,0
TXN00003714,2026-02-11 11:26:58,USR70172,MCH3628,15571.01,UTR4777139323,9120,SUCCESS,TXN00003714,USR70172,MCH3628,UTR4777139323,0,0,0,0,0,0,0
TXN00015523,2026-08-01 12:38:43,USR33158,MCH3435,9104.83,UTR9183500208,1310,SUCCESS,TXN00015523,USR33158,MCH3435,UTR 9183500208,0,0,0,0,0,0,0
TXN00015136,2026-03-07 22:53:19,USR65087,MCH8746,0.276727,UTR3324773432,4110,SUCCESS,TXN00015136,USR65087,MCH8746,UTR3324773432,0,0,0,0,0,0,0
TXN00011487,2026-07-03 22:39:39,USR16765,MCH6737,8592.33,UTR1367014182,8120,SUCCESS,TXN00011487,USR16765,MCH6737,UTR1367014182,0,0,0,0,0,0,0
TXN00018202,2026-02-28 14:56:03,USR59847,MCH7517,15568.24,UTR5584581230,4110,SUCCESS,TXN00018202,USR59847,MCH7517,UTR5584581230,0,0,0,0,0,0,0
TXN00007200,2026-03-16 00:00:00,USR97783,MCH3603,23683.2,UTR5683404151,4110,SUCCESS,TXN00007200,USR97783,MCH3603,UTR 5683404151,0,0,0,0,0,0,0
TXN00009663,2026-02-03 01:55:17,USR49283,MCH1601,6571.13,UTR4875046815,8120,SUCCESS,TXN00009663,USR49283,MCH1601,UTR4875046815,0,0,0,0,0,0,0
TXN00014712,2026-02-17 17:10:12,USR51050,MCH1678,0.132426,UTR9459234389,1310,SUCCESS,TXN00014712,USR51050,MCH1678,UTR9459234389,0,0,0,0,0,0,0
TXN00018129,2026-03-29 08:56:52,USR39789,MCH5880,11689.29,UTR5629096024,4110,SUCCESS,TXN00018129,USR39789,MCH5880,UTR5629096024,0,0,0,0,0,0,0
TXN00010330,2026-03-02 00:00:00,USR73648,MCH6918,21812.91,UTR2931843457,0110,SUCCESS,TXN00010330,USR73648,MCH6918,UTR2931843457,0,0,0,0,0,0,0
TXN00009174,2026-02-27 04:08:55,USR24736,MCH9934,1911.74,UTR9009025271,4110,SUCCESS,TXN00009174,USR24736,MCH9934,UTR 9009025271,0,0,0,0,0,0,0
TXN00013852,2026-01-11 18:34:35,USR19525,MCH4454,0.1458955,UTR5473927560,8120,PENDING,TXN00013852,USR19525,MCH4454,UTR5473927560,0,0,0,0,0,0,1
TXN00012287,2026-02-25 10:01:55,USR15284,MCH6962,19102.68,UTR1140597459,0110,SUCCESS,TXN00012287,USR15284,MCH6962,UTR1140597459,0,0,0,0,0,0,0
TXN00014088,2026-01-31 09:31:02,USR52120,MCH6140,7047.2,UTR4181074893,9120,SUCCESS,TXN00014088,USR52120,MCH6140,UTR4181074893,0,0,0,0,0,0,0
TXN00014237,2026-02-21 01:20:04,USR61091,MCH5792,23477.64,UTR2321803291,0110,SUCCESS,TXN00014237,USR61091,MCH5792,UTR2321803291,0,0,0,0,0,0,0
TXN00013556,2026-01-22 19:14:06,USR40725,MCH4146,9996.97,UTR4274344651,8120,SUCCESS,TXN00013556,USR40725,MCH4146,UTR4274344651,0,0,0,0,0,0,0
TXN00007042,2026-03-26 22:21:16,USR15564,MCH8233,9876.23,UTR3267142466,4110,SUCCESS,TXN00007042,USR15564,MCH8233,UTR3267142466,0,0,0,0,0,0,0
TXN00004943,2026-06-01 08:13:33,USR12660,MCH3752,21213.31,UTR0062021266,8120,SUCCESS,TXN00004943,USR12660,MCH3752,UTR0062021266,0,0,0,0,0,0,0
TXN00005503,2026-01-08 13:18:09,USR15139,MCH8954,5829.14,UTR5006268309,0110,PENDING,TXN00005503,USR15139,MCH8954,UTR5006268309,0,0,0,0,0,0,1
TXN00015798,2026-05-02 09:20:11,USR81931,MCH8885,22009.9,,4110,FAILED,TXN00015798,USR81931,MCH8885,,0,1,0,0,0,1,0
TXN00015934,2026-01-20 09:12:11,USR89876,MCH5553,648.43,UTR3049110102,4110,SUCCESS,TXN00015934,USR89876,MCH5553,UTR3049110102,0,0,0,0,0,0,0
TXN00011089,2026-03-04 04:36:06,USR38526,MCH3272,0.1126525,UTR3666657625,,SUCCESS,TXN00011089,USR38526,MCH3272,UTR3666657625,0,0,1,0,0,0,0
TXN00006856,2026-02-19 01:03:44,USR97181,MCH6431,8181.9,UTR4986083452,,SUCCESS,TXN00006856,USR97181,MCH6431,UTR 4986083452,0,0,1,0,0,0,0
TXN00000881,2026-01-21 00:00:00,USR42124,MCH1005,5784.56,UTR5074550337,8120,SUCCESS,TXN00000881,USR42124,MCH1005,UTR5074550337,0,0,0,0,0,0,0
TXN00015765,2026-02-04 08:37:47,USR77349,MCH8608,3414.33,UTR3592400839,1310,SUCCESS,TXN00015765,USR77349,MCH8608,UTR3592400839,0,0,0,0,0,0,0
TXN00008576,2026-03-31 02:49:10,USR81761,MCH6022,1756.0,UTR2233167676,4110,SUCCESS,TXN00008576,USR81761,MCH6022,UTR2233167676,0,0,0,0,0,0,0
TXN00005618,2026-01-01 08:53:27,USR12355,MCH1572,6087.07,UTR8811152209,4110,SUCCESS,TXN00005618,USR12355,MCH1572,UTR8811152209,0,0,0,0,0,0,0
TXN00008404,2026-02-25 10:33:17,USR16569,MCH9379,13464.22,UTR2026188009,4110,SUCCESS,TXN00008404,USR16569,MCH9379,UTR2026188009,0,0,0,0,0,0,0
TXN00012780,2026-01-16 05:54:44,USR36923,MCH8876,12039.08,UTR4210500220,4110,PENDING,TXN00012780,USR36923,MCH8876,UTR4210500220,0,0,0,0,0,0,1
TXN00013513,2026-03-25 01:24:37,USR31346,MCH9562,18691.89,UTR3224682103,4110,SUCCESS,TXN00013513,USR31346,MCH9562,UTR3224682103,0,0,0,0,0,0,0
TXN00006857,2026-01-16 11:21:36,USR49513,MCH3915,15703.0,UTR5793971721,9120,SUCCESS,TXN00006857,USR49513,MCH3915,UTR5793971721,0,0,0,0,0,0,0
TXN00003221,2026-12-02 19:41:39,USR74032,MCH1760,12878.18,UTR1102273041,4110,SUCCESS,TXN00003221,USR74032,MCH1760,UTR1102273041,0,0,0,0,0,0,0
TXN00011963,2026-03-17 16:15:56,USR28785,MCH9344,7750.87,UTR1970633640,,SUCCESS,TXN00011963,USR28785,MCH9344,UTR1970633640,0,0,1,0,0,0,0
TXN00007629,2026-02-20 06:25:40,USR13825,MCH5834,0.2253043,UTR1196424406,1310,SUCCESS,TXN00007629,USR13825,MCH5834,UTR1196424406,0,0,0,0,0,0,0
TXN00011973,2026-03-27 03:00:06,USR65996,MCH8680,9685.01,,,SUCCESS,TXN00011973,USR65996,MCH8680,,0,1,1,0,0,0,0
TXN00000457,2026-07-03 00:34:28,USR15326,MCH8284,293.73,UTR1441242146,8120,SUCCESS,TXN00000457,USR15326,MCH8284,UTR 1441242146,0,0,0,0,0,0,0
TXN00013408,2026-01-01 22:19:11,USR15375,MCH4420,22071.47,UTR5741846930,9120,PENDING,TXN00013408,USR15375,MCH4420,UTR5741846930,0,0,0,0,0,0,1
TXN00003086,2026-03-05 12:32:10,USR36816,MCH6007,17006.0,UTR8906397765,1310,SUCCESS,TXN00003086,USR36816,MCH6007,UTR8906397765,0,0,0,0,0,0,0
TXN00014595,2026-03-06 00:00:00,USR34385,MCH1852,12123.69,,4110,SUCCESS,TXN00014595,USR34385,MCH1852,,0,1,0,0,0,0,0
TXN00000571,2026-03-29 06:46:43,USR69178,MCH3852,12854.6,UTR1284142875,1310,SUCCESS,TXN00000571,USR69178,MCH3852,UTR1284142875,0,0,0,0,0,0,0
TXN00014258,2026-03-18 22:18:06,USR62858,MCH5571,23745.49,UTR5400618831,4110,SUCCESS,TXN00014258,USR62858,MCH5571,UTR5400618831,0,0,0,0,0,0,0
TXN00018456,2026-01-07 23:41:27,USR43331,MCH6257,4636.67,UTR1368584593,4110,SUCCESS,TXN00018456,USR43331,MCH6257,UTR1368584593,0,0,0,0,0,0,0
TXN00016105,2026-02-28 22:55:16,USR82599,MCH9812,0.194656,,4110,SUCCESS,TXN00016105,USR82599,MCH9812,,0,1,0,0,0,0,0
TXN00017526,2026-03-28 23:26:02,USR55857,MCH2907,13875.51,UTR7573032570,0110,SUCCESS,TXN00017526,USR55857,MCH2907,UTR7573032570,0,0,0,0,0,0,0
TXN00003730,2026-02-06 13:12:56,USR74887,MCH2516,14884.37,UTR2878444248,0110,SUCCESS,TXN00003730,USR74887,MCH2516,UTR2878444248,0,0,0,0,0,0,0
TXN00012135,2026-02-15 12:34:24,USR75888,MCH5800,0.286012,UTR7187638915,8120,SUCCESS,TXN00012135,USR75888,MCH5800,UTR7187638915,0,0,0,0,0,0,0
TXN00003560,2026-01-06 14:32:11,USR60837,MCH8697,0.1149501,UTR0745789030,9120,SUCCESS,TXN00003560,USR60837,MCH8697,UTR0745789030,0,0,0,0,0,0,0
TXN00015040,2026-02-22 11:50:51,USR57523,MCH8698,10377.05,UTR7857996737,8120,SUCCESS,TXN00015040,USR57523,MCH8698,UTR7857996737,0,0,0,0,0,0,0
TXN00001480,2026-03-18 11:30:52,USR65904,MCH6312,10895.23,UTR0579526970,4110,SUCCESS,TXN00001480,USR65904,MCH6312,UTR0579526970,0,0,0,0,0,0,0
TXN00003341,2026-02-15 00:00:00,USR37143,MCH8010,22229.31,UTR8876418627,0110,SUCCESS,TXN00003341,USR37143,MCH8010,UTR8876418627,0,0,0,0,0,0,0
TXN00001260,2026-01-21 11:43:27,USR22170,MCH4860,14553.47,UTR1996423376,0110,PENDING,TXN00001260,USR22170,MCH4860,UTR1996423376,0,0,0,0,0,0,1
TXN00015481,2026-01-26 07:24:55,USR23691,MCH4582,15154.78,UTR1679263025,,SUCCESS,TXN00015481,USR23691,MCH4582,UTR1679263025,0,0,1,0,0,0,0
TXN00019288,2026-02-25 10:54:40,USR23958,MCH1164,5937.49,UTR4260661049,8120,SUCCESS,TXN00019288,USR23958,MCH1164,UTR4260661049,0,0,0,0,0,0,0
TXN00013264,2026-02-01 11:28:55,USR77056,MCH8825,17924.94,UTR9479483003,0110,SUCCESS,TXN00013264,USR77056,MCH8825,UTR9479483003,0,0,0,0,0,0,0
TXN00005311,2026-01-20 00:00:00,USR29565,MCH3006,8402.05,UTR0474761647,8120,SUCCESS,TXN00005311,USR29565,MCH3006,UTR 0474761647,0,0,0,0,0,0,0
TXN00001151,2026-02-14 01:18:11,USR74488,MCH5518,0.1771199,UTR5383870295,4110,SUCCESS,TXN00001151,USR74488,MCH5518,UTR5383870295,0,0,0,0,0,0,0
TXN00010123,2026-03-19 23:35:30,USR88541,MCH6545,22267.76,UTR3174354277,0110,SUCCESS,TXN00010123,USR88541,MCH6545,UTR3174354277,0,0,0,0,0,0,0
TXN00010269,2026-02-17 05:38:07,USR79578,MCH7241,7761.0,UTR8949437807,4110,FAILED,TXN00010269,USR79578,MCH7241,UTR 8949437807,0,0,0,0,0,1,0
TXN00011230,2026-02-16 13:21:30,USR34371,MCH1077,11009.2,UTR8921023132,9120,SUCCESS,TXN00011230,USR34371,MCH1077,UTR8921023132,0,0,0,0,0,0,0
TXN00003780,2026-02-27 01:10:09,USR38893,MCH5625,22460.68,UTR6125238582,4110,SUCCESS,TXN00003780,USR38893,MCH5625,UTR6125238582,0,0,0,0,0,0,0
TXN00004589,2026-02-04 01:27:33,USR97555,MCH5876,0.16796,UTR5433549580,,SUCCESS,TXN00004589,USR97555,MCH5876,UTR5433549580,0,0,1,0,0,0,0
TXN00016007,2026-01-24 00:00:00,USR66924,MCH6530,0.1182189,UTR6545166671,,SUCCESS,TXN00016007,USR66924,MCH6530,UTR6545166671,0,0,1,0,0,0,0
TXN00016707,2026-01-04 15:10:03,USR98514,MCH8260,23019.91,UTR1641243988,4110,SUCCESS,TXN00016707,USR98514,MCH8260,UTR1641243988,0,0,0,0,0,0,0
TXN00001837,2026-02-17 12:15:40,USR66533,MCH6347,3211.0,UTR9930169721,9120,SUCCESS,TXN00001837,USR66533,MCH6347,UTR9930169721,0,0,0,0,0,0,0
TXN00002353,2026-01-04 19:12:27,USR39751,MCH6647,15318.21,UTR8461686261,0110,FAILED,TXN00002353,USR39751,MCH6647,UTR8461686261,0,0,0,0,0,1,0
TXN00004164,2026-02-17 00:20:26,USR35383,MCH6418,9506.0,UTR5490566954,1310,SUCCESS,TXN00004164,USR35383,MCH6418,UTR5490566954,0,0,0,0,0,0,0
TXN00003940,2026-01-18 09:43:19,USR18752,MCH9079,10459.44,UTR5330080160,0110,SUCCESS,TXN00003940,USR18752,MCH9079,UTR5330080160,0,0,0,0,0,0,0
TXN00014874,2026-01-19 15:07:26,USR94205,MCH3933,18462.41,UTR6585609945,9120,FAILED,TXN00014874,USR94205,MCH3933,UTR6585609945,0,0,0,0,0,1,0
TXN00015570,2026-02-23 13:11:11,USR47722,MCH7501,0.113348,UTR0245817808,1310,FAILED,TXN00015570,USR47722,MCH7501,UTR0245817808,0,0,0,0,0,1,0
TXN00019580,2026-03-18 02:58:38,USR14180,MCH5346,5654.3,UTR6758115360,4110,SUCCESS,TXN00019580,USR14180,MCH5346,UTR6758115360,0,0,0,0,0,0,0
TXN00009756,2026-03-24 07:08:12,USR58567,MCH9198,6745.0,,1310,SUCCESS,TXN00009756,USR58567,MCH9198,,0,1,0,0,0,0,0
TXN00015155,2026-01-22 06:05:01,USR77679,MCH7762,12603.19,,8120,SUCCESS,TXN00015155,USR77679,MCH7762,,0,1,0,0,0,0,0
TXN00007782,2026-02-19 15:01:39,USR35368,MCH4279,780.31,UTR2766555406,9120,SUCCESS,TXN00007782,USR35368,MCH4279,UTR2766555406,0,0,0,0,0,0,0
TXN00015443,2026-02-26 00:40:26,USR77158,MCH9372,12862.0,,4110,SUCCESS,TXN00015443,USR77158,MCH9372,,0,1,0,0,0,0,0
TXN00001481,2026-02-19 07:06:52,USR94186,MCH9754,20447.68,UTR4319880124,9120,SUCCESS,TXN00001481,USR94186,MCH9754,UTR4319880124,0,0,0,0,0,0,0
TXN00008787,2026-01-06 03:41:51,USR22579,MCH5375,12400.53,UTR1471692847,4110,SUCCESS,TXN00008787,USR22579,MCH5375,UTR1471692847,0,0,0,0,0,0,0
TXN00005206,2026-01-09 20:32:29,USR28312,MCH6924,9436.27,UTR1993941243,8120,SUCCESS,TXN00005206,USR28312,MCH6924,UTR1993941243,0,0,0,0,0,0,0
TXN00005561,2026-01-29 00:00:00,USR78938,MCH7249,0.853064,UTR7070209036,4110,SUCCESS,TXN00005561,USR78938,MCH7249,UTR 7070209036,0,0,0,0,0,0,0
TXN00018070,2026-03-08 08:15:13,USR49284,MCH3950,0.2253121,UTR8246226243,0110,SUCCESS,TXN00018070,USR49284,MCH3950,UTR8246226243,0,0,0,0,0,0,0
TXN00010316,2026-03-13 22:46:30,USR35337,MCH6347,13307.46,UTR0483325658,,SUCCESS,TXN00010316,USR35337,MCH6347,UTR0483325658,0,0,1,0,0,0,0
TXN00014749,2026-01-06 14:27:41,USR63062,MCH1134,0.264851,UTR7662663328,9120,FAILED,TXN00014749,USR63062,MCH1134,UTR7662663328,0,0,0,0,0,1,0
TXN00011241,2026-03-16 03:17:33,USR15582,MCH8915,0.578185,UTR3626771126,1310,SUCCESS,TXN00011241,USR15582,MCH8915,UTR3626771126,0,0,0,0,0,0,0
TXN00014080,2026-03-15 13:23:08,USR64523,MCH8377,0.1407891,UTR4776587365,1310,SUCCESS,TXN00014080,USR64523,MCH8377,UTR4776587365,0,0,0,0,0,0,0
TXN00005541,2026-02-06 18:27:51,USR44588,MCH3560,2676.73,UTR1517169289,0110,SUCCESS,TXN00005541,USR44588,MCH3560,UTR1517169289,0,0,0,0,0,0,0
TXN00015190,2026-02-02 08:16:59,USR65103,MCH2922,13799.04,UTR8497093557,9120,SUCCESS,TXN00015190,USR65103,MCH2922,UTR8497093557,0,0,0,0,0,0,0
TXN00013096,2026-03-18 19:38:17,USR34032,MCH8713,24941.28,UTR6556981293,4110,FAILED,TXN00013096,USR34032,MCH8713,UTR6556981293,0,0,0,0,0,1,0
TXN00007482,2026-03-10 20:26:11,USR84346,MCH5788,3464.76,UTR0232708454,4110,SUCCESS,TXN00007482,USR84346,MCH5788,UTR0232708454,0,0,0,0,0,0,0
TXN00015732,2026-03-25 06:49:59,USR99998,MCH2165,19609.52,UTR6565605987,1310,SUCCESS,TXN00015732,USR99998,MCH2165,UTR 6565605987,0,0,0,0,0,0,0
TXN00008127,2026-03-30 08:20:50,USR87948,MCH8109,3182.13,UTR0948593407,8120,SUCCESS,TXN00008127,USR87948,MCH8109,UTR0948593407,0,0,0,0,0,0,0
TXN00008133,2026-01-28 15:20:42,USR66572,MCH1193,24272.91,UTR4176093726,1310,SUCCESS,TXN00008133,USR66572,MCH1193,UTR4176093726,0,0,0,0,0,0,0
TXN00000020,2026-01-10 02:19:32,USR89632,MCH9235,7287.82,UTR6417165863,1310,SUCCESS,TXN00000020,USR89632,MCH9235,UTR6417165863,0,0,0,0,0,0,0
TXN00000744,2026-02-19 15:07:18,USR44406,MCH4077,12572.98,UTR4857605618,0110,PENDING,TXN00000744,USR44406,MCH4077,UTR4857605618,0,0,0,0,0,0,1
TXN00003356,2026-01-20 08:45:57,USR54979,MCH5831,1934.0,UTR8134510356,,FAILED,TXN00003356,USR54979,MCH5831,UTR8134510356,0,0,1,0,0,1,0
TXN00016907,2026-02-11 18:13:41,USR98824,MCH2134,9081.41,UTR6831717633,4110,SUCCESS,TXN00016907,USR98824,MCH2134,UTR6831717633,0,0,0,0,0,0,0
TXN00008662,2026-01-05 18:54:11,USR29853,MCH4106,10308.22,UTR9196976578,4110,SUCCESS,TXN00008662,USR29853,MCH4106,UTR9196976578,0,0,0,0,0,0,0
TXN00015252,2026-05-03 13:24:27,USR18493,MCH7771,12930.2,,8120,SUCCESS,TXN00015252,USR18493,MCH7771,,0,1,0,0,0,0,0
TXN00017107,2026-02-10 20:09:51,USR26564,MCH2232,18165.89,UTR5917417778,,SUCCESS,TXN00017107,USR26564,MCH2232,UTR5917417778,0,0,1,0,0,0,0
TXN00018861,2026-03-20 16:02:29,USR19310,MCH3111,6876.0,UTR3904928265,9120,SUCCESS,TXN00018861,USR19310,MCH3111,UTR3904928265,0,0,0,0,0,0,0
TXN00019462,2026-01-23 19:15:48,USR67638,MCH6331,19325.61,UTR6201912480,1310,SUCCESS,TXN00019462,USR67638,MCH6331,UTR6201912480,0,0,0,0,0,0,0
TXN00008871,2026-03-01 11:06:29,USR22576,MCH6137,22928.29,UTR4273048949,,FAILED,TXN00008871,USR22576,MCH6137,UTR4273048949,0,0,1,0,0,1,0
TXN00014883,2026-11-01 14:26:37,USR61303,MCH8010,0.1448474,UTR8491452474,9120,SUCCESS,TXN00014883,USR61303,MCH8010,UTR8491452474,0,0,0,0,0,0,0
TXN00017932,2026-02-11 19:39:05,USR34069,MCH5959,12933.73,UTR6482975714,9120,FAILED,TXN00017932,USR34069,MCH5959,UTR6482975714,0,0,0,0,0,1,0
TXN00018783,2026-02-22 13:54:03,USR21469,MCH8463,2502.09,UTR3831899965,4110,SUCCESS,TXN00018783,USR21469,MCH8463,UTR3831899965,0,0,0,0,0,0,0
TXN00001899,2026-01-15 01:08:50,USR69259,MCH4611,8891.06,UTR7491980070,8120,SUCCESS,TXN00001899,USR69259,MCH4611,UTR7491980070,0,0,0,0,0,0,0
TXN00018860,2026-03-05 09:40:21,USR76468,MCH3406,10728.8,UTR0670310776,1310,SUCCESS,TXN00018860,USR76468,MCH3406,UTR0670310776,0,0,0,0,0,0,0
TXN00007785,2026-01-22 13:30:49,USR47416,MCH6176,23619.3,UTR5467899553,,SUCCESS,TXN00007785,USR47416,MCH6176,UTR5467899553,0,0,1,0,0,0,0
TXN00011086,2026-01-15 22:54:06,USR23737,MCH1779,9806.82,UTR3755734434,4110,SUCCESS,TXN00011086,USR23737,MCH1779,UTR3755734434,0,0,0,0,0,0,0
TXN00010172,2026-02-22 11:45:51,USR20558,MCH7470,3506.58,UTR4228213766,4110,FAILED,TXN00010172,USR20558,MCH7470,UTR 4228213766,0,0,0,0,0,1,0
TXN00017699,2026-02-13 22:14:33,USR59989,MCH3002,16047.24,UTR1875876390,8120,SUCCESS,TXN00017699,USR59989,MCH3002,UTR1875876390,0,0,0,0,0,0,0
TXN00006704,2026-10-03 22:42:28,USR38080,MCH6248,7576.16,UTR4776300738,4110,SUCCESS,TXN00006704,USR38080,MCH6248,UTR4776300738,0,0,0,0,0,0,0
TXN00006416,2026-03-25 17:56:50,USR89307,MCH9203,10625.61,UTR0485796113,,SUCCESS,TXN00006416,USR89307,MCH9203,UTR 0485796113,0,0,1,0,0,0,0
TXN00000968,2026-02-22 08:56:14,USR71670,MCH4010,7435.07,,,SUCCESS,TXN00000968,USR71670,MCH4010,,0,1,1,0,0,0,0
TXN00015415,2026-01-16 00:00:00,USR36011,MCH8365,17302.89,UTR0675843883,4110,SUCCESS,TXN00015415,USR36011,MCH8365,UTR0675843883,0,0,0,0,0,0,0
TXN00015610,2026-12-03 10:20:57,USR61662,MCH9033,0.1382034,UTR6160757843,8120,SUCCESS,TXN00015610,USR61662,MCH9033,UTR6160757843,0,0,0,0,0,0,0
TXN00005807,2026-02-16 03:20:19,USR13924,MCH1990,8562.0,UTR9821002244,4110,PENDING,TXN00005807,USR13924,MCH1990,UTR9821002244,0,0,0,0,0,0,1
TXN00015745,2026-01-22 02:43:33,USR77771,MCH3023,11794.85,UTR0987214481,0110,SUCCESS,TXN00015745,USR77771,MCH3023,UTR0987214481,0,0,0,0,0,0,0
TXN00019242,2026-02-03 17:22:26,USR47143,MCH9697,450.61,UTR6996864709,8120,SUCCESS,TXN00019242,USR47143,MCH9697,UTR6996864709,0,0,0,0,0,0,0
TXN00018941,2026-03-11 17:48:19,USR34150,MCH4519,16982.09,UTR6530683277,,SUCCESS,TXN00018941,USR34150,MCH4519,UTR6530683277,0,0,1,0,0,0,0
TXN00019092,2026-01-14 09:53:23,USR47356,MCH4173,19976.07,UTR5495082466,,SUCCESS,TXN00019092,USR47356,MCH4173,UTR5495082466,0,0,1,0,0,0,0
TXN00010418,2026-01-09 15:42:50,USR20918,MCH1269,2065.01,,1310,SUCCESS,TXN00010418,USR20918,MCH1269,,0,1,0,0,0,0,0
TXN00001034,2026-02-24 22:43:06,USR17249,MCH2747,3022.97,UTR3106278434,,SUCCESS,TXN00001034,USR17249,MCH2747,UTR3106278434,0,0,1,0,0,0,0
TXN00005251,2026-03-20 21:50:16,USR56312,MCH8231,9657.41,UTR6136766668,8120,SUCCESS,TXN00005251,USR56312,MCH8231,UTR6136766668,0,0,0,0,0,0,0
TXN00015607,2026-01-26 23:01:01,USR10196,MCH4153,19600.08,UTR6550037413,,SUCCESS,TXN00015607,USR10196,MCH4153,UTR6550037413,0,0,1,0,0,0,0
TXN00012472,2026-03-06 05:35:21,USR56937,MCH5754,17008.53,UTR2731863960,9120,SUCCESS,TXN00012472,USR56937,MCH5754,UTR2731863960,0,0,0,0,0,0,0
TXN00001561,2026-01-08 19:08:53,USR28389,MCH8546,8842.0,UTR6830818468,4110,SUCCESS,TXN00001561,USR28389,MCH8546,UTR6830818468,0,0,0,0,0,0,0
TXN00014198,2026-02-22 02:01:34,USR54898,MCH1981,19112.0,UTR8522515834,0110,FAILED,TXN00014198,USR54898,MCH1981,UTR8522515834,0,0,0,0,0,1,0
TXN00012067,2026-03-24 16:54:35,USR11971,MCH3212,8291.54,UTR1848127190,4110,SUCCESS,TXN00012067,USR11971,MCH3212,UTR1848127190,0,0,0,0,0,0,0
TXN00013488,2026-01-11 18:31:26,USR93466,MCH7001,17072.66,UTR5356760753,,SUCCESS,TXN00013488,USR93466,MCH7001,UTR5356760753,0,0,1,0,0,0,0
TXN00003135,2026-02-28 11:50:25,USR14089,MCH8252,5015.05,UTR5471646755,0110,PENDING,TXN00003135,USR14089,MCH8252,UTR5471646755,0,0,0,0,0,0,1
TXN00011608,2026-03-30 09:21:36,USR12230,MCH8423,4185.83,UTR5787312720,9120,SUCCESS,TXN00011608,USR12230,MCH8423,UTR5787312720,0,0,0,0,0,0,0
TXN00013246,2026-01-30 18:52:56,USR72470,MCH1706,16859.17,,9120,SUCCESS,TXN00013246,USR72470,MCH1706,,0,1,0,0,0,0,0
TXN00005533,2026-02-12 13:07:36,USR78664,MCH1003,17294.17,UTR5148262653,1310,SUCCESS,TXN00005533,USR78664,MCH1003,UTR5148262653,0,0,0,0,0,0,0
TXN00002100,2026-03-26 10:55:37,USR21689,MCH4546,9905.3,UTR5767771715,4110,SUCCESS,TXN00002100,USR21689,MCH4546,UTR5767771715,0,0,0,0,0,0,0
TXN00018532,2026-01-11 18:21:22,USR22915,MCH9539,5534.44,UTR1612892294,4110,SUCCESS,TXN00018532,USR22915,MCH9539,UTR1612892294,0,0,0,0,0,0,0
TXN00011214,2026-02-21 15:52:21,USR21842,MCH2696,1108.85,UTR7978764653,0110,SUCCESS,TXN00011214,USR21842,MCH2696,UTR7978764653,0,0,0,0,0,0,0
TXN00012681,2026-03-19 06:45:02,USR34167,MCH9189,18223.27,UTR0617736522,1310,SUCCESS,TXN00012681,USR34167,MCH9189,UTR0617736522,0,0,0,0,0,0,0
TXN00005318,2026-03-19 21:11:13,USR16422,MCH3697,23972.21,UTR5063050761,0110,SUCCESS,TXN00005318,USR16422,MCH3697,UTR5063050761,0,0,0,0,0,0,0
TXN00013422,2026-03-27 02:54:22,USR39870,MCH7329,5511.03,UTR4581007522,0110,SUCCESS,TXN00013422,USR39870,MCH7329,UTR4581007522,0,0,0,0,0,0,0
TXN00013959,2026-02-08 10:30:49,USR91406,MCH1510,16168.0,UTR4997322663,0110,SUCCESS,TXN00013959,USR91406,MCH1510,UTR 4997322663,0,0,0,0,0,0,0
TXN00000904,2026-02-10 16:23:25,USR22880,MCH8820,14580.21,UTR8038885169,,SUCCESS,TXN00000904,USR22880,MCH8820,UTR8038885169,0,0,1,0,0,0,0
TXN00011847,2026-02-20 23:56:41,USR93351,MCH4053,22576.0,UTR4906653187,,SUCCESS,TXN00011847,USR93351,MCH4053,UTR4906653187,0,0,1,0,0,0,0
TXN00014997,2026-03-01 11:26:37,USR49098,MCH2587,4453.18,UTR8286046191,8120,SUCCESS,TXN00014997,USR49098,MCH2587,UTR8286046191,0,0,0,0,0,0,0
TXN00004100,2026-01-15 23:29:28,USR50677,MCH5752,706.03,UTR9645458660,,SUCCESS,TXN00004100,USR50677,MCH5752,UTR 9645458660,0,0,1,0,0,0,0
TXN00003855,2026-02-06 21:05:26,USR89502,MCH8246,16547.83,UTR4522135037,,SUCCESS,TXN00003855,USR89502,MCH8246,UTR4522135037,0,0,1,0,0,0,0
TXN00016874,2026-12-02 01:13:46,USR68916,MCH5868,21327.49,UTR8622483796,9120,SUCCESS,TXN00016874,USR68916,MCH5868,UTR8622483796,0,0,0,0,0,0,0
TXN00000905,2026-02-22 06:08:41,USR80376,MCH7775,10541.4,UTR2352548246,,FAILED,TXN00000905,USR80376,MCH7775,UTR2352548246,0,0,1,0,0,1,0
TXN00003018,2026-01-20 19:24:29,USR38704,MCH5346,10119.14,UTR4513559318,9120,SUCCESS,TXN00003018,USR38704,MCH5346,UTR 4513559318,0,0,0,0,0,0,0
TXN00019237,2026-02-25 20:10:05,USR42602,MCH4697,0.1314462,UTR9939444135,8120,SUCCESS,TXN00019237,USR42602,MCH4697,UTR9939444135,0,0,0,0,0,0,0
TXN00005289,2026-01-28 04:06:30,USR88539,MCH5314,2426.4,UTR3837688277,,SUCCESS,TXN00005289,USR88539,MCH5314,UTR3837688277,0,0,1,0,0,0,0
TXN00004300,2026-08-02 19:10:36,USR58072,MCH9119,14896.04,UTR4801218872,0110,SUCCESS,TXN00004300,USR58072,MCH9119,UTR4801218872,0,0,0,0,0,0,0
TXN00019307,2026-02-17 21:22:07,USR54134,MCH9763,0.78316,UTR9171361574,,SUCCESS,TXN00019307,USR54134,MCH9763,UTR9171361574,0,0,1,0,0,0,0
TXN00010843,2026-03-04 17:24:30,USR50976,MCH7418,21717.02,UTR1853443458,1310,SUCCESS,TXN00010843,USR50976,MCH7418,UTR1853443458,0,0,0,0,0,0,0
TXN00017999,2026-03-19 15:38:03,USR60448,MCH9767,17303.85,UTR9259778468,8120,SUCCESS,TXN00017999,USR60448,MCH9767,UTR9259778468,0,0,0,0,0,0,0
TXN00004568,2026-01-21 09:03:05,USR81916,MCH3703,5524.07,UTR9690923322,,PENDING,TXN00004568,USR81916,MCH3703,UTR9690923322,0,0,1,0,0,0,1
TXN00009332,2026-01-30 03:42:44,USR39132,MCH6961,19146.95,UTR9890676350,0110,SUCCESS,TXN00009332,USR39132,MCH6961,UTR9890676350,0,0,0,0,0,0,0
TXN00009564,2026-03-23 04:25:39,USR33814,MCH4929,0.1335535,UTR4498450203,4110,PENDING,TXN00009564,USR33814,MCH4929,UTR4498450203,0,0,0,0,0,0,1
TXN00015477,2026-02-10 23:21:58,USR29307,MCH4823,18401.0,UTR0928909445,0110,SUCCESS,TXN00015477,USR29307,MCH4823,UTR0928909445,0,0,0,0,0,0,0
TXN00000692,2026-02-11 20:59:44,USR85707,MCH2076,10641.66,UTR9657827202,4110,FAILED,TXN00000692,USR85707,MCH2076,UTR9657827202,0,0,0,0,0,1,0
TXN00002292,2026-01-15 15:45:22,USR58545,MCH5936,7024.27,UTR1526092565,8120,SUCCESS,TXN00002292,USR58545,MCH5936,UTR1526092565,0,0,0,0,0,0,0
TXN00019365,2026-03-07 09:00:49,USR31996,MCH1913,8498.51,UTR9049975778,1310,SUCCESS,TXN00019365,USR31996,MCH1913,UTR 9049975778,0,0,0,0,0,0,0
TXN00003062,2026-01-16 11:17:41,USR82910,MCH2166,2310.75,UTR7748888123,0110,SUCCESS,TXN00003062,USR82910,MCH2166,UTR7748888123,0,0,0,0,0,0,0
TXN00011745,2026-02-20 16:58:34,USR29449,MCH1263,20353.16,UTR7975463567,1310,SUCCESS,TXN00011745,USR29449,MCH1263,UTR7975463567,0,0,0,0,0,0,0
TXN00004015,2026-02-22 17:21:11,USR62939,MCH6098,16041.2,UTR3182286642,0110,FAILED,TXN00004015,USR62939,MCH6098,UTR3182286642,0,0,0,0,0,1,0
TXN00016199,2026-03-26 11:18:25,USR38238,MCH7978,15797.09,UTR4321974606,8120,SUCCESS,TXN00016199,USR38238,MCH7978,UTR4321974606,0,0,0,0,0,0,0
TXN00002226,2026-03-23 23:47:28,USR60864,MCH6193,11724.51,UTR0817382823,4110,SUCCESS,TXN00002226,USR60864,MCH6193,UTR0817382823,0,0,0,0,0,0,0
TXN00017409,2026-02-25 01:32:12,USR53928,MCH6557,0.276975,UTR7779508888,0110,SUCCESS,TXN00017409,USR53928,MCH6557,UTR7779508888,0,0,0,0,0,0,0
TXN00009038,2026-02-22 05:19:33,USR45006,MCH7326,21155.0,UTR4903055805,,SUCCESS,TXN00009038,USR45006,MCH7326,UTR4903055805,0,0,1,0,0,0,0
TXN00011661,2026-03-03 16:41:32,USR80843,MCH2030,0.2146032,UTR5817089939,4110,SUCCESS,TXN00011661,USR80843,MCH2030,UTR5817089939,0,0,0,0,0,0,0
TXN00012451,2026-02-19 20:20:33,USR59332,MCH4833,21922.7,UTR1217199400,4110,SUCCESS,TXN00012451,USR59332,MCH4833,UTR1217199400,0,0,0,0,0,0,0
TXN00011220,2026-01-12 01:33:42,USR42284,MCH4161,11037.78,UTR9160625240,1310,SUCCESS,TXN00011220,USR42284,MCH4161,UTR9160625240,0,0,0,0,0,0,0
TXN00003209,2026-03-23 16:03:41,USR13199,MCH7214,10985.87,,0110,SUCCESS,TXN00003209,USR13199,MCH7214,,0,1,0,0,0,0,0
TXN00008859,2026-01-22 21:38:44,USR10378,MCH5670,14361.6,UTR4441697943,0110,SUCCESS,TXN00008859,USR10378,MCH5670,UTR4441697943,0,0,0,0,0,0,0
TXN00014195,2026-01-16 05:55:08,USR37085,MCH6781,2477.84,UTR1837396399,0110,SUCCESS,TXN00014195,USR37085,MCH6781,UTR1837396399,0,0,0,0,0,0,0
TXN00002377,2026-01-07 09:35:08,USR35030,MCH9645,7665.0,UTR0164278438,4110,SUCCESS,TXN00002377,USR35030,MCH9645,UTR0164278438,0,0,0,0,0,0,0
TXN00007426,2026-12-01 09:49:59,USR85464,MCH7098,9199.04,UTR4195293325,4110,SUCCESS,TXN00007426,USR85464,MCH7098,UTR4195293325,0,0,0,0,0,0,0
TXN00017640,2026-03-17 00:23:27,USR22008,MCH4868,20568.11,UTR4938359489,4110,SUCCESS,TXN00017640,USR22008,MCH4868,UTR4938359489,0,0,0,0,0,0,0
TXN00003292,2026-03-07 16:38:38,USR85427,MCH9115,21935.0,UTR6654484910,8120,SUCCESS,TXN00003292,USR85427,MCH9115,UTR6654484910,0,0,0,0,0,0,0
TXN00015954,2026-01-30 13:02:49,USR97820,MCH2452,0.799553,UTR1040972145,8120,SUCCESS,TXN00015954,USR97820,MCH2452,UTR1040972145,0,0,0,0,0,0,0
TXN00009706,2026-02-06 18:55:35,USR85355,MCH6570,4324.0,UTR7254187316,8120,FAILED,TXN00009706,USR85355,MCH6570,UTR7254187316,0,0,0,0,0,1,0
TXN00002270,2026-01-08 07:35:09,USR67741,MCH4737,12813.97,UTR8799683478,9120,SUCCESS,TXN00002270,USR67741,MCH4737,UTR8799683478,0,0,0,0,0,0,0
TXN00019808,2026-02-20 21:53:25,USR60486,MCH1421,463.0,UTR6566850398,4110,SUCCESS,TXN00019808,USR60486,MCH1421,UTR6566850398,0,0,0,0,0,0,0
TXN00009882,2026-03-01 05:34:03,USR51751,MCH9540,14148.13,UTR5550909226,0110,PENDING,TXN00009882,USR51751,MCH9540,UTR 5550909226,0,0,0,0,0,0,1
TXN00008675,2026-02-16 16:37:50,USR69839,MCH1400,1511.23,UTR4394844740,9120,PENDING,TXN00008675,USR69839,MCH1400,UTR4394844740,0,0,0,0,0,0,1
TXN00011921,2026-03-10 00:33:19,USR21428,MCH7889,20577.48,UTR0805126217,4110,SUCCESS,TXN00011921,USR21428,MCH7889,UTR0805126217,0,0,0,0,0,0,0
TXN00007707,2026-02-22 00:09:33,USR73071,MCH2724,13858.99,UTR0183937744,4110,SUCCESS,TXN00007707,USR73071,MCH2724,UTR0183937744,0,0,0,0,0,0,0
TXN00000237,2026-02-01 11:20:18,USR31808,MCH1082,7026.5,,0110,SUCCESS,TXN00000237,USR31808,MCH1082,,0,1,0,0,0,0,0
TXN00002687,2026-03-17 00:00:00,USR79540,MCH6379,3117.97,UTR5241661590,8120,SUCCESS,TXN00002687,USR79540,MCH6379,UTR5241661590,0,0,0,0,0,0,0
TXN00014683,2026-02-23 16:14:19,USR91974,MCH1093,17920.67,UTR4020462944,4110,SUCCESS,TXN00014683,USR91974,MCH1093,UTR4020462944,0,0,0,0,0,0,0
TXN00008283,2026-02-02 20:34:50,USR20599,MCH7019,0.2184015,UTR8402663950,8120,SUCCESS,TXN00008283,USR20599,MCH7019,UTR8402663950,0,0,0,0,0,0,0
TXN00000719,2026-03-07 18:15:54,USR19222,MCH8655,3116.19,UTR5676821260,4110,SUCCESS,TXN00000719,USR19222,MCH8655,UTR5676821260,0,0,0,0,0,0,0
TXN00013666,2026-02-15 01:41:08,USR48795,MCH4492,21910.04,UTR2135345322,4110,SUCCESS,TXN00013666,USR48795,MCH4492,UTR2135345322,0,0,0,0,0,0,0
TXN00013641,2026-03-02 19:07:02,USR92681,MCH4900,12823.28,UTR1869869548,1310,SUCCESS,TXN00013641,USR92681,MCH4900,UTR1869869548,0,0,0,0,0,0,0
TXN00019908,2026-02-16 03:54:41,USR17716,MCH4921,17666.95,,8120,SUCCESS,TXN00019908,USR17716,MCH4921,,0,1,0,0,0,0,0
TXN00013080,2026-01-11 17:06:06,USR38404,MCH3316,23612.75,UTR3160951426,9120,SUCCESS,TXN00013080,USR38404,MCH3316,UTR3160951426,0,0,0,0,0,0,0
TXN00013475,2026-01-04 13:44:27,USR99094,MCH7166,0.1178656,UTR9642673309,,SUCCESS,TXN00013475,USR99094,MCH7166,UTR9642673309,0,0,1,0,0,0,0
TXN00005130,2026-03-10 01:05:29,USR44883,MCH2769,21302.69,,0110,SUCCESS,TXN00005130,USR44883,MCH2769,,0,1,0,0,0,0,0
TXN00017062,2026-02-23 16:00:33,USR42624,MCH2291,16844.82,UTR4721266480,9120,SUCCESS,TXN00017062,USR42624,MCH2291,UTR4721266480,0,0,0,0,0,0,0
TXN00019692,2026-03-23 12:31:34,USR14224,MCH2402,1655.29,UTR2642656517,,SUCCESS,TXN00019692,USR14224,MCH2402,UTR2642656517,0,0,1,0,0,0,0
TXN00009022,2026-02-20 23:52:33,USR40913,MCH7516,21789.93,UTR9570631321,0110,SUCCESS,TXN00009022,USR40913,MCH7516,UTR 9570631321,0,0,0,0,0,0,0
TXN00009659,2026-01-16 10:32:38,USR64201,MCH9978,16045.48,UTR6629535875,0110,SUCCESS,TXN00009659,USR64201,MCH9978,UTR6629535875,0,0,0,0,0,0,0
TXN00017376,2026-01-20 05:05:07,USR59142,MCH4935,20381.43,UTR1842045679,,SUCCESS,TXN00017376,USR59142,MCH4935,UTR1842045679,0,0,1,0,0,0,0
TXN00009910,2026-03-13 05:54:42,USR12128,MCH8043,770.28,UTR6994809791,0110,SUCCESS,TXN00009910,USR12128,MCH8043,UTR6994809791,0,0,0,0,0,0,0
TXN00008316,2026-03-29 06:02:12,USR78406,MCH8271,7473.82,UTR3888508867,8120,SUCCESS,TXN00008316,USR78406,MCH8271,UTR3888508867,0,0,0,0,0,0,0
TXN00000184,2026-02-27 20:31:14,USR96285,MCH6826,21934.71,UTR8757192644,8120,PENDING,TXN00000184,USR96285,MCH6826,UTR8757192644,0,0,0,0,0,0,1
TXN00001076,2026-02-27 12:33:57,USR86823,MCH4421,10700.05,UTR3741038100,1310,SUCCESS,TXN00001076,USR86823,MCH4421,UTR3741038100,0,0,0,0,0,0,0
TXN00014014,2026-03-18 07:13:03,USR50285,MCH2636,19315.0,UTR9411984077,,SUCCESS,TXN00014014,USR50285,MCH2636,UTR 9411984077,0,0,1,0,0,0,0
TXN00013101,2026-02-10 22:45:53,USR32020,MCH4367,5128.0,UTR2944049723,8120,SUCCESS,TXN00013101,USR32020,MCH4367,UTR2944049723,0,0,0,0,0,0,0
TXN00012280,2026-03-06 09:13:22,USR74279,MCH8574,9735.22,UTR3524009814,1310,SUCCESS,TXN00012280,USR74279,MCH8574,UTR3524009814,0,0,0,0,0,0,0
TXN00008102,2026-02-23 00:00:00,USR78162,MCH3948,24706.67,UTR1533450441,0110,SUCCESS,TXN00008102,USR78162,MCH3948,UTR 1533450441,0,0,0,0,0,0,0
TXN00011079,2026-02-24 07:13:09,USR37015,MCH1094,3291.77,UTR4385307992,4110,SUCCESS,TXN00011079,USR37015,MCH1094,UTR4385307992,0,0,0,0,0,0,0
TXN00016372,2026-03-28 00:00:00,USR63283,MCH8402,18909.81,UTR7087666869,,SUCCESS,TXN00016372,USR63283,MCH8402,UTR 7087666869,0,0,1,0,0,0,0
TXN00011069,2026-02-23 18:36:12,USR70571,MCH8456,12737.13,UTR4875188869,4110,SUCCESS,TXN00011069,USR70571,MCH8456,UTR 4875188869,0,0,0,0,0,0,0
TXN00010949,2026-01-11 21:42:51,USR73259,MCH5652,5570.8,UTR2337003613,9120,SUCCESS,TXN00010949,USR73259,MCH5652,UTR2337003613,0,0,0,0,0,0,0
TXN00016409,2026-01-15 10:21:47,USR14014,MCH8811,12410.92,UTR3208957459,9120,SUCCESS,TXN00016409,USR14014,MCH8811,UTR3208957459,0,0,0,0,0,0,0
TXN00003880,2026-02-23 01:32:42,USR41991,MCH3603,5792.2,UTR7650651724,1310,SUCCESS,TXN00003880,USR41991,MCH3603,UTR7650651724,0,0,0,0,0,0,0
TXN00001459,2026-02-15 20:21:06,USR67653,MCH8514,5399.72,UTR7059245292,9120,SUCCESS,TXN00001459,USR67653,MCH8514,UTR7059245292,0,0,0,0,0,0,0
TXN00004191,2026-02-11 19:24:30,USR71463,MCH8320,18839.27,UTR5960635782,8120,SUCCESS,TXN00004191,USR71463,MCH8320,UTR5960635782,0,0,0,0,0,0,0
TXN00005879,2026-01-05 21:48:41,USR53888,MCH4098,11207.66,UTR4053234126,1310,SUCCESS,TXN00005879,USR53888,MCH4098,UTR4053234126,0,0,0,0,0,0,0
TXN00006569,2026-03-10 00:00:00,USR55220,MCH6420,9667.7,UTR0928015651,9120,SUCCESS,TXN00006569,USR55220,MCH6420,UTR0928015651,0,0,0,0,0,0,0
TXN00018505,2026-01-29 03:30:27,USR65569,MCH7403,15693.89,UTR8899339341,8120,PENDING,TXN00018505,USR65569,MCH7403,UTR8899339341,0,0,0,0,0,0,1
TXN00010952,2026-03-29 09:33:30,USR23307,MCH2322,19290.95,UTR1450548758,1310,SUCCESS,TXN00010952,USR23307,MCH2322,UTR1450548758,0,0,0,0,0,0,0
TXN00006502,2026-02-25 15:16:05,USR65795,MCH7737,2010.78,UTR7168774618,8120,SUCCESS,TXN00006502,USR65795,MCH7737,UTR7168774618,0,0,0,0,0,0,0
TXN00010233,2026-02-21 23:20:56,USR95813,MCH3456,21514.18,UTR8074135464,8120,SUCCESS,TXN00010233,USR95813,MCH3456,UTR8074135464,0,0,0,0,0,0,0
TXN00018156,2026-02-27 16:54:42,USR10637,MCH7886,10809.86,UTR1260854485,9120,FAILED,TXN00018156,USR10637,MCH7886,UTR1260854485,0,0,0,0,0,1,0
TXN00005124,2026-03-31 10:43:29,USR30150,MCH9560,12146.0,UTR5644491672,0110,FAILED,TXN00005124,USR30150,MCH9560,UTR5644491672,0,0,0,0,0,1,0
TXN00003310,2026-03-05 16:31:32,USR38714,MCH5588,11611.32,,4110,SUCCESS,TXN00003310,USR38714,MCH5588,,0,1,0,0,0,0,0
TXN00015266,2026-01-19 23:54:33,USR63082,MCH8543,7455.96,UTR5584722660,4110,SUCCESS,TXN00015266,USR63082,MCH8543,UTR5584722660,0,0,0,0,0,0,0
TXN00008756,2026-02-22 05:38:36,USR84576,MCH8371,21366.89,UTR5340276189,0110,SUCCESS,TXN00008756,USR84576,MCH8371,UTR5340276189,0,0,0,0,0,0,0
TXN00019968,2026-03-01 10:56:34,USR94592,MCH7536,6837.0,UTR2265807557,,SUCCESS,TXN00019968,USR94592,MCH7536,UTR2265807557,0,0,1,0,0,0,0
TXN00012789,2026-03-26 00:00:00,USR69328,MCH1049,11378.12,UTR6212085626,9120,SUCCESS,TXN00012789,USR69328,MCH1049,UTR 6212085626,0,0,0,0,0,0,0
TXN00002776,2026-01-08 06:51:30,USR39850,MCH2538,10826.07,UTR6226026191,9120,FAILED,TXN00002776,USR39850,MCH2538,UTR6226026191,0,0,0,0,0,1,0
TXN00015141,2026-02-28 09:52:14,USR32061,MCH8341,17769.57,UTR0294780495,8120,SUCCESS,TXN00015141,USR32061,MCH8341,UTR0294780495,0,0,0,0,0,0,0
TXN00000024,2026-02-28 10:48:19,USR32776,MCH7424,9165.38,UTR2076212100,1310,SUCCESS,TXN00000024,USR32776,MCH7424,UTR2076212100,0,0,0,0,0,0,0
TXN00014290,2026-03-02 23:32:23,USR47915,MCH4371,6138.3,UTR2291409370,8120,SUCCESS,TXN00014290,USR47915,MCH4371,UTR 2291409370,0,0,0,0,0,0,0
TXN00009971,2026-01-26 08:45:45,USR21910,MCH9520,0.167503,UTR2819579787,4110,SUCCESS,TXN00009971,USR21910,MCH9520,UTR2819579787,0,0,0,0,0,0,0
TXN00005370,2026-03-24 04:29:59,USR34600,MCH1225,4269.86,UTR5587839807,9120,FAILED,TXN00005370,USR34600,MCH1225,UTR5587839807,0,0,0,0,0,1,0
TXN00004467,2026-01-19 00:50:14,USR15167,MCH3610,3333.91,UTR7880670265,4110,SUCCESS,TXN00004467,USR15167,MCH3610,UTR7880670265,0,0,0,0,0,0,0
TXN00000840,2026-02-13 16:44:18,USR50541,MCH2527,15810.28,UTR0776359283,8120,SUCCESS,TXN00000840,USR50541,MCH2527,UTR0776359283,0,0,0,0,0,0,0
TXN00006174,2026-03-07 16:56:14,USR94839,MCH6260,20912.63,UTR8938439354,4110,SUCCESS,TXN00006174,USR94839,MCH6260,UTR8938439354,0,0,0,0,0,0,0
TXN00017706,2026-01-19 05:57:48,USR14943,MCH5611,24309.41,,4110,SUCCESS,TXN00017706,USR14943,MCH5611,,0,1,0,0,0,0,0
TXN00014842,2026-07-01 18:44:32,USR54696,MCH4603,0.898416,UTR1705789553,,SUCCESS,TXN00014842,USR54696,MCH4603,UTR 1705789553,0,0,1,0,0,0,0
TXN00001105,2026-01-28 03:39:05,USR85069,MCH9299,24872.75,UTR2684140893,4110,SUCCESS,TXN00001105,USR85069,MCH9299,UTR2684140893,0,0,0,0,0,0,0
TXN00006554,2026-01-12 01:41:37,USR91797,MCH4319,222.3,UTR0045153711,8120,SUCCESS,TXN00006554,USR91797,MCH4319,UTR 0045153711,0,0,0,0,0,0,0
TXN00017835,2026-01-19 04:32:38,USR70278,MCH9726,10721.85,UTR8681788967,8120,FAILED,TXN00017835,USR70278,MCH9726,UTR8681788967,0,0,0,0,0,1,0
TXN00015619,2026-03-10 14:55:57,USR38859,MCH6773,24998.12,UTR8973808540,9120,FAILED,TXN00015619,USR38859,MCH6773,UTR8973808540,0,0,0,0,0,1,0
TXN00017383,2026-01-10 23:45:42,USR87078,MCH2219,5532.74,UTR9750731176,8120,SUCCESS,TXN00017383,USR87078,MCH2219,UTR9750731176,0,0,0,0,0,0,0
TXN00011073,2026-03-22 05:17:53,USR79352,MCH2081,9212.89,UTR3129646391,,SUCCESS,TXN00011073,USR79352,MCH2081,UTR3129646391,0,0,1,0,0,0,0
TXN00002826,2026-02-18 10:51:24,USR58497,MCH2226,21202.57,UTR5387764825,1310,FAILED,TXN00002826,USR58497,MCH2226,UTR 5387764825,0,0,0,0,0,1,0
TXN00001604,2026-01-06 10:46:02,USR26366,MCH1749,8881.36,UTR9690364724,4110,SUCCESS,TXN00001604,USR26366,MCH1749,UTR 9690364724,0,0,0,0,0,0,0
TXN00013941,2026-02-18 00:56:56,USR71613,MCH5559,3776.8,UTR7267644506,4110,SUCCESS,TXN00013941,USR71613,MCH5559,UTR7267644506,0,0,0,0,0,0,0
TXN00009001,2026-02-01 13:03:42,USR21093,MCH3338,22840.31,UTR6897157373,0110,SUCCESS,TXN00009001,USR21093,MCH3338,UTR6897157373,0,0,0,0,0,0,0
TXN00019827,2026-02-14 12:36:01,USR77503,MCH5880,6538.0,UTR4737839780,8120,SUCCESS,TXN00019827,USR77503,MCH5880,UTR4737839780,0,0,0,0,0,0,0
TXN00009605,2026-03-28 23:08:03,USR50568,MCH1217,16345.93,UTR7493853846,,FAILED,TXN00009605,USR50568,MCH1217,UTR7493853846,0,0,1,0,0,1,0
TXN00017715,2026-04-03 22:50:30,USR68113,MCH3256,7233.35,UTR9086907130,,SUCCESS,TXN00017715,USR68113,MCH3256,UTR9086907130,0,0,1,0,0,0,0
TXN00017031,2026-03-21 00:14:35,USR84727,MCH6069,0.1291275,UTR8244932383,0110,SUCCESS,TXN00017031,USR84727,MCH6069,UTR8244932383,0,0,0,0,0,0,0
TXN00001823,2026-03-07 02:20:46,USR82250,MCH2880,15379.17,UTR7342865663,1310,SUCCESS,TXN00001823,USR82250,MCH2880,UTR7342865663,0,0,0,0,0,0,0
TXN00012845,2026-01-15 03:14:09,USR24879,MCH8155,11248.69,UTR1093933357,8120,FAILED,TXN00012845,USR24879,MCH8155,UTR1093933357,0,0,0,0,0,1,0
TXN00012400,2026-01-09 18:13:59,USR62989,MCH6258,5768.25,UTR8058928803,0110,SUCCESS,TXN00012400,USR62989,MCH6258,UTR8058928803,0,0,0,0,0,0,0
TXN00015923,2026-01-23 06:30:14,USR99033,MCH5911,5960.67,UTR2495208883,4110,SUCCESS,TXN00015923,USR99033,MCH5911,UTR2495208883,0,0,0,0,0,0,0
TXN00010640,2026-03-20 14:46:34,USR39024,MCH8335,0.664595,UTR8702966550,4110,SUCCESS,TXN00010640,USR39024,MCH8335,UTR8702966550,0,0,0,0,0,0,0
TXN00004936,2026-09-01 08:53:25,USR43398,MCH7362,8797.73,UTR1238811168,8120,SUCCESS,TXN00004936,USR43398,MCH7362,UTR 1238811168,0,0,0,0,0,0,0
TXN00019137,2026-03-26 03:58:36,USR41701,MCH7058,6901.0,UTR5711092038,4110,SUCCESS,TXN00019137,USR41701,MCH7058,UTR5711092038,0,0,0,0,0,0,0
TXN00005927,2026-01-22 20:32:56,USR98000,MCH5337,19423.0,UTR7430052154,8120,SUCCESS,TXN00005927,USR98000,MCH5337,UTR7430052154,0,0,0,0,0,0,0
TXN00006300,2026-02-09 18:48:04,USR52975,MCH7144,7794.69,UTR4123709544,8120,SUCCESS,TXN00006300,USR52975,MCH7144,UTR4123709544,0,0,0,0,0,0,0
TXN00008452,2026-01-08 00:00:00,USR93079,MCH4031,2884.12,UTR3625956209,,SUCCESS,TXN00008452,USR93079,MCH4031,UTR3625956209,0,0,1,0,0,0,0
TXN00010708,2026-01-21 02:41:10,USR71879,MCH5617,13456.61,UTR2783003000,4110,SUCCESS,TXN00010708,USR71879,MCH5617,UTR2783003000,0,0,0,0,0,0,0
TXN00007573,2026-01-26 13:02:55,USR65213,MCH4859,3711.04,UTR6784385059,0110,SUCCESS,TXN00007573,USR65213,MCH4859,UTR6784385059,0,0,0,0,0,0,0
TXN00011129,2026-02-25 20:27:41,USR38968,MCH8894,11204.08,,4110,SUCCESS,TXN00011129,USR38968,MCH8894,,0,1,0,0,0,0,0
TXN00014380,2026-01-27 12:43:26,USR88309,MCH6518,900.0,UTR0066986240,0110,SUCCESS,TXN00014380,USR88309,MCH6518,UTR0066986240,0,0,0,0,0,0,0
TXN00008988,2026-01-22 14:35:20,USR93392,MCH9673,23565.82,UTR0205844390,1310,SUCCESS,TXN00008988,USR93392,MCH9673,UTR0205844390,0,0,0,0,0,0,0
TXN00008590,2026-02-25 22:43:08,USR26424,MCH8496,16771.97,UTR0564854390,0110,SUCCESS,TXN00008590,USR26424,MCH8496,UTR0564854390,0,0,0,0,0,0,0
TXN00003437,2026-02-09 08:51:39,USR74369,MCH1234,5729.6,UTR7445640406,4110,SUCCESS,TXN00003437,USR74369,MCH1234,UTR7445640406,0,0,0,0,0,0,0
TXN00015679,2026-03-01 20:03:06,USR59989,MCH1527,0.2287123,UTR5235316177,4110,SUCCESS,TXN00015679,USR59989,MCH1527,UTR5235316177,0,0,0,0,0,0,0
TXN00008385,2026-03-04 05:24:51,USR35589,MCH3818,6455.91,UTR3899043873,8120,SUCCESS,TXN00008385,USR35589,MCH3818,UTR3899043873,0,0,0,0,0,0,0
TXN00017490,2026-03-20 23:20:47,USR68010,MCH3975,23290.87,UTR8420733666,8120,PENDING,TXN00017490,USR68010,MCH3975,UTR8420733666,0,0,0,0,0,0,1
TXN00012478,2026-08-02 03:39:25,USR36682,MCH1823,9364.66,UTR0940763569,8120,SUCCESS,TXN00012478,USR36682,MCH1823,UTR0940763569,0,0,0,0,0,0,0
TXN00004718,2026-03-27 02:36:52,USR33936,MCH8216,24893.4,UTR4553878088,4110,SUCCESS,TXN00004718,USR33936,MCH8216,UTR4553878088,0,0,0,0,0,0,0
TXN00006964,2026-01-06 06:27:13,USR39076,MCH5561,16056.33,UTR4705613055,8120,SUCCESS,TXN00006964,USR39076,MCH5561,UTR4705613055,0,0,0,0,0,0,0
TXN00004335,2026-01-09 08:03:22,USR44076,MCH6037,9529.99,UTR0929265556,0110,SUCCESS,TXN00004335,USR44076,MCH6037,UTR0929265556,0,0,0,0,0,0,0
TXN00002717,2026-01-27 12:38:27,USR51820,MCH5869,16165.0,UTR8687721101,1310,SUCCESS,TXN00002717,USR51820,MCH5869,UTR8687721101,0,0,0,0,0,0,0
TXN00002844,2026-12-01 21:45:57,USR85009,MCH5120,23773.71,UTR6086130980,4110,SUCCESS,TXN00002844,USR85009,MCH5120,UTR6086130980,0,0,0,0,0,0,0
TXN00004201,2026-03-09 12:08:54,USR30394,MCH2925,21250.48,UTR9801146524,1310,SUCCESS,TXN00004201,USR30394,MCH2925,UTR9801146524,0,0,0,0,0,0,0
TXN00011672,2026-01-29 20:48:23,USR98403,MCH6481,3620.45,,,FAILED,TXN00011672,USR98403,MCH6481,,0,1,1,0,0,1,0
TXN00019098,2026-01-31 11:18:37,USR91395,MCH6219,15205.68,UTR1000719181,9120,SUCCESS,TXN00019098,USR91395,MCH6219,UTR1000719181,0,0,0,0,0,0,0
TXN00019397,2026-03-08 19:06:48,USR60510,MCH7157,19648.93,UTR6787691464,1310,SUCCESS,TXN00019397,USR60510,MCH7157,UTR6787691464,0,0,0,0,0,0,0
TXN00010538,2026-03-13 15:04:37,USR68240,MCH1231,2267.06,UTR7831294414,0110,SUCCESS,TXN00010538,USR68240,MCH1231,UTR7831294414,0,0,0,0,0,0,0
TXN00016871,2026-03-31 13:33:33,USR88604,MCH2907,16761.3,UTR4355814628,8120,FAILED,TXN00016871,USR88604,MCH2907,UTR4355814628,0,0,0,0,0,1,0
TXN00018719,2026-02-09 21:18:44,USR59428,MCH8472,0.629031,UTR3830524973,9120,SUCCESS,TXN00018719,USR59428,MCH8472,UTR3830524973,0,0,0,0,0,0,0
TXN00001805,2026-01-30 08:09:14,USR74814,MCH6888,8749.08,UTR9801314043,8120,SUCCESS,TXN00001805,USR74814,MCH6888,UTR9801314043,0,0,0,0,0,0,0
TXN00002763,2026-04-02 03:09:49,USR61287,MCH9622,15776.74,UTR9963011171,8120,FAILED,TXN00002763,USR61287,MCH9622,UTR9963011171,0,0,0,0,0,1,0
TXN00017330,2026-03-31 23:05:43,USR89717,MCH7370,6750.23,UTR1080241874,4110,SUCCESS,TXN00017330,USR89717,MCH7370,UTR1080241874,0,0,0,0,0,0,0
TXN00012267,2026-01-10 02:03:08,USR24557,MCH7453,994.36,UTR1429409463,1310,SUCCESS,TXN00012267,USR24557,MCH7453,UTR1429409463,0,0,0,0,0,0,0
TXN00004733,2026-01-30 15:53:17,USR48955,MCH5963,0.1810349,UTR5917054504,9120,SUCCESS,TXN00004733,USR48955,MCH5963,UTR5917054504,0,0,0,0,0,0,0
TXN00006034,2026-03-21 05:27:07,USR77291,MCH3231,0.584992,UTR6772810230,,SUCCESS,TXN00006034,USR77291,MCH3231,UTR6772810230,0,0,1,0,0,0,0
TXN00015971,2026-03-14 07:24:15,USR22073,MCH8039,22098.06,UTR8968262762,4110,SUCCESS,TXN00015971,USR22073,MCH8039,UTR 8968262762,0,0,0,0,0,0,0
TXN00019897,2026-01-17 07:41:59,USR91018,MCH3300,6770.67,UTR3647949982,4110,SUCCESS,TXN00019897,USR91018,MCH3300,UTR3647949982,0,0,0,0,0,0,0
TXN00002381,2026-03-07 20:44:18,USR91117,MCH7438,20562.34,UTR9316494373,4110,SUCCESS,TXN00002381,USR91117,MCH7438,UTR9316494373,0,0,0,0,0,0,0
TXN00003388,2026-03-14 17:18:14,USR59803,MCH7670,13937.86,UTR4444792774,1310,PENDING,TXN00003388,USR59803,MCH7670,UTR4444792774,0,0,0,0,0,0,1
TXN00009514,2026-01-12 10:08:46,USR72202,MCH5438,17458.4,UTR5460343584,1310,PENDING,TXN00009514,USR72202,MCH5438,UTR5460343584,0,0,0,0,0,0,1
TXN00002497,2026-02-05 17:07:53,USR67794,MCH4622,14436.2,UTR9240276314,,FAILED,TXN00002497,USR67794,MCH4622,UTR9240276314,0,0,1,0,0,1,0
TXN00013317,2026-01-20 18:05:20,USR35933,MCH4785,0.494922,UTR2645125284,1310,SUCCESS,TXN00013317,USR35933,MCH4785,UTR2645125284,0,0,0,0,0,0,0
TXN00018547,2026-01-06 18:23:35,USR60690,MCH7968,-11589.95,UTR5630304704,8120,SUCCESS,TXN00018547,USR60690,MCH7968,UTR5630304704,1,0,0,0,0,0,0
TXN00006114,2026-01-14 08:05:03,USR57977,MCH1341,0.1362517,,9120,SUCCESS,TXN00006114,USR57977,MCH1341,,0,1,0,0,0,0,0
TXN00006181,2026-03-27 03:31:24,USR76523,MCH7286,14841.48,,4110,SUCCESS,TXN00006181,USR76523,MCH7286,,0,1,0,0,0,0,0
TXN00010733,2026-02-24 06:04:34,USR97197,MCH6985,18916.25,UTR7136899041,4110,SUCCESS,TXN00010733,USR97197,MCH6985,UTR7136899041,0,0,0,0,0,0,0
TXN00008916,2026-02-21 17:53:25,USR17323,MCH1738,12077.53,UTR7569522485,8120,SUCCESS,TXN00008916,USR17323,MCH1738,UTR 7569522485,0,0,0,0,0,0,0
TXN00012221,2026-12-02 07:25:48,USR76496,MCH6339,1891.05,UTR3626420529,4110,SUCCESS,TXN00012221,USR76496,MCH6339,UTR3626420529,0,0,0,0,0,0,0
TXN00010576,2026-03-24 16:29:29,USR47254,MCH9579,22525.08,UTR8352821055,8120,SUCCESS,TXN00010576,USR47254,MCH9579,UTR8352821055,0,0,0,0,0,0,0
TXN00016560,2026-02-13 00:00:00,USR13110,MCH9396,0.1568987,UTR5516030055,8120,SUCCESS,TXN00016560,USR13110,MCH9396,UTR5516030055,0,0,0,0,0,0,0
TXN00015065,2026-03-07 02:36:51,USR98713,MCH9882,0.250945,UTR6711870768,,SUCCESS,TXN00015065,USR98713,MCH9882,UTR6711870768,0,0,1,0,0,0,0
TXN00001978,2026-02-21 12:17:13,USR32087,MCH7312,0.1074712,UTR9925660625,4110,SUCCESS,TXN00001978,USR32087,MCH7312,UTR9925660625,0,0,0,0,0,0,0
TXN00012367,2026-03-04 20:00:38,USR24746,MCH9032,20766.28,UTR1553890924,1310,SUCCESS,TXN00012367,USR24746,MCH9032,UTR1553890924,0,0,0,0,0,0,0
TXN00011346,2026-02-16 02:10:02,USR41081,MCH7952,23790.57,UTR5452106289,,SUCCESS,TXN00011346,USR41081,MCH7952,UTR5452106289,0,0,1,0,0,0,0
TXN00008391,2026-01-07 11:22:31,USR60151,MCH9587,15154.31,UTR6352279770,1310,SUCCESS,TXN00008391,USR60151,MCH9587,UTR6352279770,0,0,0,0,0,0,0
TXN00001722,2026-03-13 02:31:19,USR44494,MCH3269,0.304341,UTR7985475811,1310,SUCCESS,TXN00001722,USR44494,MCH3269,UTR7985475811,0,0,0,0,0,0,0
TXN00013312,2026-02-13 07:12:50,USR84425,MCH9575,11495.0,UTR1030693959,8120,SUCCESS,TXN00013312,USR84425,MCH9575,UTR1030693959,0,0,0,0,0,0,0
TXN00014661,2026-02-19 01:25:01,USR17546,MCH2074,21043.46,UTR3440776731,0110,SUCCESS,TXN00014661,USR17546,MCH2074,UTR3440776731,0,0,0,0,0,0,0
TXN00015069,2026-03-31 14:07:52,USR92304,MCH5632,3526.29,UTR7518439021,9120,SUCCESS,TXN00015069,USR92304,MCH5632,UTR7518439021,0,0,0,0,0,0,0
TXN00006869,2026-02-02 03:26:27,USR61745,MCH2863,14456.0,UTR6577397686,9120,SUCCESS,TXN00006869,USR61745,MCH2863,UTR6577397686,0,0,0,0,0,0,0
TXN00003892,2026-08-01 05:12:08,USR67185,MCH8778,0.1328704,UTR4215448906,4110,SUCCESS,TXN00003892,USR67185,MCH8778,UTR4215448906,0,0,0,0,0,0,0
TXN00013629,2026-03-24 07:15:57,USR22209,MCH2298,22320.91,UTR3672644347,,FAILED,TXN00013629,USR22209,MCH2298,UTR 3672644347,0,0,1,0,0,1,0
TXN00006993,2026-03-14 10:11:30,USR42935,MCH8504,0.600632,UTR6971255295,,FAILED,TXN00006993,USR42935,MCH8504,UTR6971255295,0,0,1,0,0,1,0
TXN00008514,2026-02-24 16:13:20,USR18619,MCH7561,17203.88,UTR5084680949,4110,SUCCESS,TXN00008514,USR18619,MCH7561,UTR5084680949,0,0,0,0,0,0,0
TXN00007993,2026-01-17 04:55:46,USR48728,MCH1107,6858.0,UTR8508816710,4110,SUCCESS,TXN00007993,USR48728,MCH1107,UTR8508816710,0,0,0,0,0,0,0
TXN00003508,2026-03-06 11:27:07,USR21321,MCH3077,11630.59,,1310,SUCCESS,TXN00003508,USR21321,MCH3077,,0,1,0,0,0,0,0
TXN00014024,2026-01-20 10:44:53,USR73197,MCH9029,0.542678,UTR2851638467,0110,SUCCESS,TXN00014024,USR73197,MCH9029,UTR2851638467,0,0,0,0,0,0,0
TXN00009217,2026-03-07 06:05:03,USR96282,MCH2663,13426.34,UTR9783160031,4110,SUCCESS,TXN00009217,USR96282,MCH2663,UTR9783160031,0,0,0,0,0,0,0
TXN00018683,2026-03-05 17:57:58,USR74780,MCH3532,15455.09,UTR9483947633,0110,SUCCESS,TXN00018683,USR74780,MCH3532,UTR9483947633,0,0,0,0,0,0,0
TXN00010308,2026-03-06 18:57:35,USR33631,MCH5976,5899.82,UTR1677287060,4110,PENDING,TXN00010308,USR33631,MCH5976,UTR1677287060,0,0,0,0,0,0,1
TXN00000345,2026-02-09 00:00:00,USR31435,MCH8116,9968.63,UTR1469746706,1310,FAILED,TXN00000345,USR31435,MCH8116,UTR1469746706,0,0,0,0,0,1,0
TXN00003820,2026-02-04 22:01:57,USR41296,MCH3710,11939.0,UTR3076422004,9120,SUCCESS,TXN00003820,USR41296,MCH3710,UTR3076422004,0,0,0,0,0,0,0
TXN00013477,2026-02-17 20:23:43,USR77506,MCH2602,2307.53,UTR7379012022,4110,SUCCESS,TXN00013477,USR77506,MCH2602,UTR7379012022,0,0,0,0,0,0,0
TXN00004765,2026-01-23 05:29:05,USR20749,MCH5345,13464.49,UTR1254577767,0110,SUCCESS,TXN00004765,USR20749,MCH5345,UTR1254577767,0,0,0,0,0,0,0
TXN00001465,2026-01-19 12:09:15,USR54204,MCH1734,0.2498535,UTR9932547537,9120,SUCCESS,TXN00001465,USR54204,MCH1734,UTR9932547537,0,0,0,0,0,0,0
TXN00005598,2026-02-23 19:10:31,USR27046,MCH1116,17065.97,UTR2287145233,0110,SUCCESS,TXN00005598,USR27046,MCH1116,UTR2287145233,0,0,0,0,0,0,0
TXN00015615,2026-01-25 04:28:19,USR27619,MCH1243,21792.0,UTR8391438538,0110,FAILED,TXN00015615,USR27619,MCH1243,UTR8391438538,0,0,0,0,0,1,0
TXN00003584,2026-07-01 16:49:34,USR63266,MCH8506,21496.0,UTR8504062999,4110,SUCCESS,TXN00003584,USR63266,MCH8506,UTR8504062999,0,0,0,0,0,0,0
TXN00011426,2026-03-13 23:39:43,USR10959,MCH3441,9132.49,UTR5719503330,4110,SUCCESS,TXN00011426,USR10959,MCH3441,UTR5719503330,0,0,0,0,0,0,0
TXN00017210,2026-02-23 00:00:00,USR36816,MCH3190,20814.28,UTR7403102083,1310,SUCCESS,TXN00017210,USR36816,MCH3190,UTR7403102083,0,0,0,0,0,0,0
TXN00013501,2026-03-08 06:04:08,USR81442,MCH4139,5657.0,UTR3527226531,1310,SUCCESS,TXN00013501,USR81442,MCH4139,UTR 3527226531,0,0,0,0,0,0,0
TXN00010382,2026-02-27 13:59:19,USR42017,MCH2462,17703.51,UTR2476492189,8120,SUCCESS,TXN00010382,USR42017,MCH2462,UTR2476492189,0,0,0,0,0,0,0
TXN00019515,2026-03-12 02:54:53,USR41460,MCH1528,0.1703204,UTR6278858901,,SUCCESS,TXN00019515,USR41460,MCH1528,UTR6278858901,0,0,1,0,0,0,0
TXN00012807,2026-03-20 13:26:42,USR84061,MCH6330,5934.56,UTR8019258241,1310,SUCCESS,TXN00012807,USR84061,MCH6330,UTR8019258241,0,0,0,0,0,0,0
TXN00005662,2026-01-22 23:10:57,USR48063,MCH1591,2650.2,UTR9007817995,8120,SUCCESS,TXN00005662,USR48063,MCH1591,UTR9007817995,0,0,0,0,0,0,0
TXN00019579,2026-03-20 22:25:03,USR66339,MCH1428,8708.74,UTR8905537447,8120,SUCCESS,TXN00019579,USR66339,MCH1428,UTR8905537447,0,0,0,0,0,0,0
TXN00017322,2026-03-01 14:44:07,USR68638,MCH7788,98.69,UTR9413621599,,SUCCESS,TXN00017322,USR68638,MCH7788,UTR9413621599,0,0,1,0,0,0,0
TXN00003400,2026-01-28 15:04:36,USR69596,MCH7863,0.1442179,UTR7323967447,4110,SUCCESS,TXN00003400,USR69596,MCH7863,UTR7323967447,0,0,0,0,0,0,0
TXN00018631,2026-03-29 02:30:12,USR69443,MCH2789,22876.98,UTR5440796512,4110,SUCCESS,TXN00018631,USR69443,MCH2789,UTR 5440796512,0,0,0,0,0,0,0
TXN00000161,2026-03-29 04:04:44,USR82300,MCH9004,9201.0,UTR5869520309,,SUCCESS,TXN00000161,USR82300,MCH9004,UTR5869520309,0,0,1,0,0,0,0
TXN00010191,2026-02-13 00:00:00,USR63806,MCH4677,15763.72,UTR5593850846,8120,SUCCESS,TXN00010191,USR63806,MCH4677,UTR 5593850846,0,0,0,0,0,0,0
TXN00007558,2026-01-06 01:17:30,USR15831,MCH6226,12702.36,UTR2881729570,4110,SUCCESS,TXN00007558,USR15831,MCH6226,UTR 2881729570,0,0,0,0,0,0,0
TXN00014782,2026-01-02 04:44:53,USR88478,MCH9029,0.2390609,UTR2108983598,0110,FAILED,TXN00014782,USR88478,MCH9029,UTR2108983598,0,0,0,0,0,1,0
TXN00017200,2026-03-03 07:21:51,USR98590,MCH8109,19764.8,UTR3179998043,0110,SUCCESS,TXN00017200,USR98590,MCH8109,UTR3179998043,0,0,0,0,0,0,0
TXN00011713,2026-02-14 00:05:57,USR91962,MCH2771,17242.21,UTR6140812578,0110,SUCCESS,TXN00011713,USR91962,MCH2771,UTR6140812578,0,0,0,0,0,0,0
TXN00000235,2026-01-01 01:19:57,USR31499,MCH4220,4889.12,UTR7361888279,9120,SUCCESS,TXN00000235,USR31499,MCH4220,UTR7361888279,0,0,0,0,0,0,0
TXN00010620,2026-01-22 14:14:41,USR31499,MCH4309,4328.01,UTR2126972422,,SUCCESS,TXN00010620,USR31499,MCH4309,UTR2126972422,0,0,1,0,0,0,0
TXN00019278,2026-03-19 13:47:10,USR66321,MCH4416,14004.51,UTR5215862594,1310,SUCCESS,TXN00019278,USR66321,MCH4416,UTR5215862594,0,0,0,0,0,0,0
TXN00011326,2026-03-16 00:00:00,USR74919,MCH2582,7850.24,UTR2978744836,8120,SUCCESS,TXN00011326,USR74919,MCH2582,UTR2978744836,0,0,0,0,0,0,0
TXN00005055,2026-02-08 22:13:21,USR10833,MCH1735,10911.79,UTR4674470456,8120,PENDING,TXN00005055,USR10833,MCH1735,UTR 4674470456,0,0,0,0,0,0,1
TXN00004270,2026-03-31 08:40:09,USR40816,MCH2979,23513.19,UTR0919989805,8120,SUCCESS,TXN00004270,USR40816,MCH2979,UTR0919989805,0,0,0,0,0,0,0
TXN00010428,2026-03-17 00:12:05,USR69621,MCH4412,20968.04,UTR4331520847,1310,SUCCESS,TXN00010428,USR69621,MCH4412,UTR 4331520847,0,0,0,0,0,0,0
TXN00008887,2026-01-13 19:03:04,USR71561,MCH4586,18124.52,UTR5130625517,9120,FAILED,TXN00008887,USR71561,MCH4586,UTR5130625517,0,0,0,0,0,1,0
TXN00018065,2026-03-27 01:04:13,USR64590,MCH4060,0.1463373,UTR3341932850,9120,SUCCESS,TXN00018065,USR64590,MCH4060,UTR3341932850,0,0,0,0,0,0,0
TXN00005363,2026-03-18 19:42:58,USR81758,MCH3742,13599.24,UTR6960444762,,SUCCESS,TXN00005363,USR81758,MCH3742,UTR6960444762,0,0,1,0,0,0,0
TXN00005876,2026-01-25 05:21:16,USR97597,MCH9422,6464.93,UTR7184390863,4110,SUCCESS,TXN00005876,USR97597,MCH9422,UTR7184390863,0,0,0,0,0,0,0
TXN00006219,2026-01-22 18:42:23,USR67208,MCH4869,9340.1,UTR5958651594,,SUCCESS,TXN00006219,USR67208,MCH4869,UTR5958651594,0,0,1,0,0,0,0
TXN00015985,2026-02-02 10:56:01,USR42281,MCH2329,13141.98,UTR7237473587,0110,SUCCESS,TXN00015985,USR42281,MCH2329,UTR 7237473587,0,0,0,0,0,0,0
TXN00007950,2026-02-25 12:00:43,USR61366,MCH3839,6979.01,UTR7555249492,4110,SUCCESS,TXN00007950,USR61366,MCH3839,UTR 7555249492,0,0,0,0,0,0,0
TXN00004600,2026-01-26 22:57:16,USR42804,MCH2458,6736.35,UTR7541888659,4110,SUCCESS,TXN00004600,USR42804,MCH2458,UTR7541888659,0,0,0,0,0,0,0
TXN00013248,2026-03-07 21:16:21,USR14147,MCH3054,4252.73,UTR0723969753,4110,SUCCESS,TXN00013248,USR14147,MCH3054,UTR 0723969753,0,0,0,0,0,0,0
TXN00002714,2026-03-26 01:27:22,USR18634,MCH4886,9299.76,UTR7423603119,8120,FAILED,TXN00002714,USR18634,MCH4886,UTR 7423603119,0,0,0,0,0,1,0
TXN00015550,2026-01-11 04:40:26,USR63017,MCH5403,0.202198,UTR6304310330,,SUCCESS,TXN00015550,USR63017,MCH5403,UTR6304310330,0,0,1,0,0,0,0
TXN00008097,2026-01-29 10:33:32,USR40681,MCH3566,2085.0,,4110,SUCCESS,TXN00008097,USR40681,MCH3566,,0,1,0,0,0,0,0
TXN00016195,2026-08-03 19:25:30,USR39677,MCH9763,24851.61,UTR6954254268,0110,SUCCESS,TXN00016195,USR39677,MCH9763,UTR6954254268,0,0,0,0,0,0,0
TXN00016061,2026-02-05 12:52:11,USR29282,MCH6433,-9071.8,UTR6010026552,9120,SUCCESS,TXN00016061,USR29282,MCH6433,UTR6010026552,1,0,0,0,0,0,0
TXN00017359,2026-01-09 22:18:18,USR67480,MCH4044,20135.89,UTR0709497035,,SUCCESS,TXN00017359,USR67480,MCH4044,UTR0709497035,0,0,1,0,0,0,0
TXN00019069,2026-03-30 19:15:18,USR30623,MCH2335,0.1026922,UTR7367662531,9120,SUCCESS,TXN00019069,USR30623,MCH2335,UTR7367662531,0,0,0,0,0,0,0
TXN00005322,2026-02-07 03:17:06,USR85605,MCH2511,6982.42,UTR2642214643,0110,SUCCESS,TXN00005322,USR85605,MCH2511,UTR2642214643,0,0,0,0,0,0,0
TXN00009588,2026-03-19 21:36:43,USR28386,MCH9243,10170.13,UTR3696333883,4110,SUCCESS,TXN00009588,USR28386,MCH9243,UTR 3696333883,0,0,0,0,0,0,0
TXN00005427,2026-02-01 10:00:59,USR48513,MCH7568,0.2458369,UTR0190134215,4110,SUCCESS,TXN00005427,USR48513,MCH7568,UTR0190134215,0,0,0,0,0,0,0
TXN00009369,2026-03-28 23:39:53,USR97864,MCH9539,19785.9,UTR7085372497,0110,SUCCESS,TXN00009369,USR97864,MCH9539,UTR7085372497,0,0,0,0,0,0,0
TXN00004827,2026-02-28 08:25:45,USR25725,MCH6142,17284.25,UTR5108361225,9120,SUCCESS,TXN00004827,USR25725,MCH6142,UTR5108361225,0,0,0,0,0,0,0
TXN00010986,2026-01-09 11:36:10,USR44339,MCH2705,5353.83,UTR5344952846,4110,SUCCESS,TXN00010986,USR44339,MCH2705,UTR5344952846,0,0,0,0,0,0,0
TXN00003399,2026-02-02 12:42:16,USR22321,MCH1462,6232.73,UTR8393620953,9120,SUCCESS,TXN00003399,USR22321,MCH1462,UTR8393620953,0,0,0,0,0,0,0
TXN00010782,2026-01-29 09:01:31,USR39207,MCH5001,12565.05,UTR2450069073,8120,SUCCESS,TXN00010782,USR39207,MCH5001,UTR2450069073,0,0,0,0,0,0,0
TXN00009699,2026-02-28 02:02:41,USR41779,MCH8156,13304.39,UTR7286802019,4110,FAILED,TXN00009699,USR41779,MCH8156,UTR7286802019,0,0,0,0,0,1,0
TXN00015449,2026-02-04 04:29:32,USR48462,MCH6629,10958.68,UTR9646845484,0110,SUCCESS,TXN00015449,USR48462,MCH6629,UTR9646845484,0,0,0,0,0,0,0
TXN00014369,2026-01-29 13:24:24,USR27728,MCH6304,24052.26,UTR2801053268,8120,FAILED,TXN00014369,USR27728,MCH6304,UTR2801053268,0,0,0,0,0,1,0
TXN00006004,2026-02-20 05:22:53,USR87667,MCH6982,15331.77,UTR6279538332,8120,SUCCESS,TXN00006004,USR87667,MCH6982,UTR6279538332,0,0,0,0,0,0,0
TXN00014487,2026-03-16 12:30:35,USR21818,MCH3913,1007.91,UTR4010693377,,SUCCESS,TXN00014487,USR21818,MCH3913,UTR4010693377,0,0,1,0,0,0,0
TXN00015974,2026-01-28 16:50:12,USR60285,MCH7593,12792.76,UTR6892553168,1310,FAILED,TXN00015974,USR60285,MCH7593,UTR6892553168,0,0,0,0,0,1,0
TXN00014887,2026-01-08 17:58:13,USR77543,MCH8101,10939.66,UTR7479872101,8120,FAILED,TXN00014887,USR77543,MCH8101,UTR7479872101,0,0,0,0,0,1,0
TXN00005585,2026-03-05 11:04:49,USR29383,MCH8189,11489.0,UTR2774524127,0110,SUCCESS,TXN00005585,USR29383,MCH8189,UTR2774524127,0,0,0,0,0,0,0
TXN00001229,2026-09-01 06:29:09,USR52920,MCH8034,24599.6,UTR5403774250,9120,SUCCESS,TXN00001229,USR52920,MCH8034,UTR5403774250,0,0,0,0,0,0,0
TXN00007875,2026-02-20 04:42:48,USR38500,MCH3062,0.1339269,UTR2163090456,,FAILED,TXN00007875,USR38500,MCH3062,UTR2163090456,0,0,1,0,0,1,0
TXN00009507,2026-01-28 19:45:01,USR84256,MCH5520,2222.17,UTR7964360933,1310,SUCCESS,TXN00009507,USR84256,MCH5520,UTR7964360933,0,0,0,0,0,0,0
TXN00004615,2026-03-05 16:20:56,USR13904,MCH7560,6221.01,UTR1442174888,0110,SUCCESS,TXN00004615,USR13904,MCH7560,UTR1442174888,0,0,0,0,0,0,0
TXN00018154,2026-01-11 09:26:31,USR27387,MCH7427,4169.14,UTR0070929153,9120,SUCCESS,TXN00018154,USR27387,MCH7427,UTR0070929153,0,0,0,0,0,0,0
TXN00018449,2026-01-01 12:12:05,USR55384,MCH3059,4813.88,UTR8296076903,0110,SUCCESS,TXN00018449,USR55384,MCH3059,UTR8296076903,0,0,0,0,0,0,0
TXN00011549,2026-11-01 14:52:42,USR32500,MCH7857,13709.61,UTR9158277827,4110,FAILED,TXN00011549,USR32500,MCH7857,UTR9158277827,0,0,0,0,0,1,0
TXN00006321,2026-02-17 00:00:00,USR39301,MCH8662,15456.39,UTR9915889859,4110,SUCCESS,TXN00006321,USR39301,MCH8662,UTR9915889859,0,0,0,0,0,0,0
TXN00009520,2026-01-02 11:33:02,USR73422,MCH8654,9893.27,,9120,SUCCESS,TXN00009520,USR73422,MCH8654,,0,1,0,0,0,0,0
TXN00011176,2026-01-27 08:32:42,USR15598,MCH8709,13867.27,,,SUCCESS,TXN00011176,USR15598,MCH8709,,0,1,1,0,0,0,0
TXN00010134,2026-03-04 00:27:59,USR99537,MCH8669,11513.43,UTR1711258498,,SUCCESS,TXN00010134,USR99537,MCH8669,UTR1711258498,0,0,1,0,0,0,0
TXN00016102,2026-03-17 16:04:07,USR90418,MCH7607,1128.86,UTR0916024952,9120,SUCCESS,TXN00016102,USR90418,MCH7607,UTR0916024952,0,0,0,0,0,0,0
TXN00010800,2026-01-18 08:39:42,USR23320,MCH9911,2432.82,UTR8936994645,1310,SUCCESS,TXN00010800,USR23320,MCH9911,UTR8936994645,0,0,0,0,0,0,0
TXN00014294,2026-03-30 23:07:30,USR85011,MCH6269,1638.0,UTR2247978194,8120,SUCCESS,TXN00014294,USR85011,MCH6269,UTR2247978194,0,0,0,0,0,0,0
TXN00010879,2026-03-11 02:38:33,USR79327,MCH5960,2514.79,UTR5694887665,0110,FAILED,TXN00010879,USR79327,MCH5960,UTR5694887665,0,0,0,0,0,1,0
TXN00002200,2026-03-31 10:27:50,USR43619,MCH4784,9516.21,UTR4565895326,1310,SUCCESS,TXN00002200,USR43619,MCH4784,UTR4565895326,0,0,0,0,0,0,0
TXN00010612,2026-02-11 13:34:10,USR93887,MCH7376,18799.39,UTR7226967976,1310,SUCCESS,TXN00010612,USR93887,MCH7376,UTR7226967976,0,0,0,0,0,0,0
TXN00008191,2026-03-14 20:57:13,USR87022,MCH5847,21836.05,UTR5995077817,,SUCCESS,TXN00008191,USR87022,MCH5847,UTR5995077817,0,0,1,0,0,0,0
TXN00011434,2026-01-20 10:38:51,USR45666,MCH8967,11615.43,UTR6845897691,4110,SUCCESS,TXN00011434,USR45666,MCH8967,UTR6845897691,0,0,0,0,0,0,0
TXN00017880,2026-01-10 16:59:57,USR70929,MCH4706,10486.73,UTR1455009160,,SUCCESS,TXN00017880,USR70929,MCH4706,UTR1455009160,0,0,1,0,0,0,0
TXN00015978,2026-02-28 21:17:53,USR83756,MCH2511,20876.0,UTR3767401581,1310,SUCCESS,TXN00015978,USR83756,MCH2511,UTR3767401581,0,0,0,0,0,0,0
TXN00015112,2026-01-19 06:26:10,USR57880,MCH2972,18608.44,UTR8650461480,4110,SUCCESS,TXN00015112,USR57880,MCH2972,UTR8650461480,0,0,0,0,0,0,0
TXN00000843,2026-01-25 00:06:37,USR29672,MCH9861,4459.12,UTR0357164546,0110,SUCCESS,TXN00000843,USR29672,MCH9861,UTR0357164546,0,0,0,0,0,0,0
TXN00009752,2026-01-01 18:55:09,USR35259,MCH3808,2670.98,UTR0888254231,4110,SUCCESS,TXN00009752,USR35259,MCH3808,UTR0888254231,0,0,0,0,0,0,0
TXN00004411,2026-03-19 14:58:31,USR62099,MCH7507,1928.18,UTR6742068122,4110,SUCCESS,TXN00004411,USR62099,MCH7507,UTR 6742068122,0,0,0,0,0,0,0
TXN00015591,2026-02-09 00:00:00,USR60393,MCH5419,16423.28,UTR1180417977,8120,SUCCESS,TXN00015591,USR60393,MCH5419,UTR1180417977,0,0,0,0,0,0,0
TXN00018294,2026-01-14 12:36:02,USR88343,MCH7433,11531.72,UTR9271179617,1310,SUCCESS,TXN00018294,USR88343,MCH7433,UTR9271179617,0,0,0,0,0,0,0
TXN00018701,2026-02-05 15:01:02,USR59098,MCH3923,0.900049,UTR8121912259,8120,SUCCESS,TXN00018701,USR59098,MCH3923,UTR8121912259,0,0,0,0,0,0,0
TXN00015349,2026-03-14 08:48:46,USR65145,MCH7179,5699.89,UTR2100214651,,SUCCESS,TXN00015349,USR65145,MCH7179,UTR2100214651,0,0,1,0,0,0,0
TXN00017006,2026-01-13 04:56:32,USR28769,MCH1304,21645.7,UTR2789102090,8120,SUCCESS,TXN00017006,USR28769,MCH1304,UTR2789102090,0,0,0,0,0,0,0
TXN00008485,2026-01-11 00:00:00,USR99965,MCH1568,18017.45,UTR7198719623,0110,SUCCESS,TXN00008485,USR99965,MCH1568,UTR7198719623,0,0,0,0,0,0,0
TXN00010133,2026-01-08 08:25:36,USR90458,MCH6874,15602.4,UTR4265292015,0110,FAILED,TXN00010133,USR90458,MCH6874,UTR4265292015,0,0,0,0,0,1,0
TXN00008264,2026-01-24 14:26:21,USR17722,MCH4413,559.44,UTR5206327220,,SUCCESS,TXN00008264,USR17722,MCH4413,UTR5206327220,0,0,1,0,0,0,0
TXN00017739,2026-01-09 03:53:23,USR44407,MCH1119,8346.65,UTR2145612532,4110,SUCCESS,TXN00017739,USR44407,MCH1119,UTR2145612532,0,0,0,0,0,0,0
TXN00000123,2026-01-02 11:38:00,USR84060,MCH7119,7956.91,UTR7469255654,4110,PENDING,TXN00000123,USR84060,MCH7119,UTR7469255654,0,0,0,0,0,0,1
TXN00008906,2026-03-30 06:07:42,USR31260,MCH6785,15673.33,UTR7097502257,8120,SUCCESS,TXN00008906,USR31260,MCH6785,UTR7097502257,0,0,0,0,0,0,0
TXN00004635,2026-03-02 22:54:35,USR60760,MCH2220,3441.13,UTR2073688259,4110,SUCCESS,TXN00004635,USR60760,MCH2220,UTR2073688259,0,0,0,0,0,0,0
TXN00017147,2026-03-07 08:54:16,USR27949,MCH7495,18325.99,UTR8583988793,1310,SUCCESS,TXN00017147,USR27949,MCH7495,UTR8583988793,0,0,0,0,0,0,0
TXN00000636,2026-03-06 01:59:19,USR53785,MCH8283,11190.84,UTR4598423921,0110,SUCCESS,TXN00000636,USR53785,MCH8283,UTR4598423921,0,0,0,0,0,0,0
TXN00012215,2026-03-22 13:04:58,USR60849,MCH6705,15879.0,UTR0509454191,4110,SUCCESS,TXN00012215,USR60849,MCH6705,UTR0509454191,0,0,0,0,0,0,0
TXN00015394,2026-03-15 02:35:22,USR44525,MCH4849,20216.57,UTR3520913999,4110,SUCCESS,TXN00015394,USR44525,MCH4849,UTR3520913999,0,0,0,0,0,0,0
TXN00016491,2026-05-02 00:51:40,USR40063,MCH9116,781.39,UTR1686761928,,SUCCESS,TXN00016491,USR40063,MCH9116,UTR1686761928,0,0,1,0,0,0,0
TXN00002076,2026-03-16 12:14:50,USR48398,MCH3650,21766.0,UTR6609063684,4110,SUCCESS,TXN00002076,USR48398,MCH3650,UTR6609063684,0,0,0,0,0,0,0
TXN00018283,2026-01-04 07:25:13,USR17760,MCH4473,2201.54,UTR4898492599,0110,SUCCESS,TXN00018283,USR17760,MCH4473,UTR4898492599,0,0,0,0,0,0,0
TXN00000795,2026-03-25 12:58:18,USR26849,MCH6538,463.0,UTR2374337279,4110,SUCCESS,TXN00000795,USR26849,MCH6538,UTR2374337279,0,0,0,0,0,0,0
TXN00008134,2026-04-03 23:00:51,USR56990,MCH3773,9346.41,UTR4961970133,,PENDING,TXN00008134,USR56990,MCH3773,UTR4961970133,0,0,1,0,0,0,1
TXN00009404,2026-02-21 20:56:48,USR40974,MCH1068,7529.97,UTR3767290880,4110,PENDING,TXN00009404,USR40974,MCH1068,UTR3767290880,0,0,0,0,0,0,1
TXN00007201,2026-02-27 05:52:09,USR87460,MCH4960,9231.75,UTR7896226552,4110,SUCCESS,TXN00007201,USR87460,MCH4960,UTR 7896226552,0,0,0,0,0,0,0
TXN00000900,2026-07-02 20:44:05,USR86765,MCH1843,0.214686,UTR7526771838,9120,SUCCESS,TXN00000900,USR86765,MCH1843,UTR7526771838,0,0,0,0,0,0,0
TXN00004838,2026-03-27 00:49:30,USR27427,MCH2645,10343.78,UTR3055350771,4110,SUCCESS,TXN00004838,USR27427,MCH2645,UTR3055350771,0,0,0,0,0,0,0
TXN00009871,2026-03-13 00:02:11,USR96856,MCH5316,0.715864,UTR2983662273,,SUCCESS,TXN00009871,USR96856,MCH5316,UTR2983662273,0,0,1,0,0,0,0
TXN00008803,2026-01-29 09:33:50,USR39968,MCH7520,12024.85,UTR8598651996,1310,SUCCESS,TXN00008803,USR39968,MCH7520,UTR8598651996,0,0,0,0,0,0,0
TXN00014743,2026-03-10 00:00:00,USR10317,MCH6444,20149.58,UTR8593732188,9120,SUCCESS,TXN00014743,USR10317,MCH6444,UTR8593732188,0,0,0,0,0,0,0
TXN00010156,2026-01-06 19:56:48,USR51488,MCH7771,10432.21,UTR5450017772,,SUCCESS,TXN00010156,USR51488,MCH7771,UTR5450017772,0,0,1,0,0,0,0
TXN00000513,2026-02-23 17:06:16,USR27008,MCH4243,23319.0,UTR2296601086,1310,PENDING,TXN00000513,USR27008,MCH4243,UTR2296601086,0,0,0,0,0,0,1
TXN00008409,2026-02-17 13:34:19,USR53982,MCH8913,12747.98,UTR4870444342,9120,SUCCESS,TXN00008409,USR53982,MCH8913,UTR4870444342,0,0,0,0,0,0,0
TXN00017255,2026-03-16 19:08:33,USR16542,MCH7513,14145.18,UTR2216360818,,SUCCESS,TXN00017255,USR16542,MCH7513,UTR2216360818,0,0,1,0,0,0,0
TXN00016224,2026-01-15 00:00:00,USR42905,MCH6646,12931.0,UTR3416613035,8120,SUCCESS,TXN00016224,USR42905,MCH6646,UTR3416613035,0,0,0,0,0,0,0
TXN00015894,2026-01-19 03:24:57,USR96934,MCH3795,14703.0,UTR3404613933,0110,SUCCESS,TXN00015894,USR96934,MCH3795,UTR3404613933,0,0,0,0,0,0,0
TXN00000868,2026-02-07 04:32:12,USR82520,MCH4872,4556.38,UTR5108586937,1310,FAILED,TXN00000868,USR82520,MCH4872,UTR5108586937,0,0,0,0,0,1,0
TXN00008515,2026-02-22 23:24:04,USR16310,MCH6794,7989.73,UTR2000292798,8120,SUCCESS,TXN00008515,USR16310,MCH6794,UTR2000292798,0,0,0,0,0,0,0
TXN00011855,2026-03-17 01:39:55,USR41348,MCH6252,14091.13,UTR5370292704,1310,FAILED,TXN00011855,USR41348,MCH6252,UTR5370292704,0,0,0,0,0,1,0
TXN00004207,2026-01-31 23:38:40,USR46564,MCH5562,14643.24,UTR9565366852,4110,SUCCESS,TXN00004207,USR46564,MCH5562,UTR9565366852,0,0,0,0,0,0,0
TXN00003890,2026-03-23 11:10:16,USR12686,MCH5195,10086.23,UTR1162036031,9120,SUCCESS,TXN00003890,USR12686,MCH5195,UTR1162036031,0,0,0,0,0,0,0
TXN00001449,2026-01-15 22:46:43,USR34608,MCH2662,23615.91,UTR6816110299,1310,FAILED,TXN00001449,USR34608,MCH2662,UTR 6816110299,0,0,0,0,0,1,0
TXN00018045,2026-02-04 10:21:10,USR80314,MCH6654,21115.46,UTR3469800755,4110,SUCCESS,TXN00018045,USR80314,MCH6654,UTR3469800755,0,0,0,0,0,0,0
TXN00019160,2026-11-01 11:07:35,USR81010,MCH9123,5839.11,UTR8860889657,4110,SUCCESS,TXN00019160,USR81010,MCH9123,UTR8860889657,0,0,0,0,0,0,0
TXN00001954,2026-02-11 09:17:22,USR75494,MCH1895,18394.22,UTR9034043015,4110,FAILED,TXN00001954,USR75494,MCH1895,UTR9034043015,0,0,0,0,0,1,0
TXN00016398,2026-03-06 05:56:47,USR78906,MCH2382,24348.78,UTR3180185634,8120,SUCCESS,TXN00016398,USR78906,MCH2382,UTR3180185634,0,0,0,0,0,0,0
TXN00004725,2026-02-06 02:27:31,USR46243,MCH6435,5498.68,UTR2522177903,9120,FAILED,TXN00004725,USR46243,MCH6435,UTR2522177903,0,0,0,0,0,1,0
TXN00018707,2026-01-24 00:00:00,USR88769,MCH9908,8587.32,UTR5995473084,8120,SUCCESS,TXN00018707,USR88769,MCH9908,UTR5995473084,0,0,0,0,0,0,0
TXN00015759,2026-02-04 12:56:37,USR67778,MCH6232,2934.87,UTR8394261469,4110,SUCCESS,TXN00015759,USR67778,MCH6232,UTR8394261469,0,0,0,0,0,0,0
TXN00016935,2026-07-03 00:23:04,USR81754,MCH1997,0.417697,UTR1046822617,0110,FAILED,TXN00016935,USR81754,MCH1997,UTR1046822617,0,0,0,0,0,1,0
TXN00003067,2026-03-27 00:00:00,USR36422,MCH1439,388.0,UTR8170721670,8120,SUCCESS,TXN00003067,USR36422,MCH1439,UTR8170721670,0,0,0,0,0,0,0
TXN00008885,2026-02-13 00:00:00,USR99887,MCH1684,20262.72,UTR6792344160,0110,SUCCESS,TXN00008885,USR99887,MCH1684,UTR6792344160,0,0,0,0,0,0,0
TXN00007610,2026-03-01 17:29:47,USR90398,MCH8667,5288.09,UTR6730328824,4110,SUCCESS,TXN00007610,USR90398,MCH8667,UTR6730328824,0,0,0,0,0,0,0
TXN00011365,2026-01-31 12:19:34,USR14602,MCH8360,6109.92,UTR9392572816,9120,SUCCESS,TXN00011365,USR14602,MCH8360,UTR9392572816,0,0,0,0,0,0,0
TXN00012315,2026-03-10 17:04:33,USR31268,MCH9996,17108.4,UTR4757702385,4110,SUCCESS,TXN00012315,USR31268,MCH9996,UTR4757702385,0,0,0,0,0,0,0
TXN00016132,2026-01-12 13:31:51,USR48867,MCH7256,23257.06,UTR4934370204,0110,SUCCESS,TXN00016132,USR48867,MCH7256,UTR4934370204,0,0,0,0,0,0,0
TXN00019449,2026-02-08 15:36:55,USR76672,MCH8080,4810.52,UTR7451321161,9120,SUCCESS,TXN00019449,USR76672,MCH8080,UTR7451321161,0,0,0,0,0,0,0
TXN00016908,2026-02-15 23:07:27,USR90514,MCH9057,1564.98,UTR1117365830,,SUCCESS,TXN00016908,USR90514,MCH9057,UTR1117365830,0,0,1,0,0,0,0
TXN00006633,2026-03-12 00:00:00,USR84301,MCH2571,16647.47,UTR1005525419,4110,SUCCESS,TXN00006633,USR84301,MCH2571,UTR1005525419,0,0,0,0,0,0,0
TXN00004184,2026-03-02 05:09:09,USR24973,MCH3761,7887.83,UTR2989549044,1310,SUCCESS,TXN00004184,USR24973,MCH3761,UTR 2989549044,0,0,0,0,0,0,0
TXN00011135,2026-01-06 16:20:20,USR76137,MCH3529,14084.32,UTR3688796490,4110,SUCCESS,TXN00011135,USR76137,MCH3529,UTR3688796490,0,0,0,0,0,0,0
TXN00006141,2026-03-17 02:29:02,USR45195,MCH5747,11664.7,UTR2312824383,4110,SUCCESS,TXN00006141,USR45195,MCH5747,UTR2312824383,0,0,0,0,0,0,0
TXN00011028,2026-03-29 03:50:51,USR97817,MCH8054,11734.46,UTR3861182093,0110,SUCCESS,TXN00011028,USR97817,MCH8054,UTR3861182093,0,0,0,0,0,0,0
TXN00015410,2026-01-04 19:12:36,USR29973,MCH4217,7756.95,UTR1654816991,4110,SUCCESS,TXN00015410,USR29973,MCH4217,UTR1654816991,0,0,0,0,0,0,0
TXN00001569,2026-01-31 17:52:26,USR64920,MCH1688,15600.24,UTR0565507503,0110,SUCCESS,TXN00001569,USR64920,MCH1688,UTR0565507503,0,0,0,0,0,0,0
TXN00001606,2026-02-04 19:16:48,USR89958,MCH1576,-12981.3,UTR5066512907,4110,SUCCESS,TXN00001606,USR89958,MCH1576,UTR5066512907,1,0,0,0,0,0,0
TXN00002896,2026-01-09 08:53:47,USR89309,MCH9166,21898.32,UTR7610040327,0110,SUCCESS,TXN00002896,USR89309,MCH9166,UTR7610040327,0,0,0,0,0,0,0
TXN00007458,2026-03-13 23:34:23,USR82914,MCH3103,0.101236,UTR9769827066,,SUCCESS,TXN00007458,USR82914,MCH3103,UTR9769827066,0,0,1,0,0,0,0
TXN00009050,2026-02-12 16:14:05,USR45160,MCH9521,0.1292323,UTR5632042453,0110,SUCCESS,TXN00009050,USR45160,MCH9521,UTR5632042453,0,0,0,0,0,0,0
TXN00005747,2026-02-20 10:57:40,USR84643,MCH4220,16861.0,UTR8620117671,,SUCCESS,TXN00005747,USR84643,MCH4220,UTR8620117671,0,0,1,0,0,0,0
TXN00017479,2026-03-25 11:44:30,USR51817,MCH4391,17262.93,UTR4921622766,1310,SUCCESS,TXN00017479,USR51817,MCH4391,UTR4921622766,0,0,0,0,0,0,0
TXN00007724,2026-01-31 11:22:35,USR31510,MCH3043,18708.49,UTR3227743605,1310,SUCCESS,TXN00007724,USR31510,MCH3043,UTR3227743605,0,0,0,0,0,0,0
TXN00009931,2026-02-26 03:09:58,USR69807,MCH4934,-20582.43,UTR5777157567,1310,SUCCESS,TXN00009931,USR69807,MCH4934,UTR5777157567,1,0,0,0,0,0,0
TXN00010224,2026-01-22 22:15:40,USR94712,MCH8646,6517.33,UTR5725655180,8120,SUCCESS,TXN00010224,USR94712,MCH8646,UTR5725655180,0,0,0,0,0,0,0
TXN00008025,2026-02-21 03:23:54,USR14570,MCH4065,5759.81,UTR7499154215,1310,FAILED,TXN00008025,USR14570,MCH4065,UTR7499154215,0,0,0,0,0,1,0
TXN00002094,2026-01-30 23:59:11,USR47643,MCH2829,-13088.01,UTR7728100900,,SUCCESS,TXN00002094,USR47643,MCH2829,UTR7728100900,1,0,1,0,0,0,0
TXN00002479,2026-01-24 01:29:07,USR71547,MCH9666,3129.27,UTR3461584191,,SUCCESS,TXN00002479,USR71547,MCH9666,UTR3461584191,0,0,1,0,0,0,0
TXN00014818,2026-03-12 15:33:08,USR90729,MCH5129,9074.79,UTR5062987270,1310,SUCCESS,TXN00014818,USR90729,MCH5129,UTR5062987270,0,0,0,0,0,0,0
TXN00004077,2026-02-23 16:40:16,USR93889,MCH7548,10732.27,UTR0434752104,4110,SUCCESS,TXN00004077,USR93889,MCH7548,UTR0434752104,0,0,0,0,0,0,0
TXN00019732,2026-03-25 08:48:22,USR64213,MCH5355,11700.07,UTR5147682873,4110,FAILED,TXN00019732,USR64213,MCH5355,UTR5147682873,0,0,0,0,0,1,0
TXN00018831,2026-01-16 18:45:58,USR20088,MCH9782,-22251.28,UTR3190666272,4110,SUCCESS,TXN00018831,USR20088,MCH9782,UTR3190666272,1,0,0,0,0,0,0
TXN00007135,2026-02-12 08:14:33,USR81287,MCH5959,12166.0,UTR5280457175,1310,SUCCESS,TXN00007135,USR81287,MCH5959,UTR5280457175,0,0,0,0,0,0,0
TXN00018672,2026-02-28 11:43:51,USR38497,MCH9812,24781.75,UTR6803269245,,SUCCESS,TXN00018672,USR38497,MCH9812,UTR6803269245,0,0,1,0,0,0,0
TXN00008250,2026-01-22 03:29:00,USR31091,MCH7373,19947.08,UTR4090190758,4110,SUCCESS,TXN00008250,USR31091,MCH7373,UTR4090190758,0,0,0,0,0,0,0
TXN00011489,2026-01-15 19:54:07,USR35220,MCH1964,19030.15,UTR6785847123,4110,PENDING,TXN00011489,USR35220,MCH1964,UTR6785847123,0,0,0,0,0,0,1
TXN00017683,2026-01-31 10:10:46,USR46674,MCH7338,0.1764409,UTR9754365213,8120,FAILED,TXN00017683,USR46674,MCH7338,UTR9754365213,0,0,0,0,0,1,0
TXN00002587,2026-03-23 01:36:18,USR46915,MCH8133,1803.68,UTR1493785066,8120,SUCCESS,TXN00002587,USR46915,MCH8133,UTR1493785066,0,0,0,0,0,0,0
TXN00000575,2026-03-29 06:38:46,USR30434,MCH4887,21560.47,UTR5803806058,0110,FAILED,TXN00000575,USR30434,MCH4887,UTR5803806058,0,0,0,0,0,1,0
TXN00003733,2026-02-22 05:27:49,USR86491,MCH9051,11173.4,UTR6437636116,1310,SUCCESS,TXN00003733,USR86491,MCH9051,UTR6437636116,0,0,0,0,0,0,0
TXN00004914,2026-01-20 17:29:04,USR72499,MCH2196,4894.5,UTR5154968996,4110,SUCCESS,TXN00004914,USR72499,MCH2196,UTR5154968996,0,0,0,0,0,0,0
TXN00016151,2026-03-21 22:41:05,USR97155,MCH1916,24396.0,UTR9891001777,8120,SUCCESS,TXN00016151,USR97155,MCH1916,UTR9891001777,0,0,0,0,0,0,0
TXN00002611,2026-02-18 12:41:11,USR11762,MCH9905,20985.07,UTR6020947354,4110,SUCCESS,TXN00002611,USR11762,MCH9905,UTR6020947354,0,0,0,0,0,0,0
TXN00014881,2026-03-30 15:22:39,USR80317,MCH2681,20472.63,,4110,FAILED,TXN00014881,USR80317,MCH2681,,0,1,0,0,0,1,0
TXN00005700,2026-03-24 00:00:00,USR18498,MCH7669,7313.3,UTR9156352682,4110,SUCCESS,TXN00005700,USR18498,MCH7669,UTR9156352682,0,0,0,0,0,0,0
TXN00016605,2026-01-06 10:28:55,USR83178,MCH5005,5386.1,UTR3034251839,1310,SUCCESS,TXN00016605,USR83178,MCH5005,UTR3034251839,0,0,0,0,0,0,0
TXN00003346,2026-01-01 12:04:25,USR43218,MCH9597,17912.76,UTR5672246844,1310,SUCCESS,TXN00003346,USR43218,MCH9597,UTR 5672246844,0,0,0,0,0,0,0
TXN00016023,2026-03-30 13:31:33,USR47963,MCH1383,2770.0,UTR5272131807,1310,SUCCESS,TXN00016023,USR47963,MCH1383,UTR5272131807,0,0,0,0,0,0,0
TXN00005860,2026-02-19 04:55:06,USR10128,MCH1174,-14669.18,UTR5010910907,,FAILED,TXN00005860,USR10128,MCH1174,UTR5010910907,1,0,1,0,0,1,0
TXN00002318,2026-01-09 18:24:21,USR47023,MCH6697,9870.46,UTR6696349145,4110,SUCCESS,TXN00002318,USR47023,MCH6697,UTR 6696349145,0,0,0,0,0,0,0
TXN00014131,2026-01-04 03:03:08,USR42620,MCH2285,729.75,,4110,SUCCESS,TXN00014131,USR42620,MCH2285,,0,1,0,0,0,0,0
TXN00013793,2026-03-13 07:42:35,USR12132,MCH9504,0.1572523,UTR6175198513,1310,SUCCESS,TXN00013793,USR12132,MCH9504,UTR 6175198513,0,0,0,0,0,0,0
TXN00013410,2026-01-17 20:22:05,USR95172,MCH4040,21011.0,UTR0913552256,9120,FAILED,TXN00013410,USR95172,MCH4040,UTR0913552256,0,0,0,0,0,1,0
TXN00015064,2026-03-29 03:21:06,USR42927,MCH4436,6001.21,UTR4104528150,0110,SUCCESS,TXN00015064,USR42927,MCH4436,UTR4104528150,0,0,0,0,0,0,0
TXN00000908,2026-02-23 00:34:49,USR93087,MCH2761,8552.02,UTR8553509572,9120,SUCCESS,TXN00000908,USR93087,MCH2761,UTR8553509572,0,0,0,0,0,0,0
TXN00018455,2026-03-25 22:24:37,USR17402,MCH2426,21779.59,UTR1872892976,8120,SUCCESS,TXN00018455,USR17402,MCH2426,UTR1872892976,0,0,0,0,0,0,0
TXN00018911,2026-03-26 14:08:03,USR56826,MCH9706,11632.57,UTR0478250074,0110,SUCCESS,TXN00018911,USR56826,MCH9706,UTR0478250074,0,0,0,0,0,0,0
TXN00016532,2026-03-26 12:21:30,USR35459,MCH5005,15783.04,UTR4805987862,8120,SUCCESS,TXN00016532,USR35459,MCH5005,UTR4805987862,0,0,0,0,0,0,0
TXN00007207,2026-02-18 15:42:05,USR90025,MCH8767,6326.62,UTR7846125803,4110,FAILED,TXN00007207,USR90025,MCH8767,UTR7846125803,0,0,0,0,0,1,0
TXN00009279,2026-01-31 17:28:18,USR29762,MCH9135,0.60267,UTR8796232628,1310,SUCCESS,TXN00009279,USR29762,MCH9135,UTR8796232628,0,0,0,0,0,0,0
TXN00001921,2026-01-13 07:22:07,USR90458,MCH6108,17394.0,UTR9040880879,0110,SUCCESS,TXN00001921,USR90458,MCH6108,UTR9040880879,0,0,0,0,0,0,0
TXN00004905,2026-02-22 04:49:40,USR86871,MCH6783,23152.23,UTR3169579141,4110,FAILED,TXN00004905,USR86871,MCH6783,UTR3169579141,0,0,0,0,0,1,0
TXN00017564,2026-02-06 07:15:51,USR41965,MCH4184,0.222051,UTR3595676161,4110,SUCCESS,TXN00017564,USR41965,MCH4184,UTR3595676161,0,0,0,0,0,0,0
TXN00014113,2026-04-02 10:25:24,USR19617,MCH7060,4680.87,UTR2961171214,,SUCCESS,TXN00014113,USR19617,MCH7060,UTR2961171214,0,0,1,0,0,0,0
TXN00006041,2026-02-21 21:47:24,USR22093,MCH6446,14843.45,UTR8661870215,1310,SUCCESS,TXN00006041,USR22093,MCH6446,UTR8661870215,0,0,0,0,0,0,0
TXN00016741,2026-02-04 23:35:52,USR83806,MCH7420,12926.29,UTR5560835062,4110,SUCCESS,TXN00016741,USR83806,MCH7420,UTR5560835062,0,0,0,0,0,0,0
TXN00008405,2026-03-04 07:23:23,USR61573,MCH5236,11367.52,UTR4307677616,9120,SUCCESS,TXN00008405,USR61573,MCH5236,UTR4307677616,0,0,0,0,0,0,0
TXN00010511,2026-01-16 08:16:22,USR79974,MCH1820,3048.47,,1310,SUCCESS,TXN00010511,USR79974,MCH1820,,0,1,0,0,0,0,0
TXN00019212,2026-05-01 16:31:08,USR60294,MCH6994,0.1865046,UTR9943370858,1310,SUCCESS,TXN00019212,USR60294,MCH6994,UTR9943370858,0,0,0,0,0,0,0
TXN00008299,2026-02-24 05:03:02,USR99192,MCH7672,718.15,UTR5932888542,9120,SUCCESS,TXN00008299,USR99192,MCH7672,UTR5932888542,0,0,0,0,0,0,0
TXN00019795,2026-02-06 01:04:58,USR87017,MCH3102,15175.0,UTR8406157749,8120,SUCCESS,TXN00019795,USR87017,MCH3102,UTR8406157749,0,0,0,0,0,0,0
TXN00009285,2026-01-13 14:15:12,USR78447,MCH1811,21159.49,UTR9283573775,1310,SUCCESS,TXN00009285,USR78447,MCH1811,UTR9283573775,0,0,0,0,0,0,0
TXN00007904,2026-02-04 23:34:30,USR77435,MCH4646,20080.3,UTR1390787254,9120,FAILED,TXN00007904,USR77435,MCH4646,UTR1390787254,0,0,0,0,0,1,0
TXN00018480,2026-03-19 19:51:13,USR51446,MCH8256,0.14402,UTR3575409018,9120,SUCCESS,TXN00018480,USR51446,MCH8256,UTR3575409018,0,0,0,0,0,0,0
TXN00016258,2026-03-30 00:00:00,USR28924,MCH6672,2195.38,UTR0186959515,4110,SUCCESS,TXN00016258,USR28924,MCH6672,UTR0186959515,0,0,0,0,0,0,0
TXN00013830,2026-03-11 19:00:39,USR50686,MCH9326,11723.65,UTR5858239844,9120,SUCCESS,TXN00013830,USR50686,MCH9326,UTR5858239844,0,0,0,0,0,0,0
TXN00004574,2026-03-25 14:23:19,USR10436,MCH6944,18953.43,UTR2696128086,8120,SUCCESS,TXN00004574,USR10436,MCH6944,UTR2696128086,0,0,0,0,0,0,0
TXN00006982,2026-01-02 15:21:31,USR18504,MCH9661,13419.82,UTR7121137389,9120,SUCCESS,TXN00006982,USR18504,MCH9661,UTR7121137389,0,0,0,0,0,0,0
TXN00016042,2026-02-21 19:16:45,USR39439,MCH3440,22387.18,UTR7354259355,0110,SUCCESS,TXN00016042,USR39439,MCH3440,UTR7354259355,0,0,0,0,0,0,0
TXN00003424,2026-03-13 12:26:38,USR75807,MCH3653,0.98306,UTR5712294989,4110,SUCCESS,TXN00003424,USR75807,MCH3653,UTR5712294989,0,0,0,0,0,0,0
TXN00003753,2026-01-24 13:54:04,USR26110,MCH4089,7853.81,UTR0694895799,9120,FAILED,TXN00003753,USR26110,MCH4089,UTR0694895799,0,0,0,0,0,1,0
TXN00014286,2026-03-26 12:30:15,USR35780,MCH8820,0.1723658,UTR8869769263,4110,SUCCESS,TXN00014286,USR35780,MCH8820,UTR8869769263,0,0,0,0,0,0,0
TXN00012997,2026-03-21 03:16:20,USR70423,MCH5136,17326.0,UTR3084918349,9120,SUCCESS,TXN00012997,USR70423,MCH5136,UTR3084918349,0,0,0,0,0,0,0
TXN00019913,2026-03-28 23:43:21,USR97051,MCH8920,17747.08,UTR8395006433,8120,SUCCESS,TXN00019913,USR97051,MCH8920,UTR8395006433,0,0,0,0,0,0,0
TXN00000103,2026-03-10 03:21:35,USR32195,MCH7619,7865.76,,,SUCCESS,TXN00000103,USR32195,MCH7619,,0,1,1,0,0,0,0
TXN00007994,2026-02-08 13:10:59,USR34818,MCH3225,7877.88,UTR5007857668,1310,SUCCESS,TXN00007994,USR34818,MCH3225,UTR5007857668,0,0,0,0,0,0,0
TXN00010706,2026-02-25 20:22:53,USR25507,MCH4102,14734.4,UTR9886486333,4110,FAILED,TXN00010706,USR25507,MCH4102,UTR 9886486333,0,0,0,0,0,1,0
TXN00008696,2026-02-25 22:13:11,USR97954,MCH9020,15147.93,,,SUCCESS,TXN00008696,USR97954,MCH9020,,0,1,1,0,0,0,0
TXN00011228,2026-03-31 15:42:02,USR73877,MCH9740,0.2356987,,,SUCCESS,TXN00011228,USR73877,MCH9740,,0,1,1,0,0,0,0
TXN00003993,2026-03-25 07:11:32,USR70608,MCH4853,18814.18,UTR2114058985,0110,SUCCESS,TXN00003993,USR70608,MCH4853,UTR2114058985,0,0,0,0,0,0,0
TXN00015852,2026-02-08 19:46:43,USR30106,MCH5894,16556.56,,4110,SUCCESS,TXN00015852,USR30106,MCH5894,,0,1,0,0,0,0,0
TXN00000293,2026-02-27 02:51:31,USR62413,MCH6243,20566.79,UTR7455046600,0110,SUCCESS,TXN00000293,USR62413,MCH6243,UTR7455046600,0,0,0,0,0,0,0
TXN00005621,2026-01-29 14:20:59,USR17259,MCH8770,2555.95,UTR6333549410,0110,SUCCESS,TXN00005621,USR17259,MCH8770,UTR6333549410,0,0,0,0,0,0,0
TXN00012708,2026-01-05 13:37:58,USR37351,MCH8818,19933.5,UTR1814512917,,SUCCESS,TXN00012708,USR37351,MCH8818,UTR1814512917,0,0,1,0,0,0,0
TXN00000483,2026-03-27 12:33:44,USR44206,MCH2275,11369.0,UTR5111595421,4110,FAILED,TXN00000483,USR44206,MCH2275,UTR5111595421,0,0,0,0,0,1,0
TXN00019326,2026-02-19 05:32:09,USR96794,MCH8038,23633.0,UTR5468319961,0110,FAILED,TXN00019326,USR96794,MCH8038,UTR5468319961,0,0,0,0,0,1,0
TXN00013562,2026-02-13 13:55:23,USR93851,MCH7607,8916.88,UTR2212788174,,FAILED,TXN00013562,USR93851,MCH7607,UTR2212788174,0,0,1,0,0,1,0
TXN00010088,2026-02-20 23:57:16,USR69559,MCH2256,10424.56,UTR2883012394,1310,SUCCESS,TXN00010088,USR69559,MCH2256,UTR2883012394,0,0,0,0,0,0,0
TXN00008091,2026-02-16 07:38:48,USR30880,MCH8734,21568.25,UTR0134854184,,SUCCESS,TXN00008091,USR30880,MCH8734,UTR0134854184,0,0,1,0,0,0,0
TXN00012533,2026-03-09 01:21:35,USR42856,MCH7394,0.135189,UTR6709933293,9120,SUCCESS,TXN00012533,USR42856,MCH7394,UTR6709933293,0,0,0,0,0,0,0
TXN00009674,2026-02-22 20:50:22,USR90179,MCH5684,4006.23,UTR1101124894,1310,SUCCESS,TXN00009674,USR90179,MCH5684,UTR 1101124894,0,0,0,0,0,0,0
TXN00005734,2026-03-30 10:19:41,USR85927,MCH5773,13436.52,UTR1852355359,0110,SUCCESS,TXN00005734,USR85927,MCH5773,UTR1852355359,0,0,0,0,0,0,0
TXN00009806,2026-01-14 00:53:20,USR19015,MCH1841,19743.94,UTR4912093659,,FAILED,TXN00009806,USR19015,MCH1841,UTR4912093659,0,0,1,0,0,1,0
TXN00019279,2026-01-19 22:41:31,USR68978,MCH4316,1137.32,UTR7076374443,4110,FAILED,TXN00019279,USR68978,MCH4316,UTR7076374443,0,0,0,0,0,1,0
TXN00013512,2026-02-25 07:58:15,USR62719,MCH8611,23643.99,UTR0782675043,4110,SUCCESS,TXN00013512,USR62719,MCH8611,UTR0782675043,0,0,0,0,0,0,0
TXN00017608,2026-02-06 20:25:50,USR36647,MCH3675,11883.93,UTR3836501200,0110,SUCCESS,TXN00017608,USR36647,MCH3675,UTR3836501200,0,0,0,0,0,0,0
TXN00012006,2026-01-20 10:12:33,USR21549,MCH2527,23199.95,UTR2926298936,4110,SUCCESS,TXN00012006,USR21549,MCH2527,UTR2926298936,0,0,0,0,0,0,0
TXN00015084,2026-07-01 06:41:06,USR21799,MCH6156,2987.73,UTR5996467098,,SUCCESS,TXN00015084,USR21799,MCH6156,UTR5996467098,0,0,1,0,0,0,0
TXN00001758,2026-01-22 21:43:13,USR30868,MCH5768,12201.47,UTR6466420547,8120,SUCCESS,TXN00001758,USR30868,MCH5768,UTR6466420547,0,0,0,0,0,0,0
TXN00004669,2026-01-07 03:34:16,USR54656,MCH2573,16778.61,UTR3752819603,4110,SUCCESS,TXN00004669,USR54656,MCH2573,UTR3752819603,0,0,0,0,0,0,0
TXN00017083,2026-03-20 05:58:32,USR47745,MCH9967,2584.9,UTR1282008244,1310,SUCCESS,TXN00017083,USR47745,MCH9967,UTR1282008244,0,0,0,0,0,0,0
TXN00004299,2026-03-04 19:01:18,USR48197,MCH5790,10824.96,UTR5419793569,,SUCCESS,TXN00004299,USR48197,MCH5790,UTR 5419793569,0,0,1,0,0,0,0
TXN00005748,2026-02-14 11:35:00,USR91105,MCH8774,24499.09,UTR6163152198,9120,SUCCESS,TXN00005748,USR91105,MCH8774,UTR 6163152198,0,0,0,0,0,0,0
TXN00001623,2026-03-02 04:01:47,USR39443,MCH2839,14061.8,UTR3445940762,9120,SUCCESS,TXN00001623,USR39443,MCH2839,UTR3445940762,0,0,0,0,0,0,0
TXN00016769,2026-03-19 10:02:13,USR60708,MCH9224,18994.78,UTR5860090596,4110,PENDING,TXN00016769,USR60708,MCH9224,UTR 5860090596,0,0,0,0,0,0,1
TXN00001662,2026-01-11 08:31:12,USR83488,MCH9439,12896.83,UTR9072438125,8120,SUCCESS,TXN00001662,USR83488,MCH9439,UTR9072438125,0,0,0,0,0,0,0
TXN00008863,2026-02-08 03:23:56,USR87970,MCH7730,21527.0,UTR2517615207,8120,SUCCESS,TXN00008863,USR87970,MCH7730,UTR2517615207,0,0,0,0,0,0,0
TXN00001140,2026-02-05 19:52:47,USR79258,MCH7800,14814.27,UTR2287345368,1310,SUCCESS,TXN00001140,USR79258,MCH7800,UTR2287345368,0,0,0,0,0,0,0
TXN00005808,2026-03-31 09:42:03,USR81991,MCH8878,-24534.77,UTR3862953437,8120,SUCCESS,TXN00005808,USR81991,MCH8878,UTR3862953437,1,0,0,0,0,0,0
TXN00013866,2026-03-27 14:25:31,USR87068,MCH6253,16746.0,UTR2845912987,4110,SUCCESS,TXN00013866,USR87068,MCH6253,UTR2845912987,0,0,0,0,0,0,0
TXN00019331,2026-03-13 09:53:23,USR33684,MCH4967,2211.44,UTR2981954251,4110,SUCCESS,TXN00019331,USR33684,MCH4967,UTR2981954251,0,0,0,0,0,0,0
TXN00015469,2026-02-23 14:25:04,USR56539,MCH2620,18523.03,UTR4621917655,4110,SUCCESS,TXN00015469,USR56539,MCH2620,UTR4621917655,0,0,0,0,0,0,0
TXN00008597,2026-01-04 15:04:55,USR86159,MCH3148,13245.82,UTR6552004426,,SUCCESS,TXN00008597,USR86159,MCH3148,UTR6552004426,0,0,1,0,0,0,0
TXN00006513,2026-02-01 17:24:18,USR60209,MCH6566,21139.32,UTR0932509369,9120,SUCCESS,TXN00006513,USR60209,MCH6566,UTR0932509369,0,0,0,0,0,0,0
TXN00003121,2026-03-08 01:26:37,USR61216,MCH1645,6777.45,UTR6011359956,1310,SUCCESS,TXN00003121,USR61216,MCH1645,UTR6011359956,0,0,0,0,0,0,0
TXN00011716,2026-02-23 03:54:47,USR52734,MCH2184,0.1007481,UTR9342855785,9120,SUCCESS,TXN00011716,USR52734,MCH2184,UTR9342855785,0,0,0,0,0,0,0
TXN00001259,2026-03-02 00:00:00,USR26338,MCH8365,0.161458,UTR4124898291,4110,SUCCESS,TXN00001259,USR26338,MCH8365,UTR4124898291,0,0,0,0,0,0,0
TXN00011394,2026-02-09 13:02:10,USR89304,MCH4717,15305.86,UTR7447774464,4110,PENDING,TXN00011394,USR89304,MCH4717,UTR7447774464,0,0,0,0,0,0,1
TXN00010682,2026-03-18 16:30:15,USR56647,MCH1548,23859.11,UTR9169295288,0110,SUCCESS,TXN00010682,USR56647,MCH1548,UTR9169295288,0,0,0,0,0,0,0
TXN00019318,2026-01-08 16:14:22,USR81148,MCH4935,24641.79,UTR7132962383,1310,SUCCESS,TXN00019318,USR81148,MCH4935,UTR7132962383,0,0,0,0,0,0,0
TXN00017803,2026-01-27 01:06:26,USR56658,MCH7592,6656.9,UTR9324809662,,PENDING,TXN00017803,USR56658,MCH7592,UTR9324809662,0,0,1,0,0,0,1
TXN00008643,2026-02-08 03:28:58,USR11996,MCH9822,6893.41,UTR0360569654,0110,SUCCESS,TXN00008643,USR11996,MCH9822,UTR 0360569654,0,0,0,0,0,0,0
TXN00005048,2026-03-29 00:00:00,USR41615,MCH5712,13221.13,UTR5662748218,,SUCCESS,TXN00005048,USR41615,MCH5712,UTR5662748218,0,0,1,0,0,0,0
TXN00006688,2026-03-05 02:48:39,USR10352,MCH3445,8799.23,UTR2218037225,,SUCCESS,TXN00006688,USR10352,MCH3445,UTR 2218037225,0,0,1,0,0,0,0
TXN00016922,2026-01-14 18:16:23,USR71725,MCH4079,-4079.83,UTR9928215071,1310,SUCCESS,TXN00016922,USR71725,MCH4079,UTR9928215071,1,0,0,0,0,0,0
TXN00009336,2026-03-16 11:18:55,USR92853,MCH1679,5289.46,UTR7084153299,1310,SUCCESS,TXN00009336,USR92853,MCH1679,UTR7084153299,0,0,0,0,0,0,0
TXN00007930,2026-02-17 07:56:33,USR27327,MCH5237,4229.15,UTR2461047174,4110,SUCCESS,TXN00007930,USR27327,MCH5237,UTR 2461047174,0,0,0,0,0,0,0
TXN00010811,2026-03-26 22:52:54,USR18911,MCH7384,16112.7,UTR4741962716,1310,SUCCESS,TXN00010811,USR18911,MCH7384,UTR4741962716,0,0,0,0,0,0,0
TXN00013581,2026-01-16 23:16:11,USR34884,MCH3659,3852.09,UTR7072853168,8120,SUCCESS,TXN00013581,USR34884,MCH3659,UTR7072853168,0,0,0,0,0,0,0
TXN00016273,2026-01-03 00:16:17,USR65766,MCH3374,23195.0,UTR1079989082,8120,SUCCESS,TXN00016273,USR65766,MCH3374,UTR1079989082,0,0,0,0,0,0,0
TXN00013318,2026-03-18 00:14:46,USR77596,MCH3756,11996.0,UTR1131696367,0110,SUCCESS,TXN00013318,USR77596,MCH3756,UTR1131696367,0,0,0,0,0,0,0
TXN00019817,2026-02-15 16:19:45,USR89726,MCH9532,19389.64,UTR6621413486,0110,FAILED,TXN00019817,USR89726,MCH9532,UTR6621413486,0,0,0,0,0,1,0
TXN00007916,2026-02-28 19:05:39,USR68905,MCH5860,6127.55,UTR7585970164,8120,SUCCESS,TXN00007916,USR68905,MCH5860,UTR7585970164,0,0,0,0,0,0,0
TXN00019149,2026-03-11 03:02:30,USR55478,MCH8622,4332.51,UTR2487564048,4110,SUCCESS,TXN00019149,USR55478,MCH8622,UTR2487564048,0,0,0,0,0,0,0
TXN00007748,2026-03-23 04:48:04,USR93303,MCH6164,18543.53,UTR9813460369,4110,SUCCESS,TXN00007748,USR93303,MCH6164,UTR9813460369,0,0,0,0,0,0,0
TXN00015853,2026-02-18 17:24:54,USR13579,MCH9111,3957.08,UTR7637791022,4110,FAILED,TXN00015853,USR13579,MCH9111,UTR7637791022,0,0,0,0,0,1,0
TXN00019736,2026-03-31 10:37:20,USR49642,MCH1847,12497.27,UTR3403895983,4110,SUCCESS,TXN00019736,USR49642,MCH1847,UTR 3403895983,0,0,0,0,0,0,0
TXN00018998,2026-03-14 01:05:11,USR14208,MCH2937,6491.91,UTR1154281313,1310,SUCCESS,TXN00018998,USR14208,MCH2937,UTR1154281313,0,0,0,0,0,0,0
TXN00007789,2026-01-06 06:10:27,USR99413,MCH7706,620.0,UTR7308983645,8120,SUCCESS,TXN00007789,USR99413,MCH7706,UTR7308983645,0,0,0,0,0,0,0
TXN00001512,2026-01-23 16:14:23,USR29892,MCH4657,17955.9,UTR3729146298,1310,SUCCESS,TXN00001512,USR29892,MCH4657,UTR3729146298,0,0,0,0,0,0,0
TXN00007998,2026-03-27 07:29:54,USR47848,MCH1620,11388.67,UTR9885879999,0110,SUCCESS,TXN00007998,USR47848,MCH1620,UTR9885879999,0,0,0,0,0,0,0
TXN00005371,2026-03-19 10:03:17,USR79248,MCH5748,9619.05,UTR1452758595,1310,SUCCESS,TXN00005371,USR79248,MCH5748,UTR1452758595,0,0,0,0,0,0,0
TXN00014970,2026-03-08 00:00:00,USR77147,MCH7497,15075.09,UTR8279618648,1310,FAILED,TXN00014970,USR77147,MCH7497,UTR8279618648,0,0,0,0,0,1,0
TXN00003747,2026-02-10 01:36:29,USR67301,MCH1421,16591.45,,8120,SUCCESS,TXN00003747,USR67301,MCH1421,,0,1,0,0,0,0,0
TXN00008669,2026-02-12 04:26:15,USR27836,MCH4479,6313.06,UTR8143310895,9120,SUCCESS,TXN00008669,USR27836,MCH4479,UTR8143310895,0,0,0,0,0,0,0
TXN00002149,2026-02-03 12:18:39,USR53352,MCH7441,12360.37,UTR0062597902,0110,SUCCESS,TXN00002149,USR53352,MCH7441,UTR0062597902,0,0,0,0,0,0,0
TXN00004483,2026-02-13 18:54:30,USR64689,MCH1871,13841.26,UTR5522165005,8120,SUCCESS,TXN00004483,USR64689,MCH1871,UTR5522165005,0,0,0,0,0,0,0
TXN00012894,2026-02-21 05:50:37,USR90180,MCH6725,24461.63,UTR6897417191,,SUCCESS,TXN00012894,USR90180,MCH6725,UTR 6897417191,0,0,1,0,0,0,0
TXN00003815,2026-02-21 19:29:41,USR32746,MCH3104,6328.92,UTR8352742685,8120,SUCCESS,TXN00003815,USR32746,MCH3104,UTR8352742685,0,0,0,0,0,0,0
TXN00017607,2026-03-20 21:13:42,USR82916,MCH2149,1880.32,UTR5219571534,4110,SUCCESS,TXN00017607,USR82916,MCH2149,UTR5219571534,0,0,0,0,0,0,0
TXN00012194,2026-02-21 11:58:37,USR20509,MCH7460,14723.98,UTR4656929385,4110,SUCCESS,TXN00012194,USR20509,MCH7460,UTR4656929385,0,0,0,0,0,0,0
TXN00014443,2026-01-05 06:33:23,USR74660,MCH9044,3647.74,UTR6225704263,4110,SUCCESS,TXN00014443,USR74660,MCH9044,UTR6225704263,0,0,0,0,0,0,0
TXN00004443,2026-01-29 21:05:48,USR54952,MCH3001,5624.19,UTR9745712073,1310,SUCCESS,TXN00004443,USR54952,MCH3001,UTR 9745712073,0,0,0,0,0,0,0
TXN00008606,2026-03-16 20:19:50,USR30601,MCH8441,10206.42,UTR4017732165,,PENDING,TXN00008606,USR30601,MCH8441,UTR4017732165,0,0,1,0,0,0,1
TXN00017163,2026-03-13 23:13:37,USR48352,MCH4184,0.1473148,UTR7577121103,9120,SUCCESS,TXN00017163,USR48352,MCH4184,UTR7577121103,0,0,0,0,0,0,0
TXN00007393,2026-03-31 13:14:08,USR60585,MCH8229,20258.38,UTR1804658128,0110,SUCCESS,TXN00007393,USR60585,MCH8229,UTR1804658128,0,0,0,0,0,0,0
TXN00011777,2026-09-02 09:44:10,USR63240,MCH7914,0.319425,UTR9114044885,4110,SUCCESS,TXN00011777,USR63240,MCH7914,UTR9114044885,0,0,0,0,0,0,0
TXN00005093,2026-02-09 19:27:12,USR18031,MCH1753,0.2085576,UTR9977582273,4110,SUCCESS,TXN00005093,USR18031,MCH1753,UTR9977582273,0,0,0,0,0,0,0
TXN00015404,2026-01-01 12:24:20,USR18374,MCH3253,4902.42,UTR8444771879,8120,SUCCESS,TXN00015404,USR18374,MCH3253,UTR8444771879,0,0,0,0,0,0,0
TXN00012826,2026-02-21 10:10:28,USR32721,MCH5690,4900.51,UTR3018129594,0110,SUCCESS,TXN00012826,USR32721,MCH5690,UTR3018129594,0,0,0,0,0,0,0
TXN00017026,2026-01-19 13:25:57,USR36437,MCH6707,7934.05,UTR2123834507,4110,SUCCESS,TXN00017026,USR36437,MCH6707,UTR2123834507,0,0,0,0,0,0,0
TXN00006629,2026-01-18 04:54:41,USR33827,MCH8386,13901.21,UTR6316846809,,SUCCESS,TXN00006629,USR33827,MCH8386,UTR6316846809,0,0,1,0,0,0,0
TXN00006644,2026-03-27 13:47:19,USR93932,MCH4476,0.2236974,UTR3699892166,0110,FAILED,TXN00006644,USR93932,MCH4476,UTR3699892166,0,0,0,0,0,1,0
TXN00015854,2026-03-12 11:41:23,USR62915,MCH6398,22605.05,UTR3569825505,,PENDING,TXN00015854,USR62915,MCH6398,UTR3569825505,0,0,1,0,0,0,1
TXN00003454,2026-01-23 20:48:15,USR10746,MCH7171,9334.33,UTR3244026261,9120,PENDING,TXN00003454,USR10746,MCH7171,UTR3244026261,0,0,0,0,0,0,1
TXN00012038,2026-02-01 19:19:03,USR76766,MCH3910,21278.79,UTR5819355511,4110,SUCCESS,TXN00012038,USR76766,MCH3910,UTR5819355511,0,0,0,0,0,0,0
TXN00010264,2026-03-29 00:54:17,USR49053,MCH6055,23558.94,UTR7703625026,,SUCCESS,TXN00010264,USR49053,MCH6055,UTR 7703625026,0,0,1,0,0,0,0
TXN00010847,2026-02-27 14:37:21,USR75844,MCH5107,14689.5,UTR5729935282,0110,SUCCESS,TXN00010847,USR75844,MCH5107,UTR5729935282,0,0,0,0,0,0,0
TXN00002936,2026-02-20 07:15:55,USR69419,MCH2766,4191.36,UTR1689620839,4110,FAILED,TXN00002936,USR69419,MCH2766,UTR1689620839,0,0,0,0,0,1,0
TXN00014953,2026-03-23 02:40:20,USR48164,MCH4710,19599.97,UTR6694210060,1310,SUCCESS,TXN00014953,USR48164,MCH4710,UTR6694210060,0,0,0,0,0,0,0
TXN00009426,2026-03-27 03:40:18,USR76678,MCH6910,19431.88,UTR1174415824,,FAILED,TXN00009426,USR76678,MCH6910,UTR1174415824,0,0,1,0,0,1,0
TXN00001749,2026-03-14 11:36:33,USR34404,MCH4312,19009.64,UTR4934493667,4110,SUCCESS,TXN00001749,USR34404,MCH4312,UTR4934493667,0,0,0,0,0,0,0
TXN00004286,2026-01-11 14:50:57,USR29666,MCH6951,14884.79,UTR5214245050,1310,SUCCESS,TXN00004286,USR29666,MCH6951,UTR5214245050,0,0,0,0,0,0,0
TXN00006189,2026-01-30 17:17:59,USR40838,MCH9293,3399.31,UTR2636983489,4110,SUCCESS,TXN00006189,USR40838,MCH9293,UTR2636983489,0,0,0,0,0,0,0
TXN00000980,2026-01-20 08:32:38,USR80594,MCH4070,14925.1,UTR1528325952,,SUCCESS,TXN00000980,USR80594,MCH4070,UTR1528325952,0,0,1,0,0,0,0
TXN00012710,2026-02-04 20:02:01,USR64167,MCH8166,8213.52,UTR8761913824,0110,SUCCESS,TXN00012710,USR64167,MCH8166,UTR8761913824,0,0,0,0,0,0,0
TXN00006608,2026-02-13 17:45:06,USR61445,MCH6980,13426.11,UTR3176422750,0110,SUCCESS,TXN00006608,USR61445,MCH6980,UTR3176422750,0,0,0,0,0,0,0
TXN00008157,2026-01-02 21:11:40,USR70367,MCH1706,17803.08,UTR4734372635,,SUCCESS,TXN00008157,USR70367,MCH1706,UTR4734372635,0,0,1,0,0,0,0
TXN00007291,2026-03-21 08:17:58,USR72168,MCH5086,18062.11,UTR9556464678,8120,SUCCESS,TXN00007291,USR72168,MCH5086,UTR9556464678,0,0,0,0,0,0,0
TXN00008414,2026-01-25 20:22:48,USR30900,MCH8612,11310.0,UTR8609265828,4110,SUCCESS,TXN00008414,USR30900,MCH8612,UTR8609265828,0,0,0,0,0,0,0
TXN00000347,2026-02-02 22:37:56,USR99435,MCH7213,15880.99,UTR7930224164,4110,SUCCESS,TXN00000347,USR99435,MCH7213,UTR7930224164,0,0,0,0,0,0,0
TXN00013476,2026-01-28 06:12:35,USR32172,MCH8846,679.0,UTR5552569910,,SUCCESS,TXN00013476,USR32172,MCH8846,UTR5552569910,0,0,1,0,0,0,0
TXN00019943,2026-02-28 18:38:23,USR85095,MCH4060,0.2445267,,4110,FAILED,TXN00019943,USR85095,MCH4060,,0,1,0,0,0,1,0
TXN00014846,2026-02-20 23:15:00,USR74447,MCH3525,19667.46,UTR3532129446,4110,SUCCESS,TXN00014846,USR74447,MCH3525,UTR3532129446,0,0,0,0,0,0,0
TXN00006720,2026-02-06 23:29:31,USR17115,MCH2925,7287.0,UTR1350921561,4110,SUCCESS,TXN00006720,USR17115,MCH2925,UTR1350921561,0,0,0,0,0,0,0
TXN00008189,2026-01-08 18:56:00,USR53813,MCH5272,13008.8,UTR1548175634,8120,SUCCESS,TXN00008189,USR53813,MCH5272,UTR 1548175634,0,0,0,0,0,0,0
TXN00010895,2026-01-31 17:47:30,USR53695,MCH7007,15309.1,UTR2028546972,0110,SUCCESS,TXN00010895,USR53695,MCH7007,UTR2028546972,0,0,0,0,0,0,0
TXN00012212,2026-03-27 03:24:35,USR15975,MCH1826,12729.96,UTR0869023113,8120,SUCCESS,TXN00012212,USR15975,MCH1826,UTR 0869023113,0,0,0,0,0,0,0
TXN00005268,2026-01-05 03:29:22,USR80780,MCH3119,11740.0,UTR3421511037,9120,SUCCESS,TXN00005268,USR80780,MCH3119,UTR3421511037,0,0,0,0,0,0,0
TXN00019569,2026-03-01 08:29:36,USR96143,MCH7725,0.207786,UTR1276470061,4110,FAILED,TXN00019569,USR96143,MCH7725,UTR 1276470061,0,0,0,0,0,1,0
TXN00006974,2026-01-26 02:41:36,USR75062,MCH2861,10339.43,,4110,SUCCESS,TXN00006974,USR75062,MCH2861,,0,1,0,0,0,0,0
TXN00016044,2026-01-15 22:04:57,USR45579,MCH2022,21581.05,UTR8144351704,0110,SUCCESS,TXN00016044,USR45579,MCH2022,UTR8144351704,0,0,0,0,0,0,0
TXN00012692,2026-06-03 18:21:15,USR69058,MCH2483,18354.26,UTR8077329638,,FAILED,TXN00012692,USR69058,MCH2483,UTR8077329638,0,0,1,0,0,1,0
TXN00017020,2026-01-17 03:02:36,USR80172,MCH8507,18352.77,UTR0118838163,0110,SUCCESS,TXN00017020,USR80172,MCH8507,UTR0118838163,0,0,0,0,0,0,0
TXN00009013,2026-06-02 22:20:09,USR27560,MCH5431,0.210661,UTR3722835093,1310,SUCCESS,TXN00009013,USR27560,MCH5431,UTR3722835093,0,0,0,0,0,0,0
TXN00006491,2026-01-22 14:56:37,USR19075,MCH5643,-15098.78,UTR5708771466,9120,SUCCESS,TXN00006491,USR19075,MCH5643,UTR5708771466,1,0,0,0,0,0,0
TXN00009065,2026-02-20 04:37:35,USR60109,MCH9920,12614.47,UTR5930468424,4110,SUCCESS,TXN00009065,USR60109,MCH9920,UTR5930468424,0,0,0,0,0,0,0
TXN00019447,2026-02-03 17:55:00,USR43838,MCH2049,23204.35,UTR1547156036,1310,FAILED,TXN00019447,USR43838,MCH2049,UTR1547156036,0,0,0,0,0,1,0
TXN00015048,2026-01-09 16:23:28,USR15536,MCH7970,11141.0,UTR3040279631,4110,SUCCESS,TXN00015048,USR15536,MCH7970,UTR 3040279631,0,0,0,0,0,0,0
TXN00013366,2026-03-09 19:27:29,USR37823,MCH1279,15532.12,UTR7243587811,4110,SUCCESS,TXN00013366,USR37823,MCH1279,UTR7243587811,0,0,0,0,0,0,0
TXN00013464,2026-01-09 17:38:13,USR53186,MCH8081,18824.21,UTR3606707615,8120,SUCCESS,TXN00013464,USR53186,MCH8081,UTR3606707615,0,0,0,0,0,0,0
TXN00001964,2026-01-02 06:34:29,USR20691,MCH8369,9601.99,UTR4018826100,0110,SUCCESS,TXN00001964,USR20691,MCH8369,UTR4018826100,0,0,0,0,0,0,0
TXN00002065,2026-02-24 00:11:33,USR79720,MCH7928,0.130839,UTR9393821775,1310,SUCCESS,TXN00002065,USR79720,MCH7928,UTR9393821775,0,0,0,0,0,0,0
TXN00012713,2026-02-04 15:58:21,USR43266,MCH7077,16550.64,UTR7759070198,9120,SUCCESS,TXN00012713,USR43266,MCH7077,UTR7759070198,0,0,0,0,0,0,0
TXN00015663,2026-02-11 03:57:12,USR28364,MCH8445,0.1225245,UTR6905203020,4110,SUCCESS,TXN00015663,USR28364,MCH8445,UTR6905203020,0,0,0,0,0,0,0
TXN00012266,2026-02-03 22:38:13,USR77106,MCH2010,9291.71,UTR8860529592,4110,SUCCESS,TXN00012266,USR77106,MCH2010,UTR8860529592,0,0,0,0,0,0,0
TXN00002204,2026-02-25 21:36:57,USR80288,MCH3292,1060.2,UTR8814555369,8120,SUCCESS,TXN00002204,USR80288,MCH3292,UTR8814555369,0,0,0,0,0,0,0
TXN00008605,2026-03-31 12:06:58,USR59411,MCH9847,11294.16,UTR3689982966,4110,FAILED,TXN00008605,USR59411,MCH9847,UTR3689982966,0,0,0,0,0,1,0
TXN00017315,2026-02-28 21:36:29,USR11575,MCH4980,12739.95,UTR8294345277,4110,SUCCESS,TXN00017315,USR11575,MCH4980,UTR8294345277,0,0,0,0,0,0,0
TXN00001265,2026-01-24 06:55:34,USR25951,MCH5225,300.4,UTR6093946109,8120,SUCCESS,TXN00001265,USR25951,MCH5225,UTR6093946109,0,0,0,0,0,0,0
TXN00019350,2026-02-24 04:37:51,USR85577,MCH3156,24930.9,UTR3120302439,1310,SUCCESS,TXN00019350,USR85577,MCH3156,UTR3120302439,0,0,0,0,0,0,0
TXN00001356,2026-01-18 00:13:26,USR16094,MCH6016,0.2183685,UTR3286510339,4110,SUCCESS,TXN00001356,USR16094,MCH6016,UTR3286510339,0,0,0,0,0,0,0
TXN00010116,2026-01-13 14:42:21,USR68041,MCH3935,4300.63,UTR5121319529,0110,SUCCESS,TXN00010116,USR68041,MCH3935,UTR5121319529,0,0,0,0,0,0,0
TXN00009465,2026-10-01 12:56:33,USR21970,MCH3720,20331.42,UTR0102084326,0110,SUCCESS,TXN00009465,USR21970,MCH3720,UTR0102084326,0,0,0,0,0,0,0
TXN00009506,2026-01-19 16:39:49,USR79727,MCH5641,11597.26,UTR1285403238,4110,SUCCESS,TXN00009506,USR79727,MCH5641,UTR1285403238,0,0,0,0,0,0,0
TXN00006387,2026-03-19 15:53:59,USR72371,MCH5096,13935.72,UTR3168005931,9120,SUCCESS,TXN00006387,USR72371,MCH5096,UTR3168005931,0,0,0,0,0,0,0
TXN00014255,2026-03-09 00:00:00,USR24606,MCH8273,20430.01,UTR5191749267,9120,SUCCESS,TXN00014255,USR24606,MCH8273,UTR5191749267,0,0,0,0,0,0,0
TXN00007505,2026-01-26 08:52:47,USR22700,MCH2257,13924.89,UTR3822280923,1310,SUCCESS,TXN00007505,USR22700,MCH2257,UTR3822280923,0,0,0,0,0,0,0
TXN00019573,2026-03-08 19:19:09,USR54820,MCH3340,21156.73,UTR1057180076,9120,FAILED,TXN00019573,USR54820,MCH3340,UTR1057180076,0,0,0,0,0,1,0
TXN00007247,2026-01-21 01:49:06,USR76120,MCH6674,16716.98,UTR5694526110,9120,PENDING,TXN00007247,USR76120,MCH6674,UTR5694526110,0,0,0,0,0,0,1
TXN00004491,2026-01-19 22:40:56,USR68886,MCH4349,6536.45,UTR8919615491,0110,SUCCESS,TXN00004491,USR68886,MCH4349,UTR8919615491,0,0,0,0,0,0,0
TXN00006567,2026-02-20 16:18:48,USR82449,MCH2341,17428.36,,4110,SUCCESS,TXN00006567,USR82449,MCH2341,,0,1,0,0,0,0,0
TXN00017737,2026-03-31 23:53:53,USR40161,MCH5137,16989.39,UTR8569711233,,SUCCESS,TXN00017737,USR40161,MCH5137,UTR8569711233,0,0,1,0,0,0,0
TXN00015718,2026-02-11 01:00:51,USR39975,MCH2916,18948.0,UTR2185799786,4110,SUCCESS,TXN00015718,USR39975,MCH2916,UTR2185799786,0,0,0,0,0,0,0
TXN00003156,2026-01-31 22:13:43,USR64720,MCH1193,16236.56,UTR0017810990,0110,FAILED,TXN00003156,USR64720,MCH1193,UTR0017810990,0,0,0,0,0,1,0
TXN00005107,2026-02-06 12:47:02,USR18292,MCH3164,9176.29,UTR6861451344,4110,SUCCESS,TXN00005107,USR18292,MCH3164,UTR6861451344,0,0,0,0,0,0,0
TXN00016824,2026-02-19 02:55:52,USR56962,MCH5658,3026.0,UTR7991734659,4110,SUCCESS,TXN00016824,USR56962,MCH5658,UTR7991734659,0,0,0,0,0,0,0
TXN00017536,2026-01-10 05:38:42,USR59496,MCH3695,0.223864,UTR5422333345,1310,SUCCESS,TXN00017536,USR59496,MCH3695,UTR5422333345,0,0,0,0,0,0,0
TXN00003268,2026-01-19 16:00:28,USR99173,MCH9383,14021.35,UTR6443915227,4110,SUCCESS,TXN00003268,USR99173,MCH9383,UTR6443915227,0,0,0,0,0,0,0
TXN00013473,2026-02-17 22:39:27,USR36784,MCH4042,6271.11,UTR2462558154,8120,PENDING,TXN00013473,USR36784,MCH4042,UTR 2462558154,0,0,0,0,0,0,1
TXN00005611,2026-02-25 12:19:12,USR67064,MCH9322,1933.46,UTR5494159067,1310,SUCCESS,TXN00005611,USR67064,MCH9322,UTR5494159067,0,0,0,0,0,0,0
TXN00002027,2026-03-13 17:31:10,USR75228,MCH5037,18273.0,UTR9838795037,1310,SUCCESS,TXN00002027,USR75228,MCH5037,UTR9838795037,0,0,0,0,0,0,0
TXN00013133,2026-02-28 19:24:21,USR27613,MCH8312,15340.3,UTR6123233109,4110,SUCCESS,TXN00013133,USR27613,MCH8312,UTR6123233109,0,0,0,0,0,0,0
TXN00002908,2026-02-25 19:36:55,USR49082,MCH7734,5661.0,UTR6929636550,4110,FAILED,TXN00002908,USR49082,MCH7734,UTR6929636550,0,0,0,0,0,1,0
TXN00015280,2026-02-11 11:14:27,USR99816,MCH3270,24095.0,,,SUCCESS,TXN00015280,USR99816,MCH3270,,0,1,1,0,0,0,0
TXN00010887,2026-03-29 20:07:47,USR84852,MCH2642,1396.54,UTR3722926947,0110,FAILED,TXN00010887,USR84852,MCH2642,UTR3722926947,0,0,0,0,0,1,0
TXN00014284,2026-01-24 06:31:49,USR28033,MCH8838,16694.0,UTR7224344645,,SUCCESS,TXN00014284,USR28033,MCH8838,UTR7224344645,0,0,1,0,0,0,0
TXN00013269,2026-01-12 17:52:18,USR74803,MCH7482,23970.08,UTR5288423222,9120,SUCCESS,TXN00013269,USR74803,MCH7482,UTR5288423222,0,0,0,0,0,0,0
TXN00019129,2026-03-22 23:01:52,USR45018,MCH2787,24582.18,UTR9303650884,0110,SUCCESS,TXN00019129,USR45018,MCH2787,UTR9303650884,0,0,0,0,0,0,0
TXN00011281,2026-01-06 18:05:52,USR93206,MCH9803,6569.49,UTR5250553101,,SUCCESS,TXN00011281,USR93206,MCH9803,UTR5250553101,0,0,1,0,0,0,0
TXN00003635,2026-03-21 22:34:07,USR77035,MCH8998,2353.48,UTR1372800620,8120,PENDING,TXN00003635,USR77035,MCH8998,UTR1372800620,0,0,0,0,0,0,1
TXN00001540,2026-12-02 17:59:16,USR48862,MCH6974,13134.0,UTR7829008458,8120,SUCCESS,TXN00001540,USR48862,MCH6974,UTR7829008458,0,0,0,0,0,0,0
TXN00005496,2026-03-04 02:29:06,USR74563,MCH4434,8351.08,UTR3780498429,8120,SUCCESS,TXN00005496,USR74563,MCH4434,UTR3780498429,0,0,0,0,0,0,0
TXN00005680,2026-01-23 02:08:35,USR63406,MCH4883,4405.5,,1310,PENDING,TXN00005680,USR63406,MCH4883,,0,1,0,0,0,0,1
TXN00005564,2026-01-26 08:28:17,USR47596,MCH8565,6985.47,UTR2426837990,4110,SUCCESS,TXN00005564,USR47596,MCH8565,UTR2426837990,0,0,0,0,0,0,0
TXN00006907,2026-03-30 11:33:59,USR46105,MCH4468,5782.17,UTR4730991759,0110,SUCCESS,TXN00006907,USR46105,MCH4468,UTR4730991759,0,0,0,0,0,0,0
TXN00006702,2026-02-25 09:41:00,USR75234,MCH8683,18637.49,UTR1413058937,0110,SUCCESS,TXN00006702,USR75234,MCH8683,UTR1413058937,0,0,0,0,0,0,0
TXN00012389,2026-02-19 18:34:06,USR16140,MCH5920,23963.32,UTR9986777052,4110,PENDING,TXN00012389,USR16140,MCH5920,UTR9986777052,0,0,0,0,0,0,1
TXN00005378,2026-01-23 23:12:14,USR98211,MCH7493,0.855832,UTR9491821433,8120,FAILED,TXN00005378,USR98211,MCH7493,UTR9491821433,0,0,0,0,0,1,0
TXN00019701,2026-01-31 05:44:33,USR21834,MCH1478,17125.0,UTR4019026191,0110,SUCCESS,TXN00019701,USR21834,MCH1478,UTR 4019026191,0,0,0,0,0,0,0
TXN00005892,2026-01-13 00:38:40,USR89499,MCH9234,14660.0,UTR1797953389,1310,SUCCESS,TXN00005892,USR89499,MCH9234,UTR 1797953389,0,0,0,0,0,0,0
TXN00016292,2026-03-18 20:42:11,USR25205,MCH9818,4902.64,UTR5598621217,0110,FAILED,TXN00016292,USR25205,MCH9818,UTR5598621217,0,0,0,0,0,1,0
TXN00008919,2026-01-18 00:00:00,USR83030,MCH5665,11100.0,UTR2548277231,,SUCCESS,TXN00008919,USR83030,MCH5665,UTR2548277231,0,0,1,0,0,0,0
TXN00001660,2026-03-24 20:24:56,USR23626,MCH7208,11185.59,UTR7409056995,0110,SUCCESS,TXN00001660,USR23626,MCH7208,UTR7409056995,0,0,0,0,0,0,0
TXN00019557,2026-01-02 22:40:10,USR62222,MCH8505,17358.67,UTR6591650651,1310,SUCCESS,TXN00019557,USR62222,MCH8505,UTR6591650651,0,0,0,0,0,0,0
TXN00019502,2026-01-17 04:03:18,USR95205,MCH6773,10879.05,UTR9539636731,9120,SUCCESS,TXN00019502,USR95205,MCH6773,UTR9539636731,0,0,0,0,0,0,0
TXN00013440,2026-02-04 18:07:14,USR71735,MCH5834,10895.81,UTR4385505177,8120,SUCCESS,TXN00013440,USR71735,MCH5834,UTR4385505177,0,0,0,0,0,0,0
TXN00013829,2026-01-26 10:30:05,USR86215,MCH7055,878.21,UTR1156244693,0110,SUCCESS,TXN00013829,USR86215,MCH7055,UTR 1156244693,0,0,0,0,0,0,0
TXN00019916,2026-02-19 16:21:34,USR26187,MCH1338,21063.24,UTR1583642599,4110,SUCCESS,TXN00019916,USR26187,MCH1338,UTR1583642599,0,0,0,0,0,0,0
TXN00002979,2026-03-25 20:45:21,USR31414,MCH3979,17595.46,UTR7388145849,4110,SUCCESS,TXN00002979,USR31414,MCH3979,UTR7388145849,0,0,0,0,0,0,0
TXN00008007,2026-01-09 01:59:21,USR21147,MCH7881,18915.9,UTR1917518440,,SUCCESS,TXN00008007,USR21147,MCH7881,UTR1917518440,0,0,1,0,0,0,0
TXN00013118,2026-01-05 08:07:03,USR21428,MCH7708,13566.0,UTR7916888495,4110,SUCCESS,TXN00013118,USR21428,MCH7708,UTR7916888495,0,0,0,0,0,0,0
TXN00000957,2026-02-06 00:00:00,USR83566,MCH8193,12977.75,UTR0220287194,4110,SUCCESS,TXN00000957,USR83566,MCH8193,UTR0220287194,0,0,0,0,0,0,0
TXN00009084,2026-10-02 03:39:46,USR21473,MCH2257,18875.96,UTR4090942420,9120,SUCCESS,TXN00009084,USR21473,MCH2257,UTR4090942420,0,0,0,0,0,0,0
TXN00005727,2026-03-21 20:42:47,USR69795,MCH9462,4937.6,UTR0411547177,1310,SUCCESS,TXN00005727,USR69795,MCH9462,UTR0411547177,0,0,0,0,0,0,0
TXN00013519,2026-01-27 15:13:49,USR86050,MCH8820,6440.98,UTR1518866336,9120,SUCCESS,TXN00013519,USR86050,MCH8820,UTR 1518866336,0,0,0,0,0,0,0
TXN00009191,2026-03-21 15:01:16,USR85668,MCH4824,22600.5,UTR1701783853,8120,SUCCESS,TXN00009191,USR85668,MCH4824,UTR1701783853,0,0,0,0,0,0,0
TXN00010298,2026-01-06 10:36:58,USR46932,MCH8645,8983.18,UTR5164815984,4110,SUCCESS,TXN00010298,USR46932,MCH8645,UTR 5164815984,0,0,0,0,0,0,0
TXN00006150,2026-01-09 13:09:04,USR30753,MCH4517,23655.21,UTR0393164485,,SUCCESS,TXN00006150,USR30753,MCH4517,UTR0393164485,0,0,1,0,0,0,0
TXN00002206,2026-02-25 16:07:05,USR47316,MCH9697,22953.0,UTR0378710521,9120,SUCCESS,TXN00002206,USR47316,MCH9697,UTR0378710521,0,0,0,0,0,0,0
TXN00004694,2026-01-05 16:48:06,USR57682,MCH8057,13018.39,,1310,SUCCESS,TXN00004694,USR57682,MCH8057,,0,1,0,0,0,0,0
TXN00014240,2026-02-25 06:23:59,USR22615,MCH7871,4394.62,UTR0389583536,,SUCCESS,TXN00014240,USR22615,MCH7871,UTR0389583536,0,0,1,0,0,0,0
TXN00007586,2026-11-03 02:09:42,USR17315,MCH1138,16881.5,UTR7498786577,,SUCCESS,TXN00007586,USR17315,MCH1138,UTR7498786577,0,0,1,0,0,0,0
TXN00000914,2026-01-22 07:17:22,USR20929,MCH8365,10241.2,UTR5476684857,4110,SUCCESS,TXN00000914,USR20929,MCH8365,UTR5476684857,0,0,0,0,0,0,0
TXN00011653,2026-02-02 23:11:03,USR97479,MCH6138,1858.34,UTR6453632635,8120,SUCCESS,TXN00011653,USR97479,MCH6138,UTR6453632635,0,0,0,0,0,0,0
TXN00009638,2026-01-10 00:00:00,USR95206,MCH4129,472.93,,1310,SUCCESS,TXN00009638,USR95206,MCH4129,,0,1,0,0,0,0,0
TXN00006643,2026-02-18 22:39:42,USR19877,MCH4669,12369.98,UTR4771206550,0110,PENDING,TXN00006643,USR19877,MCH4669,UTR4771206550,0,0,0,0,0,0,1
TXN00013209,2026-03-23 10:49:09,USR21813,MCH2544,3716.06,UTR2839059756,,SUCCESS,TXN00013209,USR21813,MCH2544,UTR2839059756,0,0,1,0,0,0,0
TXN00008736,2026-01-24 14:20:36,USR74072,MCH5172,24552.11,UTR4125562960,8120,SUCCESS,TXN00008736,USR74072,MCH5172,UTR4125562960,0,0,0,0,0,0,0
TXN00000141,2026-01-31 13:15:09,USR94125,MCH6307,24061.56,UTR6882197052,4110,SUCCESS,TXN00000141,USR94125,MCH6307,UTR 6882197052,0,0,0,0,0,0,0
TXN00005221,2026-02-13 21:42:18,USR31578,MCH9093,7505.0,UTR6526687263,,FAILED,TXN00005221,USR31578,MCH9093,UTR6526687263,0,0,1,0,0,1,0
TXN00008065,2026-01-23 01:14:51,USR62274,MCH4433,24141.67,UTR8289518758,4110,SUCCESS,TXN00008065,USR62274,MCH4433,UTR8289518758,0,0,0,0,0,0,0
TXN00005745,2026-03-25 04:04:44,USR75593,MCH3236,4098.77,UTR1754944900,9120,SUCCESS,TXN00005745,USR75593,MCH3236,UTR1754944900,0,0,0,0,0,0,0
TXN00000771,2026-01-24 18:31:28,USR84479,MCH8462,2774.69,UTR3008975254,9120,SUCCESS,TXN00000771,USR84479,MCH8462,UTR3008975254,0,0,0,0,0,0,0
TXN00002438,2026-01-22 23:53:00,USR14627,MCH2136,0.851627,UTR9817493650,8120,PENDING,TXN00002438,USR14627,MCH2136,UTR9817493650,0,0,0,0,0,0,1
TXN00008138,2026-01-27 02:24:02,USR85669,MCH1393,24096.0,UTR4247343318,8120,SUCCESS,TXN00008138,USR85669,MCH1393,UTR4247343318,0,0,0,0,0,0,0
TXN00004750,2026-02-20 10:23:34,USR87110,MCH4511,20062.02,UTR4062520591,4110,PENDING,TXN00004750,USR87110,MCH4511,UTR 4062520591,0,0,0,0,0,0,1
TXN00006322,2026-01-15 11:31:54,USR76123,MCH4404,12742.63,UTR8065644802,9120,SUCCESS,TXN00006322,USR76123,MCH4404,UTR8065644802,0,0,0,0,0,0,0
TXN00001554,2026-03-17 21:05:09,USR50842,MCH1896,22106.32,UTR4384807025,9120,SUCCESS,TXN00001554,USR50842,MCH1896,UTR4384807025,0,0,0,0,0,0,0
TXN00019536,2026-01-16 05:49:11,USR36177,MCH8139,0.1281276,UTR6126538957,4110,SUCCESS,TXN00019536,USR36177,MCH8139,UTR6126538957,0,0,0,0,0,0,0
TXN00016745,2026-04-01 21:14:12,USR46379,MCH6907,5463.99,UTR2454730782,1310,SUCCESS,TXN00016745,USR46379,MCH6907,UTR 2454730782,0,0,0,0,0,0,0
TXN00008562,2026-01-14 00:00:00,USR60845,MCH5101,22436.5,UTR3144196776,4110,SUCCESS,TXN00008562,USR60845,MCH5101,UTR3144196776,0,0,0,0,0,0,0
TXN00016813,2026-01-13 12:33:18,USR56524,MCH1166,22647.46,UTR5282754762,4110,SUCCESS,TXN00016813,USR56524,MCH1166,UTR5282754762,0,0,0,0,0,0,0
TXN00014899,2026-02-17 02:35:05,USR91382,MCH1174,203.18,UTR8991390823,4110,SUCCESS,TXN00014899,USR91382,MCH1174,UTR 8991390823,0,0,0,0,0,0,0
TXN00006616,2026-02-21 00:00:00,USR33009,MCH8896,18215.06,UTR5871208969,,SUCCESS,TXN00006616,USR33009,MCH8896,UTR5871208969,0,0,1,0,0,0,0
TXN00018513,2026-03-26 16:56:18,USR97166,MCH6498,22520.54,UTR3227127290,4110,SUCCESS,TXN00018513,USR97166,MCH6498,UTR3227127290,0,0,0,0,0,0,0
TXN00017853,2026-03-24 19:50:34,USR21223,MCH2304,15341.73,UTR2024746919,,SUCCESS,TXN00017853,USR21223,MCH2304,UTR2024746919,0,0,1,0,0,0,0
TXN00012297,2026-03-28 03:42:59,USR98307,MCH9914,12281.79,UTR8684609579,,SUCCESS,TXN00012297,USR98307,MCH9914,UTR 8684609579,0,0,1,0,0,0,0
TXN00012505,2026-01-26 04:15:14,USR19554,MCH2881,9400.23,UTR8572510241,4110,FAILED,TXN00012505,USR19554,MCH2881,UTR8572510241,0,0,0,0,0,1,0
TXN00012603,2026-02-18 03:04:19,USR72087,MCH7658,11774.3,UTR0665560329,0110,SUCCESS,TXN00012603,USR72087,MCH7658,UTR0665560329,0,0,0,0,0,0,0
TXN00012223,2026-01-17 00:26:24,USR22913,MCH8298,4904.02,UTR9157702806,4110,SUCCESS,TXN00012223,USR22913,MCH8298,UTR9157702806,0,0,0,0,0,0,0
TXN00018784,2026-03-16 01:54:36,USR80316,MCH3433,18586.6,UTR4780698494,9120,SUCCESS,TXN00018784,USR80316,MCH3433,UTR4780698494,0,0,0,0,0,0,0
TXN00014730,2026-02-07 08:42:34,USR98525,MCH3475,23311.37,UTR1596865927,0110,SUCCESS,TXN00014730,USR98525,MCH3475,UTR1596865927,0,0,0,0,0,0,0
TXN00014714,2026-03-31 21:00:59,USR91776,MCH8716,7689.27,UTR0420553602,9120,SUCCESS,TXN00014714,USR91776,MCH8716,UTR0420553602,0,0,0,0,0,0,0
TXN00001702,2026-03-07 19:18:20,USR13164,MCH1301,0.1081812,UTR0597749677,,PENDING,TXN00001702,USR13164,MCH1301,UTR0597749677,0,0,1,0,0,0,1
TXN00004156,2026-02-17 21:03:43,USR15490,MCH4093,332.31,UTR2651307690,4110,SUCCESS,TXN00004156,USR15490,MCH4093,UTR2651307690,0,0,0,0,0,0,0
TXN00007209,2026-09-01 19:00:22,USR11921,MCH1485,9585.28,UTR3360782414,1310,SUCCESS,TXN00007209,USR11921,MCH1485,UTR3360782414,0,0,0,0,0,0,0
TXN00014932,2026-02-03 07:25:42,USR52962,MCH3114,12568.27,UTR8630172569,8120,FAILED,TXN00014932,USR52962,MCH3114,UTR8630172569,0,0,0,0,0,1,0
TXN00006475,2026-02-19 02:03:28,USR15619,MCH1177,17851.81,UTR5385435157,,SUCCESS,TXN00006475,USR15619,MCH1177,UTR5385435157,0,0,1,0,0,0,0
TXN00012303,2026-01-12 20:15:34,USR14125,MCH6482,8619.1,,0110,FAILED,TXN00012303,USR14125,MCH6482,,0,1,0,0,0,1,0
TXN00012901,2026-03-04 12:20:51,USR41814,MCH7576,22159.0,,0110,SUCCESS,TXN00012901,USR41814,MCH7576,,0,1,0,0,0,0,0
TXN00006471,2026-01-06 07:08:53,USR13328,MCH4618,16452.17,UTR4970809095,,FAILED,TXN00006471,USR13328,MCH4618,UTR4970809095,0,0,1,0,0,1,0
TXN00012610,2026-01-04 14:15:22,USR43382,MCH8738,22261.65,UTR0187479178,1310,PENDING,TXN00012610,USR43382,MCH8738,UTR 0187479178,0,0,0,0,0,0,1
TXN00012896,2026-03-31 08:48:19,USR90581,MCH5862,2682.07,UTR4302256981,,SUCCESS,TXN00012896,USR90581,MCH5862,UTR4302256981,0,0,1,0,0,0,0
TXN00015694,2026-03-31 08:49:29,USR49142,MCH3074,2089.01,UTR6560355574,0110,SUCCESS,TXN00015694,USR49142,MCH3074,UTR6560355574,0,0,0,0,0,0,0
TXN00015998,2026-03-13 23:20:08,USR42664,MCH6943,17932.5,UTR9923320160,1310,SUCCESS,TXN00015998,USR42664,MCH6943,UTR9923320160,0,0,0,0,0,0,0
TXN00006206,2026-02-03 06:37:31,USR18320,MCH7650,23696.94,UTR2685163091,0110,SUCCESS,TXN00006206,USR18320,MCH7650,UTR2685163091,0,0,0,0,0,0,0
TXN00004310,2026-02-19 13:57:42,USR53272,MCH6477,19588.9,UTR0165934508,4110,SUCCESS,TXN00004310,USR53272,MCH6477,UTR 0165934508,0,0,0,0,0,0,0
TXN00016348,2026-03-08 10:48:29,USR47521,MCH1201,410.75,UTR2968158791,1310,SUCCESS,TXN00016348,USR47521,MCH1201,UTR2968158791,0,0,0,0,0,0,0
TXN00003068,2026-01-30 22:57:05,USR89641,MCH1021,24125.73,UTR7200095536,4110,SUCCESS,TXN00003068,USR89641,MCH1021,UTR7200095536,0,0,0,0,0,0,0
TXN00004745,2026-02-16 07:02:24,USR45264,MCH6812,5825.88,UTR5945477802,0110,SUCCESS,TXN00004745,USR45264,MCH6812,UTR5945477802,0,0,0,0,0,0,0
TXN00019511,2026-01-13 13:05:36,USR68474,MCH2305,13724.0,UTR2009984708,1310,SUCCESS,TXN00019511,USR68474,MCH2305,UTR2009984708,0,0,0,0,0,0,0
TXN00013035,2026-02-09 02:29:02,USR87189,MCH6329,1068.62,UTR2797621465,4110,FAILED,TXN00013035,USR87189,MCH6329,UTR2797621465,0,0,0,0,0,1,0
TXN00017244,2026-01-22 12:43:37,USR16815,MCH6658,5642.59,UTR5084292814,8120,SUCCESS,TXN00017244,USR16815,MCH6658,UTR5084292814,0,0,0,0,0,0,0
TXN00002941,2026-01-02 07:51:14,USR52310,MCH4420,6640.5,UTR8442153446,4110,SUCCESS,TXN00002941,USR52310,MCH4420,UTR8442153446,0,0,0,0,0,0,0
TXN00002854,2026-03-20 16:37:57,USR51085,MCH2821,22956.79,UTR2934576868,0110,SUCCESS,TXN00002854,USR51085,MCH2821,UTR2934576868,0,0,0,0,0,0,0
TXN00015426,2026-02-05 07:09:19,USR14911,MCH1229,14134.29,UTR3457185412,8120,SUCCESS,TXN00015426,USR14911,MCH1229,UTR3457185412,0,0,0,0,0,0,0
TXN00019577,2026-03-14 19:25:46,USR27056,MCH7895,0.1406278,UTR4573704437,1310,SUCCESS,TXN00019577,USR27056,MCH7895,UTR4573704437,0,0,0,0,0,0,0
TXN00010961,2026-03-01 22:55:49,USR48343,MCH2000,7883.25,,1310,FAILED,TXN00010961,USR48343,MCH2000,,0,1,0,0,0,1,0
TXN00010185,2026-01-08 01:54:53,USR29779,MCH8892,16004.82,UTR2355292827,8120,SUCCESS,TXN00010185,USR29779,MCH8892,UTR2355292827,0,0,0,0,0,0,0
TXN00013794,2026-03-16 14:22:53,USR41859,MCH6636,19056.66,UTR5375766018,,SUCCESS,TXN00013794,USR41859,MCH6636,UTR5375766018,0,0,1,0,0,0,0
TXN00001717,2026-03-18 13:35:44,USR68459,MCH1206,1453.94,UTR3984385507,1310,SUCCESS,TXN00001717,USR68459,MCH1206,UTR3984385507,0,0,0,0,0,0,0
TXN00013917,2026-03-18 19:09:25,USR62284,MCH7950,20118.74,UTR1984534917,1310,FAILED,TXN00013917,USR62284,MCH7950,UTR1984534917,0,0,0,0,0,1,0
TXN00006159,2026-07-02 05:11:31,USR66773,MCH1127,3410.05,UTR6695730908,9120,PENDING,TXN00006159,USR66773,MCH1127,UTR6695730908,0,0,0,0,0,0,1
TXN00003857,2026-03-22 21:52:33,USR58884,MCH4825,8873.11,UTR1449054994,1310,SUCCESS,TXN00003857,USR58884,MCH4825,UTR1449054994,0,0,0,0,0,0,0
TXN00011402,2026-03-23 00:00:00,USR64936,MCH9677,11320.0,UTR8795128420,1310,SUCCESS,TXN00011402,USR64936,MCH9677,UTR8795128420,0,0,0,0,0,0,0
TXN00014120,2026-09-02 03:55:02,USR81382,MCH1794,798.05,UTR9990810015,4110,FAILED,TXN00014120,USR81382,MCH1794,UTR9990810015,0,0,0,0,0,1,0
TXN00013134,2026-01-13 21:28:07,USR63727,MCH8500,10304.87,UTR5849905030,,SUCCESS,TXN00013134,USR63727,MCH8500,UTR5849905030,0,0,1,0,0,0,0
TXN00015529,2026-02-23 05:47:30,USR81404,MCH8109,13190.63,UTR2564628865,4110,SUCCESS,TXN00015529,USR81404,MCH8109,UTR2564628865,0,0,0,0,0,0,0
TXN00005052,2026-03-20 02:14:36,USR80919,MCH2402,20131.31,UTR5102809813,,SUCCESS,TXN00005052,USR80919,MCH2402,UTR5102809813,0,0,1,0,0,0,0
TXN00016463,2026-01-09 02:50:36,USR23448,MCH1931,4249.0,UTR3497480597,1310,SUCCESS,TXN00016463,USR23448,MCH1931,UTR3497480597,0,0,0,0,0,0,0
TXN00001592,2026-03-10 08:11:04,USR25373,MCH4982,24781.49,UTR2214841234,8120,SUCCESS,TXN00001592,USR25373,MCH4982,UTR2214841234,0,0,0,0,0,0,0
TXN00009516,2026-01-15 11:56:33,USR19724,MCH3413,4733.54,UTR1879452912,4110,SUCCESS,TXN00009516,USR19724,MCH3413,UTR1879452912,0,0,0,0,0,0,0
TXN00005187,2026-02-14 23:40:32,USR19721,MCH4555,0.1691866,UTR7879436675,,SUCCESS,TXN00005187,USR19721,MCH4555,UTR7879436675,0,0,1,0,0,0,0
TXN00014740,2026-03-12 02:57:12,USR28051,MCH6363,8938.0,UTR7120292107,4110,SUCCESS,TXN00014740,USR28051,MCH6363,UTR7120292107,0,0,0,0,0,0,0
TXN00004126,2026-02-04 08:40:48,USR16673,MCH8291,16912.26,UTR5098306356,,SUCCESS,TXN00004126,USR16673,MCH8291,UTR 5098306356,0,0,1,0,0,0,0
TXN00007648,2026-02-28 20:55:44,USR34159,MCH5479,5011.85,UTR1410571008,4110,SUCCESS,TXN00007648,USR34159,MCH5479,UTR1410571008,0,0,0,0,0,0,0
TXN00019651,2026-08-02 05:15:35,USR54969,MCH9588,7435.76,UTR3993328320,4110,FAILED,TXN00019651,USR54969,MCH9588,UTR3993328320,0,0,0,0,0,1,0
TXN00019319,2026-03-14 06:17:32,USR76215,MCH1297,24511.74,UTR9668524993,4110,SUCCESS,TXN00019319,USR76215,MCH1297,UTR9668524993,0,0,0,0,0,0,0
TXN00011703,2026-02-12 00:45:16,USR67302,MCH3089,2674.42,UTR0023504737,9120,SUCCESS,TXN00011703,USR67302,MCH3089,UTR0023504737,0,0,0,0,0,0,0
TXN00011421,2026-02-08 07:58:38,USR95507,MCH1593,17605.1,UTR0013696700,9120,SUCCESS,TXN00011421,USR95507,MCH1593,UTR0013696700,0,0,0,0,0,0,0
TXN00011077,2026-01-30 12:10:18,USR22960,MCH3912,10211.46,UTR1282043148,1310,SUCCESS,TXN00011077,USR22960,MCH3912,UTR1282043148,0,0,0,0,0,0,0
TXN00010427,2026-03-18 22:03:16,USR62120,MCH3320,8097.0,,4110,PENDING,TXN00010427,USR62120,MCH3320,,0,1,0,0,0,0,1
TXN00016122,2026-03-11 23:04:16,USR62017,MCH1261,16992.0,UTR9379712979,4110,SUCCESS,TXN00016122,USR62017,MCH1261,UTR9379712979,0,0,0,0,0,0,0
TXN00015585,2026-03-18 13:54:52,USR93154,MCH1015,2777.47,UTR9168563547,4110,SUCCESS,TXN00015585,USR93154,MCH1015,UTR9168563547,0,0,0,0,0,0,0
TXN00009863,2026-02-05 18:51:01,USR46776,MCH1975,23332.58,UTR9985090669,4110,SUCCESS,TXN00009863,USR46776,MCH1975,UTR9985090669,0,0,0,0,0,0,0
TXN00014493,2026-03-18 19:46:08,USR17073,MCH1061,5483.77,,1310,SUCCESS,TXN00014493,USR17073,MCH1061,,0,1,0,0,0,0,0
TXN00012850,2026-02-20 05:30:35,USR53065,MCH5513,12921.17,UTR4618838286,9120,SUCCESS,TXN00012850,USR53065,MCH5513,UTR4618838286,0,0,0,0,0,0,0
TXN00005600,2026-03-31 20:44:34,USR80268,MCH2894,17886.0,UTR3511924902,1310,SUCCESS,TXN00005600,USR80268,MCH2894,UTR3511924902,0,0,0,0,0,0,0
TXN00001988,2026-03-24 19:09:03,USR83841,MCH6696,12416.56,UTR0119423074,1310,SUCCESS,TXN00001988,USR83841,MCH6696,UTR0119423074,0,0,0,0,0,0,0
TXN00006384,2026-03-08 23:35:21,USR91183,MCH9357,6173.94,UTR9895207488,9120,SUCCESS,TXN00006384,USR91183,MCH9357,UTR9895207488,0,0,0,0,0,0,0
TXN00017094,2026-03-14 23:39:01,USR85837,MCH4048,7521.42,UTR9661924197,8120,SUCCESS,TXN00017094,USR85837,MCH4048,UTR9661924197,0,0,0,0,0,0,0
TXN00003432,2026-01-18 00:55:58,USR16385,MCH2722,24767.07,UTR8172505676,8120,SUCCESS,TXN00003432,USR16385,MCH2722,UTR8172505676,0,0,0,0,0,0,0
TXN00012160,2026-02-28 20:57:17,USR46564,MCH8590,3857.82,UTR9603335925,8120,SUCCESS,TXN00012160,USR46564,MCH8590,UTR9603335925,0,0,0,0,0,0,0
TXN00014159,2026-01-30 13:52:31,USR20673,MCH5127,21519.61,UTR2260656723,8120,SUCCESS,TXN00014159,USR20673,MCH5127,UTR2260656723,0,0,0,0,0,0,0
TXN00001640,2026-02-15 04:07:07,USR42986,MCH1814,23175.75,UTR2129535009,4110,SUCCESS,TXN00001640,USR42986,MCH1814,UTR2129535009,0,0,0,0,0,0,0
TXN00011664,2026-01-08 07:30:39,USR89514,MCH8906,19880.57,UTR6143328643,4110,SUCCESS,TXN00011664,USR89514,MCH8906,UTR6143328643,0,0,0,0,0,0,0
TXN00018472,2026-02-18 15:03:56,USR14484,MCH7675,21085.59,,9120,SUCCESS,TXN00018472,USR14484,MCH7675,,0,1,0,0,0,0,0
TXN00010087,2026-01-10 11:39:16,USR83080,MCH6072,17907.19,UTR4214891586,8120,SUCCESS,TXN00010087,USR83080,MCH6072,UTR4214891586,0,0,0,0,0,0,0
TXN00010742,2026-01-24 04:03:16,USR59522,MCH9903,19431.26,UTR1890225445,,SUCCESS,TXN00010742,USR59522,MCH9903,UTR1890225445,0,0,1,0,0,0,0
TXN00005776,2026-02-22 00:06:59,USR32795,MCH9492,9389.28,UTR7726558489,4110,SUCCESS,TXN00005776,USR32795,MCH9492,UTR7726558489,0,0,0,0,0,0,0
TXN00001926,2026-03-14 09:31:33,USR35509,MCH7784,2334.0,UTR8637708336,1310,SUCCESS,TXN00001926,USR35509,MCH7784,UTR8637708336,0,0,0,0,0,0,0
TXN00007064,2026-03-04 17:07:46,USR13249,MCH1681,19465.11,UTR3705447646,8120,SUCCESS,TXN00007064,USR13249,MCH1681,UTR 3705447646,0,0,0,0,0,0,0
TXN00013759,2026-03-09 10:57:30,USR11173,MCH5413,4606.85,UTR4327852986,9120,SUCCESS,TXN00013759,USR11173,MCH5413,UTR4327852986,0,0,0,0,0,0,0
TXN00016979,2026-03-06 00:00:00,USR94819,MCH4041,2496.0,UTR5488945033,,SUCCESS,TXN00016979,USR94819,MCH4041,UTR5488945033,0,0,1,0,0,0,0
TXN00014573,2026-03-18 09:46:30,USR34328,MCH3352,0.1331345,UTR6066769452,8120,SUCCESS,TXN00014573,USR34328,MCH3352,UTR 6066769452,0,0,0,0,0,0,0
TXN00004327,2026-01-15 15:15:40,USR78955,MCH6907,561.43,UTR2277311896,,SUCCESS,TXN00004327,USR78955,MCH6907,UTR2277311896,0,0,1,0,0,0,0
TXN00008167,2026-03-11 10:31:38,USR88921,MCH8296,1316.19,UTR0040626337,0110,SUCCESS,TXN00008167,USR88921,MCH8296,UTR0040626337,0,0,0,0,0,0,0
TXN00007582,2026-03-01 14:38:36,USR44066,MCH9463,9864.59,UTR6326476754,,SUCCESS,TXN00007582,USR44066,MCH9463,UTR6326476754,0,0,1,0,0,0,0
TXN00005930,2026-01-27 03:00:36,USR27982,MCH1480,22312.8,UTR3130054479,0110,PENDING,TXN00005930,USR27982,MCH1480,UTR3130054479,0,0,0,0,0,0,1
TXN00000534,2026-03-03 13:59:23,USR88018,MCH6659,13890.0,UTR9375365006,4110,SUCCESS,TXN00000534,USR88018,MCH6659,UTR9375365006,0,0,0,0,0,0,0
TXN00007602,2026-01-19 21:47:32,USR33452,MCH6236,4425.29,UTR6233513666,8120,SUCCESS,TXN00007602,USR33452,MCH6236,UTR6233513666,0,0,0,0,0,0,0
TXN00018909,2026-01-17 22:36:12,USR31409,MCH4978,12840.0,UTR7399175551,4110,SUCCESS,TXN00018909,USR31409,MCH4978,UTR7399175551,0,0,0,0,0,0,0
TXN00014308,2026-01-08 10:20:10,USR85526,MCH6023,4638.73,UTR9595712893,1310,SUCCESS,TXN00014308,USR85526,MCH6023,UTR9595712893,0,0,0,0,0,0,0
TXN00010793,2026-03-28 14:17:06,USR74107,MCH6525,0.2048515,UTR0197342913,8120,SUCCESS,TXN00010793,USR74107,MCH6525,UTR0197342913,0,0,0,0,0,0,0
TXN00019794,2026-03-11 08:50:49,USR22727,MCH8020,1519.44,UTR6617460681,4110,SUCCESS,TXN00019794,USR22727,MCH8020,UTR 6617460681,0,0,0,0,0,0,0
TXN00009416,2026-01-30 22:20:51,USR29463,MCH4106,1781.08,,,SUCCESS,TXN00009416,USR29463,MCH4106,,0,1,1,0,0,0,0
TXN00019093,2026-02-28 19:01:25,USR23506,MCH2061,3457.4,UTR7990869861,9120,SUCCESS,TXN00019093,USR23506,MCH2061,UTR 7990869861,0,0,0,0,0,0,0
TXN00013467,2026-03-02 16:54:24,USR16119,MCH3983,13252.18,UTR2968506699,9120,SUCCESS,TXN00013467,USR16119,MCH3983,UTR 2968506699,0,0,0,0,0,0,0
TXN00009644,2026-02-01 15:19:53,USR52086,MCH1863,0.331272,UTR9216133846,4110,SUCCESS,TXN00009644,USR52086,MCH1863,UTR9216133846,0,0,0,0,0,0,0
TXN00001759,2026-03-25 12:16:22,USR32091,MCH4660,2752.0,UTR5407410024,4110,SUCCESS,TXN00001759,USR32091,MCH4660,UTR5407410024,0,0,0,0,0,0,0
TXN00005417,2026-01-20 13:26:45,USR15546,MCH4530,8843.0,UTR4587666516,0110,SUCCESS,TXN00005417,USR15546,MCH4530,UTR4587666516,0,0,0,0,0,0,0
TXN00019234,2026-11-02 19:13:31,USR72862,MCH7645,14095.83,UTR3314387001,4110,SUCCESS,TXN00019234,USR72862,MCH7645,UTR3314387001,0,0,0,0,0,0,0
TXN00008764,2026-02-16 21:31:58,USR15827,MCH6161,22466.99,UTR8164715044,9120,SUCCESS,TXN00008764,USR15827,MCH6161,UTR8164715044,0,0,0,0,0,0,0
TXN00000979,2026-01-25 00:12:42,USR93608,MCH3824,12414.0,UTR0504447597,9120,SUCCESS,TXN00000979,USR93608,MCH3824,UTR0504447597,0,0,0,0,0,0,0
TXN00010564,2026-02-04 19:34:32,USR88025,MCH7584,5783.59,UTR9233720780,9120,SUCCESS,TXN00010564,USR88025,MCH7584,UTR9233720780,0,0,0,0,0,0,0
TXN00007711,2026-01-26 13:38:57,USR35674,MCH9382,845.33,UTR9693072895,1310,SUCCESS,TXN00007711,USR35674,MCH9382,UTR9693072895,0,0,0,0,0,0,0
TXN00005432,2026-03-10 10:03:41,USR71581,MCH6772,2223.57,UTR5422128772,,SUCCESS,TXN00005432,USR71581,MCH6772,UTR5422128772,0,0,1,0,0,0,0
TXN00005583,2026-01-04 00:13:09,USR88900,MCH9338,20661.49,UTR4678856348,1310,SUCCESS,TXN00005583,USR88900,MCH9338,UTR4678856348,0,0,0,0,0,0,0
TXN00017047,2026-02-04 03:35:16,USR61500,MCH8566,14273.51,UTR2119866343,8120,SUCCESS,TXN00017047,USR61500,MCH8566,UTR2119866343,0,0,0,0,0,0,0
TXN00016822,2026-03-08 05:38:35,USR49592,MCH6560,13190.75,UTR0567551547,4110,SUCCESS,TXN00016822,USR49592,MCH6560,UTR0567551547,0,0,0,0,0,0,0
TXN00009199,2026-03-02 21:16:30,USR71345,MCH3417,16966.9,UTR2570303783,8120,SUCCESS,TXN00009199,USR71345,MCH3417,UTR2570303783,0,0,0,0,0,0,0
TXN00009072,2026-01-09 18:44:32,USR33210,MCH7894,18794.48,UTR5775713670,0110,SUCCESS,TXN00009072,USR33210,MCH7894,UTR5775713670,0,0,0,0,0,0,0
TXN00019759,2026-02-03 19:04:11,USR91526,MCH1585,16223.48,UTR9719630792,4110,SUCCESS,TXN00019759,USR91526,MCH1585,UTR9719630792,0,0,0,0,0,0,0
TXN00013875,2026-01-13 16:46:25,USR82873,MCH8789,10059.74,UTR2472463928,4110,SUCCESS,TXN00013875,USR82873,MCH8789,UTR2472463928,0,0,0,0,0,0,0
TXN00000119,2026-03-08 19:32:00,USR47627,MCH9633,22315.0,,8120,SUCCESS,TXN00000119,USR47627,MCH9633,,0,1,0,0,0,0,0
TXN00009529,2026-01-31 22:07:25,USR98467,MCH2327,24722.0,UTR9549246296,9120,FAILED,TXN00009529,USR98467,MCH2327,UTR9549246296,0,0,0,0,0,1,0
TXN00013447,2026-01-01 19:38:47,USR63780,MCH6930,0.969567,UTR5770787423,0110,SUCCESS,TXN00013447,USR63780,MCH6930,UTR5770787423,0,0,0,0,0,0,0
TXN00015609,2026-03-31 04:07:26,USR51084,MCH9177,17027.64,UTR7442034347,,SUCCESS,TXN00015609,USR51084,MCH9177,UTR 7442034347,0,0,1,0,0,0,0
TXN00011215,2026-03-11 04:21:18,USR58066,MCH3424,20916.48,UTR4939181130,0110,SUCCESS,TXN00011215,USR58066,MCH3424,UTR4939181130,0,0,0,0,0,0,0
TXN00013565,2026-02-08 01:05:50,USR24805,MCH1473,10122.34,UTR0591501923,1310,SUCCESS,TXN00013565,USR24805,MCH1473,UTR0591501923,0,0,0,0,0,0,0
TXN00016777,2026-01-17 11:28:14,USR61420,MCH7148,16206.47,UTR7480964580,9120,SUCCESS,TXN00016777,USR61420,MCH7148,UTR7480964580,0,0,0,0,0,0,0
TXN00012468,2026-02-18 21:06:39,USR70630,MCH1008,3426.01,UTR4346120011,,SUCCESS,TXN00012468,USR70630,MCH1008,UTR4346120011,0,0,1,0,0,0,0
TXN00010607,2026-03-23 06:19:32,USR51423,MCH5045,16222.19,UTR9767404411,4110,SUCCESS,TXN00010607,USR51423,MCH5045,UTR9767404411,0,0,0,0,0,0,0
TXN00001306,2026-01-14 19:26:04,USR52371,MCH4736,0.2177552,UTR0000347135,4110,SUCCESS,TXN00001306,USR52371,MCH4736,UTR0000347135,0,0,0,0,0,0,0
TXN00005314,2026-03-19 09:36:21,USR39864,MCH4720,24051.84,UTR6841331622,,FAILED,TXN00005314,USR39864,MCH4720,UTR6841331622,0,0,1,0,0,1,0
TXN00015589,2026-03-27 15:15:29,USR94647,MCH1367,2789.3,UTR6211927140,1310,SUCCESS,TXN00015589,USR94647,MCH1367,UTR6211927140,0,0,0,0,0,0,0
TXN00019846,2026-01-28 14:12:18,USR17074,MCH6476,1113.46,,1310,FAILED,TXN00019846,USR17074,MCH6476,,0,1,0,0,0,1,0
TXN00006613,2026-01-14 01:43:28,USR25850,MCH4901,6202.83,UTR9105580289,9120,SUCCESS,TXN00006613,USR25850,MCH4901,UTR9105580289,0,0,0,0,0,0,0
TXN00003516,2026-03-26 18:33:07,USR58931,MCH6536,23450.0,UTR7795279125,,SUCCESS,TXN00003516,USR58931,MCH6536,UTR7795279125,0,0,1,0,0,0,0
TXN00011723,2026-03-25 00:00:00,USR45444,MCH5948,12341.17,UTR4451709381,4110,SUCCESS,TXN00011723,USR45444,MCH5948,UTR4451709381,0,0,0,0,0,0,0
TXN00014196,2026-01-11 18:03:07,USR36702,MCH3898,1749.1,UTR4307756963,1310,FAILED,TXN00014196,USR36702,MCH3898,UTR4307756963,0,0,0,0,0,1,0
TXN00018203,2026-03-27 10:18:48,USR34009,MCH9040,0.2475506,UTR2361841159,8120,SUCCESS,TXN00018203,USR34009,MCH9040,UTR2361841159,0,0,0,0,0,0,0
TXN00019478,2026-01-31 20:06:15,USR32683,MCH3814,1131.01,UTR2461917063,4110,SUCCESS,TXN00019478,USR32683,MCH3814,UTR2461917063,0,0,0,0,0,0,0
TXN00012644,2026-02-13 12:40:25,USR74463,MCH9168,24798.25,UTR2841600839,4110,SUCCESS,TXN00012644,USR74463,MCH9168,UTR2841600839,0,0,0,0,0,0,0
TXN00002775,2026-06-01 13:39:14,USR46394,MCH7355,13668.96,UTR1869639834,1310,FAILED,TXN00002775,USR46394,MCH7355,UTR1869639834,0,0,0,0,0,1,0
TXN00003617,2026-02-22 03:54:10,USR83621,MCH9918,13924.05,,,SUCCESS,TXN00003617,USR83621,MCH9918,,0,1,1,0,0,0,0
TXN00013147,2026-02-01 13:48:31,USR47360,MCH7607,23608.86,UTR4524567443,4110,SUCCESS,TXN00013147,USR47360,MCH7607,UTR4524567443,0,0,0,0,0,0,0
TXN00005219,2026-02-09 06:18:07,USR52184,MCH3354,5716.0,UTR9561651650,9120,SUCCESS,TXN00005219,USR52184,MCH3354,UTR9561651650,0,0,0,0,0,0,0
TXN00014959,2026-01-12 22:21:54,USR60150,MCH3019,15211.64,UTR3505289848,8120,SUCCESS,TXN00014959,USR60150,MCH3019,UTR3505289848,0,0,0,0,0,0,0
TXN00010236,2026-03-08 00:00:00,USR15715,MCH1197,14519.69,UTR8000960018,4110,SUCCESS,TXN00010236,USR15715,MCH1197,UTR8000960018,0,0,0,0,0,0,0
TXN00012059,2026-03-02 00:00:00,USR20553,MCH8119,3105.78,,9120,FAILED,TXN00012059,USR20553,MCH8119,,0,1,0,0,0,1,0
TXN00001532,2026-01-13 06:10:30,USR29929,MCH5030,15262.24,UTR5087284625,0110,SUCCESS,TXN00001532,USR29929,MCH5030,UTR5087284625,0,0,0,0,0,0,0
TXN00010896,2026-02-25 18:44:26,USR40325,MCH1977,3830.65,UTR1418537048,4110,FAILED,TXN00010896,USR40325,MCH1977,UTR1418537048,0,0,0,0,0,1,0
TXN00018760,2026-01-06 19:09:28,USR46721,MCH4549,16495.05,UTR7446709031,1310,SUCCESS,TXN00018760,USR46721,MCH4549,UTR7446709031,0,0,0,0,0,0,0
TXN00001174,2026-02-20 22:29:33,USR46289,MCH7983,6502.49,UTR3995695925,,SUCCESS,TXN00001174,USR46289,MCH7983,UTR3995695925,0,0,1,0,0,0,0
TXN00003554,2026-02-14 00:34:25,USR72227,MCH5172,12642.66,UTR8760281589,4110,SUCCESS,TXN00003554,USR72227,MCH5172,UTR8760281589,0,0,0,0,0,0,0
TXN00009373,2026-03-21 01:08:44,USR99827,MCH2635,0.126111,UTR1895225299,,SUCCESS,TXN00009373,USR99827,MCH2635,UTR1895225299,0,0,1,0,0,0,0
TXN00011895,2026-02-05 05:50:48,USR29567,MCH4932,8430.75,UTR0086644017,8120,FAILED,TXN00011895,USR29567,MCH4932,UTR0086644017,0,0,0,0,0,1,0
TXN00014156,2026-02-13 20:09:12,USR81556,MCH7755,20814.0,UTR3232899242,4110,SUCCESS,TXN00014156,USR81556,MCH7755,UTR 3232899242,0,0,0,0,0,0,0
TXN00015929,2026-01-19 15:48:20,USR34336,MCH6170,8241.39,UTR0609339534,9120,SUCCESS,TXN00015929,USR34336,MCH6170,UTR0609339534,0,0,0,0,0,0,0
TXN00014588,2026-02-03 06:36:54,USR27466,MCH8988,4527.44,UTR7758387656,1310,SUCCESS,TXN00014588,USR27466,MCH8988,UTR7758387656,0,0,0,0,0,0,0
TXN00009261,2026-03-01 10:11:18,USR88765,MCH6615,11349.31,UTR5967945147,1310,FAILED,TXN00009261,USR88765,MCH6615,UTR5967945147,0,0,0,0,0,1,0
TXN00000736,2026-02-28 21:37:26,USR77051,MCH6509,21931.0,UTR8389950380,1310,SUCCESS,TXN00000736,USR77051,MCH6509,UTR8389950380,0,0,0,0,0,0,0
TXN00013843,2026-01-10 19:47:25,USR31729,MCH6880,6983.72,UTR7552031276,4110,SUCCESS,TXN00013843,USR31729,MCH6880,UTR7552031276,0,0,0,0,0,0,0
TXN00003631,2026-02-22 20:38:58,USR89337,MCH3615,18759.14,UTR1879781542,0110,SUCCESS,TXN00003631,USR89337,MCH3615,UTR 1879781542,0,0,0,0,0,0,0
TXN00001167,2026-01-22 00:12:45,USR71400,MCH9084,20805.03,UTR1056995585,,SUCCESS,TXN00001167,USR71400,MCH9084,UTR1056995585,0,0,1,0,0,0,0
TXN00015457,2026-03-21 14:11:12,USR66623,MCH3859,21661.71,UTR2604892387,0110,SUCCESS,TXN00015457,USR66623,MCH3859,UTR2604892387,0,0,0,0,0,0,0
TXN00012955,2026-12-03 12:53:21,USR65800,MCH7057,10524.8,UTR8563247832,4110,SUCCESS,TXN00012955,USR65800,MCH7057,UTR8563247832,0,0,0,0,0,0,0
TXN00006802,2026-03-12 00:00:00,USR62142,MCH9349,0.277247,UTR0178024860,4110,SUCCESS,TXN00006802,USR62142,MCH9349,UTR 0178024860,0,0,0,0,0,0,0
TXN00018706,2026-03-05 11:06:02,USR24771,MCH6981,9645.22,UTR3194780477,,SUCCESS,TXN00018706,USR24771,MCH6981,UTR3194780477,0,0,1,0,0,0,0
TXN00019227,2026-01-14 21:40:19,USR83327,MCH3760,12581.68,UTR2386259959,0110,SUCCESS,TXN00019227,USR83327,MCH3760,UTR2386259959,0,0,0,0,0,0,0
TXN00001400,2026-03-22 02:13:10,USR28690,MCH5256,0.1767236,UTR4979857984,1310,SUCCESS,TXN00001400,USR28690,MCH5256,UTR4979857984,0,0,0,0,0,0,0
TXN00003257,2026-03-07 14:53:16,USR66585,MCH2592,17304.92,UTR1390752382,9120,SUCCESS,TXN00003257,USR66585,MCH2592,UTR1390752382,0,0,0,0,0,0,0
TXN00001556,2026-02-02 20:54:17,USR90362,MCH7314,5309.0,UTR3874182073,8120,SUCCESS,TXN00001556,USR90362,MCH7314,UTR3874182073,0,0,0,0,0,0,0
TXN00018406,2026-02-28 21:19:30,USR38000,MCH9049,1275.63,UTR2456998454,4110,SUCCESS,TXN00018406,USR38000,MCH9049,UTR2456998454,0,0,0,0,0,0,0
TXN00018336,2026-03-30 22:48:27,USR62525,MCH3724,24000.02,UTR3332726908,4110,SUCCESS,TXN00018336,USR62525,MCH3724,UTR 3332726908,0,0,0,0,0,0,0
TXN00019023,2026-03-13 06:13:49,USR13772,MCH3679,14641.0,UTR1501183400,1310,FAILED,TXN00019023,USR13772,MCH3679,UTR1501183400,0,0,0,0,0,1,0
TXN00015268,2026-05-03 05:29:40,USR37537,MCH2529,0.1541853,UTR2156306353,4110,SUCCESS,TXN00015268,USR37537,MCH2529,UTR2156306353,0,0,0,0,0,0,0
TXN00007468,2026-02-16 07:49:10,USR74958,MCH6004,0.162732,UTR5025021120,1310,SUCCESS,TXN00007468,USR74958,MCH6004,UTR5025021120,0,0,0,0,0,0,0
TXN00019493,2026-03-03 18:36:27,USR74013,MCH1566,20369.3,UTR7231538394,1310,SUCCESS,TXN00019493,USR74013,MCH1566,UTR7231538394,0,0,0,0,0,0,0
TXN00001128,2026-02-13 12:19:20,USR43951,MCH7005,10217.25,UTR0409112103,,SUCCESS,TXN00001128,USR43951,MCH7005,UTR0409112103,0,0,1,0,0,0,0
TXN00017682,2026-03-25 00:00:00,USR54291,MCH7367,19335.36,UTR9252768813,,SUCCESS,TXN00017682,USR54291,MCH7367,UTR9252768813,0,0,1,0,0,0,0
TXN00014414,2026-02-06 15:23:43,USR39508,MCH7713,5626.76,UTR8603101608,4110,FAILED,TXN00014414,USR39508,MCH7713,UTR8603101608,0,0,0,0,0,1,0
TXN00018379,2026-03-20 00:00:00,USR14998,MCH9751,16562.67,UTR2865275465,4110,SUCCESS,TXN00018379,USR14998,MCH9751,UTR2865275465,0,0,0,0,0,0,0
TXN00009288,2026-02-18 04:41:19,USR32846,MCH1388,20509.12,UTR4198348624,9120,SUCCESS,TXN00009288,USR32846,MCH1388,UTR4198348624,0,0,0,0,0,0,0
TXN00019265,2026-01-21 01:58:45,USR82152,MCH9614,22877.24,,1310,SUCCESS,TXN00019265,USR82152,MCH9614,,0,1,0,0,0,0,0
TXN00017752,2026-02-05 21:39:05,USR13241,MCH9764,0.735498,UTR8901777832,,SUCCESS,TXN00017752,USR13241,MCH9764,UTR8901777832,0,0,1,0,0,0,0
TXN00005306,2026-01-09 00:00:00,USR59508,MCH4354,13393.21,UTR8333785127,4110,SUCCESS,TXN00005306,USR59508,MCH4354,UTR8333785127,0,0,0,0,0,0,0
TXN00001054,2026-03-03 17:01:14,USR83396,MCH1489,19971.59,UTR8771576069,0110,SUCCESS,TXN00001054,USR83396,MCH1489,UTR 8771576069,0,0,0,0,0,0,0
TXN00011886,2026-02-22 23:40:41,USR29950,MCH4213,2786.32,,0110,SUCCESS,TXN00011886,USR29950,MCH4213,,0,1,0,0,0,0,0
TXN00009246,2026-01-07 00:00:00,USR74798,MCH5896,22873.0,UTR8905429637,0110,FAILED,TXN00009246,USR74798,MCH5896,UTR8905429637,0,0,0,0,0,1,0
TXN00011191,2026-02-06 05:11:09,USR59691,MCH9259,15194.51,UTR7451133436,4110,SUCCESS,TXN00011191,USR59691,MCH9259,UTR7451133436,0,0,0,0,0,0,0
TXN00011737,2026-03-24 19:06:32,USR29403,MCH9877,15589.56,UTR7901187629,0110,PENDING,TXN00011737,USR29403,MCH9877,UTR7901187629,0,0,0,0,0,0,1
TXN00006435,2026-01-02 04:48:04,USR17650,MCH9045,19368.57,UTR3592824099,4110,FAILED,TXN00006435,USR17650,MCH9045,UTR3592824099,0,0,0,0,0,1,0
TXN00014514,2026-03-27 19:47:32,USR59201,MCH6716,5786.47,UTR7219026460,4110,SUCCESS,TXN00014514,USR59201,MCH6716,UTR7219026460,0,0,0,0,0,0,0
TXN00000409,2026-01-19 10:29:38,USR70325,MCH6613,22635.5,UTR2537948119,1310,SUCCESS,TXN00000409,USR70325,MCH6613,UTR2537948119,0,0,0,0,0,0,0
TXN00000419,2026-01-06 13:12:17,USR48816,MCH4506,16816.24,UTR6691140156,0110,FAILED,TXN00000419,USR48816,MCH4506,UTR6691140156,0,0,0,0,0,1,0
TXN00016609,2026-03-21 20:34:31,USR29124,MCH9616,5037.59,UTR2981118755,4110,SUCCESS,TXN00016609,USR29124,MCH9616,UTR2981118755,0,0,0,0,0,0,0
TXN00005972,2026-02-26 17:57:13,USR31531,MCH9457,0.503077,UTR2879049346,4110,SUCCESS,TXN00005972,USR31531,MCH9457,UTR 2879049346,0,0,0,0,0,0,0
TXN00019481,2026-03-20 13:10:40,USR27813,MCH3628,8492.66,UTR4417849123,,SUCCESS,TXN00019481,USR27813,MCH3628,UTR4417849123,0,0,1,0,0,0,0
TXN00009045,2026-03-16 06:57:06,USR75454,MCH5174,11408.62,UTR7161700348,0110,SUCCESS,TXN00009045,USR75454,MCH5174,UTR7161700348,0,0,0,0,0,0,0
TXN00012283,2026-02-26 15:45:50,USR35947,MCH9215,5355.93,UTR0017901076,0110,PENDING,TXN00012283,USR35947,MCH9215,UTR0017901076,0,0,0,0,0,0,1
TXN00002731,2026-09-03 04:38:11,USR15596,MCH7317,18688.64,UTR3566698706,,SUCCESS,TXN00002731,USR15596,MCH7317,UTR3566698706,0,0,1,0,0,0,0
TXN00018495,2026-01-12 00:00:00,USR99763,MCH5755,12926.04,UTR4910497754,,SUCCESS,TXN00018495,USR99763,MCH5755,UTR4910497754,0,0,1,0,0,0,0
TXN00011531,2026-01-04 04:34:07,USR17855,MCH8182,24285.33,UTR6792326335,1310,SUCCESS,TXN00011531,USR17855,MCH8182,UTR6792326335,0,0,0,0,0,0,0
TXN00008718,2026-03-02 12:07:10,USR39576,MCH7383,17290.72,UTR6132312138,8120,PENDING,TXN00008718,USR39576,MCH7383,UTR6132312138,0,0,0,0,0,0,1
TXN00009487,2026-02-02 08:37:17,USR11954,MCH2505,150.73,UTR9795783783,4110,SUCCESS,TXN00009487,USR11954,MCH2505,UTR9795783783,0,0,0,0,0,0,0
TXN00003395,2026-01-29 23:18:15,USR22065,MCH3167,22525.01,,9120,SUCCESS,TXN00003395,USR22065,MCH3167,,0,1,0,0,0,0,0
TXN00014698,2026-01-14 06:25:56,USR49156,MCH9588,9580.35,UTR8870832364,9120,SUCCESS,TXN00014698,USR49156,MCH9588,UTR8870832364,0,0,0,0,0,0,0
TXN00007066,2026-02-19 18:20:03,USR84072,MCH8145,15027.92,UTR1804050984,4110,SUCCESS,TXN00007066,USR84072,MCH8145,UTR1804050984,0,0,0,0,0,0,0
TXN00019191,2026-01-01 18:08:14,USR41212,MCH2209,17822.0,UTR7918583549,,SUCCESS,TXN00019191,USR41212,MCH2209,UTR7918583549,0,0,1,0,0,0,0
TXN00003465,2026-03-05 11:11:33,USR86489,MCH3883,4492.11,UTR5740471061,4110,SUCCESS,TXN00003465,USR86489,MCH3883,UTR5740471061,0,0,0,0,0,0,0
TXN00002675,2026-03-22 14:56:02,USR87635,MCH4723,22256.47,UTR8296978096,4110,SUCCESS,TXN00002675,USR87635,MCH4723,UTR8296978096,0,0,0,0,0,0,0
TXN00000830,2026-02-11 10:22:40,USR78843,MCH9197,11310.93,UTR6463148552,1310,PENDING,TXN00000830,USR78843,MCH9197,UTR6463148552,0,0,0,0,0,0,1
TXN00005870,2026-01-19 17:10:16,USR25307,MCH1118,14714.9,UTR8214967155,8120,PENDING,TXN00005870,USR25307,MCH1118,UTR8214967155,0,0,0,0,0,0,1
TXN00008336,2026-03-22 17:11:05,USR72145,MCH8998,11566.8,UTR9307392350,,SUCCESS,TXN00008336,USR72145,MCH8998,UTR9307392350,0,0,1,0,0,0,0
TXN00014366,2026-02-28 22:23:09,USR13776,MCH9818,11576.14,UTR8470238762,8120,SUCCESS,TXN00014366,USR13776,MCH9818,UTR8470238762,0,0,0,0,0,0,0
TXN00005635,2026-02-15 23:29:58,USR51992,MCH3756,4614.37,UTR2012752918,,SUCCESS,TXN00005635,USR51992,MCH3756,UTR2012752918,0,0,1,0,0,0,0
TXN00016065,2026-12-01 09:37:45,USR87363,MCH2959,1343.85,UTR5507496767,9120,SUCCESS,TXN00016065,USR87363,MCH2959,UTR5507496767,0,0,0,0,0,0,0
TXN00019165,2026-03-31 09:26:30,USR91410,MCH8613,20054.89,UTR2651265898,8120,SUCCESS,TXN00019165,USR91410,MCH8613,UTR2651265898,0,0,0,0,0,0,0
TXN00007339,2026-01-13 09:59:38,USR24744,MCH7774,-16359.35,UTR8664573440,4110,SUCCESS,TXN00007339,USR24744,MCH7774,UTR8664573440,1,0,0,0,0,0,0
TXN00000791,2026-03-08 18:16:34,USR67653,MCH6345,3842.0,UTR7842303272,0110,SUCCESS,TXN00000791,USR67653,MCH6345,UTR7842303272,0,0,0,0,0,0,0
TXN00006014,2026-02-09 05:37:03,USR15636,MCH1878,12551.72,UTR4119249206,,SUCCESS,TXN00006014,USR15636,MCH1878,UTR 4119249206,0,0,1,0,0,0,0
TXN00007010,2026-03-31 23:20:46,USR13492,MCH3914,5213.71,UTR8819558758,8120,SUCCESS,TXN00007010,USR13492,MCH3914,UTR8819558758,0,0,0,0,0,0,0
TXN00000420,2026-01-05 20:50:24,USR13084,MCH6145,18812.0,UTR1420903909,,SUCCESS,TXN00000420,USR13084,MCH6145,UTR 1420903909,0,0,1,0,0,0,0
TXN00013358,2026-01-16 16:07:38,USR22302,MCH7550,24934.55,UTR5996180421,,SUCCESS,TXN00013358,USR22302,MCH7550,UTR5996180421,0,0,1,0,0,0,0
TXN00001334,2026-02-11 22:41:59,USR33804,MCH8538,24908.38,UTR3836558932,8120,SUCCESS,TXN00001334,USR33804,MCH8538,UTR3836558932,0,0,0,0,0,0,0
TXN00016074,2026-01-03 02:58:19,USR22606,MCH8260,21890.16,UTR2212132176,0110,SUCCESS,TXN00016074,USR22606,MCH8260,UTR2212132176,0,0,0,0,0,0,0
TXN00017247,2026-02-21 23:36:45,USR29080,MCH6980,254.21,UTR3787871080,8120,SUCCESS,TXN00017247,USR29080,MCH6980,UTR3787871080,0,0,0,0,0,0,0
TXN00016754,2026-02-28 22:07:33,USR28926,MCH7411,11839.12,UTR1355885748,1310,FAILED,TXN00016754,USR28926,MCH7411,UTR1355885748,0,0,0,0,0,1,0
TXN00018566,2026-03-01 05:24:25,USR88673,MCH7087,22031.51,UTR1799222720,4110,SUCCESS,TXN00018566,USR88673,MCH7087,UTR1799222720,0,0,0,0,0,0,0
TXN00012999,2026-02-25 14:38:27,USR28305,MCH2434,9167.75,UTR0625488624,4110,SUCCESS,TXN00012999,USR28305,MCH2434,UTR 0625488624,0,0,0,0,0,0,0
TXN00017386,2026-03-16 09:57:19,USR52880,MCH5112,19299.94,UTR0818949927,9120,SUCCESS,TXN00017386,USR52880,MCH5112,UTR0818949927,0,0,0,0,0,0,0
TXN00014697,2026-02-02 08:29:30,USR62665,MCH4419,-3302.95,UTR6982629307,4110,SUCCESS,TXN00014697,USR62665,MCH4419,UTR6982629307,1,0,0,0,0,0,0
TXN00006821,2026-01-16 14:59:29,USR25195,MCH1591,0.1206081,UTR5620863911,4110,SUCCESS,TXN00006821,USR25195,MCH1591,UTR 5620863911,0,0,0,0,0,0,0
TXN00005761,2026-01-15 12:41:30,USR17179,MCH8146,19055.62,,4110,SUCCESS,TXN00005761,USR17179,MCH8146,,0,1,0,0,0,0,0
TXN00015001,2026-02-11 13:07:01,USR77199,MCH2921,12496.76,UTR1298255350,9120,SUCCESS,TXN00015001,USR77199,MCH2921,UTR1298255350,0,0,0,0,0,0,0
TXN00005248,2026-02-26 21:45:20,USR89281,MCH3602,0.2161051,UTR2373140208,,SUCCESS,TXN00005248,USR89281,MCH3602,UTR2373140208,0,0,1,0,0,0,0
TXN00016642,2026-01-24 06:08:42,USR16401,MCH7503,7256.06,UTR9842003050,8120,PENDING,TXN00016642,USR16401,MCH7503,UTR 9842003050,0,0,0,0,0,0,1
TXN00003839,2026-03-25 21:27:49,USR13018,MCH5948,23344.4,UTR2681835186,,SUCCESS,TXN00003839,USR13018,MCH5948,UTR2681835186,0,0,1,0,0,0,0
TXN00003932,2026-01-02 15:56:42,USR67133,MCH7507,4537.77,UTR0846942883,4110,SUCCESS,TXN00003932,USR67133,MCH7507,UTR0846942883,0,0,0,0,0,0,0
TXN00011666,2026-03-24 13:25:21,USR64214,MCH6951,8889.94,UTR7676437300,0110,SUCCESS,TXN00011666,USR64214,MCH6951,UTR7676437300,0,0,0,0,0,0,0
TXN00007375,2026-01-22 07:09:17,USR81669,MCH4546,3032.81,UTR7230730833,4110,SUCCESS,TXN00007375,USR81669,MCH4546,UTR7230730833,0,0,0,0,0,0,0
TXN00016126,2026-03-24 18:24:39,USR46434,MCH7302,13208.22,UTR1651029877,,FAILED,TXN00016126,USR46434,MCH7302,UTR1651029877,0,0,1,0,0,1,0
TXN00006737,2026-03-18 03:41:06,USR55785,MCH9640,23594.92,UTR3976452123,8120,PENDING,TXN00006737,USR55785,MCH9640,UTR3976452123,0,0,0,0,0,0,1
TXN00003420,2026-01-25 23:28:14,USR13700,MCH9061,369.39,UTR8972943159,9120,SUCCESS,TXN00003420,USR13700,MCH9061,UTR8972943159,0,0,0,0,0,0,0
TXN00004234,2026-02-14 19:39:27,USR76301,MCH6744,22784.37,UTR1318220664,4110,SUCCESS,TXN00004234,USR76301,MCH6744,UTR1318220664,0,0,0,0,0,0,0
TXN00001956,2026-11-01 11:34:09,USR34191,MCH5386,23328.5,UTR6012885617,1310,SUCCESS,TXN00001956,USR34191,MCH5386,UTR6012885617,0,0,0,0,0,0,0
TXN00018675,2026-01-24 17:07:50,USR97453,MCH1732,5415.84,UTR7530346775,9120,SUCCESS,TXN00018675,USR97453,MCH1732,UTR7530346775,0,0,0,0,0,0,0
TXN00006530,2026-02-24 14:19:47,USR27004,MCH8750,0.2104197,UTR0588987713,4110,SUCCESS,TXN00006530,USR27004,MCH8750,UTR0588987713,0,0,0,0,0,0,0
TXN00017224,2026-03-02 00:16:35,USR93641,MCH2325,14913.53,UTR3919321232,8120,FAILED,TXN00017224,USR93641,MCH2325,UTR3919321232,0,0,0,0,0,1,0
TXN00001278,2026-01-23 11:22:43,USR57167,MCH8807,24667.0,UTR0284663023,4110,SUCCESS,TXN00001278,USR57167,MCH8807,UTR0284663023,0,0,0,0,0,0,0
TXN00015925,2026-01-13 20:16:17,USR53680,MCH5385,375.57,UTR6886670260,0110,SUCCESS,TXN00015925,USR53680,MCH5385,UTR6886670260,0,0,0,0,0,0,0
TXN00002228,2026-01-24 14:58:06,USR20958,MCH2150,14962.95,UTR9473270137,1310,SUCCESS,TXN00002228,USR20958,MCH2150,UTR9473270137,0,0,0,0,0,0,0
TXN00003555,2026-01-13 00:00:00,USR72688,MCH6416,3610.53,UTR1376537964,1310,SUCCESS,TXN00003555,USR72688,MCH6416,UTR1376537964,0,0,0,0,0,0,0
TXN00005280,2026-02-07 03:49:27,USR51171,MCH3232,0.858224,UTR1495675039,8120,SUCCESS,TXN00005280,USR51171,MCH3232,UTR1495675039,0,0,0,0,0,0,0
TXN00010661,2026-01-09 19:24:54,USR82526,MCH9345,11767.92,UTR9240878712,4110,FAILED,TXN00010661,USR82526,MCH9345,UTR 9240878712,0,0,0,0,0,1,0
TXN00000939,2026-01-03 15:09:08,USR88820,MCH6715,2952.6,UTR4632898422,4110,SUCCESS,TXN00000939,USR88820,MCH6715,UTR4632898422,0,0,0,0,0,0,0
TXN00011476,2026-01-10 16:05:33,USR11833,MCH4195,4574.75,UTR1721235321,8120,SUCCESS,TXN00011476,USR11833,MCH4195,UTR1721235321,0,0,0,0,0,0,0
TXN00001889,2026-01-23 14:55:34,USR84678,MCH6166,18164.28,UTR8460027546,,FAILED,TXN00001889,USR84678,MCH6166,UTR8460027546,0,0,1,0,0,1,0
TXN00017980,2026-01-29 00:02:26,USR34776,MCH2279,19991.01,UTR0522063413,4110,SUCCESS,TXN00017980,USR34776,MCH2279,UTR0522063413,0,0,0,0,0,0,0
TXN00002115,2026-02-10 18:16:50,USR56106,MCH8850,16360.77,UTR7825414018,4110,FAILED,TXN00002115,USR56106,MCH8850,UTR7825414018,0,0,0,0,0,1,0
TXN00019037,2026-02-20 00:00:00,USR94716,MCH1095,17653.96,UTR2097666222,4110,SUCCESS,TXN00019037,USR94716,MCH1095,UTR2097666222,0,0,0,0,0,0,0
TXN00003029,2026-02-08 17:04:37,USR12523,MCH5105,16790.26,UTR0661649260,8120,SUCCESS,TXN00003029,USR12523,MCH5105,UTR0661649260,0,0,0,0,0,0,0
TXN00011055,2026-02-10 05:53:15,USR89849,MCH7973,24705.21,UTR4466241854,4110,SUCCESS,TXN00011055,USR89849,MCH7973,UTR4466241854,0,0,0,0,0,0,0
TXN00015287,2026-02-04 12:34:13,USR62317,MCH8543,17406.69,UTR9840905622,,SUCCESS,TXN00015287,USR62317,MCH8543,UTR9840905622,0,0,1,0,0,0,0
TXN00019852,2026-03-12 19:26:45,USR17718,MCH5441,6033.33,UTR5501892471,,SUCCESS,TXN00019852,USR17718,MCH5441,UTR5501892471,0,0,1,0,0,0,0
TXN00002457,2026-03-16 09:37:34,USR51353,MCH9409,11107.0,UTR9238456028,9120,SUCCESS,TXN00002457,USR51353,MCH9409,UTR9238456028,0,0,0,0,0,0,0
TXN00015455,2026-01-10 14:42:28,USR12837,MCH7584,0.486211,UTR3941177077,,SUCCESS,TXN00015455,USR12837,MCH7584,UTR3941177077,0,0,1,0,0,0,0
TXN00002897,2026-01-07 09:12:15,USR25776,MCH8983,13481.97,UTR1384097391,4110,SUCCESS,TXN00002897,USR25776,MCH8983,UTR1384097391,0,0,0,0,0,0,0
TXN00018578,2026-01-08 19:47:47,USR15602,MCH5256,11488.0,UTR0240245008,4110,SUCCESS,TXN00018578,USR15602,MCH5256,UTR0240245008,0,0,0,0,0,0,0
TXN00006653,2026-02-08 15:06:15,USR95631,MCH8438,8022.0,UTR0545724017,1310,SUCCESS,TXN00006653,USR95631,MCH8438,UTR0545724017,0,0,0,0,0,0,0
TXN00006071,2026-02-02 14:04:49,USR13821,MCH2924,23732.54,UTR8188790316,4110,SUCCESS,TXN00006071,USR13821,MCH2924,UTR8188790316,0,0,0,0,0,0,0
TXN00011210,2026-03-08 23:00:27,USR53760,MCH1951,9600.51,UTR3170364979,,SUCCESS,TXN00011210,USR53760,MCH1951,UTR 3170364979,0,0,1,0,0,0,0
TXN00016553,2026-02-21 05:02:51,USR78706,MCH4664,3896.95,UTR6982617246,8120,SUCCESS,TXN00016553,USR78706,MCH4664,UTR6982617246,0,0,0,0,0,0,0
TXN00005227,2026-02-14 20:38:19,USR11511,MCH3101,14586.85,UTR7354635964,8120,SUCCESS,TXN00005227,USR11511,MCH3101,UTR7354635964,0,0,0,0,0,0,0
TXN00007784,2026-02-08 15:07:35,USR68648,MCH3229,335.13,UTR1882926661,1310,FAILED,TXN00007784,USR68648,MCH3229,UTR1882926661,0,0,0,0,0,1,0
TXN00005774,2026-01-28 18:38:40,USR94139,MCH8689,17987.51,UTR9578079006,4110,SUCCESS,TXN00005774,USR94139,MCH8689,UTR9578079006,0,0,0,0,0,0,0
TXN00002977,2026-01-04 23:59:22,USR23402,MCH8282,20976.54,UTR6907382421,8120,SUCCESS,TXN00002977,USR23402,MCH8282,UTR6907382421,0,0,0,0,0,0,0
TXN00007830,2026-02-05 12:39:54,USR89807,MCH9484,-2385.46,UTR6170369684,4110,SUCCESS,TXN00007830,USR89807,MCH9484,UTR 6170369684,1,0,0,0,0,0,0
TXN00004229,2026-03-08 04:30:20,USR42602,MCH2472,11659.88,,0110,SUCCESS,TXN00004229,USR42602,MCH2472,,0,1,0,0,0,0,0
TXN00000514,2026-01-16 02:13:11,USR46014,MCH8019,21652.94,UTR0527526799,9120,SUCCESS,TXN00000514,USR46014,MCH8019,UTR0527526799,0,0,0,0,0,0,0
TXN00004716,2026-01-16 10:26:39,USR51721,MCH4830,8028.16,UTR3763587764,9120,SUCCESS,TXN00004716,USR51721,MCH4830,UTR3763587764,0,0,0,0,0,0,0
TXN00009305,2026-02-15 03:15:43,USR62048,MCH8447,18703.39,UTR7522183262,9120,SUCCESS,TXN00009305,USR62048,MCH8447,UTR7522183262,0,0,0,0,0,0,0
TXN00012009,2026-01-31 11:01:29,USR10897,MCH9623,11229.4,UTR8724218727,9120,PENDING,TXN00012009,USR10897,MCH9623,UTR8724218727,0,0,0,0,0,0,1
TXN00016563,2026-09-03 12:02:34,USR91534,MCH1764,18673.73,UTR0679556519,0110,SUCCESS,TXN00016563,USR91534,MCH1764,UTR0679556519,0,0,0,0,0,0,0
TXN00002934,2026-03-22 17:16:51,USR35923,MCH2099,0.1361698,UTR7456385320,8120,FAILED,TXN00002934,USR35923,MCH2099,UTR7456385320,0,0,0,0,0,1,0
TXN00003154,2026-02-01 20:12:56,USR19974,MCH1460,10695.76,UTR4932282168,4110,SUCCESS,TXN00003154,USR19974,MCH1460,UTR4932282168,0,0,0,0,0,0,0
TXN00007901,2026-02-02 11:48:22,USR65782,MCH2516,14429.74,UTR2763805532,9120,SUCCESS,TXN00007901,USR65782,MCH2516,UTR2763805532,0,0,0,0,0,0,0
TXN00012163,2026-02-28 01:58:54,USR42392,MCH8930,0.1368546,UTR0055458051,9120,SUCCESS,TXN00012163,USR42392,MCH8930,UTR0055458051,0,0,0,0,0,0,0
TXN00016238,2026-03-12 19:48:41,USR16233,MCH1962,23303.93,UTR0237947114,9120,SUCCESS,TXN00016238,USR16233,MCH1962,UTR 0237947114,0,0,0,0,0,0,0
TXN00019467,2026-01-21 21:14:01,USR16267,MCH1457,22127.49,UTR5584533937,4110,SUCCESS,TXN00019467,USR16267,MCH1457,UTR5584533937,0,0,0,0,0,0,0
TXN00004386,2026-04-03 04:25:26,USR26071,MCH8715,13951.26,UTR0515763730,1310,SUCCESS,TXN00004386,USR26071,MCH8715,UTR0515763730,0,0,0,0,0,0,0
TXN00004296,2026-02-24 16:23:54,USR33274,MCH4951,7415.18,UTR4219987552,9120,SUCCESS,TXN00004296,USR33274,MCH4951,UTR4219987552,0,0,0,0,0,0,0
TXN00006607,2026-03-28 13:56:17,USR23402,MCH7411,3235.34,UTR8324279523,4110,SUCCESS,TXN00006607,USR23402,MCH7411,UTR8324279523,0,0,0,0,0,0,0
TXN00002851,2026-03-11 06:16:20,USR83832,MCH5490,16419.0,UTR4874228884,4110,SUCCESS,TXN00002851,USR83832,MCH5490,UTR4874228884,0,0,0,0,0,0,0
TXN00016215,2026-03-15 02:22:43,USR21614,MCH5559,8157.33,UTR7478653388,1310,SUCCESS,TXN00016215,USR21614,MCH5559,UTR7478653388,0,0,0,0,0,0,0
TXN00014019,2026-01-12 12:19:47,USR51679,MCH6445,0.2413506,UTR5947577053,1310,FAILED,TXN00014019,USR51679,MCH6445,UTR 5947577053,0,0,0,0,0,1,0
TXN00014254,2026-02-03 16:03:36,USR25637,MCH4966,20680.48,UTR7823003226,0110,SUCCESS,TXN00014254,USR25637,MCH4966,UTR7823003226,0,0,0,0,0,0,0
TXN00003089,2026-01-28 17:50:31,USR15460,MCH2050,14577.32,UTR9680977073,0110,SUCCESS,TXN00003089,USR15460,MCH2050,UTR9680977073,0,0,0,0,0,0,0
TXN00009690,2026-02-01 14:11:09,USR50023,MCH6799,20890.91,UTR1843788955,,SUCCESS,TXN00009690,USR50023,MCH6799,UTR1843788955,0,0,1,0,0,0,0
TXN00008578,2026-03-13 06:57:49,USR19658,MCH7896,0.432877,,0110,SUCCESS,TXN00008578,USR19658,MCH7896,,0,1,0,0,0,0,0
TXN00016652,2026-03-30 07:43:27,USR18739,MCH3893,528.99,UTR2287825508,8120,FAILED,TXN00016652,USR18739,MCH3893,UTR2287825508,0,0,0,0,0,1,0
TXN00001995,2026-03-26 00:44:35,USR75300,MCH1438,18786.86,UTR2479602106,4110,SUCCESS,TXN00001995,USR75300,MCH1438,UTR2479602106,0,0,0,0,0,0,0
TXN00018098,2026-02-18 21:58:27,USR66442,MCH9316,23771.52,UTR7040159426,1310,PENDING,TXN00018098,USR66442,MCH9316,UTR7040159426,0,0,0,0,0,0,1
TXN00003337,2026-01-10 17:28:41,USR12125,MCH3360,22706.63,UTR0275749688,9120,SUCCESS,TXN00003337,USR12125,MCH3360,UTR0275749688,0,0,0,0,0,0,0
TXN00002031,2026-02-24 00:26:16,USR90372,MCH1877,4960.46,UTR2469354884,0110,SUCCESS,TXN00002031,USR90372,MCH1877,UTR2469354884,0,0,0,0,0,0,0
TXN00012298,2026-02-01 21:49:41,USR81963,MCH7431,14983.4,UTR1177504565,0110,SUCCESS,TXN00012298,USR81963,MCH7431,UTR1177504565,0,0,0,0,0,0,0
TXN00016978,2026-02-01 10:21:05,USR47287,MCH5032,22590.54,UTR6705528730,8120,SUCCESS,TXN00016978,USR47287,MCH5032,UTR6705528730,0,0,0,0,0,0,0
TXN00018983,2026-02-05 18:12:20,USR54259,MCH6579,3088.57,UTR7155600680,8120,SUCCESS,TXN00018983,USR54259,MCH6579,UTR7155600680,0,0,0,0,0,0,0
TXN00010328,2026-03-30 01:52:47,USR24780,MCH4685,0.582593,UTR3105478759,9120,PENDING,TXN00010328,USR24780,MCH4685,UTR3105478759,0,0,0,0,0,0,1
TXN00018857,2026-03-06 00:00:00,USR38563,MCH6272,4023.74,UTR6683443974,0110,SUCCESS,TXN00018857,USR38563,MCH6272,UTR 6683443974,0,0,0,0,0,0,0
TXN00004955,2026-01-02 02:26:55,USR79457,MCH4205,11264.26,UTR9622776784,4110,SUCCESS,TXN00004955,USR79457,MCH4205,UTR9622776784,0,0,0,0,0,0,0
TXN00016628,2026-02-06 01:36:24,USR87641,MCH2465,18334.62,UTR1185080426,4110,SUCCESS,TXN00016628,USR87641,MCH2465,UTR1185080426,0,0,0,0,0,0,0
TXN00014905,2026-01-26 20:00:47,USR16644,MCH3895,17889.95,UTR1762035880,,PENDING,TXN00014905,USR16644,MCH3895,UTR1762035880,0,0,1,0,0,0,1
TXN00001269,2026-01-16 04:44:50,USR74108,MCH4236,15004.51,UTR8746084654,4110,PENDING,TXN00001269,USR74108,MCH4236,UTR8746084654,0,0,0,0,0,0,1
TXN00018736,2026-02-06 00:00:00,USR38821,MCH7948,22227.01,UTR6648310927,,SUCCESS,TXN00018736,USR38821,MCH7948,UTR6648310927,0,0,1,0,0,0,0
TXN00017076,2026-03-10 03:59:39,USR48470,MCH7507,5924.02,UTR6416918386,9120,SUCCESS,TXN00017076,USR48470,MCH7507,UTR6416918386,0,0,0,0,0,0,0
TXN00011668,2026-01-21 18:50:34,USR72779,MCH4289,20828.09,UTR3828653120,9120,PENDING,TXN00011668,USR72779,MCH4289,UTR3828653120,0,0,0,0,0,0,1
TXN00001637,2026-01-01 21:53:51,USR23787,MCH1471,9988.9,UTR5525789912,9120,SUCCESS,TXN00001637,USR23787,MCH1471,UTR5525789912,0,0,0,0,0,0,0
TXN00016704,2026-02-26 22:18:49,USR11199,MCH3057,14423.97,UTR4561726163,9120,SUCCESS,TXN00016704,USR11199,MCH3057,UTR 4561726163,0,0,0,0,0,0,0
TXN00017280,2026-02-17 23:40:27,USR18930,MCH9336,5548.0,UTR8690724781,4110,SUCCESS,TXN00017280,USR18930,MCH9336,UTR 8690724781,0,0,0,0,0,0,0
TXN00002669,2026-02-04 00:00:00,USR34516,MCH8512,0.1846755,UTR6351608738,8120,SUCCESS,TXN00002669,USR34516,MCH8512,UTR6351608738,0,0,0,0,0,0,0
TXN00011708,2026-02-10 05:25:19,USR84878,MCH2552,24918.38,UTR9076457067,4110,SUCCESS,TXN00011708,USR84878,MCH2552,UTR9076457067,0,0,0,0,0,0,0
TXN00007742,2026-01-26 18:26:21,USR60576,MCH5849,4106.65,UTR2710283450,0110,SUCCESS,TXN00007742,USR60576,MCH5849,UTR2710283450,0,0,0,0,0,0,0
TXN00019972,2026-02-15 06:02:07,USR83250,MCH2795,20380.46,UTR6876904323,8120,SUCCESS,TXN00019972,USR83250,MCH2795,UTR6876904323,0,0,0,0,0,0,0
TXN00005743,2026-02-23 14:22:46,USR48588,MCH5057,20811.45,UTR8739396555,8120,SUCCESS,TXN00005743,USR48588,MCH5057,UTR 8739396555,0,0,0,0,0,0,0
TXN00003541,2026-02-12 21:33:47,USR97282,MCH6684,5270.57,UTR9516094675,8120,FAILED,TXN00003541,USR97282,MCH6684,UTR9516094675,0,0,0,0,0,1,0
TXN00014035,2026-03-24 02:02:13,USR35749,MCH1137,14363.5,UTR7998949843,8120,SUCCESS,TXN00014035,USR35749,MCH1137,UTR7998949843,0,0,0,0,0,0,0
TXN00012383,2026-01-13 17:55:12,USR65716,MCH9156,12523.87,UTR1612720926,4110,SUCCESS,TXN00012383,USR65716,MCH9156,UTR1612720926,0,0,0,0,0,0,0
TXN00000862,2026-03-28 16:54:12,USR92103,MCH6081,11337.69,UTR6993151391,0110,SUCCESS,TXN00000862,USR92103,MCH6081,UTR6993151391,0,0,0,0,0,0,0
TXN00011564,2026-01-06 09:52:36,USR28682,MCH1537,0.108063,UTR4519933422,1310,SUCCESS,TXN00011564,USR28682,MCH1537,UTR4519933422,0,0,0,0,0,0,0
TXN00003052,2026-03-26 00:18:45,USR31519,MCH9941,12081.16,,,SUCCESS,TXN00003052,USR31519,MCH9941,,0,1,1,0,0,0,0
TXN00007192,2026-02-15 00:00:00,USR42537,MCH2338,0.1216526,UTR9276757884,1310,SUCCESS,TXN00007192,USR42537,MCH2338,UTR 9276757884,0,0,0,0,0,0,0
TXN00016147,2026-03-18 18:16:52,USR61827,MCH8362,19634.51,UTR5336108197,9120,SUCCESS,TXN00016147,USR61827,MCH8362,UTR5336108197,0,0,0,0,0,0,0
TXN00016551,2026-01-14 00:00:00,USR88485,MCH7826,4003.04,UTR8589938665,9120,SUCCESS,TXN00016551,USR88485,MCH7826,UTR8589938665,0,0,0,0,0,0,0
TXN00006064,2026-03-20 11:34:39,USR25071,MCH9137,14323.59,UTR7791362676,9120,FAILED,TXN00006064,USR25071,MCH9137,UTR7791362676,0,0,0,0,0,1,0
TXN00019613,2026-03-22 17:28:10,USR51717,MCH5366,528.89,UTR6682713861,4110,SUCCESS,TXN00019613,USR51717,MCH5366,UTR 6682713861,0,0,0,0,0,0,0
TXN00008574,2026-02-08 19:35:50,USR84867,MCH5321,6722.0,UTR5015531089,4110,SUCCESS,TXN00008574,USR84867,MCH5321,UTR5015531089,0,0,0,0,0,0,0
TXN00006234,2026-02-06 10:15:42,USR78732,MCH8418,4370.72,UTR9328944825,8120,PENDING,TXN00006234,USR78732,MCH8418,UTR9328944825,0,0,0,0,0,0,1
TXN00002352,2026-01-17 18:05:29,USR80975,MCH6234,22833.04,UTR7490900480,0110,FAILED,TXN00002352,USR80975,MCH6234,UTR7490900480,0,0,0,0,0,1,0
TXN00013811,2026-01-12 04:24:37,USR29958,MCH6169,20146.04,,1310,SUCCESS,TXN00013811,USR29958,MCH6169,,0,1,0,0,0,0,0
TXN00007357,2026-02-28 04:36:15,USR24025,MCH1498,24623.38,UTR9994622059,4110,SUCCESS,TXN00007357,USR24025,MCH1498,UTR9994622059,0,0,0,0,0,0,0
TXN00003244,2026-02-01 13:25:13,USR86049,MCH5350,17413.78,UTR2280680097,1310,PENDING,TXN00003244,USR86049,MCH5350,UTR2280680097,0,0,0,0,0,0,1
TXN00001763,2026-08-02 14:02:09,USR34876,MCH4703,2461.08,UTR7796249061,,SUCCESS,TXN00001763,USR34876,MCH4703,UTR7796249061,0,0,1,0,0,0,0
TXN00013271,2026-01-20 15:59:51,USR90674,MCH7130,4205.64,UTR6167089555,,SUCCESS,TXN00013271,USR90674,MCH7130,UTR6167089555,0,0,1,0,0,0,0
TXN00005412,2026-02-16 09:47:42,USR61102,MCH5285,0.684413,UTR3340738366,1310,SUCCESS,TXN00005412,USR61102,MCH5285,UTR 3340738366,0,0,0,0,0,0,0
TXN00006319,2026-02-25 00:00:00,USR58503,MCH1859,16196.52,UTR3393204915,4110,SUCCESS,TXN00006319,USR58503,MCH1859,UTR3393204915,0,0,0,0,0,0,0
TXN00003889,2026-01-04 06:48:54,USR59934,MCH2255,15749.22,UTR0259767665,4110,SUCCESS,TXN00003889,USR59934,MCH2255,UTR0259767665,0,0,0,0,0,0,0
TXN00014175,2026-03-30 00:00:00,USR99717,MCH7493,23307.37,UTR6094372923,0110,SUCCESS,TXN00014175,USR99717,MCH7493,UTR6094372923,0,0,0,0,0,0,0
TXN00000167,2026-02-19 11:16:56,USR38607,MCH2054,8026.29,UTR7252963084,8120,SUCCESS,TXN00000167,USR38607,MCH2054,UTR7252963084,0,0,0,0,0,0,0
TXN00014972,2026-03-26 10:54:16,USR90166,MCH7320,12329.88,UTR1093808945,0110,SUCCESS,TXN00014972,USR90166,MCH7320,UTR1093808945,0,0,0,0,0,0,0
TXN00008770,2026-03-06 21:09:36,USR89150,MCH2467,4262.11,UTR5561963189,4110,SUCCESS,TXN00008770,USR89150,MCH2467,UTR5561963189,0,0,0,0,0,0,0
TXN00008806,2026-03-05 01:14:15,USR30380,MCH6228,21035.51,UTR6053078458,0110,SUCCESS,TXN00008806,USR30380,MCH6228,UTR 6053078458,0,0,0,0,0,0,0
TXN00007203,2026-03-25 05:20:14,USR47893,MCH7945,12964.81,UTR4087530577,1310,SUCCESS,TXN00007203,USR47893,MCH7945,UTR4087530577,0,0,0,0,0,0,0
TXN00019974,2026-07-03 01:18:15,USR90699,MCH9791,21726.3,,4110,SUCCESS,TXN00019974,USR90699,MCH9791,,0,1,0,0,0,0,0
TXN00004515,2026-01-27 16:27:13,USR80157,MCH4590,13768.0,UTR0401228835,,SUCCESS,TXN00004515,USR80157,MCH4590,UTR 0401228835,0,0,1,0,0,0,0
TXN00000786,2026-02-17 23:58:56,USR30749,MCH1069,22712.0,UTR9287193733,4110,SUCCESS,TXN00000786,USR30749,MCH1069,UTR9287193733,0,0,0,0,0,0,0
TXN00007099,2026-02-04 16:11:33,USR56299,MCH3788,5923.46,UTR7064419188,1310,SUCCESS,TXN00007099,USR56299,MCH3788,UTR7064419188,0,0,0,0,0,0,0
TXN00017586,2026-02-05 19:33:05,USR15748,MCH7865,6640.45,UTR9169837964,0110,SUCCESS,TXN00017586,USR15748,MCH7865,UTR9169837964,0,0,0,0,0,0,0
TXN00009098,2026-01-25 06:44:02,USR24790,MCH4543,2165.37,UTR5134211638,0110,SUCCESS,TXN00009098,USR24790,MCH4543,UTR5134211638,0,0,0,0,0,0,0
TXN00001824,2026-03-14 03:38:31,USR84460,MCH3944,19368.1,UTR0770750474,1310,SUCCESS,TXN00001824,USR84460,MCH3944,UTR0770750474,0,0,0,0,0,0,0
TXN00002577,2026-03-10 12:01:06,USR77185,MCH6965,24474.74,UTR5933389345,,SUCCESS,TXN00002577,USR77185,MCH6965,UTR5933389345,0,0,1,0,0,0,0
TXN00012207,2026-02-05 00:14:26,USR87292,MCH7033,22456.61,UTR9876801806,4110,FAILED,TXN00012207,USR87292,MCH7033,UTR9876801806,0,0,0,0,0,1,0
TXN00014663,2026-03-13 08:30:23,USR52415,MCH5509,8262.08,UTR0045157865,4110,SUCCESS,TXN00014663,USR52415,MCH5509,UTR0045157865,0,0,0,0,0,0,0
TXN00013956,2026-02-13 21:25:22,USR48908,MCH7000,17684.7,UTR9157870316,1310,SUCCESS,TXN00013956,USR48908,MCH7000,UTR9157870316,0,0,0,0,0,0,0
TXN00003109,2026-02-05 04:44:29,USR76990,MCH9557,14740.46,UTR5331539212,1310,SUCCESS,TXN00003109,USR76990,MCH9557,UTR 5331539212,0,0,0,0,0,0,0
TXN00013515,2026-03-27 12:53:09,USR98626,MCH2889,1168.37,UTR9287205935,4110,SUCCESS,TXN00013515,USR98626,MCH2889,UTR 9287205935,0,0,0,0,0,0,0
TXN00011114,2026-02-26 09:58:52,USR92611,MCH3765,10846.23,UTR4185353287,4110,SUCCESS,TXN00011114,USR92611,MCH3765,UTR4185353287,0,0,0,0,0,0,0
TXN00016597,2026-01-09 22:13:39,USR55135,MCH2182,4514.99,,8120,SUCCESS,TXN00016597,USR55135,MCH2182,,0,1,0,0,0,0,0
TXN00015870,2026-03-16 12:08:11,USR42748,MCH9656,8550.52,UTR0095230416,8120,SUCCESS,TXN00015870,USR42748,MCH9656,UTR0095230416,0,0,0,0,0,0,0
TXN00016626,2026-06-01 07:23:39,USR74616,MCH3743,14352.89,UTR3944253572,9120,SUCCESS,TXN00016626,USR74616,MCH3743,UTR3944253572,0,0,0,0,0,0,0
TXN00008878,2026-02-25 14:57:01,USR13003,MCH7334,8332.0,UTR8360790312,9120,SUCCESS,TXN00008878,USR13003,MCH7334,UTR8360790312,0,0,0,0,0,0,0
TXN00000012,2026-03-13 21:52:51,USR15756,MCH5317,24248.05,UTR3335342235,8120,SUCCESS,TXN00000012,USR15756,MCH5317,UTR3335342235,0,0,0,0,0,0,0
TXN00011479,2026-03-22 14:46:05,USR98270,MCH2750,7868.77,UTR0066535064,,SUCCESS,TXN00011479,USR98270,MCH2750,UTR 0066535064,0,0,1,0,0,0,0
TXN00004326,2026-02-18 14:10:11,USR90666,MCH8051,23763.82,UTR1767819470,0110,FAILED,TXN00004326,USR90666,MCH8051,UTR1767819470,0,0,0,0,0,1,0
TXN00008174,2026-01-02 10:18:40,USR82276,MCH3045,7468.28,UTR1147941304,4110,PENDING,TXN00008174,USR82276,MCH3045,UTR1147941304,0,0,0,0,0,0,1
TXN00010306,2026-03-20 08:41:16,USR48822,MCH4744,18108.0,UTR4273976032,1310,SUCCESS,TXN00010306,USR48822,MCH4744,UTR4273976032,0,0,0,0,0,0,0
TXN00014105,2026-01-13 11:04:01,USR20283,MCH5823,19576.79,UTR2873106103,0110,SUCCESS,TXN00014105,USR20283,MCH5823,UTR2873106103,0,0,0,0,0,0,0
TXN00015332,2026-01-12 15:37:16,USR60806,MCH5331,23432.0,UTR5693082242,0110,SUCCESS,TXN00015332,USR60806,MCH5331,UTR5693082242,0,0,0,0,0,0,0
TXN00006614,2026-02-18 10:21:17,USR94596,MCH1106,918.0,UTR6888122965,8120,SUCCESS,TXN00006614,USR94596,MCH1106,UTR6888122965,0,0,0,0,0,0,0
TXN00016032,2026-01-10 13:50:30,USR72235,MCH6275,5262.53,UTR2635617470,0110,SUCCESS,TXN00016032,USR72235,MCH6275,UTR2635617470,0,0,0,0,0,0,0
TXN00014384,2026-01-18 06:37:50,USR85297,MCH4449,3736.89,UTR9478829106,8120,SUCCESS,TXN00014384,USR85297,MCH4449,UTR9478829106,0,0,0,0,0,0,0
TXN00002015,2026-01-15 19:40:28,USR80462,MCH7553,13315.19,UTR4129658445,0110,SUCCESS,TXN00002015,USR80462,MCH7553,UTR4129658445,0,0,0,0,0,0,0
TXN00019988,2026-01-02 00:52:06,USR34414,MCH2948,19746.24,UTR7688983734,,SUCCESS,TXN00019988,USR34414,MCH2948,UTR 7688983734,0,0,1,0,0,0,0
TXN00017825,2026-01-30 15:27:24,USR78939,MCH1792,2875.88,UTR9219639961,9120,SUCCESS,TXN00017825,USR78939,MCH1792,UTR9219639961,0,0,0,0,0,0,0
TXN00013520,2026-01-19 15:02:47,USR86199,MCH2734,6753.14,UTR9522256291,,FAILED,TXN00013520,USR86199,MCH2734,UTR9522256291,0,0,1,0,0,1,0
TXN00017569,2026-01-05 15:27:42,USR57427,MCH6083,19601.18,UTR6079212911,1310,SUCCESS,TXN00017569,USR57427,MCH6083,UTR6079212911,0,0,0,0,0,0,0
TXN00003430,2026-03-15 12:35:48,USR80210,MCH4081,14678.0,UTR0801694780,8120,SUCCESS,TXN00003430,USR80210,MCH4081,UTR0801694780,0,0,0,0,0,0,0
TXN00018280,2026-01-02 01:40:39,USR11850,MCH4506,17989.73,UTR7465752381,4110,SUCCESS,TXN00018280,USR11850,MCH4506,UTR7465752381,0,0,0,0,0,0,0
TXN00001659,2026-07-02 08:24:00,USR44832,MCH8123,0.993057,UTR0744416113,4110,PENDING,TXN00001659,USR44832,MCH8123,UTR0744416113,0,0,0,0,0,0,1
TXN00001028,2026-03-24 13:19:36,USR65744,MCH6510,21115.29,UTR5548781936,,SUCCESS,TXN00001028,USR65744,MCH6510,UTR 5548781936,0,0,1,0,0,0,0
TXN00000608,2026-03-07 00:59:48,USR38541,MCH7185,9113.1,UTR2785017346,8120,SUCCESS,TXN00000608,USR38541,MCH7185,UTR2785017346,0,0,0,0,0,0,0
TXN00011984,2026-10-02 20:41:57,USR75242,MCH3124,2687.85,UTR5311434382,1310,SUCCESS,TXN00011984,USR75242,MCH3124,UTR5311434382,0,0,0,0,0,0,0
TXN00002327,2026-03-13 17:48:38,USR42773,MCH6838,0.2053175,UTR8001102071,0110,SUCCESS,TXN00002327,USR42773,MCH6838,UTR8001102071,0,0,0,0,0,0,0
TXN00014250,2026-03-04 00:00:00,USR62342,MCH4034,24888.78,UTR8787180281,4110,FAILED,TXN00014250,USR62342,MCH4034,UTR8787180281,0,0,0,0,0,1,0
TXN00005559,2026-03-24 02:46:09,USR19294,MCH9688,6884.72,UTR2756073332,9120,SUCCESS,TXN00005559,USR19294,MCH9688,UTR2756073332,0,0,0,0,0,0,0
TXN00011371,2026-02-18 03:20:06,USR78513,MCH3618,23324.73,UTR8516121770,8120,SUCCESS,TXN00011371,USR78513,MCH3618,UTR8516121770,0,0,0,0,0,0,0
TXN00013643,2026-01-07 00:00:00,USR15574,MCH7923,16130.99,UTR0276923882,0110,SUCCESS,TXN00013643,USR15574,MCH7923,UTR0276923882,0,0,0,0,0,0,0
TXN00004131,2026-03-18 03:52:28,USR73899,MCH9766,6806.14,UTR6122154700,4110,SUCCESS,TXN00004131,USR73899,MCH9766,UTR6122154700,0,0,0,0,0,0,0
TXN00008270,2026-02-16 03:27:39,USR25226,MCH7379,17403.82,UTR3682354078,4110,SUCCESS,TXN00008270,USR25226,MCH7379,UTR3682354078,0,0,0,0,0,0,0
TXN00010100,2026-03-02 00:00:00,USR99014,MCH2601,4211.85,UTR9347216289,1310,SUCCESS,TXN00010100,USR99014,MCH2601,UTR9347216289,0,0,0,0,0,0,0
TXN00008846,2026-02-18 16:00:02,USR58880,MCH1455,18314.04,UTR3713646412,1310,SUCCESS,TXN00008846,USR58880,MCH1455,UTR3713646412,0,0,0,0,0,0,0
TXN00016281,2026-01-13 19:59:58,USR23066,MCH3710,0.729841,UTR6996243958,4110,SUCCESS,TXN00016281,USR23066,MCH3710,UTR6996243958,0,0,0,0,0,0,0
TXN00007774,2026-03-29 02:09:39,USR95486,MCH2235,8117.71,UTR8286259375,1310,SUCCESS,TXN00007774,USR95486,MCH2235,UTR8286259375,0,0,0,0,0,0,0
TXN00001127,2026-02-17 15:41:47,USR98823,MCH5875,2183.8,,,SUCCESS,TXN00001127,USR98823,MCH5875,,0,1,1,0,0,0,0
TXN00001582,2026-03-08 00:00:00,USR98121,MCH9592,9778.74,,4110,SUCCESS,TXN00001582,USR98121,MCH9592,,0,1,0,0,0,0,0
TXN00009949,2026-01-27 23:26:04,USR17346,MCH6869,12790.8,UTR8357756295,1310,FAILED,TXN00009949,USR17346,MCH6869,UTR8357756295,0,0,0,0,0,1,0
TXN00008794,2026-01-27 08:11:56,USR17074,MCH5143,17918.63,UTR8973458088,4110,SUCCESS,TXN00008794,USR17074,MCH5143,UTR8973458088,0,0,0,0,0,0,0
TXN00007020,2026-01-22 08:19:27,USR31217,MCH1064,18693.82,UTR6294960143,,FAILED,TXN00007020,USR31217,MCH1064,UTR6294960143,0,0,1,0,0,1,0
TXN00016839,2026-02-24 10:45:34,USR37740,MCH5859,0.94041,UTR8051357634,9120,FAILED,TXN00016839,USR37740,MCH5859,UTR8051357634,0,0,0,0,0,1,0
TXN00016498,2026-01-29 14:41:40,USR30319,MCH6903,3074.0,UTR0110718530,,SUCCESS,TXN00016498,USR30319,MCH6903,UTR0110718530,0,0,1,0,0,0,0
TXN00005447,2026-01-10 19:25:19,USR82887,MCH8094,0.870208,UTR4483199936,1310,SUCCESS,TXN00005447,USR82887,MCH8094,UTR4483199936,0,0,0,0,0,0,0
TXN00006142,2026-01-17 08:52:47,USR40830,MCH6786,9048.04,,1310,SUCCESS,TXN00006142,USR40830,MCH6786,,0,1,0,0,0,0,0
TXN00018365,2026-03-24 17:22:35,USR92406,MCH3108,8078.0,UTR1327800487,4110,SUCCESS,TXN00018365,USR92406,MCH3108,UTR1327800487,0,0,0,0,0,0,0
TXN00016018,2026-03-14 02:21:14,USR85574,MCH7983,19802.56,UTR5765293054,4110,SUCCESS,TXN00016018,USR85574,MCH7983,UTR5765293054,0,0,0,0,0,0,0
TXN00004157,2026-01-15 04:03:10,USR15768,MCH8763,13512.08,UTR6809754690,1310,SUCCESS,TXN00004157,USR15768,MCH8763,UTR6809754690,0,0,0,0,0,0,0
TXN00000381,2026-01-17 03:31:58,USR58866,MCH3047,2962.94,UTR9431116978,0110,SUCCESS,TXN00000381,USR58866,MCH3047,UTR9431116978,0,0,0,0,0,0,0
TXN00002001,2026-10-02 04:15:19,USR99545,MCH2550,6550.03,UTR9430463411,4110,SUCCESS,TXN00002001,USR99545,MCH2550,UTR9430463411,0,0,0,0,0,0,0
TXN00007515,2026-03-15 07:12:43,USR91598,MCH4567,15240.6,UTR9982798801,8120,SUCCESS,TXN00007515,USR91598,MCH4567,UTR9982798801,0,0,0,0,0,0,0
TXN00002693,2026-03-18 19:25:05,USR31137,MCH8958,258.0,UTR2235337212,0110,SUCCESS,TXN00002693,USR31137,MCH8958,UTR2235337212,0,0,0,0,0,0,0
TXN00002696,2026-01-05 01:38:52,USR18229,MCH6779,12980.62,UTR1122287598,1310,FAILED,TXN00002696,USR18229,MCH6779,UTR1122287598,0,0,0,0,0,1,0
TXN00014211,2026-02-11 23:06:02,USR17002,MCH5206,1298.36,UTR4040607344,,SUCCESS,TXN00014211,USR17002,MCH5206,UTR 4040607344,0,0,1,0,0,0,0
TXN00004903,2026-04-03 04:33:36,USR79414,MCH4190,3089.95,,8120,SUCCESS,TXN00004903,USR79414,MCH4190,,0,1,0,0,0,0,0
TXN00017810,2026-03-03 20:04:57,USR72775,MCH6124,6688.5,UTR5668881992,,PENDING,TXN00017810,USR72775,MCH6124,UTR5668881992,0,0,1,0,0,0,1
TXN00003944,2026-02-20 21:54:23,USR16834,MCH1145,9833.67,UTR6233890712,1310,SUCCESS,TXN00003944,USR16834,MCH1145,UTR6233890712,0,0,0,0,0,0,0
TXN00006968,2026-02-24 04:25:49,USR17687,MCH2749,9060.92,UTR9451872003,4110,FAILED,TXN00006968,USR17687,MCH2749,UTR9451872003,0,0,0,0,0,1,0
TXN00012808,2026-02-15 23:42:56,USR32512,MCH9660,8098.0,UTR0423961884,4110,SUCCESS,TXN00012808,USR32512,MCH9660,UTR0423961884,0,0,0,0,0,0,0
TXN00016458,2026-02-21 16:45:19,USR33597,MCH3154,18838.71,UTR2336713210,1310,SUCCESS,TXN00016458,USR33597,MCH3154,UTR2336713210,0,0,0,0,0,0,0
TXN00009353,2026-03-31 13:04:03,USR29024,MCH8137,-21911.76,UTR4833485819,4110,SUCCESS,TXN00009353,USR29024,MCH8137,UTR 4833485819,1,0,0,0,0,0,0
TXN00000250,2026-02-25 02:02:14,USR28541,MCH6346,21326.71,UTR3677636562,4110,SUCCESS,TXN00000250,USR28541,MCH6346,UTR3677636562,0,0,0,0,0,0,0
TXN00007611,2026-01-17 10:55:25,USR67004,MCH9246,7836.0,,8120,SUCCESS,TXN00007611,USR67004,MCH9246,,0,1,0,0,0,0,0
TXN00018035,2026-03-13 04:08:15,USR58847,MCH6968,0.2024139,UTR0370321851,8120,SUCCESS,TXN00018035,USR58847,MCH6968,UTR0370321851,0,0,0,0,0,0,0
TXN00019820,2026-01-31 00:00:00,USR70727,MCH2259,20142.0,UTR4197233306,1310,SUCCESS,TXN00019820,USR70727,MCH2259,UTR4197233306,0,0,0,0,0,0,0
TXN00016138,2026-01-29 08:02:39,USR24271,MCH9776,16025.88,UTR4287264588,8120,FAILED,TXN00016138,USR24271,MCH9776,UTR4287264588,0,0,0,0,0,1,0
TXN00007788,2026-01-13 10:50:05,USR74389,MCH3026,23106.22,UTR9890715998,8120,SUCCESS,TXN00007788,USR74389,MCH3026,UTR 9890715998,0,0,0,0,0,0,0
TXN00005294,2026-03-01 14:58:19,USR42192,MCH7351,555.95,UTR4478482250,9120,SUCCESS,TXN00005294,USR42192,MCH7351,UTR4478482250,0,0,0,0,0,0,0
TXN00013864,2026-03-19 13:51:29,USR96154,MCH2393,22121.23,UTR9310891236,1310,SUCCESS,TXN00013864,USR96154,MCH2393,UTR9310891236,0,0,0,0,0,0,0
TXN00019595,2026-03-10 07:14:55,USR86665,MCH3553,8004.64,UTR5963690039,4110,PENDING,TXN00019595,USR86665,MCH3553,UTR5963690039,0,0,0,0,0,0,1
TXN00003985,2026-01-09 00:40:21,USR71481,MCH4466,20434.46,UTR3613690642,9120,SUCCESS,TXN00003985,USR71481,MCH4466,UTR3613690642,0,0,0,0,0,0,0
TXN00016269,2026-02-28 13:46:32,USR37463,MCH4807,17053.12,UTR1282756433,0110,SUCCESS,TXN00016269,USR37463,MCH4807,UTR1282756433,0,0,0,0,0,0,0
TXN00008143,2026-01-18 17:02:22,USR49678,MCH7933,16124.95,UTR7216206754,,SUCCESS,TXN00008143,USR49678,MCH7933,UTR7216206754,0,0,1,0,0,0,0
TXN00016310,2026-01-30 20:15:32,USR47922,MCH6939,10385.79,UTR1356640159,,SUCCESS,TXN00016310,USR47922,MCH6939,UTR1356640159,0,0,1,0,0,0,0
TXN00017041,2026-03-09 21:31:37,USR97464,MCH6200,12749.14,UTR6780627151,,SUCCESS,TXN00017041,USR97464,MCH6200,UTR6780627151,0,0,1,0,0,0,0
TXN00012840,2026-03-19 00:00:00,USR59052,MCH2877,-6775.36,UTR0795847348,,SUCCESS,TXN00012840,USR59052,MCH2877,UTR0795847348,1,0,1,0,0,0,0
TXN00007589,2026-03-17 02:38:18,USR11006,MCH8671,-13051.34,UTR6084358354,4110,FAILED,TXN00007589,USR11006,MCH8671,UTR 6084358354,1,0,0,0,0,1,0
TXN00011498,2026-02-20 11:34:07,USR72244,MCH8616,9971.01,UTR6399571343,1310,SUCCESS,TXN00011498,USR72244,MCH8616,UTR6399571343,0,0,0,0,0,0,0
TXN00012962,2026-02-06 05:06:13,USR87737,MCH7909,700.47,UTR4950032009,1310,SUCCESS,TXN00012962,USR87737,MCH7909,UTR4950032009,0,0,0,0,0,0,0
TXN00018253,2026-02-16 05:31:46,USR67968,MCH8447,16786.53,UTR0339081819,,SUCCESS,TXN00018253,USR67968,MCH8447,UTR0339081819,0,0,1,0,0,0,0
TXN00009375,2026-03-14 00:00:00,USR34134,MCH6493,1898.11,UTR9063688275,8120,SUCCESS,TXN00009375,USR34134,MCH6493,UTR9063688275,0,0,0,0,0,0,0
TXN00015050,2026-02-12 05:22:30,USR36823,MCH7034,12396.58,UTR1627769327,,SUCCESS,TXN00015050,USR36823,MCH7034,UTR1627769327,0,0,1,0,0,0,0
TXN00007352,2026-01-26 01:47:18,USR83162,MCH4758,1064.59,UTR4720767521,0110,SUCCESS,TXN00007352,USR83162,MCH4758,UTR4720767521,0,0,0,0,0,0,0
TXN00008976,2026-02-16 00:08:36,USR28015,MCH6056,13862.52,UTR7532070976,,SUCCESS,TXN00008976,USR28015,MCH6056,UTR7532070976,0,0,1,0,0,0,0
TXN00011511,2026-03-02 08:40:56,USR53938,MCH4489,1060.7,UTR3621624635,9120,SUCCESS,TXN00011511,USR53938,MCH4489,UTR3621624635,0,0,0,0,0,0,0
TXN00009472,2026-01-04 13:10:24,USR69095,MCH6107,17250.0,UTR7725642476,8120,SUCCESS,TXN00009472,USR69095,MCH6107,UTR7725642476,0,0,0,0,0,0,0
TXN00007842,2026-01-28 00:00:00,USR11548,MCH6909,10993.3,UTR2094846630,0110,FAILED,TXN00007842,USR11548,MCH6909,UTR2094846630,0,0,0,0,0,1,0
TXN00013415,2026-10-03 06:48:25,USR40957,MCH7278,22933.41,UTR0299908315,9120,SUCCESS,TXN00013415,USR40957,MCH7278,UTR0299908315,0,0,0,0,0,0,0
TXN00009536,2026-01-24 18:29:01,USR91479,MCH9284,11027.0,UTR2694937145,9120,SUCCESS,TXN00009536,USR91479,MCH9284,UTR2694937145,0,0,0,0,0,0,0
TXN00004352,2026-03-12 02:22:04,USR76699,MCH9646,14968.09,UTR2517043379,,SUCCESS,TXN00004352,USR76699,MCH9646,UTR2517043379,0,0,1,0,0,0,0
TXN00010521,2026-02-13 04:30:28,USR36757,MCH4479,13359.41,UTR2896787634,9120,SUCCESS,TXN00010521,USR36757,MCH4479,UTR2896787634,0,0,0,0,0,0,0
TXN00019998,2026-10-01 03:17:19,USR62354,MCH9088,7599.42,,1310,SUCCESS,TXN00019998,USR62354,MCH9088,,0,1,0,0,0,0,0
TXN00012219,2026-02-20 04:38:01,USR90850,MCH3365,2548.35,UTR0214217472,4110,FAILED,TXN00012219,USR90850,MCH3365,UTR0214217472,0,0,0,0,0,1,0
TXN00011305,2026-01-09 19:31:52,USR76730,MCH8517,587.0,UTR7666160691,9120,SUCCESS,TXN00011305,USR76730,MCH8517,UTR7666160691,0,0,0,0,0,0,0
TXN00007254,2026-03-31 02:51:59,USR12937,MCH8952,22599.79,UTR3862525470,,SUCCESS,TXN00007254,USR12937,MCH8952,UTR3862525470,0,0,1,0,0,0,0
TXN00017207,2026-03-30 23:59:06,USR43177,MCH2398,12867.41,UTR9734090260,4110,SUCCESS,TXN00017207,USR43177,MCH2398,UTR9734090260,0,0,0,0,0,0,0
TXN00003385,2026-03-18 12:04:52,USR99764,MCH4971,851.57,UTR9484371620,,FAILED,TXN00003385,USR99764,MCH4971,UTR9484371620,0,0,1,0,0,1,0
TXN00004353,2026-03-09 15:34:33,USR50160,MCH9390,10359.39,UTR1135463453,1310,SUCCESS,TXN00004353,USR50160,MCH9390,UTR 1135463453,0,0,0,0,0,0,0
TXN00002881,2026-01-14 11:36:23,USR56683,MCH1071,8295.8,,,SUCCESS,TXN00002881,USR56683,MCH1071,,0,1,1,0,0,0,0
TXN00015357,2026-03-10 05:29:45,USR39528,MCH2150,0.149462,UTR1884500261,1310,SUCCESS,TXN00015357,USR39528,MCH2150,UTR1884500261,0,0,0,0,0,0,0
TXN00012015,2026-02-20 03:13:11,USR74463,MCH4106,5274.9,UTR1215384070,,SUCCESS,TXN00012015,USR74463,MCH4106,UTR1215384070,0,0,1,0,0,0,0
TXN00015181,2026-03-03 06:30:58,USR57423,MCH8004,2950.74,UTR2368800411,,SUCCESS,TXN00015181,USR57423,MCH8004,UTR 2368800411,0,0,1,0,0,0,0
TXN00014083,2026-03-21 01:41:03,USR51315,MCH6662,24304.19,UTR3591892162,1310,SUCCESS,TXN00014083,USR51315,MCH6662,UTR3591892162,0,0,0,0,0,0,0
TXN00010355,2026-02-18 06:25:41,USR17472,MCH2098,10893.27,UTR6269557449,4110,SUCCESS,TXN00010355,USR17472,MCH2098,UTR6269557449,0,0,0,0,0,0,0
TXN00012058,2026-03-01 00:00:00,USR71221,MCH9466,0.1093258,UTR6555572339,4110,SUCCESS,TXN00012058,USR71221,MCH9466,UTR6555572339,0,0,0,0,0,0,0
TXN00006459,2026-02-16 00:00:00,USR51592,MCH5750,1036.65,UTR3656574497,4110,SUCCESS,TXN00006459,USR51592,MCH5750,UTR3656574497,0,0,0,0,0,0,0
TXN00013504,2026-01-18 01:00:42,USR68036,MCH9126,1408.95,UTR1558267508,8120,SUCCESS,TXN00013504,USR68036,MCH9126,UTR1558267508,0,0,0,0,0,0,0
TXN00011126,2026-06-02 05:37:27,USR65438,MCH5844,18064.31,UTR4070461383,4110,SUCCESS,TXN00011126,USR65438,MCH5844,UTR4070461383,0,0,0,0,0,0,0
TXN00010291,2026-02-21 20:10:13,USR42053,MCH4274,13064.0,UTR0021002375,8120,SUCCESS,TXN00010291,USR42053,MCH4274,UTR0021002375,0,0,0,0,0,0,0
TXN00005116,2026-02-10 18:14:30,USR32950,MCH6573,15772.95,UTR2541222025,,SUCCESS,TXN00005116,USR32950,MCH6573,UTR 2541222025,0,0,1,0,0,0,0
TXN00004434,2026-02-04 04:11:03,USR74927,MCH9436,23061.63,UTR6251797651,4110,SUCCESS,TXN00004434,USR74927,MCH9436,UTR6251797651,0,0,0,0,0,0,0
TXN00017890,2026-01-25 23:38:40,USR34636,MCH6250,19225.14,UTR6374546207,4110,SUCCESS,TXN00017890,USR34636,MCH6250,UTR 6374546207,0,0,0,0,0,0,0
TXN00006183,2026-01-31 07:13:39,USR14692,MCH4974,0.291713,UTR3844162168,8120,SUCCESS,TXN00006183,USR14692,MCH4974,UTR3844162168,0,0,0,0,0,0,0
TXN00008245,2026-02-04 23:51:17,USR73632,MCH1044,8330.43,,8120,PENDING,TXN00008245,USR73632,MCH1044,,0,1,0,0,0,0,1
TXN00002984,2026-03-16 20:36:44,USR54323,MCH6310,20430.03,UTR0364392033,4110,SUCCESS,TXN00002984,USR54323,MCH6310,UTR0364392033,0,0,0,0,0,0,0
TXN00005195,2026-01-30 12:52:20,USR22260,MCH7272,5128.01,UTR8015802984,0110,SUCCESS,TXN00005195,USR22260,MCH7272,UTR8015802984,0,0,0,0,0,0,0
TXN00005605,2026-01-28 07:59:46,USR12785,MCH9177,1004.53,,4110,SUCCESS,TXN00005605,USR12785,MCH9177,,0,1,0,0,0,0,0
TXN00008324,2026-03-09 16:12:56,USR55169,MCH9171,11036.33,UTR0442348804,,SUCCESS,TXN00008324,USR55169,MCH9171,UTR0442348804,0,0,1,0,0,0,0
TXN00009884,2026-01-24 00:00:00,USR30337,MCH7265,23404.3,UTR7455358506,8120,PENDING,TXN00009884,USR30337,MCH7265,UTR7455358506,0,0,0,0,0,0,1
TXN00003182,2026-01-30 20:56:28,USR12956,MCH3736,-7236.79,UTR6771795169,0110,SUCCESS,TXN00003182,USR12956,MCH3736,UTR 6771795169,1,0,0,0,0,0,0
TXN00002489,2026-01-24 05:18:10,USR59931,MCH4353,14722.4,UTR6707938212,0110,SUCCESS,TXN00002489,USR59931,MCH4353,UTR6707938212,0,0,0,0,0,0,0
TXN00001153,2026-01-30 18:29:00,USR85342,MCH1832,17439.81,UTR1104056331,1310,SUCCESS,TXN00001153,USR85342,MCH1832,UTR1104056331,0,0,0,0,0,0,0
TXN00009784,2026-02-09 10:07:28,USR36743,MCH8710,23447.8,UTR4633150803,8120,SUCCESS,TXN00009784,USR36743,MCH8710,UTR4633150803,0,0,0,0,0,0,0
TXN00004720,2026-01-10 01:29:52,USR37827,MCH1933,23018.08,UTR5817689001,9120,SUCCESS,TXN00004720,USR37827,MCH1933,UTR5817689001,0,0,0,0,0,0,0
TXN00004654,2026-01-02 18:38:21,USR51309,MCH7398,0.2122896,UTR8980343315,1310,SUCCESS,TXN00004654,USR51309,MCH7398,UTR8980343315,0,0,0,0,0,0,0
TXN00007955,2026-01-08 16:20:38,USR77774,MCH5716,22345.42,UTR7055052598,4110,SUCCESS,TXN00007955,USR77774,MCH5716,UTR7055052598,0,0,0,0,0,0,0
TXN00004877,2026-03-16 01:16:48,USR74213,MCH9720,15027.63,UTR5002031322,1310,PENDING,TXN00004877,USR74213,MCH9720,UTR5002031322,0,0,0,0,0,0,1
TXN00000533,2026-09-01 23:04:15,USR93200,MCH4776,24916.0,UTR1176993563,0110,SUCCESS,TXN00000533,USR93200,MCH4776,UTR1176993563,0,0,0,0,0,0,0
TXN00004876,2026-01-17 18:35:02,USR41820,MCH7746,16073.45,UTR4435400963,1310,SUCCESS,TXN00004876,USR41820,MCH7746,UTR4435400963,0,0,0,0,0,0,0
TXN00009854,2026-03-31 23:03:05,USR61936,MCH5658,14353.3,,0110,SUCCESS,TXN00009854,USR61936,MCH5658,,0,1,0,0,0,0,0
TXN00001831,2026-01-16 00:03:52,USR92215,MCH8961,24499.46,UTR8803400296,0110,SUCCESS,TXN00001831,USR92215,MCH8961,UTR8803400296,0,0,0,0,0,0,0
TXN00005081,2026-02-17 21:36:49,USR35237,MCH7537,1881.65,UTR3550074542,1310,PENDING,TXN00005081,USR35237,MCH7537,UTR3550074542,0,0,0,0,0,0,1
TXN00017336,2026-01-03 05:40:58,USR63057,MCH9048,24739.78,UTR5786169906,1310,SUCCESS,TXN00017336,USR63057,MCH9048,UTR5786169906,0,0,0,0,0,0,0
TXN00014628,2026-01-23 22:38:33,USR42946,MCH1921,6923.98,UTR3580523767,1310,SUCCESS,TXN00014628,USR42946,MCH1921,UTR3580523767,0,0,0,0,0,0,0
TXN00009406,2026-01-17 02:44:12,USR73644,MCH6734,0.1018527,UTR6374508422,0110,SUCCESS,TXN00009406,USR73644,MCH6734,UTR6374508422,0,0,0,0,0,0,0
TXN00016684,2026-02-04 13:09:39,USR93233,MCH7590,22125.99,UTR4892113575,8120,SUCCESS,TXN00016684,USR93233,MCH7590,UTR 4892113575,0,0,0,0,0,0,0
TXN00017579,2026-01-22 23:24:48,USR93956,MCH9479,1688.27,UTR0091898616,,SUCCESS,TXN00017579,USR93956,MCH9479,UTR0091898616,0,0,1,0,0,0,0
TXN00002600,2026-01-05 15:15:51,USR41845,MCH9708,3354.37,UTR9457468021,4110,SUCCESS,TXN00002600,USR41845,MCH9708,UTR9457468021,0,0,0,0,0,0,0
TXN00013825,2026-01-28 14:00:10,USR86717,MCH4906,14979.0,UTR3941739533,8120,SUCCESS,TXN00013825,USR86717,MCH4906,UTR3941739533,0,0,0,0,0,0,0
TXN00017050,2026-02-22 16:02:23,USR66502,MCH3950,3435.2,UTR5549100527,9120,SUCCESS,TXN00017050,USR66502,MCH3950,UTR5549100527,0,0,0,0,0,0,0
TXN00009460,2026-03-17 07:07:24,USR66133,MCH4928,8549.38,UTR2369754632,,SUCCESS,TXN00009460,USR66133,MCH4928,UTR2369754632,0,0,1,0,0,0,0
TXN00011509,2026-01-26 00:00:00,USR14167,MCH8193,8495.93,UTR5943704685,,FAILED,TXN00011509,USR14167,MCH8193,UTR5943704685,0,0,1,0,0,1,0
TXN00000485,2026-03-27 00:00:00,USR90685,MCH6700,14612.01,UTR7334865451,,SUCCESS,TXN00000485,USR90685,MCH6700,UTR7334865451,0,0,1,0,0,0,0
TXN00001016,2026-03-11 10:06:18,USR39979,MCH2480,23131.96,,9120,SUCCESS,TXN00001016,USR39979,MCH2480,,0,1,0,0,0,0,0
TXN00001169,2026-02-17 00:15:52,USR95219,MCH4897,0.16958,UTR3906671816,1310,FAILED,TXN00001169,USR95219,MCH4897,UTR3906671816,0,0,0,0,0,1,0
TXN00012086,2026-03-31 00:00:00,USR64955,MCH9276,0.722997,UTR6827374711,,SUCCESS,TXN00012086,USR64955,MCH9276,UTR6827374711,0,0,1,0,0,0,0
TXN00018562,2026-01-08 01:53:49,USR95001,MCH2182,16100.0,UTR8553647958,1310,SUCCESS,TXN00018562,USR95001,MCH2182,UTR8553647958,0,0,0,0,0,0,0
TXN00005037,2026-03-30 22:05:46,USR37405,MCH3344,15433.68,UTR6129484793,0110,SUCCESS,TXN00005037,USR37405,MCH3344,UTR6129484793,0,0,0,0,0,0,0
TXN00016731,2026-03-01 02:27:52,USR80068,MCH4286,14458.0,UTR1200393840,9120,PENDING,TXN00016731,USR80068,MCH4286,UTR1200393840,0,0,0,0,0,0,1
TXN00008985,2026-03-31 20:25:12,USR99021,MCH3601,294.63,UTR1989628986,4110,SUCCESS,TXN00008985,USR99021,MCH3601,UTR1989628986,0,0,0,0,0,0,0
TXN00011760,2026-03-25 12:22:42,USR48232,MCH1623,12736.04,UTR2230083434,8120,FAILED,TXN00011760,USR48232,MCH1623,UTR2230083434,0,0,0,0,0,1,0
TXN00016231,2026-01-18 23:08:47,USR85804,MCH6280,-3807.54,UTR9104430970,0110,PENDING,TXN00016231,USR85804,MCH6280,UTR9104430970,1,0,0,0,0,0,1
TXN00013254,2026-03-01 15:18:48,USR33600,MCH2267,0.734403,UTR0977197499,4110,SUCCESS,TXN00013254,USR33600,MCH2267,UTR0977197499,0,0,0,0,0,0,0
TXN00001307,2026-01-07 22:23:49,USR15946,MCH8829,17855.03,UTR8603636603,,SUCCESS,TXN00001307,USR15946,MCH8829,UTR8603636603,0,0,1,0,0,0,0
TXN00008268,2026-03-18 01:37:46,USR17733,MCH3309,9133.7,UTR5964345692,4110,SUCCESS,TXN00008268,USR17733,MCH3309,UTR5964345692,0,0,0,0,0,0,0
TXN00015950,2026-02-19 12:04:06,USR42442,MCH2799,19302.01,UTR3302774253,9120,SUCCESS,TXN00015950,USR42442,MCH2799,UTR3302774253,0,0,0,0,0,0,0
TXN00012605,2026-02-26 04:22:42,USR88037,MCH4878,0.2051868,UTR2700176306,1310,FAILED,TXN00012605,USR88037,MCH4878,UTR2700176306,0,0,0,0,0,1,0
TXN00008822,2026-02-18 14:36:03,USR85664,MCH4572,0.2482017,UTR6846369333,4110,FAILED,TXN00008822,USR85664,MCH4572,UTR6846369333,0,0,0,0,0,1,0
TXN00007297,2026-03-28 03:15:37,USR34761,MCH8688,3971.42,UTR7556136581,8120,SUCCESS,TXN00007297,USR34761,MCH8688,UTR7556136581,0,0,0,0,0,0,0
TXN00005670,2026-03-06 19:18:51,USR68645,MCH3779,18690.54,UTR5606117540,4110,SUCCESS,TXN00005670,USR68645,MCH3779,UTR5606117540,0,0,0,0,0,0,0
TXN00002447,2026-03-16 20:16:05,USR21789,MCH3572,6490.78,,4110,SUCCESS,TXN00002447,USR21789,MCH3572,,0,1,0,0,0,0,0
TXN00007650,2026-02-14 03:39:55,USR54106,MCH8100,14799.28,UTR5841445973,,SUCCESS,TXN00007650,USR54106,MCH8100,UTR5841445973,0,0,1,0,0,0,0
TXN00019015,2026-01-08 14:47:24,USR18721,MCH2976,312.33,UTR3901227627,,SUCCESS,TXN00019015,USR18721,MCH2976,UTR3901227627,0,0,1,0,0,0,0
TXN00000403,2026-03-18 01:21:52,USR16362,MCH9199,12636.26,UTR9853902115,4110,FAILED,TXN00000403,USR16362,MCH9199,UTR9853902115,0,0,0,0,0,1,0
TXN00018145,2026-02-20 07:02:48,USR65274,MCH7513,1333.63,UTR5584494143,1310,SUCCESS,TXN00018145,USR65274,MCH7513,UTR 5584494143,0,0,0,0,0,0,0
TXN00013227,2026-02-10 06:52:19,USR67052,MCH1976,-10302.47,UTR9828862219,4110,SUCCESS,TXN00013227,USR67052,MCH1976,UTR9828862219,1,0,0,0,0,0,0
TXN00019053,2026-02-14 06:08:25,USR11889,MCH2627,24256.17,UTR5863870014,4110,SUCCESS,TXN00019053,USR11889,MCH2627,UTR5863870014,0,0,0,0,0,0,0
TXN00017222,2026-01-15 20:37:44,USR63145,MCH5541,13437.38,UTR0096329343,0110,SUCCESS,TXN00017222,USR63145,MCH5541,UTR0096329343,0,0,0,0,0,0,0
TXN00014358,2026-02-15 17:00:53,USR86892,MCH1299,8227.54,UTR8613243605,0110,FAILED,TXN00014358,USR86892,MCH1299,UTR8613243605,0,0,0,0,0,1,0
TXN00015390,2026-03-18 16:59:28,USR39182,MCH6243,22446.8,UTR9929078626,8120,SUCCESS,TXN00015390,USR39182,MCH6243,UTR9929078626,0,0,0,0,0,0,0
TXN00005258,2026-02-13 01:16:11,USR47992,MCH9720,13747.43,UTR6856260401,4110,SUCCESS,TXN00005258,USR47992,MCH9720,UTR6856260401,0,0,0,0,0,0,0
TXN00000630,2026-03-21 15:59:18,USR30574,MCH3365,6318.4,UTR3663612839,4110,FAILED,TXN00000630,USR30574,MCH3365,UTR3663612839,0,0,0,0,0,1,0
TXN00019963,2026-03-29 08:35:51,USR36376,MCH7091,17240.33,UTR6305461536,4110,SUCCESS,TXN00019963,USR36376,MCH7091,UTR6305461536,0,0,0,0,0,0,0
TXN00005919,2026-01-16 19:36:06,USR46896,MCH4208,7142.25,UTR8831680598,8120,PENDING,TXN00005919,USR46896,MCH4208,UTR8831680598,0,0,0,0,0,0,1
TXN00018584,2026-03-12 05:28:49,USR23070,MCH7873,20728.43,UTR3710393386,0110,SUCCESS,TXN00018584,USR23070,MCH7873,UTR3710393386,0,0,0,0,0,0,0
TXN00016424,2026-02-26 00:00:00,USR48829,MCH1508,17870.91,UTR9832217735,0110,SUCCESS,TXN00016424,USR48829,MCH1508,UTR9832217735,0,0,0,0,0,0,0
TXN00014319,2026-01-21 03:12:43,USR12155,MCH6976,21949.76,UTR5499652435,0110,SUCCESS,TXN00014319,USR12155,MCH6976,UTR5499652435,0,0,0,0,0,0,0
TXN00004014,2026-03-29 07:32:52,USR80971,MCH9501,0.484395,UTR0283119246,0110,SUCCESS,TXN00004014,USR80971,MCH9501,UTR0283119246,0,0,0,0,0,0,0
TXN00012082,2026-03-11 18:25:14,USR37456,MCH7922,15643.48,UTR4937294781,1310,PENDING,TXN00012082,USR37456,MCH7922,UTR4937294781,0,0,0,0,0,0,1
TXN00014784,2026-03-16 20:29:43,USR66000,MCH3791,14505.29,,0110,SUCCESS,TXN00014784,USR66000,MCH3791,,0,1,0,0,0,0,0
TXN00015731,2026-03-16 09:52:25,USR58993,MCH4546,0.1897968,UTR0194542687,4110,SUCCESS,TXN00015731,USR58993,MCH4546,UTR0194542687,0,0,0,0,0,0,0
TXN00009168,2026-01-01 13:23:59,USR45003,MCH5169,4313.0,UTR0481586583,,SUCCESS,TXN00009168,USR45003,MCH5169,UTR0481586583,0,0,1,0,0,0,0
TXN00017621,2026-03-15 02:41:53,USR47183,MCH7346,832.52,UTR8240884922,,SUCCESS,TXN00017621,USR47183,MCH7346,UTR 8240884922,0,0,1,0,0,0,0
TXN00014252,2026-03-31 05:10:57,USR34441,MCH2102,21392.14,,8120,SUCCESS,TXN00014252,USR34441,MCH2102,,0,1,0,0,0,0,0
TXN00011751,2026-01-15 14:37:36,USR38548,MCH1546,13338.12,UTR3804207702,0110,SUCCESS,TXN00011751,USR38548,MCH1546,UTR3804207702,0,0,0,0,0,0,0
TXN00015928,2026-01-27 14:08:37,USR49882,MCH5426,21538.0,UTR6246521232,,SUCCESS,TXN00015928,USR49882,MCH5426,UTR6246521232,0,0,1,0,0,0,0
TXN00000186,2026-02-21 08:55:32,USR14436,MCH2178,16503.0,UTR8974421510,1310,SUCCESS,TXN00000186,USR14436,MCH2178,UTR8974421510,0,0,0,0,0,0,0
TXN00018854,2026-01-27 15:05:42,USR49988,MCH9154,11291.96,UTR8436279124,4110,FAILED,TXN00018854,USR49988,MCH9154,UTR8436279124,0,0,0,0,0,1,0
TXN00018826,2026-03-11 19:54:16,USR80062,MCH9410,15454.76,UTR6141178623,0110,SUCCESS,TXN00018826,USR80062,MCH9410,UTR6141178623,0,0,0,0,0,0,0
TXN00007868,2026-01-18 03:31:29,USR37559,MCH9717,8652.26,UTR3467726801,1310,SUCCESS,TXN00007868,USR37559,MCH9717,UTR 3467726801,0,0,0,0,0,0,0
TXN00015010,2026-01-29 12:45:01,USR90145,MCH9442,5086.97,UTR2522842649,0110,SUCCESS,TXN00015010,USR90145,MCH9442,UTR2522842649,0,0,0,0,0,0,0
TXN00003701,2026-01-22 11:04:00,USR36965,MCH4932,15290.48,UTR1106415263,8120,FAILED,TXN00003701,USR36965,MCH4932,UTR1106415263,0,0,0,0,0,1,0
TXN00016980,2026-03-21 22:54:10,USR77191,MCH9872,16407.48,UTR1448966027,1310,FAILED,TXN00016980,USR77191,MCH9872,UTR1448966027,0,0,0,0,0,1,0
TXN00005623,2026-03-06 06:37:08,USR36631,MCH6681,20514.48,UTR3521954929,4110,SUCCESS,TXN00005623,USR36631,MCH6681,UTR3521954929,0,0,0,0,0,0,0
TXN00015373,2026-03-10 00:50:49,USR54599,MCH4467,16987.18,UTR9067478505,,SUCCESS,TXN00015373,USR54599,MCH4467,UTR9067478505,0,0,1,0,0,0,0
TXN00004974,2026-01-12 11:05:31,USR65685,MCH7339,17684.9,UTR2565305175,4110,SUCCESS,TXN00004974,USR65685,MCH7339,UTR2565305175,0,0,0,0,0,0,0
TXN00000261,2026-01-13 11:10:25,USR49489,MCH8938,-15379.03,UTR1669513486,,SUCCESS,TXN00000261,USR49489,MCH8938,UTR1669513486,1,0,1,0,0,0,0
TXN00012782,2026-01-29 08:41:45,USR74127,MCH6732,0.2243309,UTR3560529712,8120,SUCCESS,TXN00012782,USR74127,MCH6732,UTR3560529712,0,0,0,0,0,0,0
TXN00001159,2026-01-31 15:16:48,USR22077,MCH6597,21797.37,UTR0231886514,,PENDING,TXN00001159,USR22077,MCH6597,UTR0231886514,0,0,1,0,0,0,1
TXN00010430,2026-03-09 05:18:42,USR42483,MCH4084,0.2094485,UTR2109667362,,SUCCESS,TXN00010430,USR42483,MCH4084,UTR2109667362,0,0,1,0,0,0,0
TXN00003160,2026-03-13 18:44:20,USR14586,MCH6701,7316.65,UTR0569797179,4110,SUCCESS,TXN00003160,USR14586,MCH6701,UTR0569797179,0,0,0,0,0,0,0
TXN00002953,2026-02-23 11:33:12,USR13337,MCH4172,17861.02,UTR1983407135,0110,SUCCESS,TXN00002953,USR13337,MCH4172,UTR1983407135,0,0,0,0,0,0,0
TXN00016880,2026-03-02 05:54:16,USR47441,MCH1098,6363.08,UTR0828203301,1310,FAILED,TXN00016880,USR47441,MCH1098,UTR0828203301,0,0,0,0,0,1,0
TXN00002702,2026-02-22 17:21:11,USR20479,MCH9397,24400.59,UTR4833124163,9120,SUCCESS,TXN00002702,USR20479,MCH9397,UTR4833124163,0,0,0,0,0,0,0
TXN00018820,2026-01-28 21:44:00,USR64723,MCH9870,2662.55,UTR5947784218,1310,SUCCESS,TXN00018820,USR64723,MCH9870,UTR5947784218,0,0,0,0,0,0,0
TXN00015364,2026-01-07 03:57:42,USR67967,MCH1919,2069.0,UTR8213489903,4110,SUCCESS,TXN00015364,USR67967,MCH1919,UTR8213489903,0,0,0,0,0,0,0
TXN00014177,2026-01-28 13:20:34,USR92358,MCH3204,7991.41,,4110,SUCCESS,TXN00014177,USR92358,MCH3204,,0,1,0,0,0,0,0
TXN00012132,2026-02-14 11:35:59,USR86907,MCH3566,6820.55,UTR9524248588,4110,SUCCESS,TXN00012132,USR86907,MCH3566,UTR9524248588,0,0,0,0,0,0,0
TXN00003959,2026-02-14 13:32:32,USR23305,MCH6531,1275.06,UTR7608585488,1310,SUCCESS,TXN00003959,USR23305,MCH6531,UTR7608585488,0,0,0,0,0,0,0
TXN00013279,2026-03-15 00:00:00,USR47621,MCH2863,10539.28,UTR1989694646,1310,FAILED,TXN00013279,USR47621,MCH2863,UTR1989694646,0,0,0,0,0,1,0
TXN00000388,2026-03-29 14:50:39,USR65583,MCH8575,4444.21,UTR6309840083,,SUCCESS,TXN00000388,USR65583,MCH8575,UTR6309840083,0,0,1,0,0,0,0
TXN00011997,2026-03-04 00:00:00,USR67646,MCH8305,21843.0,UTR3494640145,9120,SUCCESS,TXN00011997,USR67646,MCH8305,UTR3494640145,0,0,0,0,0,0,0
TXN00002680,2026-02-16 11:03:30,USR93964,MCH2733,12901.39,UTR4920317155,9120,SUCCESS,TXN00002680,USR93964,MCH2733,UTR4920317155,0,0,0,0,0,0,0
TXN00002269,2026-03-05 15:26:48,USR13317,MCH2109,5943.46,UTR5295086456,1310,SUCCESS,TXN00002269,USR13317,MCH2109,UTR5295086456,0,0,0,0,0,0,0
TXN00009289,2026-02-20 11:00:08,USR10186,MCH8364,10108.71,UTR0635208084,9120,SUCCESS,TXN00009289,USR10186,MCH8364,UTR0635208084,0,0,0,0,0,0,0
TXN00002250,2026-03-29 22:57:10,USR33006,MCH4106,2882.18,UTR1496898457,0110,SUCCESS,TXN00002250,USR33006,MCH4106,UTR1496898457,0,0,0,0,0,0,0
TXN00002491,2026-03-20 12:13:48,USR59724,MCH8122,7151.73,UTR7830883937,4110,SUCCESS,TXN00002491,USR59724,MCH8122,UTR7830883937,0,0,0,0,0,0,0
TXN00015403,2026-01-18 11:17:05,USR50811,MCH7352,21121.31,,1310,SUCCESS,TXN00015403,USR50811,MCH7352,,0,1,0,0,0,0,0
TXN00015554,2026-01-18 01:29:01,USR94610,MCH5884,1577.41,UTR9025813406,1310,SUCCESS,TXN00015554,USR94610,MCH5884,UTR9025813406,0,0,0,0,0,0,0
TXN00010940,2026-01-15 06:43:45,USR26020,MCH3494,516.8,UTR0885590581,,SUCCESS,TXN00010940,USR26020,MCH3494,UTR0885590581,0,0,1,0,0,0,0
TXN00011031,2026-03-29 00:49:50,USR86393,MCH3911,6830.2,UTR4298299809,0110,SUCCESS,TXN00011031,USR86393,MCH3911,UTR4298299809,0,0,0,0,0,0,0
TXN00014082,2026-03-12 03:34:16,USR39555,MCH1560,20017.59,UTR1511446725,0110,SUCCESS,TXN00014082,USR39555,MCH1560,UTR1511446725,0,0,0,0,0,0,0
TXN00011449,2026-02-27 15:18:16,USR50575,MCH3444,0.45243,UTR9656265790,8120,SUCCESS,TXN00011449,USR50575,MCH3444,UTR9656265790,0,0,0,0,0,0,0
TXN00015215,2026-01-16 10:56:49,USR45747,MCH9489,13167.63,UTR2606008670,1310,SUCCESS,TXN00015215,USR45747,MCH9489,UTR2606008670,0,0,0,0,0,0,0
TXN00012842,2026-02-05 02:59:43,USR53435,MCH6624,0.1429528,UTR2044806556,4110,SUCCESS,TXN00012842,USR53435,MCH6624,UTR2044806556,0,0,0,0,0,0,0
TXN00014653,2026-01-08 18:27:02,USR53437,MCH7482,9284.08,UTR4141198901,4110,SUCCESS,TXN00014653,USR53437,MCH7482,UTR4141198901,0,0,0,0,0,0,0
TXN00008977,2026-01-14 08:25:40,USR55026,MCH4636,8225.36,,8120,SUCCESS,TXN00008977,USR55026,MCH4636,,0,1,0,0,0,0,0
TXN00019545,2026-01-16 16:05:56,USR17785,MCH3755,24970.66,UTR8778403325,4110,SUCCESS,TXN00019545,USR17785,MCH3755,UTR 8778403325,0,0,0,0,0,0,0
TXN00009296,2026-03-27 19:05:08,USR26934,MCH4805,22557.12,UTR9659341868,0110,SUCCESS,TXN00009296,USR26934,MCH4805,UTR 9659341868,0,0,0,0,0,0,0
TXN00004812,2026-01-12 22:58:37,USR43423,MCH3906,21350.03,UTR0053103149,9120,SUCCESS,TXN00004812,USR43423,MCH3906,UTR0053103149,0,0,0,0,0,0,0
TXN00011184,2026-02-04 03:21:20,USR37077,MCH1161,14599.99,UTR9148800322,0110,SUCCESS,TXN00011184,USR37077,MCH1161,UTR9148800322,0,0,0,0,0,0,0
TXN00011458,2026-06-03 17:28:12,USR86989,MCH8296,7685.68,UTR6085691471,9120,SUCCESS,TXN00011458,USR86989,MCH8296,UTR 6085691471,0,0,0,0,0,0,0
TXN00015158,2026-02-14 06:03:17,USR68124,MCH1743,15015.82,UTR3648163065,9120,SUCCESS,TXN00015158,USR68124,MCH1743,UTR3648163065,0,0,0,0,0,0,0
TXN00005269,2026-02-14 18:11:45,USR72492,MCH1911,21447.87,UTR6964891365,4110,SUCCESS,TXN00005269,USR72492,MCH1911,UTR6964891365,0,0,0,0,0,0,0
TXN00013192,2026-01-19 09:19:27,USR67137,MCH7936,9101.99,UTR6475295965,4110,SUCCESS,TXN00013192,USR67137,MCH7936,UTR 6475295965,0,0,0,0,0,0,0
TXN00008978,2026-01-16 21:38:59,USR95792,MCH8068,18013.64,UTR5034403571,4110,SUCCESS,TXN00008978,USR95792,MCH8068,UTR5034403571,0,0,0,0,0,0,0
TXN00018029,2026-02-24 10:38:24,USR74611,MCH4050,21077.66,UTR3164354626,8120,SUCCESS,TXN00018029,USR74611,MCH4050,UTR3164354626,0,0,0,0,0,0,0
TXN00012093,2026-03-11 06:43:26,USR54076,MCH8842,3435.12,UTR2168673045,1310,FAILED,TXN00012093,USR54076,MCH8842,UTR 2168673045,0,0,0,0,0,1,0
TXN00012176,2026-02-06 00:15:44,USR23170,MCH2140,17031.63,UTR0105035662,0110,SUCCESS,TXN00012176,USR23170,MCH2140,UTR0105035662,0,0,0,0,0,0,0
TXN00018885,2026-02-24 00:59:29,USR99557,MCH1609,20919.57,UTR0059250741,4110,SUCCESS,TXN00018885,USR99557,MCH1609,UTR0059250741,0,0,0,0,0,0,0
TXN00009392,2026-03-30 22:52:08,USR42065,MCH2549,24965.45,UTR4711066754,0110,SUCCESS,TXN00009392,USR42065,MCH2549,UTR4711066754,0,0,0,0,0,0,0
TXN00019460,2026-02-10 00:02:10,USR39143,MCH4225,2298.88,UTR4326722199,4110,SUCCESS,TXN00019460,USR39143,MCH4225,UTR4326722199,0,0,0,0,0,0,0
TXN00002982,2026-01-05 09:56:01,USR57227,MCH6170,5881.99,UTR0495608611,,SUCCESS,TXN00002982,USR57227,MCH6170,UTR0495608611,0,0,1,0,0,0,0
TXN00012660,2026-03-08 00:00:00,USR82542,MCH1282,19846.23,UTR9328294370,1310,SUCCESS,TXN00012660,USR82542,MCH1282,UTR9328294370,0,0,0,0,0,0,0
TXN00014526,2026-02-13 14:02:23,USR26136,MCH5158,8700.02,UTR9732149157,4110,SUCCESS,TXN00014526,USR26136,MCH5158,UTR9732149157,0,0,0,0,0,0,0
TXN00002278,2026-03-15 18:38:31,USR28790,MCH2666,12661.59,UTR6344902071,4110,PENDING,TXN00002278,USR28790,MCH2666,UTR6344902071,0,0,0,0,0,0,1
TXN00000417,2026-03-14 14:54:33,USR54231,MCH7129,7337.34,UTR0381274264,9120,SUCCESS,TXN00000417,USR54231,MCH7129,UTR0381274264,0,0,0,0,0,0,0
TXN00011183,2026-02-26 07:36:23,USR70429,MCH5119,19891.55,UTR5303079983,8120,SUCCESS,TXN00011183,USR70429,MCH5119,UTR5303079983,0,0,0,0,0,0,0
TXN00002428,2026-02-05 03:07:14,USR51483,MCH3191,23898.0,UTR8926233181,4110,SUCCESS,TXN00002428,USR51483,MCH3191,UTR8926233181,0,0,0,0,0,0,0
TXN00002147,2026-02-19 17:51:12,USR41508,MCH7078,0.1148704,UTR5883246583,1310,SUCCESS,TXN00002147,USR41508,MCH7078,UTR 5883246583,0,0,0,0,0,0,0
TXN00012313,2026-02-14 16:25:15,USR61807,MCH6335,8786.98,UTR3810594624,1310,FAILED,TXN00012313,USR61807,MCH6335,UTR3810594624,0,0,0,0,0,1,0
TXN00002304,2026-02-19 06:10:50,USR84311,MCH4646,7344.29,UTR5255309342,1310,SUCCESS,TXN00002304,USR84311,MCH4646,UTR 5255309342,0,0,0,0,0,0,0
TXN00003522,2026-03-10 07:53:38,USR34315,MCH7204,0.1173299,,1310,FAILED,TXN00003522,USR34315,MCH7204,,0,1,0,0,0,1,0
TXN00013696,2026-03-03 21:09:54,USR88622,MCH9164,2150.75,UTR0017652284,4110,SUCCESS,TXN00013696,USR88622,MCH9164,UTR0017652284,0,0,0,0,0,0,0
TXN00018972,2026-02-04 23:31:45,USR61067,MCH2827,6199.7,UTR7998388026,4110,SUCCESS,TXN00018972,USR61067,MCH2827,UTR7998388026,0,0,0,0,0,0,0
TXN00000054,2026-01-10 09:21:55,USR32179,MCH2600,22371.74,UTR0410881615,0110,SUCCESS,TXN00000054,USR32179,MCH2600,UTR0410881615,0,0,0,0,0,0,0
TXN00010853,2026-02-13 05:31:20,USR68802,MCH7030,15650.2,UTR5454663381,0110,FAILED,TXN00010853,USR68802,MCH7030,UTR5454663381,0,0,0,0,0,1,0
TXN00015816,2026-04-02 21:04:56,USR81816,MCH5386,0.169951,UTR4660034558,8120,SUCCESS,TXN00015816,USR81816,MCH5386,UTR4660034558,0,0,0,0,0,0,0
TXN00009105,2026-01-16 22:08:01,USR58226,MCH5769,3394.12,UTR7050682634,8120,FAILED,TXN00009105,USR58226,MCH5769,UTR7050682634,0,0,0,0,0,1,0
TXN00010350,2026-01-07 05:01:55,USR77330,MCH7599,12195.08,UTR6813602110,,SUCCESS,TXN00010350,USR77330,MCH7599,UTR6813602110,0,0,1,0,0,0,0
TXN00011960,2026-03-26 02:57:44,USR83604,MCH5837,22846.23,UTR3853036315,8120,SUCCESS,TXN00011960,USR83604,MCH5837,UTR3853036315,0,0,0,0,0,0,0
TXN00003721,2026-02-07 00:09:16,USR43100,MCH9676,8591.23,UTR0216529916,4110,SUCCESS,TXN00003721,USR43100,MCH9676,UTR0216529916,0,0,0,0,0,0,0
TXN00005624,2026-03-02 16:34:02,USR57359,MCH9207,19003.27,UTR3368701198,1310,SUCCESS,TXN00005624,USR57359,MCH9207,UTR3368701198,0,0,0,0,0,0,0
TXN00003219,2026-01-19 12:33:34,USR67061,MCH8500,17971.3,UTR2988772012,4110,SUCCESS,TXN00003219,USR67061,MCH8500,UTR2988772012,0,0,0,0,0,0,0
TXN00009165,2026-02-18 09:55:14,USR76255,MCH9733,24000.7,UTR7780601859,4110,SUCCESS,TXN00009165,USR76255,MCH9733,UTR7780601859,0,0,0,0,0,0,0
TXN00002512,2026-03-19 00:00:00,USR27687,MCH2053,22087.78,UTR7416741406,,SUCCESS,TXN00002512,USR27687,MCH2053,UTR7416741406,0,0,1,0,0,0,0
TXN00016682,2026-02-07 00:00:00,USR56886,MCH1446,15661.26,UTR5403780806,,SUCCESS,TXN00016682,USR56886,MCH1446,UTR5403780806,0,0,1,0,0,0,0
TXN00016103,2026-02-07 21:20:28,USR65523,MCH9700,0.1355883,,8120,PENDING,TXN00016103,USR65523,MCH9700,,0,1,0,0,0,0,1
TXN00000637,2026-01-19 18:01:30,USR70820,MCH8026,13320.11,UTR2084517971,9120,PENDING,TXN00000637,USR70820,MCH8026,UTR2084517971,0,0,0,0,0,0,1
TXN00017411,2026-02-06 07:23:27,USR15677,MCH4829,6103.16,UTR2806400918,1310,SUCCESS,TXN00017411,USR15677,MCH4829,UTR 2806400918,0,0,0,0,0,0,0
TXN00006787,2026-03-22 14:00:06,USR17430,MCH7953,23468.6,UTR1962563256,8120,SUCCESS,TXN00006787,USR17430,MCH7953,UTR1962563256,0,0,0,0,0,0,0
TXN00015600,2026-01-16 02:19:15,USR26136,MCH7781,5046.16,UTR9862552260,1310,FAILED,TXN00015600,USR26136,MCH7781,UTR 9862552260,0,0,0,0,0,1,0
TXN00018327,2026-01-14 14:18:54,USR96189,MCH9914,14954.48,UTR0576563083,9120,SUCCESS,TXN00018327,USR96189,MCH9914,UTR0576563083,0,0,0,0,0,0,0
TXN00018171,2026-03-13 18:50:29,USR88200,MCH9908,17342.13,UTR6677318676,4110,SUCCESS,TXN00018171,USR88200,MCH9908,UTR 6677318676,0,0,0,0,0,0,0
TXN00008566,2026-02-26 12:31:16,USR63419,MCH3307,13555.41,UTR4112638981,8120,PENDING,TXN00008566,USR63419,MCH3307,UTR4112638981,0,0,0,0,0,0,1
TXN00019427,2026-10-01 08:56:19,USR78705,MCH7904,212.89,UTR0172640108,8120,SUCCESS,TXN00019427,USR78705,MCH7904,UTR0172640108,0,0,0,0,0,0,0
TXN00004748,2026-02-27 15:22:24,USR19010,MCH9324,983.56,UTR7382889288,9120,SUCCESS,TXN00004748,USR19010,MCH9324,UTR7382889288,0,0,0,0,0,0,0
TXN00002308,2026-02-13 21:02:08,USR14613,MCH5218,15430.49,UTR1627613395,,SUCCESS,TXN00002308,USR14613,MCH5218,UTR1627613395,0,0,1,0,0,0,0
TXN00017149,2026-01-01 09:41:16,USR25232,MCH9745,9287.96,UTR3845206132,0110,FAILED,TXN00017149,USR25232,MCH9745,UTR3845206132,0,0,0,0,0,1,0
TXN00016782,2026-02-25 23:22:10,USR68015,MCH1114,10890.59,UTR5161922235,0110,SUCCESS,TXN00016782,USR68015,MCH1114,UTR5161922235,0,0,0,0,0,0,0
TXN00016332,2026-10-02 07:41:00,USR34578,MCH5114,0.1592722,UTR8417491675,1310,SUCCESS,TXN00016332,USR34578,MCH5114,UTR8417491675,0,0,0,0,0,0,0
TXN00005891,2026-03-31 14:55:02,USR92557,MCH6334,17970.29,UTR3684891453,,PENDING,TXN00005891,USR92557,MCH6334,UTR3684891453,0,0,1,0,0,0,1
TXN00007130,2026-03-18 06:43:14,USR12575,MCH5947,23628.61,,1310,SUCCESS,TXN00007130,USR12575,MCH5947,,0,1,0,0,0,0,0
TXN00000174,2026-01-15 20:08:45,USR92721,MCH6295,0.567013,UTR1856675759,1310,SUCCESS,TXN00000174,USR92721,MCH6295,UTR1856675759,0,0,0,0,0,0,0
TXN00003120,2026-03-02 12:15:29,USR70015,MCH3794,5368.0,UTR1668053529,8120,SUCCESS,TXN00003120,USR70015,MCH3794,UTR 1668053529,0,0,0,0,0,0,0
TXN00010672,2026-02-26 16:01:35,USR37899,MCH3208,5383.41,UTR7598411283,0110,SUCCESS,TXN00010672,USR37899,MCH3208,UTR7598411283,0,0,0,0,0,0,0
TXN00006464,2026-02-07 08:49:39,USR26894,MCH1733,6708.5,UTR4667572243,0110,SUCCESS,TXN00006464,USR26894,MCH1733,UTR4667572243,0,0,0,0,0,0,0
TXN00004268,2026-02-19 04:29:34,USR63125,MCH1033,1545.54,UTR8329919115,,SUCCESS,TXN00004268,USR63125,MCH1033,UTR8329919115,0,0,1,0,0,0,0
TXN00015015,2026-03-26 10:55:03,USR46435,MCH1095,21684.96,UTR9664487550,0110,SUCCESS,TXN00015015,USR46435,MCH1095,UTR9664487550,0,0,0,0,0,0,0
TXN00009286,2026-03-01 15:23:57,USR89087,MCH1113,18310.2,UTR8177184503,4110,SUCCESS,TXN00009286,USR89087,MCH1113,UTR8177184503,0,0,0,0,0,0,0
TXN00017816,2026-01-01 07:14:22,USR26418,MCH5205,3085.97,UTR6808786813,4110,SUCCESS,TXN00017816,USR26418,MCH5205,UTR6808786813,0,0,0,0,0,0,0
TXN00007457,2026-03-20 02:54:10,USR52102,MCH4434,15197.99,UTR3423830166,1310,SUCCESS,TXN00007457,USR52102,MCH4434,UTR3423830166,0,0,0,0,0,0,0
TXN00017673,2026-02-17 08:17:47,USR49871,MCH4332,17812.73,UTR6444741912,9120,FAILED,TXN00017673,USR49871,MCH4332,UTR6444741912,0,0,0,0,0,1,0
TXN00015370,2026-01-18 22:49:28,USR23126,MCH9703,10047.11,UTR2998979567,4110,FAILED,TXN00015370,USR23126,MCH9703,UTR2998979567,0,0,0,0,0,1,0
TXN00001354,2026-03-16 02:10:22,USR28919,MCH5471,18134.19,UTR3206629456,8120,SUCCESS,TXN00001354,USR28919,MCH5471,UTR3206629456,0,0,0,0,0,0,0
TXN00018213,2026-02-19 02:36:35,USR35223,MCH1624,1357.38,UTR5335871184,1310,SUCCESS,TXN00018213,USR35223,MCH1624,UTR5335871184,0,0,0,0,0,0,0
TXN00008782,2026-01-20 11:39:20,USR46190,MCH4106,21448.65,UTR8722192999,0110,SUCCESS,TXN00008782,USR46190,MCH4106,UTR8722192999,0,0,0,0,0,0,0
TXN00006714,2026-02-11 00:13:53,USR13680,MCH7275,20595.37,UTR8929073962,4110,SUCCESS,TXN00006714,USR13680,MCH7275,UTR8929073962,0,0,0,0,0,0,0
TXN00004889,2026-01-06 20:54:09,USR70128,MCH3418,643.46,UTR7891715698,1310,PENDING,TXN00004889,USR70128,MCH3418,UTR 7891715698,0,0,0,0,0,0,1
TXN00019860,2026-02-22 12:39:39,USR98043,MCH4826,17906.22,UTR2084553901,0110,SUCCESS,TXN00019860,USR98043,MCH4826,UTR2084553901,0,0,0,0,0,0,0
TXN00007137,2026-03-23 13:35:53,USR18905,MCH8140,21673.0,UTR8662187936,4110,SUCCESS,TXN00007137,USR18905,MCH8140,UTR8662187936,0,0,0,0,0,0,0
TXN00008613,2026-03-26 06:11:34,USR55605,MCH1679,24829.16,UTR0124599139,1310,SUCCESS,TXN00008613,USR55605,MCH1679,UTR0124599139,0,0,0,0,0,0,0
TXN00014059,2026-03-15 13:48:58,USR35346,MCH3080,10156.25,UTR8858873096,9120,SUCCESS,TXN00014059,USR35346,MCH3080,UTR8858873096,0,0,0,0,0,0,0
TXN00000784,2026-03-09 14:37:22,USR48170,MCH4147,8648.94,UTR6513304480,0110,SUCCESS,TXN00000784,USR48170,MCH4147,UTR6513304480,0,0,0,0,0,0,0
TXN00000782,2026-01-19 21:04:00,USR83864,MCH9249,13572.68,UTR7247311832,4110,SUCCESS,TXN00000782,USR83864,MCH9249,UTR 7247311832,0,0,0,0,0,0,0
TXN00012348,2026-02-28 11:26:27,USR25130,MCH5356,19750.81,UTR0578707478,0110,SUCCESS,TXN00012348,USR25130,MCH5356,UTR0578707478,0,0,0,0,0,0,0
TXN00012088,2026-03-22 07:38:58,USR81786,MCH6784,0.1415899,UTR0724270672,4110,SUCCESS,TXN00012088,USR81786,MCH6784,UTR0724270672,0,0,0,0,0,0,0
TXN00017016,2026-02-10 19:04:52,USR90295,MCH6380,24221.37,UTR8693622396,0110,SUCCESS,TXN00017016,USR90295,MCH6380,UTR8693622396,0,0,0,0,0,0,0
TXN00004085,2026-01-09 00:00:00,USR95646,MCH5230,5475.66,UTR1933247362,8120,PENDING,TXN00004085,USR95646,MCH5230,UTR1933247362,0,0,0,0,0,0,1
TXN00004178,2026-01-14 03:42:48,USR18662,MCH8798,20313.72,UTR5594365784,1310,FAILED,TXN00004178,USR18662,MCH8798,UTR5594365784,0,0,0,0,0,1,0
TXN00013294,2026-01-23 16:39:17,USR35738,MCH1164,43.33,UTR3712540769,4110,SUCCESS,TXN00013294,USR35738,MCH1164,UTR3712540769,0,0,0,0,0,0,0
TXN00017788,2026-01-27 17:52:01,USR76039,MCH4401,0.1579211,UTR5844472427,9120,SUCCESS,TXN00017788,USR76039,MCH4401,UTR5844472427,0,0,0,0,0,0,0
TXN00003039,2026-01-12 21:29:48,USR36230,MCH7825,1696.89,UTR8528632010,8120,SUCCESS,TXN00003039,USR36230,MCH7825,UTR8528632010,0,0,0,0,0,0,0
TXN00002694,2026-01-20 08:47:54,USR18474,MCH9863,11607.74,UTR9562350086,4110,FAILED,TXN00002694,USR18474,MCH9863,UTR9562350086,0,0,0,0,0,1,0
TXN00017397,2026-11-02 03:22:46,USR87760,MCH5462,0.949605,UTR5393666651,,SUCCESS,TXN00017397,USR87760,MCH5462,UTR5393666651,0,0,1,0,0,0,0
TXN00018954,2026-01-20 19:27:07,USR14891,MCH9338,17284.1,UTR4360102428,8120,SUCCESS,TXN00018954,USR14891,MCH9338,UTR4360102428,0,0,0,0,0,0,0
TXN00001977,2026-02-28 00:01:26,USR22516,MCH1070,6489.83,UTR5012847488,0110,SUCCESS,TXN00001977,USR22516,MCH1070,UTR5012847488,0,0,0,0,0,0,0
